1 2399
2 4319
3 5791
4 5271
5 3162
6 3232
7 4042
9 2587
10 0
11 2381
12 1840
13 2949
14 1769
15 2261
16 3346
17 2007
18 3121
19 2326
22 3402
23 6830
24 7284
25 9997
27 8286
29 6336
30 6590
31 3954
32 0
33 0
34 1413
35 2129
36 1277
37 2859
38 9997
40 7553
41 7754
42 9997
43 8501
44 9997
46 6744
47 9997
48 9625
49 8896
50 9997
51 9997
52 9997
54 8846
57 8076
58 7983
60 7792
61 7080
64 9997
65 9507
66 9997
70 7875
71 7246
73 6888
75 6557
77 5562
78 9997
79 9997
80 9548
82 8068
83 7452
86 6932
87 6277
88 9997
89 9997
90 9997
91 9997
92 9997
93 9997
94 9997
96 8826
98 6926
99 6485
