0 3411
1 4946
2 6161
3 9997
4 9902
5 6517
6 6767
7 7337
8 9997
9 9329
10 9997
12 9866
14 7292
15 8050
17 6248
19 5303
20 6270
21 7368
24 7701
25 7125
26 6978
30 0
33 0
34 1279
35 1908
36 1144
37 2811
38 5221
39 3874
40 2324
41 2815
46 1689
47 0
48 0
49 0
51 0
52 0
53 2399
54 1439
55 2917
56 2113
58 1267
59 2855
60 1833
62 2914
63 2858
65 1714
67 3016
69 2813
70 1687
72 2804
73 1682
74 2229
76 2779
77 1667
78 2686
79 2014
80 1208
81 2834
83 1700
84 3011
85 3004
87 1802
88 0
89 0
90 0
91 0
92 0
95 2399
97 3263
