0 0.0
1 -0.0002184135477201769
2 0.0
3 0.0005028276612823585
4 0.00013421890773171601
5 0.0018810251463930953
6 0.0
7 0.0005664104082219952
8 0.0007561115619616736
9 0.0014535644984570268
10 0.0009537048225249944
11 0.0009218204241410994
12 -1.1095727255819788e-05
13 0.0008255601129338745
14 0.0
15 0.0009793451919787764
16 -0.0007410906355542982
17 0.0
18 0.0
19 8.742115935552718e-06
20 7.26353244771398e-05
21 0.0
22 0.0
23 0.0
24 0.0
25 0.0009401713006723252
26 -1.5368581108471214e-05
27 -0.00013612005533501683
28 0.0004501782510155843
29 -0.00028345349791466964
30 -0.0003177658695993958
31 -0.0002685439512044213
32 0.0
33 0.0
34 4.501083952546472e-05
35 -8.63897022403791e-05
36 -0.0003865711018758078
37 0.0
38 -0.0025701307749841362
39 0.0016358492639045026
40 -0.0001716477209834546
41 0.0
42 0.0004426034561928932
43 0.0
44 9.731582655804274e-05
45 0.0
46 -0.0002923442750445779
47 0.0
48 0.0
49 0.0
