0 1.1991875313618994
1 1.3975840133221835
2 1.5975840133221835
3 1.7952665884384975
4 1.7952665884384975
5 1.823838017009926
6 1.823838017009926
7 1.853538239790009
8 1.853538239790009
9 1.853538239790009
10 1.853538239790009
11 1.853538239790009
12 1.853538239790009
13 1.853538239790009
14 1.853538239790009
15 1.853538239790009
16 1.853538239790009
17 1.853538239790009
18 1.853538239790009
19 1.853538239790009
20 1.853538239790009
21 1.853538239790009
22 1.853538239790009
23 1.853538239790009
24 1.853538239790009
25 1.853538239790009
26 1.853538239790009
27 1.853538239790009
28 1.853538239790009
29 1.853538239790009
30 1.853538239790009
31 1.853538239790009
32 1.853538239790009
33 1.853538239790009
34 1.853538239790009
35 1.853538239790009
36 1.853538239790009
37 1.853538239790009
38 1.853538239790009
39 1.853538239790009
40 1.853538239790009
41 1.853538239790009
42 1.853538239790009
43 1.853538239790009
44 1.853538239790009
45 1.853538239790009
46 1.853538239790009
47 1.853538239790009
48 1.853538239790009
49 1.853538239790009
