0 1.015264138280806
1 1.1711054294114063
2 1.1711054294114063
3 1.3081235935366755
4 1.336695022108104
5 1.336695022108104
6 1.336695022108104
7 1.336695022108104
8 1.336695022108104
9 1.3652664506795325
10 1.3652664506795325
11 1.3652664506795325
12 1.3652664506795325
13 1.3652664506795325
14 1.3652664506795325
15 1.3652664506795325
16 1.3652664506795325
17 1.3652664506795325
18 1.3652664506795325
19 1.3652664506795325
20 1.3652664506795325
21 1.3652664506795325
22 1.3652664506795325
23 1.3652664506795325
24 1.3652664506795325
25 1.3652664506795325
26 1.3652664506795325
27 1.3652664506795325
28 1.3652664506795325
29 1.3652664506795325
30 1.3652664506795325
31 1.3652664506795325
32 1.3652664506795325
33 1.3652664506795325
34 1.393837879250961
35 1.393837879250961
36 1.393837879250961
37 1.393837879250961
38 1.393837879250961
39 1.393837879250961
40 1.4224093078223894
41 1.4224093078223894
42 1.4224093078223894
43 1.4224093078223894
44 1.4509807363938179
45 1.4509807363938179
46 1.4509807363938179
47 1.6509807363938178
48 1.6509807363938178
49 1.6509807363938178
