0 1.0889178967287283
1 1.2548594694040731
2 1.4194548612259148
3 1.556473025351184
4 1.556473025351184
5 1.5850444539226125
6 1.5850444539226125
7 1.5850444539226125
8 1.5850444539226125
9 1.5850444539226125
10 1.5850444539226125
11 1.5850444539226125
12 1.5850444539226125
13 1.5850444539226125
14 1.5850444539226125
15 1.5850444539226125
16 1.5850444539226125
17 1.5850444539226125
18 1.5850444539226125
19 1.5850444539226125
20 1.5850444539226125
21 1.5850444539226125
22 1.5850444539226125
23 1.5850444539226125
24 1.5850444539226125
25 1.5850444539226125
26 1.5850444539226125
27 1.5850444539226125
28 1.5850444539226125
29 1.5850444539226125
30 1.5850444539226125
31 1.5850444539226125
32 1.5850444539226125
33 1.5850444539226125
34 1.5850444539226125
35 1.5850444539226125
36 1.5850444539226125
37 1.5850444539226125
38 1.613615882494041
39 1.613615882494041
40 1.613615882494041
41 1.613615882494041
42 1.613615882494041
43 1.613615882494041
44 1.6421873110654694
45 1.6421873110654694
46 1.6421873110654694
47 1.6421873110654694
48 1.6421873110654694
49 1.6421873110654694
