0 1.1081147718125903
1 1.283024695410334
2 1.4013634817129432
3 1.5929228843593288
4 1.5929228843593288
5 1.5929228843593288
6 1.6217856634628882
7 1.6217856634628882
8 1.6217856634628882
9 1.6503570920343167
10 1.6503570920343167
11 1.6503570920343167
12 1.6503570920343167
13 1.6503570920343167
14 1.6503570920343167
15 1.6503570920343167
16 1.6503570920343167
17 1.6503570920343167
18 1.6503570920343167
19 1.6503570920343167
20 1.6503570920343167
21 1.6503570920343167
22 1.6503570920343167
23 1.6503570920343167
24 1.6503570920343167
25 1.6503570920343167
26 1.6503570920343167
27 1.6503570920343167
28 1.6503570920343167
29 1.6503570920343167
30 1.6503570920343167
31 1.6503570920343167
32 1.6503570920343167
33 1.6503570920343167
34 1.6789285206057452
35 1.6789285206057452
36 1.6789285206057452
37 1.6789285206057452
38 1.6789285206057452
39 1.6789285206057452
40 1.7074999491771736
41 1.7074999491771736
42 1.7074999491771736
43 1.7074999491771736
44 1.7074999491771736
45 1.7074999491771736
46 1.7074999491771736
47 1.7074999491771736
48 1.7074999491771736
49 1.7074999491771736
