1 0.997652
2 0.997652
3 0.997652
4 1.006208
5 1.134020
6 1.252814
7 1.372629
8 1.415071
9 1.415071
10 1.415071
11 1.415071
12 1.415071
13 1.415071
14 1.415071
15 1.444130
16 1.526092
17 1.527079
18 1.527079
19 1.527079
20 1.527079
21 1.527079
22 1.527079
23 1.576880
24 1.718182
25 1.784893
26 1.786168
27 1.786168
28 1.786168
29 1.786168
30 1.786168
31 1.786168
32 1.853352
33 1.919377
34 1.932563
35 1.932563
36 1.932563
37 1.932563
38 1.932563
39 1.932563
40 1.932563
41 1.985282
42 2.068122
43 2.083292
44 2.083292
45 2.083292
46 2.083292
47 2.083292
48 2.083292
49 2.171222
50 2.252438
51 2.278480
52 2.278480
53 2.278480
54 2.278480
55 2.278480
56 2.278480
57 2.278480
58 2.278480
59 2.325630
60 2.349979
61 2.349979
62 2.349979
63 2.349979
64 2.349979
65 2.349979
66 2.418157
67 2.522483
68 2.578554
69 2.578554
70 2.578554
71 2.578554
72 2.578554
73 2.578554
74 2.578554
75 2.580079
76 2.640640
77 2.650287
78 2.650287
79 2.650287
80 2.650287
81 2.650287
82 2.650287
83 2.660928
84 2.774096
85 2.851291
86 2.867295
87 2.867295
88 2.867295
89 2.867295
90 2.867295
91 2.867295
92 2.892954
93 2.962685
94 2.981104
95 2.981104
96 2.981104
97 2.981104
98 2.981104
99 2.981104
100 2.981104
