1 1.034029
2 1.034029
3 1.034029
4 1.079440
5 1.174680
6 1.294499
7 1.407415
8 1.450826
9 1.450826
10 1.450826
11 1.450826
12 1.450826
13 1.450826
14 1.450826
15 1.450826
16 1.503777
17 1.515929
18 1.515929
19 1.515929
20 1.515929
21 1.515929
22 1.515929
23 1.578393
24 1.690082
25 1.755994
26 1.758063
27 1.758063
28 1.758063
29 1.758063
30 1.758063
31 1.758063
32 1.818518
33 1.879639
34 1.917255
35 1.917255
36 1.917255
37 1.917255
38 1.917255
39 1.917255
40 1.917255
41 2.024631
42 2.113752
43 2.129656
44 2.129656
45 2.129656
46 2.129656
47 2.129656
48 2.129656
49 2.215479
50 2.297413
51 2.324170
52 2.324170
53 2.324170
54 2.324170
55 2.324170
56 2.324170
57 2.324170
58 2.324170
59 2.340338
60 2.354788
61 2.390274
62 2.390274
63 2.390274
64 2.390274
65 2.390274
66 2.499157
67 2.612007
68 2.679970
69 2.691999
70 2.691999
71 2.691999
72 2.691999
73 2.691999
74 2.691999
75 2.691999
76 2.739079
77 2.749397
78 2.749397
79 2.749397
80 2.749397
81 2.749397
82 2.749397
83 2.749397
84 2.848167
85 2.926023
86 2.942685
87 2.942685
88 2.942685
89 2.942685
90 2.942685
91 2.942685
92 3.008134
93 3.078518
94 3.097587
95 3.097587
96 3.097587
97 3.097587
98 3.097587
99 3.097587
100 3.097587
