1 0.955116
2 1.001220
3 1.010977
4 1.050662
5 1.145158
6 1.264260
7 1.363447
8 1.406179
9 1.406179
10 1.406179
11 1.406179
12 1.406179
13 1.406179
14 1.406179
15 1.406179
16 1.460006
17 1.461247
18 1.461247
19 1.461247
20 1.461247
21 1.461247
22 1.464808
23 1.580744
24 1.691870
25 1.757223
26 1.758736
27 1.758736
28 1.758736
29 1.758736
30 1.758736
31 1.758736
32 1.837272
33 1.897857
34 1.902573
35 1.902573
36 1.902573
37 1.902573
38 1.902573
39 1.902573
40 1.902573
41 1.986888
42 2.059591
43 2.074981
44 2.074981
45 2.074981
46 2.074981
47 2.074981
48 2.104102
49 2.204714
50 2.287252
51 2.313508
52 2.313508
53 2.313508
54 2.313508
55 2.313508
56 2.313508
57 2.313508
58 2.313508
59 2.313508
60 2.343923
61 2.343923
62 2.343923
63 2.343923
64 2.343923
65 2.343923
66 2.427670
67 2.532201
68 2.624316
69 2.624316
70 2.624316
71 2.624316
72 2.624316
73 2.624316
74 2.624316
75 2.624316
76 2.661570
77 2.671419
78 2.671419
79 2.671419
80 2.671419
81 2.671419
82 2.671419
83 2.671419
84 2.776523
85 2.853916
86 2.883145
87 2.883145
88 2.883145
89 2.883145
90 2.883145
91 2.883145
92 2.925485
93 2.995411
94 3.023789
95 3.023789
96 3.023789
97 3.023789
98 3.023789
99 3.023789
100 3.023789
