1 1.037604
2 1.066480
3 1.170933
4 1.286709
5 1.429604
6 1.602636
7 1.800619
8 1.892149
9 1.964343
10 1.964343
11 1.964343
12 1.976049
13 2.039632
14 2.150762
15 2.274294
16 2.450693
17 2.493100
18 2.493100
19 2.493100
20 2.493100
21 2.495030
22 2.609173
23 2.769837
24 2.981125
25 3.082832
26 3.213704
27 3.213704
28 3.213704
29 3.213704
30 3.299952
31 3.409715
32 3.530629
33 3.626005
34 3.676401
35 3.723217
36 3.723217
37 3.723217
38 3.723217
39 3.803984
40 3.934715
41 4.103805
42 4.210012
43 4.258783
44 4.258783
45 4.258783
46 4.258783
47 4.392799
48 4.502025
49 4.668347
50 4.782389
51 4.841155
52 4.882195
53 4.882195
54 4.882195
55 4.882195
56 4.882195
57 4.947594
58 5.069869
59 5.167741
60 5.268546
61 5.268546
62 5.272086
63 5.313416
64 5.375371
65 5.482528
66 5.662234
67 5.808415
68 5.895794
69 5.916578
70 5.921862
71 5.921862
72 5.921862
73 5.921862
74 6.041037
75 6.152048
76 6.243834
77 6.284199
78 6.334094
79 6.334094
80 6.334094
81 6.334094
82 6.385155
83 6.524796
84 6.719746
85 6.827197
86 6.873400
87 6.873400
88 6.873400
89 6.873400
90 6.873400
91 6.943708
92 7.097827
93 7.263516
94 7.361302
95 7.361302
96 7.361302
97 7.361302
98 7.361302
99 7.361302
100 7.408253
