0 1.0225661913035125
1 1.0419154341494417
2 1.0419154341494417
3 1.061588269894671
4 1.0852059952676218
5 1.106900902102971
6 1.1326375816809047
7 1.1557321546615962
8 1.1557321546615962
9 1.1557321546615962
10 1.180028338709745
11 1.1800283386937556
12 1.1949869743450212
13 1.2213112277578284
14 1.2213112277578284
15 1.2456849913651593
16 1.2691507935710342
17 1.2969120218592467
18 1.3160840268434841
19 1.3411535013002265
20 1.3411535013002265
21 1.378030714078402
22 1.40382920081484
23 1.4344920169117785
24 1.4575658377885377
25 1.4866867079927295
26 1.5177459355811809
27 1.5451553667271494
28 1.5741552993283183
29 1.5907880924606081
30 1.623246766236511
31 1.623246766236511
32 1.6520935805222758
33 1.6520935805222758
34 1.6891040557382517
35 1.72525282916021
36 1.7446290742962538
37 1.744629074294853
38 1.7753588100977866
39 1.7753588100977866
40 1.8215187453676858
41 1.863404150929451
42 1.863404150929451
43 1.863404150929451
44 1.863404150929451
45 1.863404150929451
46 1.9116816387694937
47 1.9337056170742088
48 1.9337056170742088
49 1.981660659183859
