0 0.0030337148837946567
1 0.0
2 0.0
3 0.0028014884943581685
4 0.00044447750930453765
5 0.0026625001316031636
6 0.0010456021782199354
7 0.0
8 0.0013183668401266333
9 0.0
10 0.0
11 0.002864033257597921
12 0.0
13 0.00037382509157074333
14 0.0
15 0.0
16 0.00037845803699591016
17 0.001318945958304779
18 0.0
19 0.003179652664687412
20 0.002533935896054783
21 0.0018001931643439849
22 0.0
23 0.0038989174419445647
24 0.0
25 0.0
26 0.0
27 0.0006778621350973173
28 0.0
29 0.0
30 0.0017173792648691277
31 0.00043115779120718293
32 0.0
33 0.0018256743641824026
34 0.0046071789738169455
35 0.003234089773433122
36 0.0005290287633138325
37 0.0021522970166566644
38 0.0024082672513971327
39 0.0007253498257052774
40 0.0028414476486502325
41 0.0005307661178482701
42 0.00027479588310780204
43 0.003472107344651069
44 0.0006089470718979605
45 0.0
46 0.004575327474018923
47 0.0033823440270384615
48 0.0
49 0.0
50 0.0003037517920150948
51 0.0027916434853296887
52 0.0
53 0.004295613393974475
54 0.002438960514838863
55 0.0010166462693126427
56 0.001152739041176919
57 0.0004473731001952669
58 0.0020092548266546387
59 0.0031947097373192044
60 0.003454733799306693
61 0.0009089302881775135
62 0.0006651215351781085
63 0.0021945726436613123
64 0.0
65 0.0
66 0.004394642602437417
67 0.002304025979330879
68 0.00428113543952083
69 1.0138875695146208e-05
70 0.0013531139308153846
71 0.0007346157165556111
72 0.0
73 0.0035485509441663212
74 0.0
75 0.0002695838195044894
76 0.0003251791646064914
77 0.0019154376817950103
78 0.0029381603844005903
79 0.004434601756729481
80 0.0011324699049418139
81 0.003186602082825162
82 0.004407383202356625
83 0.0
84 0.002550730323221013
85 0.0
86 0.004171102985673116
87 0.0
88 0.0029016759391774015
89 0.0
90 0.0005475605450144999
91 0.0012923065221100698
92 0.0
93 0.0011915399591126909
94 0.0039348227689896065
95 0.0
96 0.0007664672163536332
97 0.002660762777068726
98 0.0
99 0.003959724850649879
