0 0.0015170043752306618
1 0.0005811493993469595
2 0.0
3 0.0
4 0.0
5 0.0
6 0.0
7 0.0
8 0.0008070054888238431
9 0.0007983187161516551
10 0.00022962466521242537
11 0.0
12 0.0008979270427927423
13 0.0
14 0.0
15 0.0006865489077695051
16 0.0
17 0.001507738484380328
18 0.0008429108158688861
19 0.0
20 0.0003877239278462438
21 0.0015181626115869534
22 0.00013291192946206752
23 0.0009517850333603067
24 0.0013455853944994885
25 0.0009384653152629521
26 0.0
27 0.0
28 0.0
29 0.0
30 0.00011148455687067088
31 0.0
32 0.0009054555791086384
33 0.0013125756583451747
34 0.0015204790842995371
35 0.0
36 7.822402982562786e-06
37 0.0012042805590318998
38 0.00036282184618597203
39 0.0014208707576584497
40 0.0002655299922574684
41 0.00013754487488723435
42 0.001735911046569795
43 0.00030433091019324066
44 0.0
45 0.0005023893271191231
46 0.0009465729697569942
47 0.000286957364848865
48 0.0008017934252205304
49 0.0013959686759981778
50 0.0016791574651115013
51 7.442099346933614e-05
52 0.0006604885897529417
53 0.00171564191033469
54 0.0
55 0.0
56 0.0008405943431563027
57 0.0017295407466101907
58 0.0009552597424291819
59 0.0
60 0.0
61 0.0
62 0.00017866226553559005
63 0.0
64 0.0
65 0.0009639465151013699
66 0.0009512059151821611
67 4.926812091833509e-06
68 0.0006767038987410256
69 0.0
70 0.0005162881633946237
71 0.0007438816074059447
72 0.0
73 0.00013464928399650508
74 0.0
75 0.0009575762151417654
76 0.0
77 0.001559280002235309
78 0.00061879208092644
79 0.0006297953263112113
80 0.0
81 0.0
82 0.00017402932011042325
83 0.0003141759192217202
84 0.0008764996702013457
85 0.0012888318130411947
86 0.001584182083895581
87 0.00031880886464688704
88 0.0013125756583451747
89 0.00143476959393395
90 0.0
91 0.0005956273538006058
92 0.0006564347625059206
93 0.00031012209197469926
94 0.0013085218310981538
95 0.0
96 0.0012940438766445076
97 0.001019541860203372
98 0.0
99 0.0004983354998721022
