0 0.0015170043752306618
1 0.0005811493993469595
2 0.0016050303383088316
3 7.557922982562785e-05
4 0.0
5 0.001331107440045842
6 0.000522658463354228
7 0.00037845803699591016
8 0.0003686130279674306
9 0.00021977965618394583
10 0.0008156922614960309
11 0.0017306989829664824
12 0.0
13 0.0014909440572140982
14 0.0016710498106174592
15 0.0006865489077695051
16 0.0
17 0.0
18 0.0008429108158688861
19 0.0
20 0.0003877239278462438
21 0.0015181626115869534
22 0.0
23 0.0007485145528311117
24 0.0005006519725846856
25 0.0
26 0.000339078000881992
27 0.001331686558223988
28 0.0013843863124352609
29 0.00032807475549722075
30 0.0
31 0.0014886275845015149
32 0.0009129841154245346
33 0.0
34 0.0016171918200498946
35 0.0
36 0.0
37 0.0017127463194439609
38 0.0012042805590318998
39 0.0
40 0.0
41 0.0014208707576584497
42 0.0002655299922574684
43 0.0
44 0.00020298522901771601
45 0.00030433091019324066
46 0.0
47 0.0
48 0.0016913189468525643
49 0.0
50 0.000286957364848865
51 0.0008017934252205304
52 0.0013959686759981778
53 0.0
54 7.442099346933614e-05
55 0.0006604885897529417
56 0.00171564191033469
57 0.0
58 0.00022383348343096678
59 0.0010044847875715797
60 0.0
61 0.0
62 0.0004543225183330172
63 0.0003327077009223876
64 0.0
65 0.0010513933600013942
66 0.0015471185204942461
67 0.0005608802631118546
68 0.0
69 0.00013928222942167189
70 0.0009263038335218893
71 0.0
72 0.00036745479161113886
73 0.00013870311124352606
74 0.0007438816074059447
75 0.0011926981954689829
76 0.0012048596772100458
77 0.001411604866808116
78 0.00028464089213628164
79 0.0014689375664445556
80 0.00061879208092644
81 0.0006297953263112113
82 0.0010844030961557078
83 0.0
84 0.00127551209494384
85 0.0
86 0.0005794120448125219
87 0.0010392318782603313
88 0.001584182083895581
89 0.0
90 0.00025394762869455125
91 0.0
92 0.0004826993090621641
93 0.0
94 0.0015048428934895989
95 8.40152116070864e-06
96 0.000383090982421077
97 0.0013305283218676964
98 0.0016391983108194372
99 0.0008759205520231998
