0 2.307255744934082
1 2.3093433380126953
2 2.3093433380126953
3 2.2989563941955566
4 2.2989563941955566
5 2.298689126968384
6 2.2947893142700195
7 2.2947893142700195
8 2.296726703643799
9 2.3020875453948975
10 2.3035693168640137
11 2.303256034851074
12 2.303256034851074
13 2.3010919094085693
14 2.303711414337158
15 2.3037097454071045
16 2.3037097454071045
17 2.2949166297912598
18 2.2949166297912598
19 2.30316162109375
20 2.30316162109375
21 2.299278974533081
22 2.299727201461792
23 2.304658889770508
24 2.304658889770508
25 2.304658889770508
26 2.304658889770508
27 2.3011679649353027
28 2.298306941986084
29 2.298306941986084
30 2.2962350845336914
31 2.303865909576416
32 2.307480812072754
33 2.307480812072754
34 2.3025362491607666
35 2.3025362491607666
36 2.3002538681030273
37 2.3019301891326904
38 2.30314040184021
39 2.3063578605651855
40 2.3070921897888184
41 2.306148052215576
42 2.301607608795166
43 2.301607608795166
44 2.3051111698150635
45 2.300722360610962
46 2.300722360610962
47 2.30829119682312
48 2.302093505859375
49 2.307084798812866
50 2.307084798812866
51 2.302760124206543
52 2.302760124206543
53 2.2978827953338623
54 2.3010363578796387
55 2.3048219680786133
56 2.309823513031006
57 2.2992641925811768
58 2.2992641925811768
59 2.298800230026245
60 2.3065083026885986
61 2.3083770275115967
62 2.3083770275115967
63 2.3057861328125
64 2.2978765964508057
65 2.3033576011657715
66 2.3033576011657715
67 2.3033576011657715
68 2.3033576011657715
69 2.3033576011657715
70 2.297818660736084
71 2.302272081375122
72 2.302272081375122
73 2.3055217266082764
74 2.307448148727417
75 2.307448148727417
76 2.298868417739868
77 2.3046529293060303
78 2.3046529293060303
79 2.293837785720825
80 2.293837785720825
81 2.293837785720825
82 2.293837785720825
83 2.297168254852295
84 2.297168254852295
85 2.308197259902954
86 2.308197259902954
87 2.308197259902954
88 2.304516553878784
89 2.301182270050049
90 2.301643133163452
91 2.301643133163452
92 2.2988102436065674
93 2.2997283935546875
94 2.306649684906006
95 2.304760694503784
96 2.304760694503784
97 2.304760694503784
98 2.3003592491149902
99 2.3011209964752197
100 2.3037972450256348
101 2.3064162731170654
102 2.3064162731170654
103 2.3043065071105957
104 2.3005106449127197
105 2.3005106449127197
106 2.298067569732666
107 2.298067569732666
108 2.298067569732666
109 2.3007590770721436
110 2.297031879425049
111 2.298260450363159
112 2.3060615062713623
113 2.3020999431610107
114 2.2970902919769287
115 2.301347255706787
116 2.297329902648926
117 2.297329902648926
118 2.297329902648926
119 2.2972218990325928
120 2.2972218990325928
121 2.300218343734741
122 2.300218343734741
123 2.300218343734741
124 2.3054428100585938
125 2.3040664196014404
126 2.3040664196014404
127 2.3040664196014404
128 2.299473285675049
129 2.298069477081299
130 2.3004016876220703
131 2.302706480026245
132 2.3054466247558594
133 2.3054466247558594
134 2.3054466247558594
135 2.2978720664978027
136 2.2986786365509033
137 2.300858736038208
138 2.298452615737915
139 2.2991182804107666
140 2.3097376823425293
141 2.3097376823425293
142 2.299739360809326
143 2.3047749996185303
144 2.3095436096191406
145 2.3035333156585693
146 2.298354148864746
147 2.3051199913024902
148 2.3051199913024902
149 2.302389621734619
150 2.301366090774536
151 2.2988638877868652
152 2.3038594722747803
153 2.3019895553588867
154 2.3019895553588867
155 2.299078941345215
156 2.299078941345215
157 2.2973122596740723
158 2.3037045001983643
159 2.3037045001983643
160 2.3037045001983643
161 2.301922559738159
162 2.302898645401001
163 2.302898645401001
164 2.298797130584717
165 2.3007707595825195
166 2.3007707595825195
167 2.304216146469116
168 2.304216146469116
169 2.2965683937072754
170 2.3018388748168945
171 2.3034141063690186
172 2.2987842559814453
173 2.3048274517059326
174 2.297259569168091
175 2.3010871410369873
176 2.304608106613159
177 2.3083226680755615
178 2.3083226680755615
179 2.3083226680755615
180 2.3083226680755615
181 2.2972769737243652
182 2.3052799701690674
183 2.2982289791107178
184 2.3036317825317383
185 2.3032991886138916
186 2.298147678375244
187 2.297901153564453
188 2.297901153564453
189 2.297901153564453
190 2.3083407878875732
191 2.3120086193084717
192 2.311000347137451
193 2.301584005355835
194 2.300943613052368
195 2.3044703006744385
196 2.299577236175537
197 2.299577236175537
198 2.3036184310913086
199 2.3036184310913086
200 2.3036184310913086
201 2.3036184310913086
202 2.30290150642395
203 2.3055126667022705
204 2.3026833534240723
205 2.2997703552246094
206 2.2997703552246094
207 2.300297260284424
208 2.300297260284424
209 2.306593179702759
210 2.306593179702759
211 2.2948803901672363
212 2.3005709648132324
213 2.3005709648132324
214 2.294354200363159
215 2.3062381744384766
216 2.295428514480591
217 2.302354335784912
218 2.302354335784912
219 2.302354335784912
220 2.302363157272339
221 2.302363157272339
222 2.3019092082977295
223 2.3035545349121094
224 2.2984516620635986
225 2.2983670234680176
226 2.299806833267212
227 2.299806833267212
228 2.299806833267212
229 2.303618907928467
230 2.303618907928467
231 2.298374891281128
232 2.298374891281128
233 2.298374891281128
234 2.3040482997894287
235 2.3001081943511963
236 2.296555280685425
237 2.2976367473602295
238 2.2976367473602295
239 2.297255516052246
240 2.2985754013061523
241 2.303281784057617
242 2.303281784057617
243 2.303281784057617
244 2.298027753829956
245 2.297761917114258
246 2.29952073097229
247 2.299320936203003
248 2.3069093227386475
249 2.3049004077911377
250 2.300950050354004
251 2.3025121688842773
252 2.3020689487457275
253 2.3020689487457275
254 2.3020689487457275
255 2.3020689487457275
256 2.3020689487457275
257 2.302619457244873
258 2.302619457244873
259 2.308555841445923
260 2.2994449138641357
261 2.2994449138641357
262 2.3060357570648193
263 2.3060357570648193
264 2.300271511077881
265 2.300271511077881
266 2.3042900562286377
267 2.306901693344116
268 2.306901693344116
269 2.306901693344116
270 2.298208475112915
271 2.297822952270508
272 2.297822952270508
273 2.297822952270508
274 2.3018832206726074
275 2.303339958190918
276 2.2994635105133057
277 2.2994635105133057
278 2.2994635105133057
279 2.294870376586914
280 2.3127758502960205
281 2.2988104820251465
282 2.3031439781188965
283 2.3031439781188965
284 2.3031439781188965
285 2.3031439781188965
286 2.3016836643218994
287 2.302593231201172
288 2.299126148223877
289 2.2948670387268066
290 2.304020881652832
291 2.304020881652832
292 2.3038392066955566
293 2.3030824661254883
294 2.3030824661254883
295 2.300182819366455
296 2.3044261932373047
297 2.3044261932373047
298 2.3044261932373047
299 2.306271553039551
300 2.3024964332580566
301 2.3024964332580566
302 2.302691698074341
303 2.302691698074341
304 2.307433843612671
305 2.2978675365448
306 2.3039042949676514
307 2.2965428829193115
308 2.2973368167877197
309 2.2925548553466797
310 2.3031537532806396
311 2.3031537532806396
312 2.3031537532806396
313 2.297945261001587
314 2.299039363861084
315 2.2953426837921143
316 2.302459478378296
317 2.3058714866638184
318 2.307631492614746
319 2.300025224685669
320 2.3015944957733154
321 2.3003339767456055
322 2.3003339767456055
323 2.307957172393799
324 2.307528018951416
325 2.301906108856201
326 2.303990125656128
327 2.301734685897827
328 2.2975046634674072
329 2.2922821044921875
330 2.296840190887451
331 2.296840190887451
332 2.296840190887451
333 2.302488327026367
334 2.302173376083374
335 2.300964117050171
336 2.3033511638641357
337 2.2976765632629395
338 2.2976765632629395
339 2.2976765632629395
340 2.2976765632629395
341 2.2976765632629395
342 2.301886558532715
343 2.2945175170898438
344 2.299332857131958
345 2.2998111248016357
346 2.3009848594665527
347 2.2940235137939453
348 2.2940235137939453
349 2.2940235137939453
350 2.3037455081939697
351 2.3011105060577393
352 2.3011105060577393
353 2.2969822883605957
354 2.3037843704223633
355 2.3037843704223633
356 2.3037843704223633
357 2.3025364875793457
358 2.2938413619995117
359 2.2983150482177734
360 2.3000648021698
361 2.3000648021698
362 2.2965357303619385
363 2.2999069690704346
364 2.3041207790374756
365 2.2995407581329346
366 2.2995407581329346
367 2.302016258239746
368 2.3073129653930664
369 2.3004708290100098
370 2.309933662414551
371 2.3024961948394775
372 2.298657178878784
373 2.295017719268799
374 2.3011817932128906
375 2.3011817932128906
376 2.3011462688446045
377 2.3049306869506836
378 2.29665470123291
379 2.300041437149048
380 2.300041437149048
381 2.300041437149048
382 2.300041437149048
383 2.300041437149048
384 2.30487322807312
385 2.30487322807312
386 2.3005058765411377
387 2.3005058765411377
388 2.3005058765411377
389 2.305182456970215
390 2.305182456970215
391 2.300233840942383
392 2.300233840942383
393 2.300233840942383
394 2.2955501079559326
395 2.2955501079559326
396 2.299125909805298
397 2.3012895584106445
398 2.3012895584106445
399 2.3094918727874756
400 2.2950358390808105
401 2.3049302101135254
402 2.3049302101135254
403 2.2997820377349854
404 2.302158832550049
405 2.301758050918579
406 2.3025312423706055
407 2.298020124435425
408 2.298020124435425
409 2.298020124435425
410 2.298020124435425
411 2.298020124435425
412 2.2982423305511475
413 2.2962019443511963
414 2.3068113327026367
415 2.293290615081787
416 2.30242657661438
417 2.30242657661438
418 2.305211067199707
419 2.305211067199707
420 2.296060085296631
421 2.296060085296631
422 2.296060085296631
423 2.3041179180145264
424 2.3041179180145264
425 2.3046791553497314
426 2.3046791553497314
427 2.3046791553497314
428 2.297018527984619
429 2.297018527984619
430 2.297018527984619
431 2.297018527984619
432 2.2962677478790283
433 2.2962677478790283
434 2.2962677478790283
435 2.307093620300293
436 2.3011887073516846
437 2.296989679336548
438 2.300858736038208
439 2.297349452972412
440 2.3040993213653564
441 2.309084415435791
442 2.2960636615753174
443 2.310438394546509
444 2.2934799194335938
445 2.2919886112213135
446 2.2982335090637207
447 2.2982335090637207
448 2.2982335090637207
449 2.3019802570343018
450 2.3019802570343018
451 2.3019802570343018
452 2.3060801029205322
453 2.2912073135375977
454 2.304875373840332
455 2.2947821617126465
456 2.3071796894073486
457 2.3071796894073486
458 2.3071796894073486
459 2.3071796894073486
460 2.2967734336853027
461 2.2967734336853027
462 2.301793098449707
463 2.301793098449707
464 2.301793098449707
465 2.2962985038757324
466 2.3006088733673096
467 2.2976934909820557
468 2.290806770324707
469 2.3025152683258057
470 2.3025152683258057
471 2.3025152683258057
472 2.2976746559143066
473 2.2976746559143066
474 2.304387092590332
475 2.304387092590332
476 2.2976109981536865
477 2.2976109981536865
478 2.295254707336426
479 2.294530153274536
480 2.294530153274536
481 2.2972464561462402
482 2.2972464561462402
483 2.2972464561462402
484 2.294734001159668
485 2.2922394275665283
486 2.293013334274292
487 2.3037567138671875
488 2.2994391918182373
489 2.303762912750244
490 2.3074917793273926
491 2.3074917793273926
492 2.3074917793273926
493 2.30426287651062
494 2.3056297302246094
495 2.3054699897766113
496 2.3011350631713867
497 2.2963056564331055
498 2.2963056564331055
499 2.2963056564331055
500 2.2921619415283203
501 2.3125553131103516
502 2.297329902648926
503 2.2985832691192627
504 2.301880121231079
505 2.299561023712158
506 2.299561023712158
507 2.299561023712158
508 2.2911150455474854
509 2.302199363708496
510 2.2975850105285645
511 2.296330690383911
512 2.296330690383911
513 2.296330690383911
514 2.3020284175872803
515 2.3020284175872803
516 2.3001415729522705
517 2.3001415729522705
518 2.3007891178131104
519 2.3029143810272217
520 2.3066840171813965
521 2.299229860305786
522 2.299229860305786
523 2.3131682872772217
524 2.2962646484375
525 2.2962646484375
526 2.2962646484375
527 2.297559976577759
528 2.297708034515381
529 2.3038241863250732
530 2.3038241863250732
531 2.2909610271453857
532 2.2909610271453857
533 2.2951321601867676
534 2.3055474758148193
535 2.3055474758148193
536 2.298043727874756
537 2.2970824241638184
538 2.288599729537964
539 2.288599729537964
540 2.288599729537964
541 2.2990403175354004
542 2.2974188327789307
543 2.3033151626586914
544 2.2928998470306396
545 2.297281503677368
546 2.293001651763916
547 2.300812005996704
548 2.2970023155212402
549 2.2970023155212402
550 2.2970023155212402
551 2.3032126426696777
552 2.3032126426696777
553 2.3072848320007324
554 2.3072848320007324
555 2.299088716506958
556 2.302788496017456
557 2.3036539554595947
558 2.3039002418518066
559 2.2996902465820312
560 2.2996902465820312
561 2.3020119667053223
562 2.2928173542022705
563 2.28981351852417
564 2.28981351852417
565 2.306380271911621
566 2.306380271911621
567 2.300276279449463
568 2.300276279449463
569 2.300276279449463
570 2.300276279449463
571 2.2952518463134766
572 2.3073596954345703
573 2.3073596954345703
574 2.3073596954345703
575 2.295891046524048
576 2.295654535293579
577 2.2990939617156982
578 2.302952527999878
579 2.297661781311035
580 2.2969257831573486
581 2.2969257831573486
582 2.2994003295898438
583 2.298086404800415
584 2.294067859649658
585 2.2953009605407715
586 2.300494432449341
587 2.296781063079834
588 2.296781063079834
589 2.2988693714141846
590 2.307405710220337
591 2.295299768447876
592 2.295299768447876
593 2.2955422401428223
594 2.291844606399536
595 2.300499439239502
596 2.300499439239502
597 2.305537700653076
598 2.3056089878082275
599 2.298133611679077
600 2.2930216789245605
601 2.2930216789245605
602 2.301330327987671
603 2.2988147735595703
604 2.296602725982666
605 2.301694393157959
606 2.2930970191955566
607 2.3016858100891113
608 2.3016858100891113
609 2.307887077331543
610 2.2940826416015625
611 2.2940826416015625
612 2.300617218017578
613 2.300617218017578
614 2.2923545837402344
615 2.310126304626465
616 2.3056387901306152
617 2.3056387901306152
618 2.3003273010253906
619 2.2975730895996094
620 2.297675132751465
621 2.299166202545166
622 2.299166202545166
623 2.2959487438201904
624 2.304046630859375
625 2.3049349784851074
626 2.3049349784851074
627 2.300550699234009
628 2.29687762260437
629 2.2964396476745605
630 2.299978256225586
631 2.299978256225586
632 2.2969577312469482
633 2.3020570278167725
634 2.3006699085235596
635 2.296043872833252
636 2.296043872833252
637 2.296276092529297
638 2.304255247116089
639 2.3004117012023926
640 2.3004117012023926
641 2.30607008934021
642 2.300508737564087
643 2.301438808441162
644 2.296206474304199
645 2.3007566928863525
646 2.304799795150757
647 2.2946255207061768
648 2.2976744174957275
649 2.3074939250946045
650 2.296391248703003
651 2.304100513458252
652 2.304100513458252
653 2.2945892810821533
654 2.301530361175537
655 2.3049252033233643
656 2.3049252033233643
657 2.3006668090820312
658 2.3006668090820312
659 2.2969934940338135
660 2.2975926399230957
661 2.300794839859009
662 2.3033394813537598
663 2.3052830696105957
664 2.3052830696105957
665 2.3052830696105957
666 2.2987148761749268
667 2.3024771213531494
668 2.2943596839904785
669 2.2943596839904785
670 2.293959617614746
671 2.2982237339019775
672 2.3002490997314453
673 2.307514190673828
674 2.29581356048584
675 2.2960283756256104
676 2.2934746742248535
677 2.2934746742248535
678 2.2938151359558105
679 2.300238609313965
680 2.2900638580322266
681 2.307340145111084
682 2.3012523651123047
683 2.292581796646118
684 2.2995893955230713
685 2.3106322288513184
686 2.3106322288513184
687 2.302896499633789
688 2.301422357559204
689 2.2898359298706055
690 2.3036956787109375
691 2.3036956787109375
692 2.3036956787109375
693 2.3036956787109375
694 2.3036956787109375
695 2.287975549697876
696 2.2967777252197266
697 2.302879810333252
698 2.301262378692627
699 2.3019907474517822
700 2.3019907474517822
701 2.300152540206909
702 2.2957231998443604
703 2.2957231998443604
704 2.2934019565582275
705 2.2934019565582275
706 2.2961106300354004
707 2.299513339996338
708 2.291675567626953
709 2.316713571548462
710 2.305748224258423
711 2.289386034011841
712 2.289386034011841
713 2.299102544784546
714 2.299102544784546
715 2.300297498703003
716 2.295266628265381
717 2.3030507564544678
718 2.2881250381469727
719 2.311326265335083
720 2.3016929626464844
721 2.3016929626464844
722 2.3016929626464844
723 2.3016929626464844
724 2.3016929626464844
725 2.2955050468444824
726 2.2955050468444824
727 2.2955050468444824
728 2.289731979370117
729 2.307446002960205
730 2.307446002960205
731 2.2934398651123047
732 2.2934398651123047
733 2.305643081665039
734 2.3007264137268066
735 2.3007264137268066
736 2.2860755920410156
737 2.300224781036377
738 2.2896041870117188
739 2.2896041870117188
740 2.2908217906951904
741 2.2908217906951904
742 2.296860694885254
743 2.303323745727539
744 2.303323745727539
745 2.303323745727539
746 2.295036792755127
747 2.304955244064331
748 2.304955244064331
749 2.2947049140930176
750 2.2947049140930176
751 2.3034896850585938
752 2.297736883163452
753 2.297736883163452
754 2.297736883163452
755 2.297736883163452
756 2.297736883163452
757 2.297736883163452
758 2.295503616333008
759 2.293389320373535
760 2.3022165298461914
761 2.3022165298461914
762 2.300300359725952
763 2.299962043762207
764 2.299962043762207
765 2.3026204109191895
766 2.3026204109191895
767 2.3026204109191895
768 2.304419755935669
769 2.3011083602905273
770 2.3073108196258545
771 2.291477918624878
772 2.2969744205474854
773 2.303737163543701
774 2.2953333854675293
775 2.2957000732421875
776 2.3022994995117188
777 2.3022994995117188
778 2.3022994995117188
779 2.303752899169922
780 2.2994837760925293
781 2.287961721420288
782 2.304403066635132
783 2.295938730239868
784 2.2869579792022705
785 2.3075459003448486
786 2.2955448627471924
787 2.286051034927368
788 2.292983293533325
789 2.2993662357330322
790 2.2993662357330322
791 2.3031373023986816
792 2.3031373023986816
793 2.3031373023986816
794 2.3031373023986816
795 2.3031373023986816
796 2.2979331016540527
797 2.3096065521240234
798 2.3037307262420654
799 2.3037307262420654
800 2.3037307262420654
801 2.3037307262420654
802 2.3037307262420654
803 2.3037307262420654
804 2.2968201637268066
805 2.2968201637268066
806 2.283440589904785
807 2.307840585708618
808 2.307840585708618
809 2.2952256202697754
810 2.2870841026306152
811 2.292827844619751
812 2.289324998855591
813 2.289324998855591
814 2.2979326248168945
815 2.2979326248168945
816 2.293894052505493
817 2.291518449783325
818 2.302217721939087
819 2.3029510974884033
820 2.2870562076568604
821 2.2870562076568604
822 2.294877052307129
823 2.300929546356201
824 2.297529458999634
825 2.297529458999634
826 2.2921016216278076
827 2.3036813735961914
828 2.3036813735961914
829 2.3036813735961914
830 2.2971065044403076
831 2.2971065044403076
832 2.290698528289795
833 2.3013086318969727
834 2.2928411960601807
835 2.310314178466797
836 2.287714719772339
837 2.2929635047912598
838 2.3029918670654297
839 2.294238328933716
840 2.2976737022399902
841 2.2958602905273438
842 2.291429042816162
843 2.29321026802063
844 2.29321026802063
845 2.292964458465576
846 2.2950453758239746
847 2.2950453758239746
848 2.288163661956787
849 2.2954623699188232
850 2.29720401763916
851 2.301680088043213
852 2.298966884613037
853 2.2991414070129395
854 2.2991414070129395
855 2.2952487468719482
856 2.2986197471618652
857 2.2871451377868652
858 2.2868175506591797
859 2.2970778942108154
860 2.302039861679077
861 2.302039861679077
862 2.296360969543457
863 2.2939279079437256
864 2.295247793197632
865 2.3021373748779297
866 2.300520896911621
867 2.294987678527832
868 2.3022727966308594
869 2.3022727966308594
870 2.3044934272766113
871 2.3011531829833984
872 2.305508852005005
873 2.305508852005005
874 2.296164035797119
875 2.2975544929504395
876 2.304136037826538
877 2.2977213859558105
878 2.2977213859558105
879 2.2977213859558105
880 2.2977213859558105
881 2.298377513885498
882 2.3008546829223633
883 2.3008546829223633
884 2.3008546829223633
885 2.3003618717193604
886 2.2949724197387695
887 2.2949724197387695
888 2.2949724197387695
889 2.2949724197387695
890 2.2911837100982666
891 2.2911837100982666
892 2.2961857318878174
893 2.2961857318878174
894 2.301631212234497
895 2.301631212234497
896 2.293294668197632
897 2.292936086654663
898 2.292936086654663
899 2.2977182865142822
900 2.289531707763672
901 2.303764581680298
902 2.303764581680298
903 2.2953262329101562
904 2.295675277709961
905 2.301305055618286
906 2.301305055618286
907 2.2938740253448486
908 2.3054158687591553
909 2.287090301513672
910 2.294914484024048
911 2.2978549003601074
912 2.2978549003601074
913 2.2978549003601074
914 2.3112435340881348
915 2.2968297004699707
916 2.286684989929199
917 2.2963809967041016
918 2.292832851409912
919 2.292832851409912
920 2.2947311401367188
921 2.297982931137085
922 2.297982931137085
923 2.2985033988952637
924 2.2919394969940186
925 2.29001784324646
926 2.291639566421509
927 2.284438133239746
928 2.290045976638794
929 2.3007113933563232
930 2.3007113933563232
931 2.303434371948242
932 2.292996883392334
933 2.301668167114258
934 2.2902746200561523
935 2.2901952266693115
936 2.299466609954834
937 2.288062810897827
938 2.2922987937927246
939 2.2917556762695312
940 2.286949872970581
941 2.2953004837036133
942 2.2951295375823975
943 2.2983062267303467
944 2.288200855255127
945 2.3067729473114014
946 2.305253267288208
947 2.305253267288208
948 2.2993531227111816
949 2.2993531227111816
950 2.2993531227111816
951 2.2993531227111816
952 2.2993531227111816
953 2.2962663173675537
954 2.2921340465545654
955 2.2970054149627686
956 2.2970054149627686
957 2.2977447509765625
958 2.302671194076538
959 2.30104398727417
960 2.30104398727417
961 2.289415121078491
962 2.3037915229797363
963 2.2987372875213623
964 2.2987372875213623
965 2.2987372875213623
966 2.2969048023223877
967 2.286439895629883
968 2.286439895629883
969 2.2981762886047363
970 2.2981762886047363
971 2.2978813648223877
972 2.2944109439849854
973 2.2944109439849854
974 2.2944109439849854
975 2.2944109439849854
976 2.2949392795562744
977 2.310706377029419
978 2.2929139137268066
979 2.2929139137268066
980 2.3017947673797607
981 2.3017947673797607
982 2.3017947673797607
983 2.3017947673797607
984 2.3052685260772705
985 2.2919256687164307
986 2.2906570434570312
987 2.2906570434570312
988 2.2955679893493652
989 2.283494234085083
990 2.283494234085083
991 2.291762351989746
992 2.297283172607422
993 2.2963507175445557
994 2.302493095397949
995 2.283951997756958
996 2.2855801582336426
997 2.300830364227295
998 2.292858362197876
999 2.292858362197876
1000 2.2962117195129395
1001 2.2962117195129395
1002 2.29295015335083
1003 2.2881038188934326
1004 2.295164108276367
1005 2.301656484603882
1006 2.291165828704834
1007 2.296386241912842
1008 2.2889347076416016
1009 2.306593418121338
1010 2.300715684890747
1011 2.300671339035034
1012 2.288722276687622
1013 2.287114143371582
1014 2.287114143371582
1015 2.293275833129883
1016 2.2922985553741455
1017 2.2947638034820557
1018 2.2947638034820557
1019 2.2947638034820557
1020 2.3023319244384766
1021 2.298003673553467
1022 2.292454719543457
1023 2.2963063716888428
1024 2.2963063716888428
1025 2.283980131149292
1026 2.2872378826141357
1027 2.290027141571045
1028 2.290027141571045
1029 2.2835803031921387
1030 2.2835803031921387
1031 2.2835803031921387
1032 2.2959721088409424
1033 2.2959721088409424
1034 2.2959721088409424
1035 2.288844585418701
1036 2.275439977645874
1037 2.298326253890991
1038 2.298326253890991
1039 2.2873897552490234
1040 2.2873897552490234
1041 2.2963194847106934
1042 2.2942442893981934
1043 2.298049211502075
1044 2.293572425842285
1045 2.2865712642669678
1046 2.2894341945648193
1047 2.2894341945648193
1048 2.2894341945648193
1049 2.293843984603882
1050 2.2910068035125732
1051 2.2901947498321533
1052 2.282625436782837
1053 2.2931361198425293
1054 2.295724868774414
1055 2.292156457901001
1056 2.291212558746338
1057 2.2864160537719727
1058 2.2864160537719727
1059 2.2864160537719727
1060 2.2864160537719727
1061 2.2864160537719727
1062 2.294227123260498
1063 2.3033347129821777
1064 2.3033347129821777
1065 2.2852530479431152
1066 2.2852530479431152
1067 2.294734001159668
1068 2.291146755218506
1069 2.291146755218506
1070 2.2775073051452637
1071 2.2866809368133545
1072 2.2866809368133545
1073 2.2866809368133545
1074 2.2866809368133545
1075 2.2866809368133545
1076 2.2846152782440186
1077 2.2846152782440186
1078 2.292213201522827
1079 2.3036718368530273
1080 2.2978897094726562
1081 2.283336877822876
1082 2.2843377590179443
1083 2.2843377590179443
1084 2.302826404571533
1085 2.2960364818573
1086 2.2941973209381104
1087 2.2941973209381104
1088 2.29733943939209
1089 2.29733943939209
1090 2.2994120121002197
1091 2.275041341781616
1092 2.295689821243286
1093 2.2910187244415283
1094 2.294581890106201
1095 2.285590648651123
1096 2.279374837875366
1097 2.279374837875366
1098 2.2940313816070557
1099 2.293999195098877
1100 2.293999195098877
1101 2.293999195098877
1102 2.2771124839782715
1103 2.2771124839782715
1104 2.2771124839782715
1105 2.3025152683258057
1106 2.2941768169403076
1107 2.2927725315093994
1108 2.2912955284118652
1109 2.2912955284118652
1110 2.2942299842834473
1111 2.2981979846954346
1112 2.2981979846954346
1113 2.2981979846954346
1114 2.2981979846954346
1115 2.2981979846954346
1116 2.2938859462738037
1117 2.2862231731414795
1118 2.2967023849487305
1119 2.2967023849487305
1120 2.281693696975708
1121 2.2844815254211426
1122 2.2844815254211426
1123 2.279576539993286
1124 2.2814059257507324
1125 2.273010015487671
1126 2.2782983779907227
1127 2.2821571826934814
1128 2.3017706871032715
1129 2.3017706871032715
1130 2.3017706871032715
1131 2.3017706871032715
1132 2.2869327068328857
1133 2.2860236167907715
1134 2.298656463623047
1135 2.301614999771118
1136 2.2956674098968506
1137 2.2908661365509033
1138 2.290292739868164
1139 2.290292739868164
1140 2.290292739868164
1141 2.2812247276306152
1142 2.2812247276306152
1143 2.296184539794922
1144 2.2862632274627686
1145 2.2862632274627686
1146 2.2813663482666016
1147 2.2813663482666016
1148 2.30338191986084
1149 2.3017799854278564
1150 2.2858879566192627
1151 2.2834160327911377
1152 2.2955503463745117
1153 2.2961978912353516
1154 2.2915942668914795
1155 2.3101038932800293
1156 2.2897238731384277
1157 2.2940666675567627
1158 2.2869956493377686
1159 2.2917733192443848
1160 2.2917733192443848
1161 2.2917733192443848
1162 2.2917733192443848
1163 2.2891111373901367
1164 2.2891111373901367
1165 2.2892727851867676
1166 2.28501296043396
1167 2.28501296043396
1168 2.28501296043396
1169 2.28501296043396
1170 2.28501296043396
1171 2.272026538848877
1172 2.2748682498931885
1173 2.291835069656372
1174 2.2873404026031494
1175 2.2880754470825195
1176 2.3020761013031006
1177 2.2781577110290527
1178 2.2905068397521973
1179 2.2843544483184814
1180 2.2843544483184814
1181 2.2999863624572754
1182 2.28985595703125
1183 2.2923333644866943
1184 2.2923333644866943
1185 2.2867114543914795
1186 2.2867114543914795
1187 2.287288188934326
1188 2.287288188934326
1189 2.287581205368042
1190 2.287581205368042
1191 2.2973947525024414
1192 2.283648729324341
1193 2.28073787689209
1194 2.28073787689209
1195 2.2799291610717773
1196 2.291940212249756
1197 2.2934746742248535
1198 2.2906534671783447
1199 2.3009278774261475
1200 2.29359769821167
1201 2.29359769821167
1202 2.2838995456695557
1203 2.2989606857299805
1204 2.2993738651275635
1205 2.2993738651275635
1206 2.2969775199890137
1207 2.2969775199890137
1208 2.2901079654693604
1209 2.3068931102752686
1210 2.3068931102752686
1211 2.3068931102752686
1212 2.2766735553741455
1213 2.2766735553741455
1214 2.288407564163208
1215 2.2638492584228516
1216 2.292732000350952
1217 2.2744879722595215
1218 2.2856976985931396
1219 2.2856976985931396
1220 2.274271249771118
1221 2.2876603603363037
1222 2.2898056507110596
1223 2.279707431793213
1224 2.279707431793213
1225 2.274973154067993
1226 2.2816882133483887
1227 2.2708523273468018
1228 2.2914817333221436
1229 2.268348455429077
1230 2.268348455429077
1231 2.268348455429077
1232 2.27817440032959
1233 2.286943197250366
1234 2.283003330230713
1235 2.2844512462615967
1236 2.282846212387085
1237 2.285370111465454
1238 2.285370111465454
1239 2.285370111465454
1240 2.2853164672851562
1241 2.289407730102539
1242 2.2832751274108887
1243 2.2832751274108887
1244 2.2797436714172363
1245 2.2851524353027344
1246 2.2702929973602295
1247 2.2881956100463867
1248 2.2951433658599854
1249 2.278844118118286
1250 2.2735400199890137
1251 2.2735400199890137
1252 2.2843098640441895
1253 2.2843098640441895
1254 2.277966260910034
1255 2.2741832733154297
1256 2.2741832733154297
1257 2.2879254817962646
1258 2.2879254817962646
1259 2.2864885330200195
1260 2.2864885330200195
1261 2.2864885330200195
1262 2.2911245822906494
1263 2.282466411590576
1264 2.282466411590576
1265 2.282466411590576
1266 2.27693510055542
1267 2.269174814224243
1268 2.2675817012786865
1269 2.2675817012786865
1270 2.279343605041504
1271 2.279343605041504
1272 2.279343605041504
1273 2.279343605041504
1274 2.2821760177612305
1275 2.2912819385528564
1276 2.2795000076293945
1277 2.284931182861328
1278 2.2851333618164062
1279 2.2832183837890625
1280 2.272186517715454
1281 2.2872486114501953
1282 2.2785074710845947
1283 2.277763605117798
1284 2.277763605117798
1285 2.277763605117798
1286 2.2715189456939697
1287 2.2886335849761963
1288 2.279582977294922
1289 2.2714545726776123
1290 2.2909648418426514
1291 2.263955593109131
1292 2.2922801971435547
1293 2.2922801971435547
1294 2.2922801971435547
1295 2.2765955924987793
1296 2.2808825969696045
1297 2.2834720611572266
1298 2.278125524520874
1299 2.2773962020874023
1300 2.2989885807037354
1301 2.287381649017334
1302 2.273426055908203
1303 2.273426055908203
1304 2.2967751026153564
1305 2.2813756465911865
1306 2.2666749954223633
1307 2.269054651260376
1308 2.280768394470215
1309 2.280768394470215
1310 2.2808103561401367
1311 2.2808103561401367
1312 2.2808103561401367
1313 2.297607183456421
1314 2.297607183456421
1315 2.290769100189209
1316 2.2859408855438232
1317 2.2859408855438232
1318 2.283782482147217
1319 2.265620231628418
1320 2.265620231628418
1321 2.285846471786499
1322 2.285846471786499
1323 2.2669224739074707
1324 2.2749240398406982
1325 2.2749240398406982
1326 2.2749240398406982
1327 2.271064043045044
1328 2.278235673904419
1329 2.278235673904419
1330 2.278235673904419
1331 2.274228811264038
1332 2.2724149227142334
1333 2.2724149227142334
1334 2.2774765491485596
1335 2.2816214561462402
1336 2.284025192260742
1337 2.2727105617523193
1338 2.2657015323638916
1339 2.288973093032837
1340 2.288973093032837
1341 2.2610344886779785
1342 2.266265630722046
1343 2.2754170894622803
1344 2.2731165885925293
1345 2.2679455280303955
1346 2.286262035369873
1347 2.281341791152954
1348 2.281341791152954
1349 2.2704195976257324
1350 2.2704195976257324
1351 2.2704195976257324
1352 2.2704195976257324
1353 2.2755448818206787
1354 2.2755448818206787
1355 2.272897958755493
1356 2.265108585357666
1357 2.2819342613220215
1358 2.2819342613220215
1359 2.266634702682495
1360 2.2780261039733887
1361 2.267225503921509
1362 2.272613525390625
1363 2.2742676734924316
1364 2.281895637512207
1365 2.281895637512207
1366 2.2723772525787354
1367 2.287172555923462
1368 2.287172555923462
1369 2.287172555923462
1370 2.287172555923462
1371 2.2695610523223877
1372 2.2695610523223877
1373 2.2695610523223877
1374 2.2695610523223877
1375 2.2757980823516846
1376 2.2757980823516846
1377 2.2757980823516846
1378 2.2819650173187256
1379 2.2819650173187256
1380 2.2819650173187256
1381 2.2728350162506104
1382 2.2676310539245605
1383 2.2626876831054688
1384 2.2626876831054688
1385 2.2671260833740234
1386 2.254255533218384
1387 2.254255533218384
1388 2.2807273864746094
1389 2.2835025787353516
1390 2.28059458732605
1391 2.2679617404937744
1392 2.2661056518554688
1393 2.26298451423645
1394 2.2768101692199707
1395 2.273385524749756
1396 2.271198272705078
1397 2.2543158531188965
1398 2.2543158531188965
1399 2.2830727100372314
1400 2.2698733806610107
1401 2.2698733806610107
1402 2.2755744457244873
1403 2.284457206726074
1404 2.285569429397583
1405 2.285569429397583
1406 2.2728805541992188
1407 2.260181427001953
1408 2.2696101665496826
1409 2.2464637756347656
1410 2.2616705894470215
1411 2.2641992568969727
1412 2.2686753273010254
1413 2.2598423957824707
1414 2.2598423957824707
1415 2.2855207920074463
1416 2.2855207920074463
1417 2.2855207920074463
1418 2.2827301025390625
1419 2.2674105167388916
1420 2.2736594676971436
1421 2.2720227241516113
1422 2.2720227241516113
1423 2.2720227241516113
1424 2.2720227241516113
1425 2.240905284881592
1426 2.2598395347595215
1427 2.249875068664551
1428 2.249875068664551
1429 2.267390012741089
1430 2.2648396492004395
1431 2.2555148601531982
1432 2.2581355571746826
1433 2.2792766094207764
1434 2.2642712593078613
1435 2.2742655277252197
1436 2.2531230449676514
1437 2.2531230449676514
1438 2.2531230449676514
1439 2.2531230449676514
1440 2.2486824989318848
1441 2.2673211097717285
1442 2.2595839500427246
1443 2.273391008377075
1444 2.280705690383911
1445 2.2765862941741943
1446 2.255704879760742
1447 2.240985870361328
1448 2.240985870361328
1449 2.240985870361328
1450 2.2573704719543457
1451 2.2573704719543457
1452 2.275407075881958
1453 2.2433786392211914
1454 2.2433786392211914
1455 2.228369951248169
1456 2.27036452293396
1457 2.27036452293396
1458 2.254117727279663
1459 2.260169506072998
1460 2.260169506072998
1461 2.260169506072998
1462 2.249551773071289
1463 2.2512295246124268
1464 2.270073413848877
1465 2.270073413848877
1466 2.270073413848877
1467 2.264833450317383
1468 2.2708234786987305
1469 2.2361578941345215
1470 2.2361578941345215
1471 2.2581987380981445
1472 2.2178144454956055
1473 2.2178144454956055
1474 2.273296594619751
1475 2.2601795196533203
1476 2.271540880203247
1477 2.271540880203247
1478 2.271540880203247
1479 2.2640931606292725
1480 2.290073871612549
1481 2.273549795150757
1482 2.227128744125366
1483 2.2505080699920654
1484 2.2505080699920654
1485 2.2789602279663086
1486 2.2618134021759033
1487 2.2618134021759033
1488 2.2504241466522217
1489 2.232677459716797
1490 2.232677459716797
1491 2.232677459716797
1492 2.2559547424316406
1493 2.2559547424316406
1494 2.276052951812744
1495 2.2690932750701904
1496 2.2763888835906982
1497 2.2763888835906982
1498 2.2763888835906982
1499 2.2485313415527344
