0 2.294527530670166
1 2.294527530670166
2 2.294527530670166
3 2.3026647567749023
4 2.2991321086883545
5 2.2991321086883545
6 2.2991321086883545
7 2.3005356788635254
8 2.3005356788635254
9 2.3005356788635254
10 2.3005356788635254
11 2.3005356788635254
12 2.3018252849578857
13 2.3018252849578857
14 2.3018548488616943
15 2.3018548488616943
16 2.3018548488616943
17 2.3018548488616943
18 2.300412893295288
19 2.2984619140625
20 2.30077862739563
21 2.30077862739563
22 2.3003318309783936
23 2.3003318309783936
24 2.301743984222412
25 2.3008763790130615
26 2.301795244216919
27 2.298311948776245
28 2.303394317626953
29 2.303394317626953
30 2.299391269683838
31 2.299391269683838
32 2.3042030334472656
33 2.3067758083343506
34 2.3067758083343506
35 2.3077456951141357
36 2.3077456951141357
37 2.3058440685272217
38 2.2985997200012207
39 2.3033461570739746
40 2.3033461570739746
41 2.3033461570739746
42 2.3033461570739746
43 2.301025629043579
44 2.301025629043579
45 2.29608416557312
46 2.306565999984741
47 2.306565999984741
48 2.3056018352508545
49 2.303182363510132
50 2.3005170822143555
51 2.3039731979370117
52 2.2982468605041504
53 2.2982468605041504
54 2.3022525310516357
55 2.3022525310516357
56 2.308253288269043
57 2.308253288269043
58 2.308253288269043
59 2.3028221130371094
60 2.3028221130371094
61 2.3028221130371094
62 2.304659605026245
63 2.3066439628601074
64 2.3016581535339355
65 2.305612802505493
66 2.305612802505493
67 2.2935667037963867
68 2.3051791191101074
69 2.299739122390747
70 2.2993931770324707
71 2.3004493713378906
72 2.3004493713378906
73 2.3004493713378906
74 2.3004493713378906
75 2.3074586391448975
76 2.3074586391448975
77 2.3074586391448975
78 2.298658847808838
79 2.302466869354248
80 2.3041820526123047
81 2.3029444217681885
82 2.304293155670166
83 2.3013057708740234
84 2.304248809814453
85 2.303947687149048
86 2.303947687149048
87 2.305175542831421
88 2.30507493019104
89 2.309678077697754
90 2.3105664253234863
91 2.3027827739715576
92 2.301762580871582
93 2.304201602935791
94 2.304201602935791
95 2.3035247325897217
96 2.2979869842529297
97 2.3070995807647705
98 2.3020269870758057
99 2.3014261722564697
100 2.3014261722564697
101 2.301790237426758
102 2.3028151988983154
103 2.2985548973083496
104 2.304908037185669
105 2.3054630756378174
106 2.3054630756378174
107 2.3045613765716553
108 2.3025031089782715
109 2.2994065284729004
110 2.302912712097168
111 2.302912712097168
112 2.3046200275421143
113 2.3032450675964355
114 2.30118989944458
115 2.304448127746582
116 2.299924850463867
117 2.3010008335113525
118 2.3010008335113525
119 2.301323175430298
120 2.301323175430298
121 2.301323175430298
122 2.302487373352051
123 2.3002419471740723
124 2.304002523422241
125 2.298610210418701
126 2.3016791343688965
127 2.3016791343688965
128 2.301800489425659
129 2.301800489425659
130 2.301800489425659
131 2.301800489425659
132 2.301800489425659
133 2.2990708351135254
134 2.296881914138794
135 2.296881914138794
136 2.305424213409424
137 2.296588182449341
138 2.307295322418213
139 2.307295322418213
140 2.307295322418213
141 2.3049545288085938
142 2.3027851581573486
143 2.294099807739258
144 2.3001065254211426
145 2.2943434715270996
146 2.309483051300049
147 2.302687644958496
148 2.3057658672332764
149 2.3000338077545166
150 2.301145553588867
151 2.3030240535736084
152 2.3030240535736084
153 2.301889181137085
154 2.3041131496429443
155 2.3041131496429443
156 2.302126407623291
157 2.302126407623291
158 2.299386978149414
159 2.2997448444366455
160 2.302196502685547
161 2.2994890213012695
162 2.2999727725982666
163 2.308821439743042
164 2.3037807941436768
165 2.300034999847412
166 2.300424098968506
167 2.305706024169922
168 2.305706024169922
169 2.3061859607696533
170 2.2987990379333496
171 2.2987990379333496
172 2.2987990379333496
173 2.302143096923828
174 2.306230306625366
175 2.306230306625366
176 2.296379804611206
177 2.2969181537628174
178 2.2969181537628174
179 2.3010787963867188
180 2.3010787963867188
181 2.3010787963867188
182 2.301954984664917
183 2.2998769283294678
184 2.3062150478363037
185 2.303536891937256
186 2.303536891937256
187 2.2997310161590576
188 2.2975196838378906
189 2.2975196838378906
190 2.2975196838378906
191 2.2989680767059326
192 2.2973945140838623
193 2.2979187965393066
194 2.3053722381591797
195 2.297255277633667
196 2.3056814670562744
197 2.3094143867492676
198 2.297198534011841
199 2.305363178253174
200 2.3036375045776367
201 2.298874616622925
202 2.3035459518432617
203 2.304206609725952
204 2.304206609725952
205 2.3066649436950684
206 2.2954962253570557
207 2.2954962253570557
208 2.2993814945220947
209 2.29917573928833
210 2.3100955486297607
211 2.3100955486297607
212 2.3010241985321045
213 2.295400381088257
214 2.295400381088257
215 2.295400381088257
216 2.30625319480896
217 2.301337242126465
218 2.2945852279663086
219 2.3046762943267822
220 2.3025150299072266
221 2.3009564876556396
222 2.2995471954345703
223 2.2974400520324707
224 2.291637659072876
225 2.2996342182159424
226 2.2961368560791016
227 2.302574396133423
228 2.302600383758545
229 2.298245668411255
230 2.298245668411255
231 2.298245668411255
232 2.2983081340789795
233 2.3030903339385986
234 2.2991623878479004
235 2.3065061569213867
236 2.3065061569213867
237 2.3065061569213867
238 2.3048176765441895
239 2.3079886436462402
240 2.2996459007263184
241 2.309211254119873
242 2.2972073554992676
243 2.2994465827941895
244 2.3064074516296387
245 2.304342746734619
246 2.304342746734619
247 2.3041164875030518
248 2.3041164875030518
249 2.3041164875030518
250 2.3041164875030518
251 2.3090927600860596
252 2.301724433898926
253 2.2975454330444336
254 2.3036139011383057
255 2.3054351806640625
256 2.3014602661132812
257 2.293787717819214
258 2.293787717819214
259 2.2993669509887695
260 2.2996745109558105
261 2.3062524795532227
262 2.306842088699341
263 2.2946889400482178
264 2.30831241607666
265 2.3003458976745605
266 2.3003458976745605
267 2.3011434078216553
268 2.3051013946533203
269 2.298245906829834
270 2.298245906829834
271 2.3002467155456543
272 2.300597906112671
273 2.2993533611297607
274 2.300812005996704
275 2.300812005996704
276 2.300812005996704
277 2.293002128601074
278 2.3018641471862793
279 2.292440414428711
280 2.303886890411377
281 2.303886890411377
282 2.2998979091644287
283 2.303771734237671
284 2.3067538738250732
285 2.2972381114959717
286 2.2995874881744385
287 2.2995874881744385
288 2.2995874881744385
289 2.2995874881744385
290 2.3035027980804443
291 2.300076723098755
292 2.300558567047119
293 2.300558567047119
294 2.300558567047119
295 2.306823492050171
296 2.306823492050171
297 2.3086657524108887
298 2.3086657524108887
299 2.301487445831299
300 2.301487445831299
301 2.3001317977905273
302 2.3001317977905273
303 2.3023324012756348
304 2.3023324012756348
305 2.302903413772583
306 2.3042473793029785
307 2.298950672149658
308 2.298950672149658
309 2.298950672149658
310 2.2972898483276367
311 2.300440549850464
312 2.3025870323181152
313 2.3025870323181152
314 2.30268931388855
315 2.30268931388855
316 2.302657127380371
317 2.2965526580810547
318 2.29760479927063
319 2.29760479927063
320 2.3040130138397217
321 2.293246030807495
322 2.293246030807495
323 2.3055334091186523
324 2.2974953651428223
325 2.2974953651428223
326 2.3022820949554443
327 2.3024747371673584
328 2.3070011138916016
329 2.3070011138916016
330 2.3070011138916016
331 2.3070011138916016
332 2.2999250888824463
333 2.302490711212158
334 2.3006341457366943
335 2.3081109523773193
336 2.3104381561279297
337 2.301675796508789
338 2.296018123626709
339 2.2969164848327637
340 2.2980799674987793
341 2.2992329597473145
342 2.2992329597473145
343 2.2952346801757812
344 2.3063364028930664
345 2.3063364028930664
346 2.2939014434814453
347 2.3009543418884277
348 2.29848051071167
349 2.29848051071167
350 2.29848051071167
351 2.302442789077759
352 2.294893741607666
353 2.300274133682251
354 2.30200457572937
355 2.30200457572937
356 2.303307056427002
357 2.29894757270813
358 2.299044132232666
359 2.299044132232666
360 2.3021953105926514
361 2.3107364177703857
362 2.3107364177703857
363 2.3107364177703857
364 2.3000237941741943
365 2.3000237941741943
366 2.301459312438965
367 2.301459312438965
368 2.303166389465332
369 2.303166389465332
370 2.303166389465332
371 2.303651809692383
372 2.296722888946533
373 2.2980971336364746
374 2.3070497512817383
375 2.3042471408843994
376 2.3042471408843994
377 2.301758289337158
378 2.301476001739502
379 2.3017168045043945
380 2.2931230068206787
381 2.2951316833496094
382 2.299959182739258
383 2.304072618484497
384 2.3051910400390625
385 2.294837236404419
386 2.294837236404419
387 2.299583911895752
388 2.2988758087158203
389 2.2988758087158203
390 2.298104763031006
391 2.297856092453003
392 2.2971930503845215
393 2.3008065223693848
394 2.2991902828216553
395 2.2991902828216553
396 2.2991902828216553
397 2.3016719818115234
398 2.294964551925659
399 2.2920026779174805
400 2.296980381011963
401 2.3028604984283447
402 2.296743631362915
403 2.296743631362915
404 2.296743631362915
405 2.2954909801483154
406 2.298219680786133
407 2.3025028705596924
408 2.288844585418701
409 2.299023151397705
410 2.2982633113861084
411 2.3098044395446777
412 2.3050992488861084
413 2.3050992488861084
414 2.3050992488861084
415 2.289264678955078
416 2.289264678955078
417 2.3010833263397217
418 2.2954654693603516
419 2.294947385787964
420 2.3033969402313232
421 2.3033969402313232
422 2.298562526702881
423 2.298562526702881
424 2.300314426422119
425 2.300314426422119
426 2.2993052005767822
427 2.2928853034973145
428 2.297140598297119
429 2.3055686950683594
430 2.3055686950683594
431 2.304718255996704
432 2.2976503372192383
433 2.3027846813201904
434 2.30649733543396
435 2.2950727939605713
436 2.295013904571533
437 2.297107219696045
438 2.3004560470581055
439 2.3004560470581055
440 2.2908904552459717
441 2.292168617248535
442 2.3045992851257324
443 2.3045992851257324
444 2.3008620738983154
445 2.3008620738983154
446 2.305044651031494
447 2.2999913692474365
448 2.2970964908599854
449 2.299619674682617
450 2.2953782081604004
451 2.2953782081604004
452 2.3001344203948975
453 2.3010365962982178
454 2.297968626022339
455 2.2954959869384766
456 2.2954959869384766
457 2.3036069869995117
458 2.297337293624878
459 2.297337293624878
460 2.2963199615478516
461 2.3006765842437744
462 2.2970664501190186
463 2.300269842147827
464 2.296433448791504
465 2.29521107673645
466 2.304537773132324
467 2.304537773132324
468 2.292804002761841
469 2.3052468299865723
470 2.3033604621887207
471 2.296499490737915
472 2.29445743560791
473 2.302842140197754
474 2.3013570308685303
475 2.3013570308685303
476 2.3096795082092285
477 2.2969512939453125
478 2.2969512939453125
479 2.297938823699951
480 2.3056652545928955
481 2.3027615547180176
482 2.3027615547180176
483 2.305008888244629
484 2.2990643978118896
485 2.2990643978118896
486 2.2990643978118896
487 2.2990643978118896
488 2.2990643978118896
489 2.2990643978118896
490 2.301173686981201
491 2.301173686981201
492 2.297497510910034
493 2.3009285926818848
494 2.3051555156707764
495 2.2991392612457275
496 2.3062288761138916
497 2.2969117164611816
498 2.2984540462493896
499 2.2931718826293945
500 2.3005945682525635
501 2.304405450820923
502 2.300060987472534
503 2.300060987472534
504 2.300060987472534
505 2.3067071437835693
506 2.2942259311676025
507 2.295294761657715
508 2.3009870052337646
509 2.298879861831665
510 2.296830177307129
511 2.3040995597839355
512 2.2896595001220703
513 2.3104794025421143
514 2.3104794025421143
515 2.30035400390625
516 2.30035400390625
517 2.3042964935302734
518 2.3042964935302734
519 2.306884288787842
520 2.306884288787842
521 2.2997238636016846
522 2.289597511291504
523 2.289597511291504
524 2.3023898601531982
525 2.3023898601531982
526 2.3023898601531982
527 2.3032517433166504
528 2.3032517433166504
529 2.3035755157470703
530 2.2963829040527344
531 2.30100679397583
532 2.302124500274658
533 2.296887159347534
534 2.297494649887085
535 2.297494649887085
536 2.300737142562866
537 2.300737142562866
538 2.298938512802124
539 2.3060920238494873
540 2.302891492843628
541 2.3086764812469482
542 2.303356647491455
543 2.3052918910980225
544 2.3052918910980225
545 2.2978880405426025
546 2.2978880405426025
547 2.300636053085327
548 2.300636053085327
549 2.3031020164489746
550 2.303246021270752
551 2.303246021270752
552 2.299417018890381
553 2.305835008621216
554 2.3037755489349365
555 2.3037755489349365
556 2.3037755489349365
557 2.295761823654175
558 2.295314073562622
559 2.299816608428955
560 2.3045380115509033
561 2.295236349105835
562 2.295236349105835
563 2.3064255714416504
564 2.301835775375366
565 2.3062808513641357
566 2.3036420345306396
567 2.3036420345306396
568 2.3011131286621094
569 2.3025457859039307
570 2.3011362552642822
571 2.302741050720215
572 2.296769142150879
573 2.300290584564209
574 2.30249285697937
575 2.299640417098999
576 2.30015230178833
577 2.302548408508301
578 2.3033530712127686
579 2.3033530712127686
580 2.302119255065918
581 2.303588390350342
582 2.3002610206604004
583 2.2957522869110107
584 2.3024542331695557
585 2.3024542331695557
586 2.299129009246826
587 2.2971506118774414
588 2.306118965148926
589 2.3001415729522705
590 2.2955901622772217
591 2.2935256958007812
592 2.290231466293335
593 2.3012125492095947
594 2.3012125492095947
595 2.3006632328033447
596 2.300959348678589
597 2.293891668319702
598 2.293891668319702
599 2.2981162071228027
600 2.3072853088378906
601 2.3072853088378906
602 2.3072853088378906
603 2.3072853088378906
604 2.3072853088378906
605 2.2995171546936035
606 2.3006157875061035
607 2.3039591312408447
608 2.3039591312408447
609 2.3039591312408447
610 2.289487600326538
611 2.3056461811065674
612 2.2993111610412598
613 2.3016393184661865
614 2.302870512008667
615 2.312737464904785
616 2.2991371154785156
617 2.2991371154785156
618 2.301500082015991
619 2.301500082015991
620 2.3044395446777344
621 2.3044395446777344
622 2.3044395446777344
623 2.3044395446777344
624 2.2991716861724854
625 2.2991716861724854
626 2.296818256378174
627 2.3001601696014404
628 2.3001601696014404
629 2.2964203357696533
630 2.2964203357696533
631 2.299182653427124
632 2.2969794273376465
633 2.2976479530334473
634 2.303291082382202
635 2.303291082382202
636 2.300272226333618
637 2.2954535484313965
638 2.2937750816345215
639 2.2937750816345215
640 2.2937750816345215
641 2.286768674850464
642 2.286768674850464
643 2.294759511947632
644 2.294759511947632
645 2.2929584980010986
646 2.2929584980010986
647 2.301485776901245
648 2.301485776901245
649 2.305312156677246
650 2.3015544414520264
651 2.305100440979004
652 2.2966978549957275
653 2.2966978549957275
654 2.2966978549957275
655 2.2957634925842285
656 2.300899028778076
657 2.303516387939453
658 2.303516387939453
659 2.2978498935699463
660 2.2978498935699463
661 2.2925491333007812
662 2.3004071712493896
663 2.290853977203369
664 2.3032193183898926
665 2.3052141666412354
666 2.2923521995544434
667 2.2956299781799316
668 2.3000688552856445
669 2.2995221614837646
670 2.2995221614837646
671 2.298999786376953
672 2.298999786376953
673 2.294066905975342
674 2.298692464828491
675 2.2902464866638184
676 2.2902464866638184
677 2.2944796085357666
678 2.2944796085357666
679 2.3123059272766113
680 2.3123059272766113
681 2.3064723014831543
682 2.3048415184020996
683 2.3048415184020996
684 2.295834541320801
685 2.3030574321746826
686 2.3030574321746826
687 2.302402973175049
688 2.301753520965576
689 2.301753520965576
690 2.2940001487731934
691 2.2999463081359863
692 2.2999463081359863
693 2.3003978729248047
694 2.3003978729248047
695 2.2983484268188477
696 2.2983484268188477
697 2.2983484268188477
698 2.2918167114257812
699 2.2918167114257812
700 2.296229362487793
701 2.3030407428741455
702 2.303295135498047
703 2.295147180557251
704 2.2882626056671143
705 2.2882626056671143
706 2.2882626056671143
707 2.3029470443725586
708 2.3029470443725586
709 2.2872273921966553
710 2.293998956680298
711 2.293998956680298
712 2.3030097484588623
713 2.2954635620117188
714 2.3028430938720703
715 2.3028430938720703
716 2.292766571044922
717 2.3006646633148193
718 2.2922825813293457
719 2.2992048263549805
720 2.303605556488037
721 2.2881596088409424
722 2.3032851219177246
723 2.2976179122924805
724 2.2898664474487305
725 2.2898664474487305
726 2.289823055267334
727 2.3022255897521973
728 2.3053665161132812
729 2.3031458854675293
730 2.3000454902648926
731 2.294475555419922
732 2.296558141708374
733 2.3011415004730225
734 2.2958905696868896
735 2.3033878803253174
736 2.301457405090332
737 2.301457405090332
738 2.301457405090332
739 2.30171537399292
740 2.2943220138549805
741 2.3010802268981934
742 2.3010802268981934
743 2.2931299209594727
744 2.2932653427124023
745 2.2995572090148926
746 2.2974963188171387
747 2.2862930297851562
748 2.2862930297851562
749 2.2959165573120117
750 2.3028979301452637
751 2.2997636795043945
752 2.304568290710449
753 2.3073556423187256
754 2.302537441253662
755 2.29228138923645
756 2.300692319869995
757 2.293867826461792
758 2.293867826461792
759 2.3056907653808594
760 2.3056907653808594
761 2.3056907653808594
762 2.3031294345855713
763 2.293971061706543
764 2.293971061706543
765 2.2896647453308105
766 2.2912893295288086
767 2.30112361907959
768 2.293874979019165
769 2.299809455871582
770 2.294651985168457
771 2.303122043609619
772 2.303122043609619
773 2.2855703830718994
774 2.3077032566070557
775 2.3016719818115234
776 2.3011443614959717
777 2.2997617721557617
778 2.2889420986175537
779 2.29079532623291
780 2.3023204803466797
781 2.3023204803466797
782 2.2998805046081543
783 2.2998805046081543
784 2.294966220855713
785 2.294966220855713
786 2.2995457649230957
787 2.3003089427948
788 2.3020143508911133
789 2.2992615699768066
790 2.297182559967041
791 2.297182559967041
792 2.2841734886169434
793 2.2967143058776855
794 2.3025453090667725
795 2.2937774658203125
796 2.3035171031951904
797 2.299471378326416
798 2.283294200897217
799 2.2917392253875732
800 2.3021485805511475
801 2.2952229976654053
802 2.2952229976654053
803 2.3058841228485107
804 2.294196844100952
805 2.2996795177459717
806 2.2996795177459717
807 2.2996795177459717
808 2.2964162826538086
809 2.295314073562622
810 2.307955741882324
811 2.3036015033721924
812 2.3036015033721924
813 2.294428586959839
814 2.294428586959839
815 2.2936596870422363
816 2.2986342906951904
817 2.2885568141937256
818 2.302436113357544
819 2.3040990829467773
820 2.2965242862701416
821 2.287379264831543
822 2.2938780784606934
823 2.2938780784606934
824 2.298970937728882
825 2.298970937728882
826 2.298970937728882
827 2.2894437313079834
828 2.295053243637085
829 2.2911672592163086
830 2.28896164894104
831 2.2923717498779297
832 2.301647186279297
833 2.301647186279297
834 2.301647186279297
835 2.301647186279297
836 2.3058273792266846
837 2.3058273792266846
838 2.2892720699310303
839 2.2892720699310303
840 2.2892720699310303
841 2.2998461723327637
842 2.2989730834960938
843 2.303008556365967
844 2.2941484451293945
845 2.2994351387023926
846 2.2994351387023926
847 2.2973828315734863
848 2.295311450958252
849 2.295311450958252
850 2.295311450958252
851 2.295311450958252
852 2.293858528137207
853 2.2889623641967773
854 2.294710636138916
855 2.294901132583618
856 2.294901132583618
857 2.294901132583618
858 2.2949061393737793
859 2.299247980117798
860 2.3013901710510254
861 2.3033928871154785
862 2.292567491531372
863 2.290511131286621
864 2.290511131286621
865 2.2953500747680664
866 2.285191297531128
867 2.300191879272461
868 2.298849582672119
869 2.2975311279296875
870 2.3042118549346924
871 2.2964391708374023
872 2.2964391708374023
873 2.2921807765960693
874 2.288862943649292
875 2.2883379459381104
876 2.2987611293792725
877 2.3015034198760986
878 2.2988457679748535
879 2.2988457679748535
880 2.2940683364868164
881 2.2955241203308105
882 2.2991275787353516
883 2.282942295074463
884 2.298644781112671
885 2.2936744689941406
886 2.2900173664093018
887 2.301774263381958
888 2.290801763534546
889 2.290801763534546
890 2.286806583404541
891 2.287508010864258
892 2.287508010864258
893 2.287508010864258
894 2.2952489852905273
895 2.2952489852905273
896 2.2952489852905273
897 2.3039660453796387
898 2.3039660453796387
899 2.2960281372070312
900 2.297159433364868
901 2.297159433364868
902 2.297159433364868
903 2.299590587615967
904 2.299590587615967
905 2.297417640686035
906 2.294851779937744
907 2.2903921604156494
908 2.2903921604156494
909 2.3015403747558594
910 2.3015403747558594
911 2.2855708599090576
912 2.305867910385132
913 2.3010551929473877
914 2.298243761062622
915 2.2937989234924316
916 2.2946667671203613
917 2.2946667671203613
918 2.2946667671203613
919 2.3048288822174072
920 2.3048288822174072
921 2.2959799766540527
922 2.2994914054870605
923 2.2994914054870605
924 2.2865962982177734
925 2.3104162216186523
926 2.3023877143859863
927 2.3023877143859863
928 2.290323495864868
929 2.290323495864868
930 2.298487663269043
931 2.3030142784118652
932 2.2906816005706787
933 2.3016176223754883
934 2.299976110458374
935 2.296194314956665
936 2.2914891242980957
937 2.2914891242980957
938 2.298151731491089
939 2.298151731491089
940 2.298151731491089
941 2.2942891120910645
942 2.2942891120910645
943 2.2908132076263428
944 2.2908132076263428
945 2.2908132076263428
946 2.2916159629821777
947 2.2930068969726562
948 2.2930068969726562
949 2.2997453212738037
950 2.2974562644958496
951 2.297787666320801
952 2.3043932914733887
953 2.289846181869507
954 2.298943042755127
955 2.298943042755127
956 2.292715549468994
957 2.292715549468994
958 2.292715549468994
959 2.292715549468994
960 2.2934792041778564
961 2.2983641624450684
962 2.2983641624450684
963 2.29567551612854
964 2.2988624572753906
965 2.287799119949341
966 2.284701108932495
967 2.284701108932495
968 2.2781879901885986
969 2.2781879901885986
970 2.2918264865875244
971 2.2918264865875244
972 2.2918264865875244
973 2.2918527126312256
974 2.2877957820892334
975 2.2938809394836426
976 2.2991943359375
977 2.3075060844421387
978 2.2919087409973145
979 2.2888002395629883
980 2.307051658630371
981 2.3058505058288574
982 2.3058505058288574
983 2.2959036827087402
984 2.2959036827087402
985 2.2960405349731445
986 2.30253529548645
987 2.30253529548645
988 2.292951822280884
989 2.2897636890411377
990 2.2967894077301025
991 2.291724920272827
992 2.3017020225524902
993 2.2947239875793457
994 2.3001413345336914
995 2.295492649078369
996 2.306211471557617
997 2.2936482429504395
998 2.2936482429504395
999 2.284106731414795
1000 2.284106731414795
1001 2.2988462448120117
1002 2.286487340927124
1003 2.2904770374298096
1004 2.2941293716430664
1005 2.2902867794036865
1006 2.2902867794036865
1007 2.2902867794036865
1008 2.3024020195007324
1009 2.3024020195007324
1010 2.3024020195007324
1011 2.3017475605010986
1012 2.2836179733276367
1013 2.2959907054901123
1014 2.294386148452759
1015 2.301182270050049
1016 2.301182270050049
1017 2.301182270050049
1018 2.2902326583862305
1019 2.291141986846924
1020 2.3039727210998535
1021 2.3000025749206543
1022 2.2910704612731934
1023 2.2910704612731934
1024 2.2999579906463623
1025 2.2874677181243896
1026 2.2874677181243896
1027 2.3044869899749756
1028 2.3044869899749756
1029 2.3044869899749756
1030 2.3044869899749756
1031 2.297516345977783
1032 2.297516345977783
1033 2.306995153427124
1034 2.301227331161499
1035 2.301227331161499
1036 2.2863264083862305
1037 2.2863264083862305
1038 2.2863264083862305
1039 2.2900102138519287
1040 2.2931222915649414
1041 2.2779181003570557
1042 2.2779181003570557
1043 2.285266876220703
1044 2.289942741394043
1045 2.3000783920288086
1046 2.2883098125457764
1047 2.2801408767700195
1048 2.2980575561523438
1049 2.2842636108398438
1050 2.2842636108398438
1051 2.283742666244507
1052 2.3008713722229004
1053 2.2903389930725098
1054 2.2903389930725098
1055 2.288604736328125
1056 2.289566993713379
1057 2.3022308349609375
1058 2.295253038406372
1059 2.292611837387085
1060 2.287487030029297
1061 2.285984754562378
1062 2.2978577613830566
1063 2.3018431663513184
1064 2.2902395725250244
1065 2.2833144664764404
1066 2.2833144664764404
1067 2.2735371589660645
1068 2.2735371589660645
1069 2.2853097915649414
1070 2.2921302318573
1071 2.307532548904419
1072 2.28188419342041
1073 2.300499200820923
1074 2.280808448791504
1075 2.289947509765625
1076 2.293506622314453
1077 2.284644365310669
1078 2.284644365310669
1079 2.284644365310669
1080 2.284644365310669
1081 2.284025192260742
1082 2.2926673889160156
1083 2.2852063179016113
1084 2.283630847930908
1085 2.3038740158081055
1086 2.2951583862304688
1087 2.304203510284424
1088 2.304203510284424
1089 2.302579402923584
1090 2.2969188690185547
1091 2.2882304191589355
1092 2.297610282897949
1093 2.294919013977051
1094 2.2830827236175537
1095 2.2830827236175537
1096 2.2726008892059326
1097 2.287292242050171
1098 2.287292242050171
1099 2.299943208694458
1100 2.2984230518341064
1101 2.2932350635528564
1102 2.2932350635528564
1103 2.294534206390381
1104 2.294534206390381
1105 2.290860652923584
1106 2.290860652923584
1107 2.3022313117980957
1108 2.2941908836364746
1109 2.301448106765747
1110 2.2814395427703857
1111 2.2814395427703857
1112 2.2866103649139404
1113 2.277841329574585
1114 2.29864764213562
1115 2.29864764213562
1116 2.2832963466644287
1117 2.2832963466644287
1118 2.2937533855438232
1119 2.2937533855438232
1120 2.289769172668457
1121 2.294304132461548
1122 2.2918877601623535
1123 2.2918877601623535
1124 2.3010973930358887
1125 2.2832281589508057
1126 2.3012166023254395
1127 2.284346580505371
1128 2.2984259128570557
1129 2.2801907062530518
1130 2.2853126525878906
1131 2.2947287559509277
1132 2.28596830368042
1133 2.2918381690979004
1134 2.2918381690979004
1135 2.299975633621216
1136 2.282625198364258
1137 2.2930655479431152
1138 2.2930655479431152
1139 2.282992362976074
1140 2.277488946914673
1141 2.277488946914673
1142 2.2769827842712402
1143 2.2769947052001953
1144 2.2907650470733643
1145 2.290846824645996
1146 2.292489767074585
1147 2.294309616088867
1148 2.2972826957702637
1149 2.2941367626190186
1150 2.2941367626190186
1151 2.2916860580444336
1152 2.2916860580444336
1153 2.2916860580444336
1154 2.2878494262695312
1155 2.2878494262695312
1156 2.2878494262695312
1157 2.2878494262695312
1158 2.2823758125305176
1159 2.300778865814209
1160 2.2795779705047607
1161 2.2830722332000732
1162 2.2802727222442627
1163 2.2840447425842285
1164 2.288996458053589
1165 2.288996458053589
1166 2.288996458053589
1167 2.298325777053833
1168 2.294917583465576
1169 2.286313533782959
1170 2.286313533782959
1171 2.278935670852661
1172 2.288496971130371
1173 2.2981152534484863
1174 2.2981152534484863
1175 2.2946596145629883
1176 2.2933526039123535
1177 2.2933526039123535
1178 2.286587953567505
1179 2.286587953567505
1180 2.2918670177459717
1181 2.2951526641845703
1182 2.2913670539855957
1183 2.2860970497131348
1184 2.2860970497131348
1185 2.2860970497131348
1186 2.292020320892334
1187 2.282045602798462
1188 2.2875168323516846
1189 2.306955099105835
1190 2.271022319793701
1191 2.271022319793701
1192 2.2910869121551514
1193 2.2856273651123047
1194 2.2930471897125244
1195 2.2860071659088135
1196 2.2991416454315186
1197 2.2991416454315186
1198 2.2991416454315186
1199 2.2826080322265625
1200 2.290555477142334
1201 2.288654327392578
1202 2.2903966903686523
1203 2.2934658527374268
1204 2.2814009189605713
1205 2.2814009189605713
1206 2.285524845123291
1207 2.2720065116882324
1208 2.2720065116882324
1209 2.297325611114502
1210 2.297325611114502
1211 2.297325611114502
1212 2.297325611114502
1213 2.2853922843933105
1214 2.2881436347961426
1215 2.285705327987671
1216 2.2813191413879395
1217 2.282590866088867
1218 2.2859113216400146
1219 2.2859113216400146
1220 2.2859113216400146
1221 2.285008430480957
1222 2.280364513397217
1223 2.2873246669769287
1224 2.2873246669769287
1225 2.2845335006713867
1226 2.2845335006713867
1227 2.2845335006713867
1228 2.289257526397705
1229 2.283604621887207
1230 2.28251576423645
1231 2.28251576423645
1232 2.28251576423645
1233 2.2896389961242676
1234 2.2896389961242676
1235 2.2896389961242676
1236 2.2777440547943115
1237 2.2850725650787354
1238 2.2850725650787354
1239 2.289391040802002
1240 2.289391040802002
1241 2.2765517234802246
1242 2.273500442504883
1243 2.273500442504883
1244 2.2802767753601074
1245 2.286065101623535
1246 2.286065101623535
1247 2.286065101623535
1248 2.287083625793457
1249 2.287083625793457
1250 2.2962398529052734
1251 2.2817726135253906
1252 2.2699716091156006
1253 2.283902168273926
1254 2.2747297286987305
1255 2.2747297286987305
1256 2.280169725418091
1257 2.2702112197875977
1258 2.2702112197875977
1259 2.293135643005371
1260 2.293135643005371
1261 2.293405532836914
1262 2.287294626235962
1263 2.274027109146118
1264 2.2808356285095215
1265 2.278627872467041
1266 2.277289390563965
1267 2.2872257232666016
1268 2.2954983711242676
1269 2.292250633239746
1270 2.2758994102478027
1271 2.2727859020233154
1272 2.271015167236328
1273 2.264260768890381
1274 2.284332275390625
1275 2.284332275390625
1276 2.284332275390625
1277 2.284332275390625
1278 2.285336494445801
1279 2.285336494445801
1280 2.2765214443206787
1281 2.2765214443206787
1282 2.2768630981445312
1283 2.2762179374694824
1284 2.2740211486816406
1285 2.2740211486816406
1286 2.275080680847168
1287 2.274930477142334
1288 2.293987989425659
1289 2.2689883708953857
1290 2.2689883708953857
1291 2.2689883708953857
1292 2.2689883708953857
1293 2.284489154815674
1294 2.2831099033355713
1295 2.270279884338379
1296 2.2951266765594482
1297 2.2862708568573
1298 2.278653144836426
1299 2.278653144836426
1300 2.269089698791504
1301 2.269089698791504
1302 2.275564193725586
1303 2.286661148071289
1304 2.2704274654388428
1305 2.2997236251831055
1306 2.2799651622772217
1307 2.275308609008789
1308 2.275308609008789
1309 2.275308609008789
1310 2.2713165283203125
1311 2.273008346557617
1312 2.2656421661376953
1313 2.2828421592712402
1314 2.289672613143921
1315 2.293452501296997
1316 2.2884764671325684
1317 2.298551321029663
1318 2.298551321029663
1319 2.298551321029663
1320 2.274060010910034
1321 2.2628562450408936
1322 2.2628562450408936
1323 2.3005802631378174
1324 2.267793893814087
1325 2.2957308292388916
1326 2.287524700164795
1327 2.288635015487671
1328 2.287200927734375
1329 2.277078628540039
1330 2.2788610458374023
1331 2.2788610458374023
1332 2.2788610458374023
1333 2.286045789718628
1334 2.2776126861572266
1335 2.281003713607788
1336 2.281003713607788
1337 2.2758278846740723
1338 2.2805368900299072
1339 2.2805368900299072
1340 2.2805368900299072
1341 2.2805368900299072
1342 2.266819953918457
1343 2.2931623458862305
1344 2.2638750076293945
1345 2.2638750076293945
1346 2.2744698524475098
1347 2.275059700012207
1348 2.2593467235565186
1349 2.2758283615112305
1350 2.303968906402588
1351 2.2815310955047607
1352 2.2735674381256104
1353 2.2776777744293213
1354 2.2776777744293213
1355 2.2777793407440186
1356 2.2686028480529785
1357 2.2686028480529785
1358 2.2686994075775146
1359 2.2686994075775146
1360 2.2708966732025146
1361 2.2708966732025146
1362 2.2823400497436523
1363 2.288649082183838
1364 2.288649082183838
1365 2.2613487243652344
1366 2.262688159942627
1367 2.2585368156433105
1368 2.2980802059173584
1369 2.2716879844665527
1370 2.2690186500549316
1371 2.2690186500549316
1372 2.2690186500549316
1373 2.2743101119995117
1374 2.262970447540283
1375 2.262970447540283
1376 2.2660536766052246
1377 2.2733752727508545
1378 2.2733752727508545
1379 2.2786521911621094
1380 2.2786521911621094
1381 2.273668050765991
1382 2.2788243293762207
1383 2.2528514862060547
1384 2.2528514862060547
1385 2.2528514862060547
1386 2.2528514862060547
1387 2.285712718963623
1388 2.2642199993133545
1389 2.2700393199920654
1390 2.2835276126861572
1391 2.2789225578308105
1392 2.270127296447754
1393 2.2725627422332764
1394 2.2725627422332764
1395 2.2725627422332764
1396 2.2725627422332764
1397 2.2725627422332764
1398 2.2515368461608887
1399 2.2669904232025146
1400 2.2794301509857178
1401 2.261598587036133
1402 2.269237756729126
1403 2.258587598800659
1404 2.2619025707244873
1405 2.2826955318450928
1406 2.2826955318450928
1407 2.2603979110717773
1408 2.2546725273132324
1409 2.2556726932525635
1410 2.271716833114624
1411 2.2782537937164307
1412 2.2782537937164307
1413 2.264761447906494
1414 2.27097225189209
1415 2.269519567489624
1416 2.2591161727905273
1417 2.2786755561828613
1418 2.2786755561828613
1419 2.25544810295105
1420 2.2740156650543213
1421 2.240705966949463
1422 2.270014762878418
1423 2.2789196968078613
1424 2.29726243019104
1425 2.2598023414611816
1426 2.2598023414611816
1427 2.2748401165008545
1428 2.240243434906006
1429 2.2640624046325684
1430 2.258201837539673
1431 2.27221417427063
1432 2.249314785003662
1433 2.268371343612671
1434 2.265770435333252
1435 2.265770435333252
1436 2.271329641342163
1437 2.2461395263671875
1438 2.262561559677124
1439 2.2458419799804688
1440 2.2448902130126953
1441 2.2313036918640137
1442 2.2585647106170654
1443 2.2585647106170654
1444 2.2585647106170654
1445 2.2598674297332764
1446 2.274449586868286
1447 2.267855644226074
1448 2.250499963760376
1449 2.2664926052093506
1450 2.255164623260498
1451 2.262371063232422
1452 2.262371063232422
1453 2.262371063232422
1454 2.2369143962860107
1455 2.269651412963867
1456 2.2569825649261475
1457 2.2636466026306152
1458 2.270059585571289
1459 2.270059585571289
1460 2.270059585571289
1461 2.2870676517486572
1462 2.2870676517486572
1463 2.2676124572753906
1464 2.2676124572753906
1465 2.2676124572753906
1466 2.2538528442382812
1467 2.276871919631958
1468 2.276871919631958
1469 2.2652416229248047
1470 2.2652416229248047
1471 2.255166530609131
1472 2.254354476928711
1473 2.260622501373291
1474 2.260622501373291
1475 2.2606959342956543
1476 2.271566152572632
1477 2.263570785522461
1478 2.263570785522461
1479 2.2422678470611572
1480 2.2422678470611572
1481 2.2483675479888916
1482 2.2565228939056396
1483 2.2565228939056396
1484 2.2592363357543945
1485 2.2592363357543945
1486 2.2592363357543945
1487 2.2505087852478027
1488 2.2670063972473145
1489 2.2670063972473145
1490 2.2438604831695557
1491 2.27055025100708
1492 2.250143527984619
1493 2.2563023567199707
1494 2.2563023567199707
1495 2.2359602451324463
1496 2.2598185539245605
1497 2.2342631816864014
1498 2.2441563606262207
1499 2.2441563606262207
