0 2.2918665409088135
1 2.3015968799591064
2 2.3015968799591064
3 2.302720785140991
4 2.3054237365722656
5 2.304255962371826
6 2.3026506900787354
7 2.305757999420166
8 2.305757999420166
9 2.305663824081421
10 2.3032171726226807
11 2.3032171726226807
12 2.305069923400879
13 2.305069923400879
14 2.305069923400879
15 2.303311586380005
16 2.303311586380005
17 2.303311586380005
18 2.303311586380005
19 2.303723096847534
20 2.302170753479004
21 2.3096461296081543
22 2.3096461296081543
23 2.3054544925689697
24 2.298342227935791
25 2.298342227935791
26 2.3067963123321533
27 2.3067963123321533
28 2.291761636734009
29 2.3036463260650635
30 2.297644853591919
31 2.2936129570007324
32 2.307649612426758
33 2.306068181991577
34 2.3052096366882324
35 2.302567481994629
36 2.3064565658569336
37 2.307481527328491
38 2.3096933364868164
39 2.3015763759613037
40 2.298623561859131
41 2.3048911094665527
42 2.3025224208831787
43 2.3106038570404053
44 2.298304557800293
45 2.3046975135803223
46 2.2987918853759766
47 2.2987918853759766
48 2.3028922080993652
49 2.3068203926086426
50 2.3068203926086426
51 2.2980401515960693
52 2.2980401515960693
53 2.2980401515960693
54 2.3117027282714844
55 2.304913282394409
56 2.306309700012207
57 2.306309700012207
58 2.2973172664642334
59 2.305907726287842
60 2.304403781890869
61 2.304403781890869
62 2.300445079803467
63 2.300445079803467
64 2.3029308319091797
65 2.3037726879119873
66 2.3037726879119873
67 2.2972347736358643
68 2.2972347736358643
69 2.2972347736358643
70 2.2972347736358643
71 2.2972347736358643
72 2.3053643703460693
73 2.295529842376709
74 2.2986092567443848
75 2.2986092567443848
76 2.3084194660186768
77 2.304333209991455
78 2.301692485809326
79 2.3068320751190186
80 2.3068320751190186
81 2.3049380779266357
82 2.302772283554077
83 2.304171562194824
84 2.304171562194824
85 2.3005640506744385
86 2.303365468978882
87 2.305752992630005
88 2.300251007080078
89 2.300251007080078
90 2.2998147010803223
91 2.3030447959899902
92 2.2972347736358643
93 2.2978789806365967
94 2.307013511657715
95 2.307013511657715
96 2.307866096496582
97 2.299316883087158
98 2.3109962940216064
99 2.302440643310547
100 2.302440643310547
101 2.305868148803711
102 2.30129337310791
103 2.3026037216186523
104 2.3012073040008545
105 2.3015875816345215
106 2.304656505584717
107 2.304656505584717
108 2.2975356578826904
109 2.2975356578826904
110 2.298525094985962
111 2.298525094985962
112 2.3058671951293945
113 2.2986419200897217
114 2.2986419200897217
115 2.2986419200897217
116 2.306940793991089
117 2.306940793991089
118 2.301173210144043
119 2.301173210144043
120 2.2952141761779785
121 2.2952141761779785
122 2.2950246334075928
123 2.3015313148498535
124 2.3015313148498535
125 2.3015313148498535
126 2.298316717147827
127 2.299443244934082
128 2.3000879287719727
129 2.3000879287719727
130 2.2988667488098145
131 2.299341917037964
132 2.299341917037964
133 2.295415163040161
134 2.295415163040161
135 2.302112579345703
136 2.302112579345703
137 2.3056726455688477
138 2.2980895042419434
139 2.3068156242370605
140 2.3034749031066895
141 2.3034749031066895
142 2.299853801727295
143 2.3002865314483643
144 2.298953056335449
145 2.2944869995117188
146 2.2944869995117188
147 2.2944869995117188
148 2.3030831813812256
149 2.303098678588867
150 2.3032164573669434
151 2.306333065032959
152 2.304313898086548
153 2.304313898086548
154 2.3033499717712402
155 2.3022162914276123
156 2.305926561355591
157 2.298424243927002
158 2.298424243927002
159 2.3048770427703857
160 2.3048770427703857
161 2.303457260131836
162 2.2978763580322266
163 2.3043484687805176
164 2.3037710189819336
165 2.304915428161621
166 2.304915428161621
167 2.304915428161621
168 2.3004310131073
169 2.298412561416626
170 2.305622100830078
171 2.2959024906158447
172 2.3056697845458984
173 2.3056697845458984
174 2.303493022918701
175 2.303493022918701
176 2.30366849899292
177 2.3059468269348145
178 2.3020002841949463
179 2.3033952713012695
180 2.2970943450927734
181 2.299414873123169
182 2.300206422805786
183 2.299535036087036
184 2.3025660514831543
185 2.302079677581787
186 2.30289626121521
187 2.30289626121521
188 2.30289626121521
189 2.3062989711761475
190 2.30112624168396
191 2.30112624168396
192 2.305752754211426
193 2.3044872283935547
194 2.3028411865234375
195 2.3048417568206787
196 2.3091039657592773
197 2.3016984462738037
198 2.3010153770446777
199 2.300102710723877
200 2.304938316345215
201 2.3079347610473633
202 2.3079347610473633
203 2.2988944053649902
204 2.2995729446411133
205 2.2995729446411133
206 2.2960610389709473
207 2.307117223739624
208 2.303740978240967
209 2.303740978240967
210 2.3060765266418457
211 2.305615186691284
212 2.30426287651062
213 2.3023407459259033
214 2.30159330368042
215 2.300915241241455
216 2.300915241241455
217 2.3047471046447754
218 2.3023059368133545
219 2.2985568046569824
220 2.293138027191162
221 2.297499418258667
222 2.3003594875335693
223 2.299593925476074
224 2.3051886558532715
225 2.3051886558532715
226 2.301487922668457
227 2.30556583404541
228 2.302144765853882
229 2.3060152530670166
230 2.3097660541534424
231 2.2987985610961914
232 2.2987985610961914
233 2.300766706466675
234 2.301056385040283
235 2.301056385040283
236 2.301056385040283
237 2.297982931137085
238 2.3012852668762207
239 2.3028945922851562
240 2.2989819049835205
241 2.2989819049835205
242 2.299973964691162
243 2.3069865703582764
244 2.309032440185547
245 2.3001809120178223
246 2.2922980785369873
247 2.3079307079315186
248 2.3079307079315186
249 2.305490732192993
250 2.2988429069519043
251 2.299116611480713
252 2.2998106479644775
253 2.2998106479644775
254 2.2990145683288574
255 2.2990145683288574
256 2.2987828254699707
257 2.2987828254699707
258 2.303009510040283
259 2.3064849376678467
260 2.300245761871338
261 2.301891565322876
262 2.301832437515259
263 2.3016786575317383
264 2.3016786575317383
265 2.3016786575317383
266 2.3016786575317383
267 2.3016786575317383
268 2.299060821533203
269 2.3003647327423096
270 2.3039865493774414
271 2.298520088195801
272 2.299010753631592
273 2.299168109893799
274 2.299168109893799
275 2.2990379333496094
276 2.2998406887054443
277 2.2998406887054443
278 2.2998406887054443
279 2.2998406887054443
280 2.2998406887054443
281 2.300506114959717
282 2.297611713409424
283 2.3044593334198
284 2.3044593334198
285 2.297999858856201
286 2.2955124378204346
287 2.3034191131591797
288 2.293243885040283
289 2.305809497833252
290 2.305809497833252
291 2.299204111099243
292 2.299204111099243
293 2.299204111099243
294 2.299204111099243
295 2.303309917449951
296 2.303309917449951
297 2.2991890907287598
298 2.2915918827056885
299 2.301591634750366
300 2.305684804916382
301 2.305684804916382
302 2.294525623321533
303 2.294525623321533
304 2.294525623321533
305 2.2958316802978516
306 2.298466205596924
307 2.298466205596924
308 2.298466205596924
309 2.298466205596924
310 2.2991857528686523
311 2.301758289337158
312 2.307983636856079
313 2.3046298027038574
314 2.300227642059326
315 2.3032724857330322
316 2.310116767883301
317 2.2968032360076904
318 2.301366090774536
319 2.307668924331665
320 2.3087685108184814
321 2.3087685108184814
322 2.3028392791748047
323 2.305366039276123
324 2.303086042404175
325 2.3062429428100586
326 2.3062429428100586
327 2.299696445465088
328 2.2964670658111572
329 2.2974209785461426
330 2.30350399017334
331 2.3055784702301025
332 2.3055784702301025
333 2.3055784702301025
334 2.3027238845825195
335 2.304992437362671
336 2.304992437362671
337 2.301511287689209
338 2.2958638668060303
339 2.2958638668060303
340 2.2992427349090576
341 2.296482801437378
342 2.2968196868896484
343 2.2968196868896484
344 2.2968196868896484
345 2.2968196868896484
346 2.2968196868896484
347 2.302983045578003
348 2.2952444553375244
349 2.3120198249816895
350 2.2980775833129883
351 2.300311326980591
352 2.2961232662200928
353 2.301309585571289
354 2.303426742553711
355 2.303426742553711
356 2.303426742553711
357 2.303426742553711
358 2.303426742553711
359 2.289830446243286
360 2.289830446243286
361 2.300224542617798
362 2.300224542617798
363 2.300224542617798
364 2.3046319484710693
365 2.3009352684020996
366 2.3009824752807617
367 2.3081159591674805
368 2.298370838165283
369 2.298370838165283
370 2.298370838165283
371 2.302025079727173
372 2.299043655395508
373 2.299043655395508
374 2.299043655395508
375 2.295501232147217
376 2.30329966545105
377 2.301907539367676
378 2.301907539367676
379 2.304192066192627
380 2.305130958557129
381 2.2929491996765137
382 2.2929491996765137
383 2.2929491996765137
384 2.3030784130096436
385 2.296469211578369
386 2.296172618865967
387 2.296172618865967
388 2.3060059547424316
389 2.304914712905884
390 2.299745798110962
391 2.2971787452697754
392 2.302607297897339
393 2.3012118339538574
394 2.3012118339538574
395 2.3023595809936523
396 2.3023595809936523
397 2.3023595809936523
398 2.295825481414795
399 2.3043227195739746
400 2.3043227195739746
401 2.29990291595459
402 2.288970470428467
403 2.288970470428467
404 2.2970356941223145
405 2.3022587299346924
406 2.3022587299346924
407 2.2932119369506836
408 2.295992612838745
409 2.295992612838745
410 2.3001902103424072
411 2.3019046783447266
412 2.3054049015045166
413 2.3054049015045166
414 2.311065673828125
415 2.299934148788452
416 2.301018238067627
417 2.297924518585205
418 2.2939977645874023
419 2.291907787322998
420 2.291907787322998
421 2.300215721130371
422 2.3012101650238037
423 2.300384998321533
424 2.300384998321533
425 2.3056750297546387
426 2.3056750297546387
427 2.3014321327209473
428 2.3014321327209473
429 2.3037755489349365
430 2.2984440326690674
431 2.2969970703125
432 2.2960710525512695
433 2.2960710525512695
434 2.3020317554473877
435 2.312364101409912
436 2.312364101409912
437 2.307215929031372
438 2.296165704727173
439 2.3057327270507812
440 2.301278591156006
441 2.3050427436828613
442 2.297970771789551
443 2.299405813217163
444 2.299405813217163
445 2.2981109619140625
446 2.299813985824585
447 2.2964367866516113
448 2.303145170211792
449 2.303145170211792
450 2.303145170211792
451 2.29948091506958
452 2.301847457885742
453 2.304628372192383
454 2.304628372192383
455 2.304628372192383
456 2.2953851222991943
457 2.3069684505462646
458 2.3007731437683105
459 2.30961537361145
460 2.30961537361145
461 2.3049869537353516
462 2.3049869537353516
463 2.3049869537353516
464 2.3049869537353516
465 2.304718017578125
466 2.304718017578125
467 2.300281524658203
468 2.301072120666504
469 2.301072120666504
470 2.301072120666504
471 2.296938419342041
472 2.296938419342041
473 2.296938419342041
474 2.302687168121338
475 2.305738687515259
476 2.305738687515259
477 2.2958507537841797
478 2.2984325885772705
479 2.298614263534546
480 2.298614263534546
481 2.294304609298706
482 2.3063721656799316
483 2.3046953678131104
484 2.3046953678131104
485 2.3046953678131104
486 2.3013265132904053
487 2.3039159774780273
488 2.310133695602417
489 2.310133695602417
490 2.295647144317627
491 2.2965879440307617
492 2.302722692489624
493 2.2921364307403564
494 2.2997374534606934
495 2.297410011291504
496 2.29630184173584
497 2.29630184173584
498 2.3000144958496094
499 2.301780939102173
500 2.301780939102173
501 2.301780939102173
502 2.292325496673584
503 2.3050622940063477
504 2.3050622940063477
505 2.3050622940063477
506 2.299248695373535
507 2.2975215911865234
508 2.2956323623657227
509 2.3029017448425293
510 2.297926902770996
511 2.301358699798584
512 2.307209014892578
513 2.307209014892578
514 2.3012750148773193
515 2.3000829219818115
516 2.297177791595459
517 2.3069286346435547
518 2.2942135334014893
519 2.296692132949829
520 2.296692132949829
521 2.2988016605377197
522 2.3031439781188965
523 2.3031439781188965
524 2.3038477897644043
525 2.3038477897644043
526 2.3021225929260254
527 2.3021225929260254
528 2.3021225929260254
529 2.3021225929260254
530 2.293287754058838
531 2.293287754058838
532 2.298229932785034
533 2.294430732727051
534 2.30426287651062
535 2.2956745624542236
536 2.2956745624542236
537 2.2946698665618896
538 2.3000245094299316
539 2.3000245094299316
540 2.30313777923584
541 2.3048806190490723
542 2.302438259124756
543 2.302438259124756
544 2.2950682640075684
545 2.3004343509674072
546 2.30155873298645
547 2.300612211227417
548 2.3039193153381348
549 2.287172794342041
550 2.297024965286255
551 2.297024965286255
552 2.3040988445281982
553 2.2931008338928223
554 2.2985427379608154
555 2.2995412349700928
556 2.292487382888794
557 2.3064727783203125
558 2.3064727783203125
559 2.2886130809783936
560 2.2987871170043945
561 2.2985057830810547
562 2.2945199012756348
563 2.2945199012756348
564 2.3010988235473633
565 2.3010988235473633
566 2.2949326038360596
567 2.2949326038360596
568 2.293729543685913
569 2.293729543685913
570 2.3000760078430176
571 2.3000760078430176
572 2.3000760078430176
573 2.298576593399048
574 2.298576593399048
575 2.302676200866699
576 2.302676200866699
577 2.30281662940979
578 2.2932281494140625
579 2.2868494987487793
580 2.2937371730804443
581 2.30161452293396
582 2.3033828735351562
583 2.3033828735351562
584 2.309346914291382
585 2.309346914291382
586 2.309346914291382
587 2.2993297576904297
588 2.2904229164123535
589 2.3005752563476562
590 2.3005752563476562
591 2.3005752563476562
592 2.2963333129882812
593 2.2963333129882812
594 2.2993671894073486
595 2.302727222442627
596 2.293511152267456
597 2.302436351776123
598 2.2964634895324707
599 2.302459478378296
600 2.295236587524414
601 2.2993359565734863
602 2.288879871368408
603 2.2973809242248535
604 2.3018274307250977
605 2.3018274307250977
606 2.2981600761413574
607 2.2940800189971924
608 2.3046202659606934
609 2.3046202659606934
610 2.303856372833252
611 2.2962915897369385
612 2.2962915897369385
613 2.2894272804260254
614 2.2894272804260254
615 2.2894272804260254
616 2.3040361404418945
617 2.2961204051971436
618 2.2961204051971436
619 2.3018510341644287
620 2.305795431137085
621 2.305795431137085
622 2.2970712184906006
623 2.3029112815856934
624 2.3007211685180664
625 2.2857518196105957
626 2.308807849884033
627 2.308807849884033
628 2.2945475578308105
629 2.2945475578308105
630 2.2898497581481934
631 2.2959163188934326
632 2.2959163188934326
633 2.2959163188934326
634 2.292987108230591
635 2.292797803878784
636 2.2928173542022705
637 2.305856943130493
638 2.305856943130493
639 2.299440860748291
640 2.299440860748291
641 2.299440860748291
642 2.299440860748291
643 2.2991745471954346
644 2.292997360229492
645 2.292513608932495
646 2.292513608932495
647 2.292513608932495
648 2.2944588661193848
649 2.297794818878174
650 2.3086328506469727
651 2.3046042919158936
652 2.2889018058776855
653 2.292693614959717
654 2.299520254135132
655 2.288831949234009
656 2.2976033687591553
657 2.3027074337005615
658 2.301927089691162
659 2.294074535369873
660 2.289470672607422
661 2.3000917434692383
662 2.2950148582458496
663 2.307161808013916
664 2.299203872680664
665 2.289266586303711
666 2.2993364334106445
667 2.2929399013519287
668 2.295175552368164
669 2.295175552368164
670 2.3093419075012207
671 2.3023812770843506
672 2.3014204502105713
673 2.3014204502105713
674 2.3020248413085938
675 2.3020248413085938
676 2.2858309745788574
677 2.3003883361816406
678 2.2929928302764893
679 2.303849220275879
680 2.303849220275879
681 2.303849220275879
682 2.2961208820343018
683 2.305922031402588
684 2.305922031402588
685 2.3061177730560303
686 2.3052735328674316
687 2.3108468055725098
688 2.289454460144043
689 2.2985639572143555
690 2.298197031021118
691 2.301114320755005
692 2.306225299835205
693 2.297863721847534
694 2.2876248359680176
695 2.294527769088745
696 2.305609941482544
697 2.305609941482544
698 2.305609941482544
699 2.291106939315796
700 2.291106939315796
701 2.291043281555176
702 2.291043281555176
703 2.2974729537963867
704 2.2940585613250732
705 2.3109853267669678
706 2.297895669937134
707 2.3029067516326904
708 2.3075809478759766
709 2.2953035831451416
710 2.2913923263549805
711 2.2913923263549805
712 2.2958571910858154
713 2.302910566329956
714 2.302910566329956
715 2.302910566329956
716 2.292820453643799
717 2.2941770553588867
718 2.2941770553588867
719 2.2998950481414795
720 2.2921886444091797
721 2.301093578338623
722 2.2933990955352783
723 2.3023481369018555
724 2.3013854026794434
725 2.3111464977264404
726 2.3111464977264404
727 2.293961763381958
728 2.2892696857452393
729 2.2892696857452393
730 2.299175977706909
731 2.299398899078369
732 2.3027069568634033
733 2.29776668548584
734 2.3089053630828857
735 2.300123929977417
736 2.294363260269165
737 2.296860694885254
738 2.296562433242798
739 2.296562433242798
740 2.3005762100219727
741 2.3085546493530273
742 2.3001933097839355
743 2.3001933097839355
744 2.2968289852142334
745 2.3099372386932373
746 2.2897989749908447
747 2.3040528297424316
748 2.297914981842041
749 2.2836623191833496
750 2.2836623191833496
751 2.2836623191833496
752 2.2836623191833496
753 2.2947096824645996
754 2.302459239959717
755 2.302459239959717
756 2.296069383621216
757 2.296069383621216
758 2.3005170822143555
759 2.303537130355835
760 2.2995765209198
761 2.2960963249206543
762 2.314087390899658
763 2.314087390899658
764 2.292583465576172
765 2.3112521171569824
766 2.3112521171569824
767 2.303072214126587
768 2.3029589653015137
769 2.2945752143859863
770 2.2958803176879883
771 2.2958803176879883
772 2.2958803176879883
773 2.300931930541992
774 2.300931930541992
775 2.2878236770629883
776 2.2878236770629883
777 2.2976818084716797
778 2.2976818084716797
779 2.2976818084716797
780 2.2931718826293945
781 2.291809320449829
782 2.2984654903411865
783 2.2984654903411865
784 2.3041129112243652
785 2.3019986152648926
786 2.3019986152648926
787 2.294956684112549
788 2.3065671920776367
789 2.298988103866577
790 2.298988103866577
791 2.298988103866577
792 2.298988103866577
793 2.2969589233398438
794 2.292412519454956
795 2.2902631759643555
796 2.2992708683013916
797 2.2992708683013916
798 2.3015875816345215
799 2.3015875816345215
800 2.3015875816345215
801 2.3015875816345215
802 2.290400266647339
803 2.298307180404663
804 2.298307180404663
805 2.2939155101776123
806 2.301971197128296
807 2.2889883518218994
808 2.3058533668518066
809 2.3058533668518066
810 2.3021092414855957
811 2.2872722148895264
812 2.2971725463867188
813 2.2923717498779297
814 2.285461664199829
815 2.285461664199829
816 2.298024892807007
817 2.3031368255615234
818 2.2900569438934326
819 2.2900569438934326
820 2.2900569438934326
821 2.2900569438934326
822 2.2940378189086914
823 2.290931224822998
824 2.2981700897216797
825 2.2983970642089844
826 2.2933998107910156
827 2.2982630729675293
828 2.2917001247406006
829 2.2987306118011475
830 2.2987306118011475
831 2.302757501602173
832 2.302757501602173
833 2.302757501602173
834 2.2949132919311523
835 2.2914836406707764
836 2.298346519470215
837 2.2918896675109863
838 2.2918896675109863
839 2.306927442550659
840 2.293853998184204
841 2.298631429672241
842 2.2895443439483643
843 2.2895443439483643
844 2.2937469482421875
845 2.30031156539917
846 2.2928619384765625
847 2.295736789703369
848 2.290543794631958
849 2.302920341491699
850 2.2922964096069336
851 2.298072576522827
852 2.298072576522827
853 2.301751136779785
854 2.304800033569336
855 2.3055334091186523
856 2.3055334091186523
857 2.2889013290405273
858 2.2889013290405273
859 2.293978214263916
860 2.29429030418396
861 2.29429030418396
862 2.30732798576355
863 2.2837114334106445
864 2.2983450889587402
865 2.2983450889587402
866 2.301311731338501
867 2.301311731338501
868 2.301311731338501
869 2.2977077960968018
870 2.295039415359497
871 2.295039415359497
872 2.2912702560424805
873 2.2912702560424805
874 2.288588523864746
875 2.288588523864746
876 2.288588523864746
877 2.2945337295532227
878 2.291008710861206
879 2.3085601329803467
880 2.3085601329803467
881 2.2914164066314697
882 2.2914164066314697
883 2.2985610961914062
884 2.295649290084839
885 2.292722225189209
886 2.292722225189209
887 2.292722225189209
888 2.301299571990967
889 2.2984251976013184
890 2.2984251976013184
891 2.3016836643218994
892 2.3016836643218994
893 2.3016836643218994
894 2.2981512546539307
895 2.2943241596221924
896 2.2922370433807373
897 2.3055665493011475
898 2.2903037071228027
899 2.2903037071228027
900 2.2938175201416016
901 2.2938175201416016
902 2.2965898513793945
903 2.3002231121063232
904 2.2864766120910645
905 2.296807050704956
906 2.3044192790985107
907 2.288717269897461
908 2.288717269897461
909 2.288717269897461
910 2.2870545387268066
911 2.3074581623077393
912 2.2945401668548584
913 2.2973785400390625
914 2.2903425693511963
915 2.2964928150177
916 2.28828763961792
917 2.28828763961792
918 2.292151689529419
919 2.3036766052246094
920 2.301422357559204
921 2.287015914916992
922 2.3006067276000977
923 2.2949163913726807
924 2.2949163913726807
925 2.2949163913726807
926 2.2949163913726807
927 2.310842990875244
928 2.310842990875244
929 2.310842990875244
930 2.292747735977173
931 2.3040030002593994
932 2.309642791748047
933 2.303340196609497
934 2.2896568775177
935 2.290884017944336
936 2.284041404724121
937 2.2896993160247803
938 2.2896993160247803
939 2.285165309906006
940 2.296720504760742
941 2.297628879547119
942 2.295853614807129
943 2.295853614807129
944 2.295853614807129
945 2.294844627380371
946 2.2950568199157715
947 2.297255754470825
948 2.301586627960205
949 2.2893624305725098
950 2.2893624305725098
951 2.297238349914551
952 2.2963321208953857
953 2.287994384765625
954 2.289409637451172
955 2.304842472076416
956 2.3011209964752197
957 2.2912509441375732
958 2.2912509441375732
959 2.3021621704101562
960 2.3021621704101562
961 2.3021621704101562
962 2.2756192684173584
963 2.2756192684173584
964 2.2756192684173584
965 2.292499303817749
966 2.292499303817749
967 2.292499303817749
968 2.2908079624176025
969 2.294346332550049
970 2.3022711277008057
971 2.2836451530456543
972 2.2877426147460938
973 2.298142433166504
974 2.298142433166504
975 2.2973718643188477
976 2.294825315475464
977 2.294825315475464
978 2.294825315475464
979 2.3043346405029297
980 2.295917510986328
981 2.295917510986328
982 2.3011133670806885
983 2.3011133670806885
984 2.3011133670806885
985 2.302372932434082
986 2.302372932434082
987 2.2893552780151367
988 2.2893552780151367
989 2.2893552780151367
990 2.282550573348999
991 2.2967331409454346
992 2.2967331409454346
993 2.2962992191314697
994 2.2962992191314697
995 2.286188840866089
996 2.286188840866089
997 2.286188840866089
998 2.289417028427124
999 2.289417028427124
1000 2.289417028427124
1001 2.2994778156280518
1002 2.297823905944824
1003 2.2908992767333984
1004 2.303546190261841
1005 2.295718193054199
1006 2.2908968925476074
1007 2.2953438758850098
1008 2.2953438758850098
1009 2.294677495956421
1010 2.2994024753570557
1011 2.299027442932129
1012 2.299027442932129
1013 2.2973647117614746
1014 2.2870965003967285
1015 2.2870965003967285
1016 2.2880570888519287
1017 2.2889060974121094
1018 2.2941741943359375
1019 2.2779605388641357
1020 2.2779605388641357
1021 2.2779605388641357
1022 2.2820518016815186
1023 2.287599802017212
1024 2.287599802017212
1025 2.281470537185669
1026 2.2840123176574707
1027 2.2984015941619873
1028 2.2960760593414307
1029 2.287388563156128
1030 2.300086736679077
1031 2.288954257965088
1032 2.288954257965088
1033 2.2960212230682373
1034 2.2960212230682373
1035 2.2864139080047607
1036 2.280660390853882
1037 2.280660390853882
1038 2.2890870571136475
1039 2.2890870571136475
1040 2.2945873737335205
1041 2.2945873737335205
1042 2.289091110229492
1043 2.289091110229492
1044 2.295213222503662
1045 2.2942261695861816
1046 2.2942261695861816
1047 2.287540912628174
1048 2.287540912628174
1049 2.287540912628174
1050 2.28407621383667
1051 2.278942584991455
1052 2.278942584991455
1053 2.2884485721588135
1054 2.2884485721588135
1055 2.2884485721588135
1056 2.292752981185913
1057 2.292752981185913
1058 2.292752981185913
1059 2.2860565185546875
1060 2.2890496253967285
1061 2.2828502655029297
1062 2.2828502655029297
1063 2.2828502655029297
1064 2.2828502655029297
1065 2.294764757156372
1066 2.294764757156372
1067 2.2889370918273926
1068 2.2889370918273926
1069 2.2889370918273926
1070 2.287233352661133
1071 2.288522481918335
1072 2.2978060245513916
1073 2.280212879180908
1074 2.280212879180908
1075 2.279074192047119
1076 2.279074192047119
1077 2.2943403720855713
1078 2.294295310974121
1079 2.283108949661255
1080 2.2885398864746094
1081 2.3087759017944336
1082 2.298433303833008
1083 2.2854855060577393
1084 2.2838401794433594
1085 2.2838401794433594
1086 2.2838401794433594
1087 2.299891948699951
1088 2.2953603267669678
1089 2.2953603267669678
1090 2.2992184162139893
1091 2.2953977584838867
1092 2.292236566543579
1093 2.292236566543579
1094 2.284932851791382
1095 2.288268566131592
1096 2.2823116779327393
1097 2.2823116779327393
1098 2.2837975025177
1099 2.2837975025177
1100 2.295750856399536
1101 2.2896482944488525
1102 2.2958743572235107
1103 2.2958743572235107
1104 2.2938218116760254
1105 2.2852888107299805
1106 2.284404993057251
1107 2.3045854568481445
1108 2.293090343475342
1109 2.2909040451049805
1110 2.279536247253418
1111 2.2923710346221924
1112 2.2923710346221924
1113 2.281019926071167
1114 2.2838568687438965
1115 2.2932581901550293
1116 2.2896580696105957
1117 2.2896580696105957
1118 2.2896580696105957
1119 2.289822816848755
1120 2.2833313941955566
1121 2.2834126949310303
1122 2.2912282943725586
1123 2.280587673187256
1124 2.288877487182617
1125 2.289583206176758
1126 2.2769522666931152
1127 2.2769522666931152
1128 2.2769522666931152
1129 2.2769522666931152
1130 2.279590368270874
1131 2.2875473499298096
1132 2.3050248622894287
1133 2.3050248622894287
1134 2.298412799835205
1135 2.285541534423828
1136 2.2975575923919678
1137 2.2975575923919678
1138 2.286208152770996
1139 2.2913498878479004
1140 2.2971906661987305
1141 2.293301582336426
1142 2.293301582336426
1143 2.293301582336426
1144 2.286311626434326
1145 2.2759718894958496
1146 2.2926290035247803
1147 2.289724826812744
1148 2.287194013595581
1149 2.2925007343292236
1150 2.2867157459259033
1151 2.2867157459259033
1152 2.2879908084869385
1153 2.2879908084869385
1154 2.281020402908325
1155 2.2759547233581543
1156 2.2759547233581543
1157 2.27698016166687
1158 2.27698016166687
1159 2.3036224842071533
1160 2.2903342247009277
1161 2.293064832687378
1162 2.293064832687378
1163 2.282414436340332
1164 2.2985777854919434
1165 2.2826735973358154
1166 2.276296854019165
1167 2.2849740982055664
1168 2.284950017929077
1169 2.284950017929077
1170 2.293290853500366
1171 2.2950785160064697
1172 2.2950785160064697
1173 2.2976176738739014
1174 2.2871198654174805
1175 2.2972826957702637
1176 2.2972826957702637
1177 2.288008689880371
1178 2.288008689880371
1179 2.2862372398376465
1180 2.2862372398376465
1181 2.294675350189209
1182 2.28585147857666
1183 2.2960588932037354
1184 2.30045223236084
1185 2.30045223236084
1186 2.30045223236084
1187 2.2930047512054443
1188 2.2961010932922363
1189 2.2720375061035156
1190 2.288163185119629
1191 2.294062614440918
1192 2.294062614440918
1193 2.283789873123169
1194 2.291250705718994
1195 2.274549722671509
1196 2.2814114093780518
1197 2.292208194732666
1198 2.285813570022583
1199 2.276557445526123
1200 2.2759792804718018
1201 2.2759792804718018
1202 2.287865400314331
1203 2.287865400314331
1204 2.286975860595703
1205 2.282207489013672
1206 2.282207489013672
1207 2.282207489013672
1208 2.2883386611938477
1209 2.291855573654175
1210 2.29546856880188
1211 2.2790558338165283
1212 2.2966361045837402
1213 2.2966361045837402
1214 2.2966361045837402
1215 2.2966361045837402
1216 2.2909698486328125
1217 2.273317337036133
1218 2.290649890899658
1219 2.2940969467163086
1220 2.2940969467163086
1221 2.2940969467163086
1222 2.2803826332092285
1223 2.2803826332092285
1224 2.2803826332092285
1225 2.2803826332092285
1226 2.2942862510681152
1227 2.2818539142608643
1228 2.2899556159973145
1229 2.2899556159973145
1230 2.2929298877716064
1231 2.2857871055603027
1232 2.2914328575134277
1233 2.2785205841064453
1234 2.2779905796051025
1235 2.2905426025390625
1236 2.2890121936798096
1237 2.297565460205078
1238 2.2804160118103027
1239 2.279463052749634
1240 2.279463052749634
1241 2.279463052749634
1242 2.279463052749634
1243 2.290743112564087
1244 2.275113821029663
1245 2.275113821029663
1246 2.2872982025146484
1247 2.2782297134399414
1248 2.2782297134399414
1249 2.290431022644043
1250 2.2855942249298096
1251 2.3003363609313965
1252 2.293687105178833
1253 2.287956476211548
1254 2.2800700664520264
1255 2.2925548553466797
1256 2.2925548553466797
1257 2.2925548553466797
1258 2.281360387802124
1259 2.2882025241851807
1260 2.2882025241851807
1261 2.287968873977661
1262 2.2853527069091797
1263 2.2864327430725098
1264 2.2864327430725098
1265 2.2864327430725098
1266 2.2856369018554688
1267 2.2856369018554688
1268 2.279236316680908
1269 2.2935192584991455
1270 2.2858147621154785
1271 2.268815040588379
1272 2.268815040588379
1273 2.268815040588379
1274 2.268815040588379
1275 2.2940447330474854
1276 2.2811524868011475
1277 2.299264907836914
1278 2.28057861328125
1279 2.2747249603271484
1280 2.2909202575683594
1281 2.2909202575683594
1282 2.2824716567993164
1283 2.2824716567993164
1284 2.2824716567993164
1285 2.2824716567993164
1286 2.2757601737976074
1287 2.2730751037597656
1288 2.290620803833008
1289 2.290620803833008
1290 2.278167486190796
1291 2.2853190898895264
1292 2.284395456314087
1293 2.2689778804779053
1294 2.2995009422302246
1295 2.2885355949401855
1296 2.2885355949401855
1297 2.2688040733337402
1298 2.2919821739196777
1299 2.3013429641723633
1300 2.3013429641723633
1301 2.2849833965301514
1302 2.2849833965301514
1303 2.27878737449646
1304 2.27878737449646
1305 2.27878737449646
1306 2.2571496963500977
1307 2.280672788619995
1308 2.2841835021972656
1309 2.265721559524536
1310 2.2863292694091797
1311 2.2863292694091797
1312 2.2990963459014893
1313 2.2990963459014893
1314 2.2897448539733887
1315 2.284526824951172
1316 2.284526824951172
1317 2.284526824951172
1318 2.2786638736724854
1319 2.2686309814453125
1320 2.290200710296631
1321 2.2860782146453857
1322 2.279278516769409
1323 2.261134147644043
1324 2.2718241214752197
1325 2.289565086364746
1326 2.278381109237671
1327 2.2686963081359863
1328 2.2686963081359863
1329 2.2691540718078613
1330 2.2691540718078613
1331 2.26369047164917
1332 2.301957368850708
1333 2.301957368850708
1334 2.301957368850708
1335 2.301957368850708
1336 2.276689052581787
1337 2.284044027328491
1338 2.275794506072998
1339 2.2731404304504395
1340 2.2793211936950684
1341 2.2703347206115723
1342 2.287917375564575
1343 2.287917375564575
1344 2.2675812244415283
1345 2.2916338443756104
1346 2.2726047039031982
1347 2.2752952575683594
1348 2.291487216949463
1349 2.291487216949463
1350 2.2698380947113037
1351 2.279831647872925
1352 2.279831647872925
1353 2.273677110671997
1354 2.273677110671997
1355 2.273677110671997
1356 2.2772889137268066
1357 2.2580907344818115
1358 2.285525321960449
1359 2.272310495376587
1360 2.272310495376587
1361 2.272310495376587
1362 2.2713749408721924
1363 2.2713749408721924
1364 2.281738042831421
1365 2.281738042831421
1366 2.281738042831421
1367 2.281738042831421
1368 2.2635750770568848
1369 2.2635750770568848
1370 2.267282724380493
1371 2.291558027267456
1372 2.2842183113098145
1373 2.2646336555480957
1374 2.2452471256256104
1375 2.2738406658172607
1376 2.2750720977783203
1377 2.276494026184082
1378 2.276494026184082
1379 2.2823381423950195
1380 2.2823381423950195
1381 2.2669074535369873
1382 2.2915334701538086
1383 2.2915334701538086
1384 2.254760265350342
1385 2.2725582122802734
1386 2.28414249420166
1387 2.28414249420166
1388 2.28414249420166
1389 2.2756597995758057
1390 2.257553815841675
1391 2.268872022628784
1392 2.268872022628784
1393 2.279994487762451
1394 2.266094446182251
1395 2.266094446182251
1396 2.2529358863830566
1397 2.263582468032837
1398 2.270456314086914
1399 2.26566219329834
1400 2.2669320106506348
1401 2.2481865882873535
1402 2.287109375
1403 2.2605972290039062
1404 2.2605972290039062
1405 2.2530999183654785
1406 2.2530999183654785
1407 2.2530999183654785
1408 2.2566275596618652
1409 2.270439624786377
1410 2.273207664489746
1411 2.2756009101867676
1412 2.2756009101867676
1413 2.2756009101867676
1414 2.259551525115967
1415 2.2927398681640625
1416 2.275912046432495
1417 2.275912046432495
1418 2.266141891479492
1419 2.263077735900879
1420 2.263077735900879
1421 2.2688796520233154
1422 2.2688796520233154
1423 2.2717018127441406
1424 2.2717018127441406
1425 2.2446157932281494
1426 2.2742974758148193
1427 2.273766279220581
1428 2.273766279220581
1429 2.273766279220581
1430 2.265270948410034
1431 2.265270948410034
1432 2.2628588676452637
1433 2.276684045791626
1434 2.241555690765381
1435 2.249180316925049
1436 2.2691421508789062
1437 2.277745008468628
1438 2.2647366523742676
1439 2.274791955947876
1440 2.274791955947876
1441 2.274791955947876
1442 2.274791955947876
1443 2.2746083736419678
1444 2.2509782314300537
1445 2.2751851081848145
1446 2.256216287612915
1447 2.253005027770996
1448 2.2377848625183105
1449 2.2506322860717773
1450 2.2506322860717773
1451 2.258167266845703
1452 2.2496979236602783
1453 2.244724750518799
1454 2.255535125732422
1455 2.2764482498168945
1456 2.2764482498168945
1457 2.264188051223755
1458 2.264188051223755
1459 2.2596330642700195
1460 2.264054775238037
1461 2.227715492248535
1462 2.2703075408935547
1463 2.2703075408935547
1464 2.2555184364318848
1465 2.2573463916778564
1466 2.2496249675750732
1467 2.25058650970459
1468 2.278106212615967
1469 2.278106212615967
1470 2.2471213340759277
1471 2.2248287200927734
1472 2.25923752784729
1473 2.2483625411987305
1474 2.233421802520752
1475 2.233421802520752
1476 2.233421802520752
1477 2.268733263015747
1478 2.2567620277404785
1479 2.236224412918091
1480 2.236224412918091
1481 2.2375011444091797
1482 2.273742914199829
1483 2.2563858032226562
1484 2.275740146636963
1485 2.2499642372131348
1486 2.273756504058838
1487 2.243669271469116
1488 2.243669271469116
1489 2.2486205101013184
1490 2.2417376041412354
1491 2.2767248153686523
1492 2.2655844688415527
1493 2.246612310409546
1494 2.259169101715088
1495 2.243220090866089
1496 2.243220090866089
1497 2.2641441822052
1498 2.2641441822052
1499 2.257883310317993
