0 0.0
1 2.301568031311035
2 2.3016018867492676
3 2.304042339324951
4 2.304042339324951
5 2.3006863594055176
6 2.299424648284912
7 2.299424648284912
8 2.299424648284912
9 2.3076846599578857
10 2.299687385559082
11 2.302973508834839
12 2.3098294734954834
13 2.3028738498687744
14 2.299344301223755
15 2.3072943687438965
16 2.3023593425750732
17 2.30478835105896
18 2.303299903869629
19 2.300554037094116
20 2.304161787033081
21 2.3020992279052734
22 2.3013250827789307
23 2.3007748126983643
24 2.2954611778259277
25 2.2954611778259277
26 2.3067023754119873
27 2.3067023754119873
28 2.3015780448913574
29 2.2990896701812744
30 2.300809144973755
31 2.3007125854492188
32 2.3042261600494385
33 2.3042261600494385
34 2.3001410961151123
35 2.3001410961151123
36 2.300178050994873
37 2.297450065612793
38 2.2995669841766357
39 2.2995669841766357
40 2.3034677505493164
41 2.3026657104492188
42 2.297234535217285
43 2.297234535217285
44 2.29776930809021
45 2.29776930809021
46 2.3016068935394287
47 2.3065221309661865
48 2.3048248291015625
49 2.3048248291015625
50 2.308934450149536
51 2.3035404682159424
52 2.3034703731536865
53 2.3034703731536865
54 2.3034703731536865
55 2.2959535121917725
56 2.2959535121917725
57 2.2959535121917725
58 2.304614305496216
59 2.304614305496216
60 2.3023223876953125
61 2.3008947372436523
62 2.3008947372436523
63 2.309894561767578
64 2.309894561767578
65 2.3035528659820557
66 2.2977609634399414
67 2.2977609634399414
68 2.2977609634399414
69 2.301046133041382
70 2.299959659576416
71 2.308335542678833
72 2.308335542678833
73 2.308335542678833
74 2.300835609436035
75 2.300835609436035
76 2.3016796112060547
77 2.3088338375091553
78 2.3006179332733154
79 2.3006179332733154
80 2.3000030517578125
81 2.3000030517578125
82 2.3000030517578125
83 2.306652307510376
84 2.306652307510376
85 2.306652307510376
86 2.29868745803833
87 2.302431583404541
88 2.300100088119507
89 2.304814100265503
90 2.2997355461120605
91 2.300541400909424
92 2.307321310043335
93 2.3025095462799072
94 2.3039779663085938
95 2.3030242919921875
96 2.3065061569213867
97 2.3065061569213867
98 2.3065061569213867
99 2.3065061569213867
100 2.30063533782959
101 2.296168088912964
102 2.307565689086914
103 2.307565689086914
104 2.303929328918457
105 2.3051397800445557
106 2.3051397800445557
107 2.3051397800445557
108 2.304185152053833
109 2.29909086227417
110 2.3057241439819336
111 2.3012897968292236
112 2.3012897968292236
113 2.3097310066223145
114 2.3046157360076904
115 2.3046157360076904
116 2.3022193908691406
117 2.304034471511841
118 2.298119068145752
119 2.296666145324707
120 2.300705909729004
121 2.305075168609619
122 2.3024418354034424
123 2.309903383255005
124 2.3053512573242188
125 2.301210880279541
126 2.301210880279541
127 2.3029448986053467
128 2.3029448986053467
129 2.293560743331909
130 2.301001787185669
131 2.298386573791504
132 2.298386573791504
133 2.2990853786468506
134 2.306851863861084
135 2.307945489883423
136 2.307945489883423
137 2.3001649379730225
138 2.3001649379730225
139 2.2995214462280273
140 2.2998604774475098
141 2.3088276386260986
142 2.3031325340270996
143 2.301480293273926
144 2.301480293273926
145 2.301480293273926
146 2.3023431301116943
147 2.3023431301116943
148 2.302880048751831
149 2.302880048751831
150 2.302880048751831
151 2.302677631378174
152 2.302306652069092
153 2.3023977279663086
154 2.2984561920166016
155 2.297544240951538
156 2.301621198654175
157 2.2991907596588135
158 2.298048973083496
159 2.299546241760254
160 2.299410104751587
161 2.299410104751587
162 2.3039391040802
163 2.3065481185913086
164 2.2990939617156982
165 2.297276020050049
166 2.297832489013672
167 2.30300235748291
168 2.300305128097534
169 2.309734344482422
170 2.3036770820617676
171 2.3036770820617676
172 2.3036770820617676
173 2.296330451965332
174 2.296330451965332
175 2.3020458221435547
176 2.3030502796173096
177 2.3030502796173096
178 2.3068478107452393
179 2.3068478107452393
180 2.309083938598633
181 2.3015356063842773
182 2.3015356063842773
183 2.310502290725708
184 2.310502290725708
185 2.3013815879821777
186 2.3053009510040283
187 2.3053009510040283
188 2.298877239227295
189 2.297279119491577
190 2.2987236976623535
191 2.301406145095825
192 2.2935099601745605
193 2.2935099601745605
194 2.2952306270599365
195 2.2952306270599365
196 2.303959608078003
197 2.3055522441864014
198 2.3055522441864014
199 2.3046863079071045
200 2.2955803871154785
201 2.2955803871154785
202 2.299391984939575
203 2.3010151386260986
204 2.299121141433716
205 2.305445671081543
206 2.30661678314209
207 2.303762435913086
208 2.3016116619110107
209 2.3045339584350586
210 2.3045339584350586
211 2.3039071559906006
212 2.3039071559906006
213 2.311396598815918
214 2.311396598815918
215 2.311396598815918
216 2.311396598815918
217 2.3008148670196533
218 2.3008148670196533
219 2.29593563079834
220 2.29593563079834
221 2.29593563079834
222 2.3001298904418945
223 2.3001298904418945
224 2.3044426441192627
225 2.3004300594329834
226 2.3048856258392334
227 2.3048856258392334
228 2.2954652309417725
229 2.2954652309417725
230 2.3017489910125732
231 2.297792911529541
232 2.297792911529541
233 2.297792911529541
234 2.3028929233551025
235 2.3031790256500244
236 2.3060522079467773
237 2.3010663986206055
238 2.3078856468200684
239 2.3060951232910156
240 2.299213171005249
241 2.2987682819366455
242 2.306381940841675
243 2.298114776611328
244 2.298114776611328
245 2.298114776611328
246 2.3124964237213135
247 2.3124964237213135
248 2.294005870819092
249 2.294005870819092
250 2.2973380088806152
251 2.29532527923584
252 2.294497013092041
253 2.300745964050293
254 2.301333427429199
255 2.301333427429199
256 2.297823667526245
257 2.3078746795654297
258 2.3012118339538574
259 2.3014209270477295
260 2.309727430343628
261 2.2994093894958496
262 2.2994093894958496
263 2.3017358779907227
264 2.30688738822937
265 2.2978157997131348
266 2.2978157997131348
267 2.3055343627929688
268 2.3055343627929688
269 2.3055343627929688
270 2.3081581592559814
271 2.3081581592559814
272 2.291341781616211
273 2.302588701248169
274 2.3095011711120605
275 2.303452968597412
276 2.302553415298462
277 2.301990509033203
278 2.297173500061035
279 2.2944772243499756
280 2.2964348793029785
281 2.303915500640869
282 2.3028147220611572
283 2.2994301319122314
284 2.3030803203582764
285 2.2942922115325928
286 2.2942922115325928
287 2.3025355339050293
288 2.3025355339050293
289 2.3108315467834473
290 2.2965292930603027
291 2.302706718444824
292 2.302706718444824
293 2.3069047927856445
294 2.294881820678711
295 2.294881820678711
296 2.3043465614318848
297 2.307631015777588
298 2.307631015777588
299 2.307631015777588
300 2.307631015777588
301 2.307631015777588
302 2.2983667850494385
303 2.2989161014556885
304 2.2986607551574707
305 2.3036558628082275
306 2.2960710525512695
307 2.2965164184570312
308 2.2929582595825195
309 2.3048887252807617
310 2.3048887252807617
311 2.2964162826538086
312 2.3046343326568604
313 2.295484781265259
314 2.299002170562744
315 2.299002170562744
316 2.3055264949798584
317 2.3055264949798584
318 2.298851728439331
319 2.3034121990203857
320 2.3034121990203857
321 2.3034121990203857
322 2.306438446044922
323 2.2986650466918945
324 2.2986650466918945
325 2.3000056743621826
326 2.3000056743621826
327 2.3083064556121826
328 2.299748182296753
329 2.301438331604004
330 2.301438331604004
331 2.301438331604004
332 2.302443265914917
333 2.305039167404175
334 2.305039167404175
335 2.308170795440674
336 2.292524814605713
337 2.3009989261627197
338 2.3055851459503174
339 2.2974398136138916
340 2.29337215423584
341 2.3008484840393066
342 2.2987852096557617
343 2.295670986175537
344 2.300846576690674
345 2.2987213134765625
346 2.2975480556488037
347 2.304673671722412
348 2.3011083602905273
349 2.30741548538208
350 2.307162284851074
351 2.307162284851074
352 2.2946574687957764
353 2.2946574687957764
354 2.2946574687957764
355 2.29996919631958
356 2.29996919631958
357 2.306384801864624
358 2.300001859664917
359 2.3030197620391846
360 2.3030197620391846
361 2.3060731887817383
362 2.297900438308716
363 2.303840160369873
364 2.303840160369873
365 2.2909646034240723
366 2.304145574569702
367 2.3003361225128174
368 2.3046913146972656
369 2.298182725906372
370 2.298433780670166
371 2.298433780670166
372 2.298433780670166
373 2.294949531555176
374 2.297487258911133
375 2.298588991165161
376 2.298588991165161
377 2.295299530029297
378 2.300855875015259
379 2.300855875015259
380 2.301269769668579
381 2.3015940189361572
382 2.3015940189361572
383 2.294802188873291
384 2.3040614128112793
385 2.304095983505249
386 2.3014259338378906
387 2.3095219135284424
388 2.3095219135284424
389 2.3005049228668213
390 2.3005049228668213
391 2.3005049228668213
392 2.3005049228668213
393 2.3006629943847656
394 2.3063833713531494
395 2.3063833713531494
396 2.3017306327819824
397 2.296551465988159
398 2.296551465988159
399 2.296551465988159
400 2.2939164638519287
401 2.3076014518737793
402 2.3076014518737793
403 2.30435848236084
404 2.3031203746795654
405 2.3015904426574707
406 2.3058509826660156
407 2.3010709285736084
408 2.3023266792297363
409 2.2993338108062744
410 2.2993338108062744
411 2.3091070652008057
412 2.3040409088134766
413 2.296867609024048
414 2.2934436798095703
415 2.295959949493408
416 2.295959949493408
417 2.3071727752685547
418 2.3071727752685547
419 2.305706739425659
420 2.3056933879852295
421 2.304905891418457
422 2.304905891418457
423 2.304905891418457
424 2.296032428741455
425 2.296032428741455
426 2.3010473251342773
427 2.2955217361450195
428 2.304196357727051
429 2.296018123626709
430 2.2995223999023438
431 2.302772045135498
432 2.2980146408081055
433 2.3030548095703125
434 2.3030548095703125
435 2.3030548095703125
436 2.3038201332092285
437 2.3038201332092285
438 2.298711061477661
439 2.295779228210449
440 2.304894208908081
441 2.304894208908081
442 2.300147294998169
443 2.3029537200927734
444 2.3073818683624268
445 2.294722318649292
446 2.294722318649292
447 2.293919801712036
448 2.303988218307495
449 2.303988218307495
450 2.2961068153381348
451 2.298309564590454
452 2.291297435760498
453 2.303518533706665
454 2.303903341293335
455 2.2961432933807373
456 2.2961432933807373
457 2.301168441772461
458 2.3087997436523438
459 2.3065266609191895
460 2.3069326877593994
461 2.3017332553863525
462 2.3017332553863525
463 2.2990636825561523
464 2.2962305545806885
465 2.2967565059661865
466 2.301426410675049
467 2.301426410675049
468 2.2973623275756836
469 2.3054182529449463
470 2.3105313777923584
471 2.3009018898010254
472 2.3009018898010254
473 2.300372838973999
474 2.300349473953247
475 2.30334734916687
476 2.30334734916687
477 2.2999062538146973
478 2.2999062538146973
479 2.3006582260131836
480 2.302964925765991
481 2.294510841369629
482 2.297093391418457
483 2.297093391418457
484 2.2929110527038574
485 2.296924591064453
486 2.2982938289642334
487 2.2982938289642334
488 2.2916176319122314
489 2.2989468574523926
490 2.2989468574523926
491 2.2989468574523926
492 2.293872356414795
493 2.29474139213562
494 2.30173921585083
495 2.2990033626556396
496 2.2990033626556396
497 2.3051998615264893
498 2.305863380432129
499 2.3000404834747314
500 2.2934560775756836
501 2.299513101577759
502 2.2917685508728027
503 2.2917685508728027
504 2.2917685508728027
505 2.2988476753234863
506 2.290722370147705
507 2.2893128395080566
508 2.2893128395080566
509 2.2976903915405273
510 2.2976903915405273
511 2.2976903915405273
512 2.2976903915405273
513 2.3070554733276367
514 2.3022043704986572
515 2.3022043704986572
516 2.292999029159546
517 2.3018555641174316
518 2.2945492267608643
519 2.2945492267608643
520 2.3030083179473877
521 2.3080029487609863
522 2.2965986728668213
523 2.2961690425872803
524 2.2961690425872803
525 2.299848794937134
526 2.299848794937134
527 2.299848794937134
528 2.2969424724578857
529 2.2969424724578857
530 2.3026211261749268
531 2.2978298664093018
532 2.301793098449707
533 2.308044672012329
534 2.308044672012329
535 2.296834707260132
536 2.2921175956726074
537 2.299227237701416
538 2.2958297729492188
539 2.3030245304107666
540 2.3030245304107666
541 2.294576406478882
542 2.294576406478882
543 2.306283712387085
544 2.293443441390991
545 2.293443441390991
546 2.3045036792755127
547 2.3045036792755127
548 2.2893824577331543
549 2.2893824577331543
550 2.2893824577331543
551 2.2893824577331543
552 2.2968573570251465
553 2.2981503009796143
554 2.2981503009796143
555 2.3093478679656982
556 2.3093478679656982
557 2.2934463024139404
558 2.293637275695801
559 2.3028924465179443
560 2.295238494873047
561 2.3006253242492676
562 2.304468870162964
563 2.3017852306365967
564 2.3017852306365967
565 2.3049960136413574
566 2.3049960136413574
567 2.2904739379882812
568 2.303823471069336
569 2.3107781410217285
570 2.3013916015625
571 2.2918343544006348
572 2.2964508533477783
573 2.2964508533477783
574 2.2994134426116943
575 2.2974185943603516
576 2.3014822006225586
577 2.3014822006225586
578 2.3014822006225586
579 2.3014822006225586
580 2.302039861679077
581 2.298241376876831
582 2.298241376876831
583 2.2962920665740967
584 2.3013687133789062
585 2.3017375469207764
586 2.296830415725708
587 2.2934935092926025
588 2.2934935092926025
589 2.3026187419891357
590 2.301510810852051
591 2.3068394660949707
592 2.3068394660949707
593 2.2963333129882812
594 2.303377151489258
595 2.303377151489258
596 2.303377151489258
597 2.303377151489258
598 2.3062291145324707
599 2.2933926582336426
600 2.2933926582336426
601 2.297590970993042
602 2.298248767852783
603 2.2917404174804688
604 2.293424129486084
605 2.293424129486084
606 2.2986347675323486
607 2.2986440658569336
608 2.2949135303497314
609 2.2949135303497314
610 2.2949135303497314
611 2.298949956893921
612 2.2923433780670166
613 2.2923433780670166
614 2.2965776920318604
615 2.297821521759033
616 2.297821521759033
617 2.291898488998413
618 2.3036580085754395
619 2.303628921508789
620 2.303628921508789
621 2.303628921508789
622 2.298215866088867
623 2.2990193367004395
624 2.294567823410034
625 2.296813488006592
626 2.3029606342315674
627 2.292585611343384
628 2.2935593128204346
629 2.2987818717956543
630 2.2987818717956543
631 2.2987818717956543
632 2.2987818717956543
633 2.2985448837280273
634 2.295624256134033
635 2.3128840923309326
636 2.3128840923309326
637 2.3128840923309326
638 2.3128840923309326
639 2.3022778034210205
640 2.3017704486846924
641 2.3017704486846924
642 2.293572187423706
643 2.293572187423706
644 2.3120107650756836
645 2.3120107650756836
646 2.304241180419922
647 2.304241180419922
648 2.304241180419922
649 2.304241180419922
650 2.29697322845459
651 2.29697322845459
652 2.2911624908447266
653 2.2955667972564697
654 2.2955667972564697
655 2.2886641025543213
656 2.294658899307251
657 2.294658899307251
658 2.294565200805664
659 2.297437906265259
660 2.296365976333618
661 2.2970571517944336
662 2.2970571517944336
663 2.288794755935669
664 2.288794755935669
665 2.2982866764068604
666 2.2990152835845947
667 2.2990152835845947
668 2.305148124694824
669 2.3055994510650635
670 2.2981603145599365
671 2.2981603145599365
672 2.3116543292999268
673 2.3002867698669434
674 2.29685378074646
675 2.30340576171875
676 2.2954840660095215
677 2.2954840660095215
678 2.3070623874664307
679 2.3070623874664307
680 2.302337646484375
681 2.2953402996063232
682 2.2953402996063232
683 2.306565284729004
684 2.292740821838379
685 2.3064029216766357
686 2.2917332649230957
687 2.2975032329559326
688 2.2988314628601074
689 2.302541732788086
690 2.307176113128662
691 2.2850449085235596
692 2.3075315952301025
693 2.3072702884674072
694 2.3072702884674072
695 2.30108380317688
696 2.3039236068725586
697 2.3039236068725586
698 2.3039236068725586
699 2.2980504035949707
700 2.2980504035949707
701 2.299452543258667
702 2.300424575805664
703 2.290626049041748
704 2.3006389141082764
705 2.294011354446411
706 2.2945504188537598
707 2.297240972518921
708 2.297240972518921
709 2.304441452026367
710 2.304097890853882
711 2.2955286502838135
712 2.298074722290039
713 2.291860342025757
714 2.3008861541748047
715 2.2968976497650146
716 2.2968976497650146
717 2.301219940185547
718 2.2961180210113525
719 2.302393913269043
720 2.3060669898986816
721 2.3016581535339355
722 2.296414613723755
723 2.3077359199523926
724 2.3077359199523926
725 2.3036699295043945
726 2.3036699295043945
727 2.3036699295043945
728 2.3036699295043945
729 2.3036699295043945
730 2.287111759185791
731 2.2862672805786133
732 2.2862672805786133
733 2.2862672805786133
734 2.2862672805786133
735 2.2896575927734375
736 2.2896575927734375
737 2.2896575927734375
738 2.2995691299438477
739 2.2894716262817383
740 2.2894716262817383
741 2.3147096633911133
742 2.3147096633911133
743 2.2919135093688965
744 2.2919135093688965
745 2.293217420578003
746 2.2972536087036133
747 2.2972536087036133
748 2.297088384628296
749 2.297088384628296
750 2.3019330501556396
751 2.2950539588928223
752 2.3027491569519043
753 2.296933889389038
754 2.2960522174835205
755 2.2947030067443848
756 2.3004698753356934
757 2.2913897037506104
758 2.292708396911621
759 2.296177864074707
760 2.290919542312622
761 2.29253888130188
762 2.290440559387207
763 2.291809320449829
764 2.3012948036193848
765 2.299325704574585
766 2.2880218029022217
767 2.303750991821289
768 2.2987990379333496
769 2.2987990379333496
770 2.2987990379333496
771 2.2987990379333496
772 2.2987990379333496
773 2.2987990379333496
774 2.2897045612335205
775 2.2897045612335205
776 2.2897045612335205
777 2.296295404434204
778 2.2897653579711914
779 2.301790475845337
780 2.288872480392456
781 2.288872480392456
782 2.3093626499176025
783 2.3093626499176025
784 2.3093626499176025
785 2.3093626499176025
786 2.3093626499176025
787 2.2857651710510254
788 2.2857651710510254
789 2.3044493198394775
790 2.2980427742004395
791 2.2964394092559814
792 2.307218313217163
793 2.2938923835754395
794 2.290027379989624
795 2.2892568111419678
796 2.2892568111419678
797 2.3019497394561768
798 2.3019497394561768
799 2.2940833568573
800 2.3012757301330566
801 2.2897868156433105
802 2.3104100227355957
803 2.290616989135742
804 2.2981085777282715
805 2.2981085777282715
806 2.3040928840637207
807 2.3010168075561523
808 2.2942562103271484
809 2.2985265254974365
810 2.2961764335632324
811 2.2961764335632324
812 2.3055031299591064
813 2.306338310241699
814 2.306338310241699
815 2.3007795810699463
816 2.2945353984832764
817 2.2945353984832764
818 2.299710273742676
819 2.2935729026794434
820 2.2935729026794434
821 2.2880778312683105
822 2.293217182159424
823 2.3076353073120117
824 2.3016586303710938
825 2.3016586303710938
826 2.293395519256592
827 2.293395519256592
828 2.3019893169403076
829 2.3019893169403076
830 2.295274496078491
831 2.2910614013671875
832 2.3009047508239746
833 2.2953994274139404
834 2.2953994274139404
835 2.2953994274139404
836 2.2953994274139404
837 2.300283908843994
838 2.2955963611602783
839 2.301095724105835
840 2.3062121868133545
841 2.3062121868133545
842 2.301384687423706
843 2.301384687423706
844 2.2898693084716797
845 2.297773838043213
846 2.298405885696411
847 2.3030002117156982
848 2.300018310546875
849 2.307687520980835
850 2.307687520980835
851 2.307687520980835
852 2.300342559814453
853 2.30163836479187
854 2.2985591888427734
855 2.2953524589538574
856 2.2947089672088623
857 2.2903409004211426
858 2.2984042167663574
859 2.2984042167663574
860 2.295926332473755
861 2.2998464107513428
862 2.2998464107513428
863 2.2998464107513428
864 2.2854413986206055
865 2.2854413986206055
866 2.30979061126709
867 2.294550895690918
868 2.294550895690918
869 2.294550895690918
870 2.2894153594970703
871 2.3053503036499023
872 2.299588680267334
873 2.2928409576416016
874 2.288691282272339
875 2.3040261268615723
876 2.3040261268615723
877 2.297316551208496
878 2.3041586875915527
879 2.2967398166656494
880 2.2967398166656494
881 2.2967398166656494
882 2.2967398166656494
883 2.2967398166656494
884 2.2967398166656494
885 2.2967398166656494
886 2.292102336883545
887 2.2980127334594727
888 2.2980127334594727
889 2.2943689823150635
890 2.2943689823150635
891 2.2954113483428955
892 2.2885842323303223
893 2.2852706909179688
894 2.2896385192871094
895 2.2842800617218018
896 2.2842800617218018
897 2.296910047531128
898 2.289339065551758
899 2.28879714012146
900 2.28879714012146
901 2.294076919555664
902 2.296738624572754
903 2.29496169090271
904 2.2997078895568848
905 2.2997078895568848
906 2.299447536468506
907 2.295891761779785
908 2.2921392917633057
909 2.2921392917633057
910 2.2981085777282715
911 2.2981085777282715
912 2.2981085777282715
913 2.296494245529175
914 2.283381700515747
915 2.29311203956604
916 2.2860398292541504
917 2.292257070541382
918 2.301196575164795
919 2.2896170616149902
920 2.295280933380127
921 2.295280933380127
922 2.2893002033233643
923 2.290410041809082
924 2.299072027206421
925 2.2905807495117188
926 2.3010144233703613
927 2.288564682006836
928 2.2918708324432373
929 2.2918708324432373
930 2.2918708324432373
931 2.2918708324432373
932 2.2918708324432373
933 2.286811351776123
934 2.286811351776123
935 2.2921500205993652
936 2.3018500804901123
937 2.298879861831665
938 2.296553134918213
939 2.2962899208068848
940 2.2827343940734863
941 2.288877010345459
942 2.282895565032959
943 2.282895565032959
944 2.2851614952087402
945 2.290936231613159
946 2.2954046726226807
947 2.2954046726226807
948 2.2954046726226807
949 2.2954046726226807
950 2.288374185562134
951 2.296590566635132
952 2.2931971549987793
953 2.2931971549987793
954 2.2931971549987793
955 2.3011059761047363
956 2.3011059761047363
957 2.3011059761047363
958 2.2891201972961426
959 2.2922377586364746
960 2.2922067642211914
961 2.3036324977874756
962 2.2894434928894043
963 2.3079702854156494
964 2.2862298488616943
965 2.287811279296875
966 2.2948853969573975
967 2.3021364212036133
968 2.3014612197875977
969 2.2815351486206055
970 2.2841908931732178
971 2.2841908931732178
972 2.2875726222991943
973 2.2966201305389404
974 2.2912726402282715
975 2.2912726402282715
976 2.2912726402282715
977 2.293645143508911
978 2.293339967727661
979 2.293339967727661
980 2.293339967727661
981 2.2919716835021973
982 2.29946231842041
983 2.3083672523498535
984 2.307041883468628
985 2.307041883468628
986 2.29508376121521
987 2.2972702980041504
988 2.2972702980041504
989 2.2972702980041504
990 2.298618793487549
991 2.298618793487549
992 2.298618793487549
993 2.298618793487549
994 2.298618793487549
995 2.298618793487549
996 2.2921276092529297
997 2.2981936931610107
998 2.2981936931610107
999 2.296416759490967
1000 2.2918782234191895
1001 2.2918782234191895
1002 2.289640426635742
1003 2.296488046646118
1004 2.29514741897583
1005 2.30534029006958
1006 2.295269250869751
1007 2.3014299869537354
1008 2.3014299869537354
1009 2.3014299869537354
1010 2.290713310241699
1011 2.3011412620544434
1012 2.2878904342651367
1013 2.2878904342651367
1014 2.3021600246429443
1015 2.282724142074585
1016 2.290215492248535
1017 2.3037779331207275
1018 2.2985756397247314
1019 2.2985756397247314
1020 2.2959113121032715
1021 2.290682792663574
1022 2.2871527671813965
1023 2.289663791656494
1024 2.286226987838745
1025 2.2922205924987793
1026 2.295356273651123
1027 2.295356273651123
1028 2.2945761680603027
1029 2.2945761680603027
1030 2.290712594985962
1031 2.298740863800049
1032 2.298740863800049
1033 2.3033435344696045
1034 2.3003101348876953
1035 2.296114683151245
1036 2.296114683151245
1037 2.296114683151245
1038 2.2898852825164795
1039 2.288011074066162
1040 2.28822660446167
1041 2.28822660446167
1042 2.287731885910034
1043 2.304300546646118
1044 2.304300546646118
1045 2.304300546646118
1046 2.297572612762451
1047 2.297572612762451
1048 2.297572612762451
1049 2.297572612762451
1050 2.2912285327911377
1051 2.284346342086792
1052 2.284346342086792
1053 2.2906134128570557
1054 2.29262638092041
1055 2.29262638092041
1056 2.280705690383911
1057 2.280705690383911
1058 2.2866804599761963
1059 2.2866804599761963
1060 2.2962563037872314
1061 2.296130895614624
1062 2.296130895614624
1063 2.2909321784973145
1064 2.295820713043213
1065 2.297902822494507
1066 2.289348840713501
1067 2.289348840713501
1068 2.2980172634124756
1069 2.2862305641174316
1070 2.296905040740967
1071 2.2915799617767334
1072 2.2915799617767334
1073 2.2915799617767334
1074 2.2915799617767334
1075 2.2915799617767334
1076 2.291764259338379
1077 2.301786184310913
1078 2.301786184310913
1079 2.3064448833465576
1080 2.3005259037017822
1081 2.293846845626831
1082 2.293846845626831
1083 2.2854435443878174
1084 2.285229444503784
1085 2.285229444503784
1086 2.293882131576538
1087 2.2864890098571777
1088 2.2864890098571777
1089 2.2882769107818604
1090 2.2882769107818604
1091 2.2882769107818604
1092 2.2882769107818604
1093 2.2996490001678467
1094 2.2823517322540283
1095 2.287933588027954
1096 2.2975733280181885
1097 2.2932302951812744
1098 2.2934978008270264
1099 2.285616159439087
1100 2.285616159439087
1101 2.291726589202881
1102 2.28834867477417
1103 2.2889249324798584
1104 2.2889249324798584
1105 2.29801082611084
1106 2.290461540222168
1107 2.290461540222168
1108 2.290461540222168
1109 2.290461540222168
1110 2.289987802505493
1111 2.2907772064208984
1112 2.288963794708252
1113 2.2869513034820557
1114 2.2869513034820557
1115 2.283461570739746
1116 2.2827930450439453
1117 2.286180019378662
1118 2.2857418060302734
1119 2.2970826625823975
1120 2.2970826625823975
1121 2.2970826625823975
1122 2.2970826625823975
1123 2.282919406890869
1124 2.282919406890869
1125 2.3067245483398438
1126 2.279569625854492
1127 2.2990241050720215
1128 2.2894227504730225
1129 2.297271490097046
1130 2.297271490097046
1131 2.288159132003784
1132 2.2934629917144775
1133 2.2989511489868164
1134 2.296926736831665
1135 2.285679340362549
1136 2.287659168243408
1137 2.2859268188476562
1138 2.288329601287842
1139 2.291618824005127
1140 2.278273582458496
1141 2.2925047874450684
1142 2.296271800994873
1143 2.293079137802124
1144 2.293079137802124
1145 2.283221960067749
1146 2.283221960067749
1147 2.2967453002929688
1148 2.3056745529174805
1149 2.285707950592041
1150 2.296393871307373
1151 2.294213056564331
1152 2.294213056564331
1153 2.286867380142212
1154 2.279681921005249
1155 2.3025784492492676
1156 2.2843432426452637
1157 2.2843432426452637
1158 2.2847604751586914
1159 2.2847604751586914
1160 2.294696807861328
1161 2.286771297454834
1162 2.2823071479797363
1163 2.2823071479797363
1164 2.2928738594055176
1165 2.289337396621704
1166 2.293001413345337
1167 2.293001413345337
1168 2.290912628173828
1169 2.287130117416382
1170 2.2813377380371094
1171 2.295511484146118
1172 2.295511484146118
1173 2.288092851638794
1174 2.2940139770507812
1175 2.2946057319641113
1176 2.2817516326904297
1177 2.281839370727539
1178 2.2946019172668457
1179 2.2770302295684814
1180 2.299211025238037
1181 2.2887091636657715
1182 2.280026435852051
1183 2.2793753147125244
1184 2.2873289585113525
1185 2.2962594032287598
1186 2.295856475830078
1187 2.295856475830078
1188 2.2982120513916016
1189 2.2893826961517334
1190 2.28664493560791
1191 2.28941011428833
1192 2.2859175205230713
1193 2.2859175205230713
1194 2.2859175205230713
1195 2.2859175205230713
1196 2.2859175205230713
1197 2.2840404510498047
1198 2.2840404510498047
1199 2.290846109390259
1200 2.261941909790039
1201 2.287564277648926
1202 2.287564277648926
1203 2.27740478515625
1204 2.2932121753692627
1205 2.2943737506866455
1206 2.2943737506866455
1207 2.2943737506866455
1208 2.2926411628723145
1209 2.2926411628723145
1210 2.29399037361145
1211 2.276611804962158
1212 2.282968044281006
1213 2.280616283416748
1214 2.2809009552001953
1215 2.2802224159240723
1216 2.275233268737793
1217 2.30057692527771
1218 2.2898523807525635
1219 2.2903521060943604
1220 2.2780938148498535
1221 2.2913787364959717
1222 2.2810218334198
1223 2.2793750762939453
1224 2.28617787361145
1225 2.271359443664551
1226 2.2781410217285156
1227 2.2781410217285156
1228 2.2781410217285156
1229 2.2759580612182617
1230 2.2750582695007324
1231 2.291421890258789
1232 2.2829322814941406
1233 2.289963722229004
1234 2.2776057720184326
1235 2.293334722518921
1236 2.293334722518921
1237 2.2829198837280273
1238 2.274866819381714
1239 2.27927827835083
1240 2.2819998264312744
1241 2.2852983474731445
1242 2.286381721496582
1243 2.297008991241455
1244 2.280973434448242
1245 2.280973434448242
1246 2.2739765644073486
1247 2.2754883766174316
1248 2.2754883766174316
1249 2.2754883766174316
1250 2.2754883766174316
1251 2.275240898132324
1252 2.275240898132324
1253 2.275240898132324
1254 2.2833805084228516
1255 2.2833805084228516
1256 2.28541898727417
1257 2.28541898727417
1258 2.290762186050415
1259 2.290762186050415
1260 2.2717835903167725
1261 2.2837367057800293
1262 2.2846436500549316
1263 2.2860987186431885
1264 2.275634765625
1265 2.2902541160583496
1266 2.2902541160583496
1267 2.292809247970581
1268 2.2649495601654053
1269 2.282205104827881
1270 2.2843871116638184
1271 2.2978391647338867
1272 2.2854390144348145
1273 2.27754807472229
1274 2.273603916168213
1275 2.273603916168213
1276 2.29402232170105
1277 2.29402232170105
1278 2.2731809616088867
1279 2.2917726039886475
1280 2.273956060409546
1281 2.287454128265381
1282 2.287454128265381
1283 2.275163173675537
1284 2.293670177459717
1285 2.274951457977295
1286 2.274951457977295
1287 2.286886215209961
1288 2.286886215209961
1289 2.276583194732666
1290 2.2842390537261963
1291 2.2842390537261963
1292 2.281261444091797
1293 2.2628378868103027
1294 2.27531099319458
1295 2.2859108448028564
1296 2.2859108448028564
1297 2.2859108448028564
1298 2.281956911087036
1299 2.2888307571411133
1300 2.2739717960357666
1301 2.2792580127716064
1302 2.273010730743408
1303 2.287376880645752
1304 2.2807936668395996
1305 2.283477544784546
1306 2.2829229831695557
1307 2.2986254692077637
1308 2.282714605331421
1309 2.2762527465820312
1310 2.290117025375366
1311 2.281421422958374
1312 2.276240587234497
1313 2.2946808338165283
1314 2.298448324203491
1315 2.298448324203491
1316 2.253270387649536
1317 2.280694007873535
1318 2.280694007873535
1319 2.287202835083008
1320 2.2909579277038574
1321 2.2635281085968018
1322 2.2721405029296875
1323 2.2908935546875
1324 2.2908935546875
1325 2.271904230117798
1326 2.2868363857269287
1327 2.2868363857269287
1328 2.2868363857269287
1329 2.2868363857269287
1330 2.3004558086395264
1331 2.277242660522461
1332 2.277242660522461
1333 2.292445421218872
1334 2.285916328430176
1335 2.299248695373535
1336 2.265921115875244
1337 2.2765448093414307
1338 2.2776098251342773
1339 2.2880892753601074
1340 2.2795028686523438
1341 2.280241012573242
1342 2.2813453674316406
1343 2.271733283996582
1344 2.271733283996582
1345 2.278386116027832
1346 2.278386116027832
1347 2.278386116027832
1348 2.2783455848693848
1349 2.286937713623047
1350 2.286937713623047
1351 2.286937713623047
1352 2.2785391807556152
1353 2.2785391807556152
1354 2.2804410457611084
1355 2.270249843597412
1356 2.270249843597412
1357 2.270249843597412
1358 2.270249843597412
1359 2.2864623069763184
1360 2.2864623069763184
1361 2.2767574787139893
1362 2.2695443630218506
1363 2.2695443630218506
1364 2.2687137126922607
1365 2.272237539291382
1366 2.272237539291382
1367 2.2915446758270264
1368 2.2888312339782715
1369 2.2888312339782715
1370 2.2888312339782715
1371 2.260906457901001
1372 2.262342929840088
1373 2.2773375511169434
1374 2.2773375511169434
1375 2.263047218322754
1376 2.263047218322754
1377 2.2714250087738037
1378 2.2714250087738037
1379 2.2714250087738037
1380 2.283778190612793
1381 2.283778190612793
1382 2.2679262161254883
1383 2.260267496109009
1384 2.2842612266540527
1385 2.2842612266540527
1386 2.2842612266540527
1387 2.2701337337493896
1388 2.2786920070648193
1389 2.2786920070648193
1390 2.2786920070648193
1391 2.261735200881958
1392 2.261735200881958
1393 2.2612764835357666
1394 2.2830066680908203
1395 2.3079426288604736
1396 2.3079426288604736
1397 2.255875587463379
1398 2.2918386459350586
1399 2.2488491535186768
1400 2.263094902038574
1401 2.264857530593872
1402 2.27604341506958
1403 2.2694640159606934
1404 2.2647852897644043
1405 2.2647852897644043
1406 2.2647852897644043
1407 2.2647852897644043
1408 2.267723560333252
1409 2.267723560333252
1410 2.2987616062164307
1411 2.2871742248535156
1412 2.2636313438415527
1413 2.255394220352173
1414 2.2660958766937256
1415 2.263139009475708
1416 2.265929698944092
1417 2.2790873050689697
1418 2.2790873050689697
1419 2.2752294540405273
1420 2.2752294540405273
1421 2.2752294540405273
1422 2.27243709564209
1423 2.245974540710449
1424 2.263404607772827
1425 2.2699027061462402
1426 2.2730016708374023
1427 2.2564215660095215
1428 2.24723482131958
1429 2.24723482131958
1430 2.268845796585083
1431 2.2860772609710693
1432 2.265015125274658
1433 2.265015125274658
1434 2.2548012733459473
1435 2.2445127964019775
1436 2.2445127964019775
1437 2.2445127964019775
1438 2.2445127964019775
1439 2.2445127964019775
1440 2.276948928833008
1441 2.2635130882263184
1442 2.27095890045166
1443 2.253964900970459
1444 2.279498338699341
1445 2.279498338699341
1446 2.2649102210998535
1447 2.2650694847106934
1448 2.2650694847106934
1449 2.2650694847106934
1450 2.2538628578186035
1451 2.234829902648926
1452 2.234829902648926
1453 2.234829902648926
1454 2.255186080932617
1455 2.242716073989868
1456 2.277958869934082
1457 2.262218475341797
1458 2.2586822509765625
1459 2.232754707336426
1460 2.249478340148926
1461 2.249478340148926
1462 2.2533881664276123
1463 2.2533881664276123
1464 2.2533881664276123
1465 2.267948627471924
1466 2.267948627471924
1467 2.267948627471924
1468 2.2729437351226807
1469 2.2532293796539307
1470 2.24298095703125
1471 2.2506585121154785
1472 2.2506585121154785
1473 2.26910138130188
1474 2.2492315769195557
1475 2.240569829940796
1476 2.2469112873077393
1477 2.2469112873077393
1478 2.2593657970428467
1479 2.25776743888855
1480 2.245990037918091
1481 2.2353434562683105
1482 2.2353434562683105
1483 2.254640817642212
1484 2.2589733600616455
1485 2.2589733600616455
1486 2.2343249320983887
1487 2.268197774887085
1488 2.2812769412994385
1489 2.2273755073547363
1490 2.2374324798583984
1491 2.2396926879882812
1492 2.266435384750366
1493 2.2606091499328613
1494 2.253955602645874
1495 2.259660482406616
1496 2.262017011642456
1497 2.2623674869537354
1498 2.231757164001465
1499 2.2443432807922363
