0 0.0
1 2.3020758628845215
2 2.3033645153045654
3 2.301246404647827
4 2.306286334991455
5 2.306286334991455
6 2.306119441986084
7 2.306119441986084
8 2.300529956817627
9 2.3019261360168457
10 2.292736053466797
11 2.306093692779541
12 2.300227165222168
13 2.2980117797851562
14 2.3082947731018066
15 2.307746410369873
16 2.3016090393066406
17 2.2954494953155518
18 2.3088414669036865
19 2.306180000305176
20 2.3033719062805176
21 2.300757646560669
22 2.308177947998047
23 2.3011045455932617
24 2.2991816997528076
25 2.307082414627075
26 2.2994837760925293
27 2.2994837760925293
28 2.2994837760925293
29 2.3024168014526367
30 2.3024168014526367
31 2.2955422401428223
32 2.2955422401428223
33 2.2983238697052
34 2.2983238697052
35 2.3033447265625
36 2.2991156578063965
37 2.298170804977417
38 2.3033061027526855
39 2.3048553466796875
40 2.2964699268341064
41 2.3038952350616455
42 2.3038952350616455
43 2.3054912090301514
44 2.299150228500366
45 2.298485040664673
46 2.3057448863983154
47 2.303743362426758
48 2.303743362426758
49 2.3034720420837402
50 2.305171251296997
51 2.3045482635498047
52 2.299541473388672
53 2.3035647869110107
54 2.298525810241699
55 2.3011016845703125
56 2.2957723140716553
57 2.3018271923065186
58 2.300445795059204
59 2.3011293411254883
60 2.305271863937378
61 2.305271863937378
62 2.3072407245635986
63 2.3072407245635986
64 2.3072407245635986
65 2.3072407245635986
66 2.306518077850342
67 2.3009541034698486
68 2.3068532943725586
69 2.3068532943725586
70 2.305391788482666
71 2.29809308052063
72 2.30330753326416
73 2.3028242588043213
74 2.310889959335327
75 2.30487060546875
76 2.2989935874938965
77 2.3004729747772217
78 2.30472993850708
79 2.299546718597412
80 2.3012523651123047
81 2.2959372997283936
82 2.3019607067108154
83 2.3028156757354736
84 2.299215316772461
85 2.299215316772461
86 2.3029556274414062
87 2.3029556274414062
88 2.3008217811584473
89 2.3008217811584473
90 2.3008217811584473
91 2.2979416847229004
92 2.2979416847229004
93 2.3100428581237793
94 2.2992215156555176
95 2.3025949001312256
96 2.2968392372131348
97 2.3023338317871094
98 2.303272008895874
99 2.304466485977173
100 2.3047404289245605
101 2.3047404289245605
102 2.3038344383239746
103 2.3038344383239746
104 2.3038344383239746
105 2.303924083709717
106 2.302253007888794
107 2.3030786514282227
108 2.3030786514282227
109 2.297879457473755
110 2.305764675140381
111 2.2969491481781006
112 2.2969491481781006
113 2.300856351852417
114 2.3001868724823
115 2.2962937355041504
116 2.2949538230895996
117 2.2949538230895996
118 2.297990322113037
119 2.29868221282959
120 2.29868221282959
121 2.2986414432525635
122 2.299846649169922
123 2.299846649169922
124 2.299846649169922
125 2.299846649169922
126 2.299846649169922
127 2.3029069900512695
128 2.302259683609009
129 2.2987704277038574
130 2.2987704277038574
131 2.3059844970703125
132 2.3038337230682373
133 2.3001809120178223
134 2.3002631664276123
135 2.298096179962158
136 2.2993719577789307
137 2.2993719577789307
138 2.2993719577789307
139 2.2993719577789307
140 2.2993719577789307
141 2.3040761947631836
142 2.3040761947631836
143 2.3040761947631836
144 2.3028197288513184
145 2.309938430786133
146 2.309938430786133
147 2.3001112937927246
148 2.3080954551696777
149 2.3083746433258057
150 2.3050408363342285
151 2.2961156368255615
152 2.2961156368255615
153 2.2961156368255615
154 2.3000612258911133
155 2.306487560272217
156 2.3015589714050293
157 2.2958102226257324
158 2.3022677898406982
159 2.30971360206604
160 2.2942655086517334
161 2.302887201309204
162 2.302887201309204
163 2.305572509765625
164 2.305572509765625
165 2.3035285472869873
166 2.3035080432891846
167 2.3113534450531006
168 2.3041038513183594
169 2.3041038513183594
170 2.3041038513183594
171 2.3013386726379395
172 2.3013386726379395
173 2.3013386726379395
174 2.3013386726379395
175 2.303586006164551
176 2.2993829250335693
177 2.3018507957458496
178 2.3010969161987305
179 2.303524971008301
180 2.302720069885254
181 2.308702230453491
182 2.3059616088867188
183 2.3059616088867188
184 2.3059616088867188
185 2.3059616088867188
186 2.3059616088867188
187 2.3073809146881104
188 2.3052258491516113
189 2.305967092514038
190 2.305967092514038
191 2.302093982696533
192 2.302839756011963
193 2.303032875061035
194 2.3073782920837402
195 2.30683970451355
196 2.293642520904541
197 2.3011832237243652
198 2.29402494430542
199 2.2968547344207764
200 2.3018290996551514
201 2.294234037399292
202 2.294234037399292
203 2.3041045665740967
204 2.303219795227051
205 2.29982328414917
206 2.295227527618408
207 2.2992801666259766
208 2.2992801666259766
209 2.2992801666259766
210 2.2992801666259766
211 2.2992801666259766
212 2.296820878982544
213 2.3034162521362305
214 2.3094542026519775
215 2.3094542026519775
216 2.3004157543182373
217 2.3004157543182373
218 2.301173448562622
219 2.301173448562622
220 2.30564546585083
221 2.306140422821045
222 2.306140422821045
223 2.3048434257507324
224 2.3048434257507324
225 2.3048434257507324
226 2.3015334606170654
227 2.30859112739563
228 2.30859112739563
229 2.295711040496826
230 2.3037734031677246
231 2.3037734031677246
232 2.3006625175476074
233 2.3064401149749756
234 2.3035995960235596
235 2.3035995960235596
236 2.305474281311035
237 2.3092997074127197
238 2.3092997074127197
239 2.3028721809387207
240 2.3023033142089844
241 2.3023033142089844
242 2.2963109016418457
243 2.308589458465576
244 2.302218198776245
245 2.306522846221924
246 2.2981948852539062
247 2.303375244140625
248 2.3015565872192383
249 2.300948143005371
250 2.300948143005371
251 2.300948143005371
252 2.2978715896606445
253 2.303084373474121
254 2.303663730621338
255 2.2982070446014404
256 2.304905414581299
257 2.3021061420440674
258 2.2966151237487793
259 2.301612377166748
260 2.297710418701172
261 2.3002045154571533
262 2.3063039779663086
263 2.305332899093628
264 2.2906863689422607
265 2.3060545921325684
266 2.3030409812927246
267 2.2968826293945312
268 2.3019192218780518
269 2.3019192218780518
270 2.310708522796631
271 2.310708522796631
272 2.310708522796631
273 2.310708522796631
274 2.300496816635132
275 2.296743869781494
276 2.296743869781494
277 2.296743869781494
278 2.3018548488616943
279 2.2998287677764893
280 2.3012607097625732
281 2.307380437850952
282 2.307380437850952
283 2.3051836490631104
284 2.300046682357788
285 2.300046682357788
286 2.2978696823120117
287 2.2987403869628906
288 2.2987403869628906
289 2.306734800338745
290 2.3042311668395996
291 2.3009767532348633
292 2.2967240810394287
293 2.301304340362549
294 2.3041961193084717
295 2.2985377311706543
296 2.3055179119110107
297 2.3055179119110107
298 2.302046537399292
299 2.302046537399292
300 2.300645589828491
301 2.3025729656219482
302 2.3032233715057373
303 2.309269905090332
304 2.3134536743164062
305 2.3134536743164062
306 2.301952838897705
307 2.30216908454895
308 2.2948436737060547
309 2.3038268089294434
310 2.299248218536377
311 2.288753032684326
312 2.288753032684326
313 2.3020098209381104
314 2.3020098209381104
315 2.3020098209381104
316 2.296572685241699
317 2.3105459213256836
318 2.3105459213256836
319 2.3105459213256836
320 2.3102545738220215
321 2.3102545738220215
322 2.299717664718628
323 2.3006556034088135
324 2.3045458793640137
325 2.298360824584961
326 2.298360824584961
327 2.3072421550750732
328 2.3072421550750732
329 2.300858974456787
330 2.2961478233337402
331 2.305842638015747
332 2.2971134185791016
333 2.2971134185791016
334 2.308231830596924
335 2.308231830596924
336 2.308231830596924
337 2.308231830596924
338 2.305424451828003
339 2.306652784347534
340 2.306652784347534
341 2.303609609603882
342 2.303609609603882
343 2.303609609603882
344 2.298157215118408
345 2.2995669841766357
346 2.2995669841766357
347 2.307765007019043
348 2.305506944656372
349 2.3042287826538086
350 2.3042287826538086
351 2.298290252685547
352 2.299823045730591
353 2.3000354766845703
354 2.2925713062286377
355 2.30202054977417
356 2.29829478263855
357 2.2957332134246826
358 2.29819655418396
359 2.2996327877044678
360 2.3010201454162598
361 2.3010201454162598
362 2.298314332962036
363 2.3037469387054443
364 2.301776647567749
365 2.3021328449249268
366 2.2972116470336914
367 2.2948451042175293
368 2.3011255264282227
369 2.299929618835449
370 2.289034843444824
371 2.297292470932007
372 2.300144910812378
373 2.2992281913757324
374 2.2988500595092773
375 2.2988500595092773
376 2.2988500595092773
377 2.2988500595092773
378 2.2988500595092773
379 2.304884910583496
380 2.2974135875701904
381 2.297466993331909
382 2.3012266159057617
383 2.301706552505493
384 2.2957916259765625
385 2.2967352867126465
386 2.2920446395874023
387 2.2920446395874023
388 2.3026466369628906
389 2.3026466369628906
390 2.29473876953125
391 2.2987444400787354
392 2.2997117042541504
393 2.3054211139678955
394 2.3054211139678955
395 2.3036909103393555
396 2.3010077476501465
397 2.298114776611328
398 2.3056743144989014
399 2.2936408519744873
400 2.3031985759735107
401 2.2965002059936523
402 2.2965002059936523
403 2.2965002059936523
404 2.3004424571990967
405 2.3004424571990967
406 2.2999558448791504
407 2.2999558448791504
408 2.3043417930603027
409 2.298506259918213
410 2.3075098991394043
411 2.3007493019104004
412 2.3063392639160156
413 2.307748317718506
414 2.309046506881714
415 2.309046506881714
416 2.2898848056793213
417 2.3051204681396484
418 2.2924413681030273
419 2.2924413681030273
420 2.303107500076294
421 2.303107500076294
422 2.300739049911499
423 2.300204038619995
424 2.3014345169067383
425 2.3014345169067383
426 2.300686836242676
427 2.3097310066223145
428 2.304062843322754
429 2.2982070446014404
430 2.2982070446014404
431 2.3015379905700684
432 2.3015379905700684
433 2.306826591491699
434 2.2950596809387207
435 2.296762704849243
436 2.296762704849243
437 2.3008360862731934
438 2.3008360862731934
439 2.310724973678589
440 2.3003463745117188
441 2.3003463745117188
442 2.297584295272827
443 2.301290988922119
444 2.3032846450805664
445 2.2944908142089844
446 2.309149980545044
447 2.309149980545044
448 2.309149980545044
449 2.309149980545044
450 2.301891565322876
451 2.300337553024292
452 2.300337553024292
453 2.300337553024292
454 2.300337553024292
455 2.292940855026245
456 2.2964162826538086
457 2.304780960083008
458 2.301135301589966
459 2.294100761413574
460 2.2986483573913574
461 2.2986483573913574
462 2.2918906211853027
463 2.308579444885254
464 2.300797462463379
465 2.300797462463379
466 2.300797462463379
467 2.3044981956481934
468 2.303764581680298
469 2.296184539794922
470 2.299746513366699
471 2.300109386444092
472 2.301262855529785
473 2.3017961978912354
474 2.301129102706909
475 2.2995059490203857
476 2.300041437149048
477 2.300041437149048
478 2.300041437149048
479 2.2963786125183105
480 2.304192543029785
481 2.2952544689178467
482 2.3014841079711914
483 2.3014841079711914
484 2.303236961364746
485 2.303236961364746
486 2.301790714263916
487 2.301790714263916
488 2.296112060546875
489 2.304088830947876
490 2.2952916622161865
491 2.2945287227630615
492 2.3038575649261475
493 2.301131010055542
494 2.301131010055542
495 2.306062698364258
496 2.2952661514282227
497 2.296684741973877
498 2.3055195808410645
499 2.3036890029907227
500 2.3036861419677734
501 2.2997639179229736
502 2.2997639179229736
503 2.309321880340576
504 2.3026297092437744
505 2.3049442768096924
506 2.3049442768096924
507 2.296509265899658
508 2.296509265899658
509 2.302243232727051
510 2.2897586822509766
511 2.3030076026916504
512 2.304049491882324
513 2.2947137355804443
514 2.3007407188415527
515 2.2927539348602295
516 2.2927539348602295
517 2.299924850463867
518 2.2950832843780518
519 2.2950832843780518
520 2.300358295440674
521 2.303764820098877
522 2.303764820098877
523 2.305752754211426
524 2.2898616790771484
525 2.3008928298950195
526 2.304975748062134
527 2.303926944732666
528 2.2924437522888184
529 2.2904508113861084
530 2.3110363483428955
531 2.3110363483428955
532 2.3015425205230713
533 2.3015425205230713
534 2.298281669616699
535 2.298281669616699
536 2.298281669616699
537 2.2945523262023926
538 2.302856206893921
539 2.297744035720825
540 2.3087761402130127
541 2.304194450378418
542 2.304194450378418
543 2.2966790199279785
544 2.300387382507324
545 2.294630289077759
546 2.2973923683166504
547 2.2983038425445557
548 2.2983038425445557
549 2.288118362426758
550 2.288118362426758
551 2.294491767883301
552 2.3000168800354004
553 2.3000168800354004
554 2.302382230758667
555 2.288072347640991
556 2.303079128265381
557 2.303079128265381
558 2.30684494972229
559 2.30684494972229
560 2.30684494972229
561 2.30684494972229
562 2.2980082035064697
563 2.2980082035064697
564 2.3009703159332275
565 2.2956438064575195
566 2.297224998474121
567 2.3019919395446777
568 2.2994935512542725
569 2.2994935512542725
570 2.300546407699585
571 2.2925195693969727
572 2.3007850646972656
573 2.3007850646972656
574 2.296210765838623
575 2.313591957092285
576 2.313591957092285
577 2.313591957092285
578 2.313591957092285
579 2.313591957092285
580 2.313591957092285
581 2.313591957092285
582 2.299278974533081
583 2.299278974533081
584 2.299278974533081
585 2.3050343990325928
586 2.304380178451538
587 2.304380178451538
588 2.2983686923980713
589 2.3072903156280518
590 2.3072903156280518
591 2.3072903156280518
592 2.294252872467041
593 2.3037188053131104
594 2.3037188053131104
595 2.289809465408325
596 2.289809465408325
597 2.297297239303589
598 2.297297239303589
599 2.298504590988159
600 2.293604612350464
601 2.3020243644714355
602 2.2942752838134766
603 2.304446220397949
604 2.300367832183838
605 2.2930045127868652
606 2.3073368072509766
607 2.3049097061157227
608 2.303774118423462
609 2.298840284347534
610 2.298840284347534
611 2.298840284347534
612 2.290288209915161
613 2.2946596145629883
614 2.3006372451782227
615 2.3055994510650635
616 2.3103010654449463
617 2.3015708923339844
618 2.296610116958618
619 2.30442476272583
620 2.30442476272583
621 2.2927699089050293
622 2.2927699089050293
623 2.2904603481292725
624 2.296297550201416
625 2.302584171295166
626 2.29929780960083
627 2.29929780960083
628 2.291701555252075
629 2.310353994369507
630 2.301812171936035
631 2.2966105937957764
632 2.306309461593628
633 2.2991952896118164
634 2.302513837814331
635 2.302513837814331
636 2.298016309738159
637 2.3007090091705322
638 2.2959935665130615
639 2.299337863922119
640 2.2989203929901123
641 2.2948901653289795
642 2.289783239364624
643 2.298828125
644 2.301457166671753
645 2.302403450012207
646 2.303121328353882
647 2.2982447147369385
648 2.3064892292022705
649 2.3031115531921387
650 2.2959868907928467
651 2.2959868907928467
652 2.287544012069702
653 2.3059685230255127
654 2.295048236846924
655 2.302316904067993
656 2.2980642318725586
657 2.3058135509490967
658 2.299496650695801
659 2.3027234077453613
660 2.2935094833374023
661 2.2935094833374023
662 2.298074245452881
663 2.298074245452881
664 2.294607400894165
665 2.2968454360961914
666 2.2968454360961914
667 2.296480655670166
668 2.296480655670166
669 2.3045599460601807
670 2.300084114074707
671 2.302558183670044
672 2.302558183670044
673 2.298703908920288
674 2.298703908920288
675 2.304718494415283
676 2.3048272132873535
677 2.3048272132873535
678 2.303316593170166
679 2.306960105895996
680 2.297701358795166
681 2.2965943813323975
682 2.2965943813323975
683 2.2992916107177734
684 2.295987606048584
685 2.299382448196411
686 2.296847343444824
687 2.2975118160247803
688 2.2975118160247803
689 2.3079733848571777
690 2.298243284225464
691 2.298243284225464
692 2.296701431274414
693 2.296701431274414
694 2.298980236053467
695 2.298980236053467
696 2.298980236053467
697 2.297952651977539
698 2.299217700958252
699 2.29644775390625
700 2.303919553756714
701 2.3029041290283203
702 2.3029041290283203
703 2.293026924133301
704 2.3001344203948975
705 2.3029468059539795
706 2.3029468059539795
707 2.2962639331817627
708 2.304655075073242
709 2.304655075073242
710 2.304655075073242
711 2.304655075073242
712 2.3064732551574707
713 2.305420398712158
714 2.2893683910369873
715 2.2983341217041016
716 2.2984652519226074
717 2.2984652519226074
718 2.2984652519226074
719 2.3018858432769775
720 2.3010787963867188
721 2.2935879230499268
722 2.2935879230499268
723 2.2935879230499268
724 2.2990262508392334
725 2.2990262508392334
726 2.2919464111328125
727 2.295271396636963
728 2.292248249053955
729 2.296008586883545
730 2.302788496017456
731 2.302788496017456
732 2.290313243865967
733 2.292243003845215
734 2.3002021312713623
735 2.3002021312713623
736 2.2919609546661377
737 2.292677879333496
738 2.292677879333496
739 2.2988498210906982
740 2.3032875061035156
741 2.294118642807007
742 2.2981574535369873
743 2.303185224533081
744 2.3046457767486572
745 2.29702091217041
746 2.29702091217041
747 2.297135353088379
748 2.2948455810546875
749 2.2989861965179443
750 2.3022258281707764
751 2.2943825721740723
752 2.301349401473999
753 2.301349401473999
754 2.297607421875
755 2.297607421875
756 2.297607421875
757 2.3018229007720947
758 2.3005919456481934
759 2.298933744430542
760 2.290241241455078
761 2.290241241455078
762 2.290241241455078
763 2.3066370487213135
764 2.293095350265503
765 2.291663646697998
766 2.303605318069458
767 2.2905433177948
768 2.29805850982666
769 2.29805850982666
770 2.29805850982666
771 2.29805850982666
772 2.29518985748291
773 2.2908594608306885
774 2.2908594608306885
775 2.30764102935791
776 2.30938720703125
777 2.3017027378082275
778 2.2988572120666504
779 2.2988572120666504
780 2.2995033264160156
781 2.3036861419677734
782 2.3036861419677734
783 2.2982194423675537
784 2.300201416015625
785 2.2895634174346924
786 2.2881739139556885
787 2.30317759513855
788 2.30317759513855
789 2.30317759513855
790 2.2904417514801025
791 2.2946813106536865
792 2.300363779067993
793 2.300363779067993
794 2.300363779067993
795 2.298470973968506
796 2.298470973968506
797 2.305449962615967
798 2.3027455806732178
799 2.2949929237365723
800 2.2941508293151855
801 2.293393850326538
802 2.3012571334838867
803 2.3012571334838867
804 2.302704095840454
805 2.2930679321289062
806 2.2992031574249268
807 2.30330228805542
808 2.2996721267700195
809 2.29992413520813
810 2.2941246032714844
811 2.2941246032714844
812 2.298877000808716
813 2.298877000808716
814 2.2959508895874023
815 2.2959508895874023
816 2.293485164642334
817 2.2940750122070312
818 2.302659511566162
819 2.3015453815460205
820 2.297208309173584
821 2.2885541915893555
822 2.2885541915893555
823 2.293187379837036
824 2.293187379837036
825 2.284658432006836
826 2.284658432006836
827 2.284658432006836
828 2.2969624996185303
829 2.3036723136901855
830 2.2928576469421387
831 2.3049685955047607
832 2.3049685955047607
833 2.2918670177459717
834 2.2937798500061035
835 2.305682897567749
836 2.299947500228882
837 2.295905590057373
838 2.2990880012512207
839 2.2990880012512207
840 2.296365261077881
841 2.293318271636963
842 2.293318271636963
843 2.286919593811035
844 2.302358865737915
845 2.302358865737915
846 2.2980165481567383
847 2.2980165481567383
848 2.3039543628692627
849 2.2933506965637207
850 2.29727840423584
851 2.2872884273529053
852 2.2872884273529053
853 2.2872884273529053
854 2.2872884273529053
855 2.2996442317962646
856 2.3018722534179688
857 2.308850049972534
858 2.2923057079315186
859 2.302093505859375
860 2.294365644454956
861 2.299583911895752
862 2.2894680500030518
863 2.2894680500030518
864 2.295121908187866
865 2.2942395210266113
866 2.2942395210266113
867 2.2942395210266113
868 2.287602663040161
869 2.287602663040161
870 2.287602663040161
871 2.287602663040161
872 2.2918925285339355
873 2.2897961139678955
874 2.2897961139678955
875 2.2989516258239746
876 2.292682409286499
877 2.292682409286499
878 2.292682409286499
879 2.2869958877563477
880 2.305168390274048
881 2.3023321628570557
882 2.3023321628570557
883 2.2918851375579834
884 2.297154188156128
885 2.293668746948242
886 2.293668746948242
887 2.293668746948242
888 2.302880048751831
889 2.289459228515625
890 2.308925151824951
891 2.3007431030273438
892 2.2885513305664062
893 2.302001953125
894 2.302001953125
895 2.2856712341308594
896 2.288987874984741
897 2.288987874984741
898 2.29156494140625
899 2.2997379302978516
900 2.2997379302978516
901 2.2918291091918945
902 2.29534649848938
903 2.2881340980529785
904 2.3003602027893066
905 2.298799991607666
906 2.2906808853149414
907 2.2907485961914062
908 2.291757106781006
909 2.289586305618286
910 2.292419195175171
911 2.3016562461853027
912 2.292245388031006
913 2.2903800010681152
914 2.2903800010681152
915 2.3034474849700928
916 2.3034474849700928
917 2.2990174293518066
918 2.2990174293518066
919 2.2976608276367188
920 2.2902631759643555
921 2.310727834701538
922 2.291135549545288
923 2.291135549545288
924 2.293720006942749
925 2.293720006942749
926 2.293720006942749
927 2.2859983444213867
928 2.2859983444213867
929 2.3068833351135254
930 2.2826640605926514
931 2.2936558723449707
932 2.293727159500122
933 2.293727159500122
934 2.293727159500122
935 2.293727159500122
936 2.293727159500122
937 2.293727159500122
938 2.296023368835449
939 2.296023368835449
940 2.3051180839538574
941 2.3051180839538574
942 2.3051180839538574
943 2.2979438304901123
944 2.2979438304901123
945 2.285593032836914
946 2.285593032836914
947 2.298339366912842
948 2.3137850761413574
949 2.3137850761413574
950 2.293104887008667
951 2.289581060409546
952 2.289581060409546
953 2.289581060409546
954 2.296874761581421
955 2.296922206878662
956 2.292804479598999
957 2.29656720161438
958 2.296505928039551
959 2.296505928039551
960 2.2978508472442627
961 2.2978508472442627
962 2.2978508472442627
963 2.2978508472442627
964 2.3060719966888428
965 2.3060719966888428
966 2.2954912185668945
967 2.2969934940338135
968 2.302696943283081
969 2.2996745109558105
970 2.2961182594299316
971 2.297985315322876
972 2.294414520263672
973 2.294414520263672
974 2.294414520263672
975 2.281012535095215
976 2.281012535095215
977 2.281012535095215
978 2.285329580307007
979 2.283552646636963
980 2.283552646636963
981 2.283552646636963
982 2.29229736328125
983 2.29229736328125
984 2.2913897037506104
985 2.2913897037506104
986 2.2913897037506104
987 2.2823100090026855
988 2.2823100090026855
989 2.2969954013824463
990 2.2859673500061035
991 2.288358211517334
992 2.297973155975342
993 2.297973155975342
994 2.2934632301330566
995 2.2970519065856934
996 2.293553352355957
997 2.293553352355957
998 2.2999205589294434
999 2.2869925498962402
1000 2.3094418048858643
1001 2.3094418048858643
1002 2.3094418048858643
1003 2.3094418048858643
1004 2.2889981269836426
1005 2.2889981269836426
1006 2.2948122024536133
1007 2.2902581691741943
1008 2.287057638168335
1009 2.291567087173462
1010 2.291567087173462
1011 2.291567087173462
1012 2.2947916984558105
1013 2.280183792114258
1014 2.295224189758301
1015 2.295224189758301
1016 2.2866954803466797
1017 2.2866954803466797
1018 2.2866954803466797
1019 2.2910773754119873
1020 2.2910773754119873
1021 2.2910773754119873
1022 2.291181802749634
1023 2.291181802749634
1024 2.295525074005127
1025 2.2875075340270996
1026 2.291628837585449
1027 2.291297674179077
1028 2.304378032684326
1029 2.29319167137146
1030 2.2836344242095947
1031 2.302858591079712
1032 2.2988593578338623
1033 2.281550407409668
1034 2.2851901054382324
1035 2.2921431064605713
1036 2.2921431064605713
1037 2.2870492935180664
1038 2.292139768600464
1039 2.2853891849517822
1040 2.2813780307769775
1041 2.291814088821411
1042 2.291814088821411
1043 2.291814088821411
1044 2.291814088821411
1045 2.2903833389282227
1046 2.2903833389282227
1047 2.293055534362793
1048 2.2922980785369873
1049 2.2950141429901123
1050 2.2950141429901123
1051 2.2950141429901123
1052 2.2956879138946533
1053 2.2956879138946533
1054 2.29559063911438
1055 2.2775444984436035
1056 2.2775444984436035
1057 2.3072776794433594
1058 2.3072776794433594
1059 2.290527582168579
1060 2.290527582168579
1061 2.30364990234375
1062 2.2880918979644775
1063 2.2880918979644775
1064 2.284090757369995
1065 2.2908859252929688
1066 2.2775721549987793
1067 2.2775721549987793
1068 2.286548137664795
1069 2.2943644523620605
1070 2.28287935256958
1071 2.295611619949341
1072 2.295611619949341
1073 2.2823057174682617
1074 2.3008692264556885
1075 2.2996432781219482
1076 2.284841775894165
1077 2.284841775894165
1078 2.3013765811920166
1079 2.2956228256225586
1080 2.296370506286621
1081 2.296370506286621
1082 2.29465389251709
1083 2.2999348640441895
1084 2.2840046882629395
1085 2.2837438583374023
1086 2.301272392272949
1087 2.3012592792510986
1088 2.3012592792510986
1089 2.305213212966919
1090 2.305213212966919
1091 2.295558452606201
1092 2.295558452606201
1093 2.293471097946167
1094 2.2933082580566406
1095 2.2933082580566406
1096 2.2933082580566406
1097 2.2969117164611816
1098 2.2969117164611816
1099 2.2969117164611816
1100 2.281484603881836
1101 2.2916297912597656
1102 2.2916297912597656
1103 2.2916297912597656
1104 2.290001392364502
1105 2.285644292831421
1106 2.2861084938049316
1107 2.2826995849609375
1108 2.286588430404663
1109 2.285305976867676
1110 2.285305976867676
1111 2.285305976867676
1112 2.297394275665283
1113 2.2890684604644775
1114 2.3021459579467773
1115 2.2943925857543945
1116 2.2943925857543945
1117 2.2895684242248535
1118 2.3078103065490723
1119 2.2927849292755127
1120 2.294884204864502
1121 2.294884204864502
1122 2.294884204864502
1123 2.2909109592437744
1124 2.287482500076294
1125 2.287482500076294
1126 2.287482500076294
1127 2.287482500076294
1128 2.2905445098876953
1129 2.2946343421936035
1130 2.2946343421936035
1131 2.2876927852630615
1132 2.2876927852630615
1133 2.2876927852630615
1134 2.2876927852630615
1135 2.2986505031585693
1136 2.2986505031585693
1137 2.2991909980773926
1138 2.2975759506225586
1139 2.308556318283081
1140 2.308556318283081
1141 2.2901384830474854
1142 2.294100761413574
1143 2.294100761413574
1144 2.282072067260742
1145 2.2850899696350098
1146 2.284921646118164
1147 2.3083558082580566
1148 2.3083558082580566
1149 2.2840826511383057
1150 2.284588098526001
1151 2.284588098526001
1152 2.2701616287231445
1153 2.2701616287231445
1154 2.2701616287231445
1155 2.2701616287231445
1156 2.2878143787384033
1157 2.285613536834717
1158 2.2957680225372314
1159 2.299940586090088
1160 2.286012887954712
1161 2.2967796325683594
1162 2.2848849296569824
1163 2.274012804031372
1164 2.2758564949035645
1165 2.2916088104248047
1166 2.2916088104248047
1167 2.3053061962127686
1168 2.2795357704162598
1169 2.2795357704162598
1170 2.2813634872436523
1171 2.2906227111816406
1172 2.296513319015503
1173 2.296513319015503
1174 2.286959648132324
1175 2.286959648132324
1176 2.2787935733795166
1177 2.280430555343628
1178 2.280430555343628
1179 2.2862799167633057
1180 2.2862799167633057
1181 2.2862799167633057
1182 2.2862799167633057
1183 2.2862799167633057
1184 2.2862799167633057
1185 2.2853026390075684
1186 2.284245491027832
1187 2.2899487018585205
1188 2.288787364959717
1189 2.288787364959717
1190 2.288787364959717
1191 2.277676582336426
1192 2.277676582336426
1193 2.287881851196289
1194 2.287881851196289
1195 2.2866017818450928
1196 2.2866017818450928
1197 2.2866017818450928
1198 2.2923192977905273
1199 2.282954216003418
1200 2.292654514312744
1201 2.281137466430664
1202 2.2978649139404297
1203 2.2836966514587402
1204 2.2919788360595703
1205 2.29410457611084
1206 2.2881808280944824
1207 2.2877373695373535
1208 2.293572425842285
1209 2.279459238052368
1210 2.279552459716797
1211 2.2969119548797607
1212 2.2969119548797607
1213 2.287320137023926
1214 2.28165340423584
1215 2.2883520126342773
1216 2.2883520126342773
1217 2.2883520126342773
1218 2.296252727508545
1219 2.296252727508545
1220 2.2930989265441895
1221 2.2892086505889893
1222 2.2774646282196045
1223 2.2774646282196045
1224 2.2919390201568604
1225 2.2839267253875732
1226 2.296396255493164
1227 2.2829055786132812
1228 2.297030448913574
1229 2.297030448913574
1230 2.284867763519287
1231 2.2797279357910156
1232 2.284342050552368
1233 2.2717812061309814
1234 2.2717812061309814
1235 2.2913107872009277
1236 2.2764623165130615
1237 2.2764623165130615
1238 2.302091598510742
1239 2.2788901329040527
1240 2.278170108795166
1241 2.2784717082977295
1242 2.2784717082977295
1243 2.286919593811035
1244 2.286919593811035
1245 2.286919593811035
1246 2.290820598602295
1247 2.2839293479919434
1248 2.279235363006592
1249 2.279235363006592
1250 2.279235363006592
1251 2.2758898735046387
1252 2.2758898735046387
1253 2.2758898735046387
1254 2.2758898735046387
1255 2.2840285301208496
1256 2.2767550945281982
1257 2.2722625732421875
1258 2.27779221534729
1259 2.27779221534729
1260 2.294126272201538
1261 2.2852635383605957
1262 2.2852635383605957
1263 2.2852635383605957
1264 2.2878646850585938
1265 2.2942049503326416
1266 2.2890124320983887
1267 2.270094394683838
1268 2.2693610191345215
1269 2.27431058883667
1270 2.27431058883667
1271 2.293015241622925
1272 2.2788920402526855
1273 2.280588150024414
1274 2.280588150024414
1275 2.2940754890441895
1276 2.285722017288208
1277 2.2798125743865967
1278 2.2798125743865967
1279 2.2798125743865967
1280 2.2791686058044434
1281 2.277334451675415
1282 2.2811882495880127
1283 2.2811882495880127
1284 2.277634620666504
1285 2.2881412506103516
1286 2.2881412506103516
1287 2.2708098888397217
1288 2.2662553787231445
1289 2.2662553787231445
1290 2.2821731567382812
1291 2.292771100997925
1292 2.2763757705688477
1293 2.2763757705688477
1294 2.2691779136657715
1295 2.2772834300994873
1296 2.278393030166626
1297 2.278393030166626
1298 2.278393030166626
1299 2.278393030166626
1300 2.278393030166626
1301 2.278393030166626
1302 2.2846426963806152
1303 2.288567304611206
1304 2.280984401702881
1305 2.287630558013916
1306 2.287630558013916
1307 2.287630558013916
1308 2.2617385387420654
1309 2.2837677001953125
1310 2.2837677001953125
1311 2.2837677001953125
1312 2.2837677001953125
1313 2.2837677001953125
1314 2.2837677001953125
1315 2.272599458694458
1316 2.294701337814331
1317 2.278930425643921
1318 2.2864108085632324
1319 2.272545337677002
1320 2.277202606201172
1321 2.2720143795013428
1322 2.2799785137176514
1323 2.2799785137176514
1324 2.2799785137176514
1325 2.2758629322052
1326 2.2676708698272705
1327 2.2837369441986084
1328 2.2914223670959473
1329 2.2843756675720215
1330 2.2843756675720215
1331 2.2709169387817383
1332 2.2773098945617676
1333 2.2957048416137695
1334 2.290346384048462
1335 2.2792577743530273
1336 2.267613172531128
1337 2.267613172531128
1338 2.2751686573028564
1339 2.29156494140625
1340 2.29156494140625
1341 2.2739479541778564
1342 2.2739479541778564
1343 2.262125015258789
1344 2.2833852767944336
1345 2.2804884910583496
1346 2.278047561645508
1347 2.267296314239502
1348 2.267296314239502
1349 2.2821507453918457
1350 2.27939510345459
1351 2.27939510345459
1352 2.2907872200012207
1353 2.2826247215270996
1354 2.275150775909424
1355 2.278564453125
1356 2.276218891143799
1357 2.292205572128296
1358 2.2972302436828613
1359 2.2972302436828613
1360 2.285569667816162
1361 2.2771732807159424
1362 2.3024795055389404
1363 2.270185708999634
1364 2.286046028137207
1365 2.2813162803649902
1366 2.2576918601989746
1367 2.2576918601989746
1368 2.2665839195251465
1369 2.2923080921173096
1370 2.288161039352417
1371 2.288161039352417
1372 2.2539868354797363
1373 2.284090280532837
1374 2.282263994216919
1375 2.2674107551574707
1376 2.267780065536499
1377 2.2642204761505127
1378 2.2697696685791016
1379 2.2697696685791016
1380 2.262249708175659
1381 2.276068687438965
1382 2.264749526977539
1383 2.264749526977539
1384 2.264749526977539
1385 2.2821204662323
1386 2.2716197967529297
1387 2.278157949447632
1388 2.270479679107666
1389 2.271454334259033
1390 2.271454334259033
1391 2.265080690383911
1392 2.265080690383911
1393 2.2585384845733643
1394 2.2585384845733643
1395 2.2784667015075684
1396 2.2784667015075684
1397 2.2563581466674805
1398 2.275148391723633
1399 2.2652463912963867
1400 2.2652463912963867
1401 2.296281337738037
1402 2.2671990394592285
1403 2.2747960090637207
1404 2.2767863273620605
1405 2.2767863273620605
1406 2.2748169898986816
1407 2.247300386428833
1408 2.247300386428833
1409 2.275319814682007
1410 2.275319814682007
1411 2.275319814682007
1412 2.283405303955078
1413 2.2640132904052734
1414 2.2640132904052734
1415 2.2776057720184326
1416 2.272780418395996
1417 2.258213520050049
1418 2.27451753616333
1419 2.286539077758789
1420 2.286539077758789
1421 2.286539077758789
1422 2.2474639415740967
1423 2.2474639415740967
1424 2.2567286491394043
1425 2.2567286491394043
1426 2.272519588470459
1427 2.272519588470459
1428 2.2604689598083496
1429 2.250417947769165
1430 2.2575790882110596
1431 2.2575790882110596
1432 2.285485029220581
1433 2.285485029220581
1434 2.251268148422241
1435 2.251268148422241
1436 2.251268148422241
1437 2.248584747314453
1438 2.2706139087677
1439 2.2706139087677
1440 2.264256238937378
1441 2.2399282455444336
1442 2.2848546504974365
1443 2.2642178535461426
1444 2.2559940814971924
1445 2.2651126384735107
1446 2.2651126384735107
1447 2.2488136291503906
1448 2.2608673572540283
1449 2.2699365615844727
1450 2.2843146324157715
1451 2.281390428543091
1452 2.259441375732422
1453 2.2691385746002197
1454 2.2510647773742676
1455 2.2510647773742676
1456 2.259568214416504
1457 2.259568214416504
1458 2.269662857055664
1459 2.2560617923736572
1460 2.2539095878601074
1461 2.2539095878601074
1462 2.249424457550049
1463 2.224308729171753
1464 2.2664501667022705
1465 2.2659006118774414
1466 2.2673988342285156
1467 2.2673988342285156
1468 2.283074378967285
1469 2.283074378967285
1470 2.283074378967285
1471 2.283074378967285
1472 2.2533211708068848
1473 2.2449653148651123
1474 2.2449653148651123
1475 2.2391417026519775
1476 2.257584810256958
1477 2.2787423133850098
1478 2.2531604766845703
1479 2.2531604766845703
1480 2.277012348175049
1481 2.2608489990234375
1482 2.2608489990234375
1483 2.266411066055298
1484 2.2511062622070312
1485 2.2128844261169434
1486 2.2128844261169434
1487 2.2128844261169434
1488 2.2678756713867188
1489 2.2312164306640625
1490 2.2312164306640625
1491 2.253174066543579
1492 2.253174066543579
1493 2.2635490894317627
1494 2.243884325027466
1495 2.243774652481079
1496 2.2604622840881348
1497 2.2797462940216064
1498 2.257478713989258
1499 2.257478713989258
