0 2.303551435470581
1 2.3053297996520996
2 2.3023808002471924
3 2.3023808002471924
4 2.2945053577423096
5 2.3033607006073
6 2.3043856620788574
7 2.3053507804870605
8 2.3004326820373535
9 2.2972729206085205
10 2.305457830429077
11 2.304868221282959
12 2.304868221282959
13 2.3006093502044678
14 2.3006093502044678
15 2.30307674407959
16 2.305321216583252
17 2.3023362159729004
18 2.3066720962524414
19 2.3066720962524414
20 2.307443857192993
21 2.307443857192993
22 2.307443857192993
23 2.300415277481079
24 2.300415277481079
25 2.3049988746643066
26 2.3049988746643066
27 2.3047728538513184
28 2.3047728538513184
29 2.2992963790893555
30 2.298434019088745
31 2.304511070251465
32 2.3043432235717773
33 2.2995762825012207
34 2.2964706420898438
35 2.297510862350464
36 2.3107080459594727
37 2.304990291595459
38 2.304990291595459
39 2.3030214309692383
40 2.2942678928375244
41 2.3047337532043457
42 2.3068313598632812
43 2.3068313598632812
44 2.3042919635772705
45 2.300750732421875
46 2.3041818141937256
47 2.3041818141937256
48 2.3041818141937256
49 2.3041818141937256
50 2.3055591583251953
51 2.300631284713745
52 2.300631284713745
53 2.302563428878784
54 2.302563428878784
55 2.302140951156616
56 2.3051230907440186
57 2.300915241241455
58 2.3052711486816406
59 2.2986340522766113
60 2.3032655715942383
61 2.302495241165161
62 2.3012478351593018
63 2.3033676147460938
64 2.3013217449188232
65 2.3013217449188232
66 2.30438494682312
67 2.3090150356292725
68 2.301708221435547
69 2.306873083114624
70 2.306873083114624
71 2.307382822036743
72 2.2994494438171387
73 2.306925058364868
74 2.306925058364868
75 2.302792549133301
76 2.3059873580932617
77 2.299697160720825
78 2.299697160720825
79 2.299438238143921
80 2.3094005584716797
81 2.309439182281494
82 2.2939226627349854
83 2.2983345985412598
84 2.3050994873046875
85 2.3050994873046875
86 2.3050994873046875
87 2.303440809249878
88 2.299999713897705
89 2.2984793186187744
90 2.30242657661438
91 2.30242657661438
92 2.3032236099243164
93 2.3032236099243164
94 2.3032236099243164
95 2.3032236099243164
96 2.3032236099243164
97 2.3050789833068848
98 2.304569721221924
99 2.3063881397247314
100 2.296055316925049
101 2.296055316925049
102 2.296055316925049
103 2.301903009414673
104 2.2999565601348877
105 2.3073160648345947
106 2.309577465057373
107 2.306709051132202
108 2.2957987785339355
109 2.3066375255584717
110 2.3066375255584717
111 2.3016395568847656
112 2.302485942840576
113 2.3012990951538086
114 2.3012990951538086
115 2.301179885864258
116 2.301179885864258
117 2.2983314990997314
118 2.3046083450317383
119 2.3048088550567627
120 2.3033952713012695
121 2.3020436763763428
122 2.300330400466919
123 2.300330400466919
124 2.299670696258545
125 2.299670696258545
126 2.291992664337158
127 2.300112724304199
128 2.3008248805999756
129 2.3035759925842285
130 2.3035759925842285
131 2.3035759925842285
132 2.304649829864502
133 2.298147678375244
134 2.2983908653259277
135 2.2917678356170654
136 2.3001439571380615
137 2.3001439571380615
138 2.2975499629974365
139 2.3034989833831787
140 2.3034989833831787
141 2.3034989833831787
142 2.3037376403808594
143 2.302492618560791
144 2.303657054901123
145 2.305534839630127
146 2.2946937084198
147 2.2946937084198
148 2.2946937084198
149 2.2946937084198
150 2.2992217540740967
151 2.2992217540740967
152 2.3007187843322754
153 2.3007187843322754
154 2.299743890762329
155 2.299743890762329
156 2.299743890762329
157 2.3080570697784424
158 2.2986557483673096
159 2.2986557483673096
160 2.302668809890747
161 2.305898904800415
162 2.305898904800415
163 2.296194076538086
164 2.296194076538086
165 2.3060786724090576
166 2.3060786724090576
167 2.3060786724090576
168 2.3060786724090576
169 2.304857015609741
170 2.2989907264709473
171 2.291097640991211
172 2.3089497089385986
173 2.3089497089385986
174 2.3100974559783936
175 2.3070809841156006
176 2.3019442558288574
177 2.296337604522705
178 2.3054699897766113
179 2.3012168407440186
180 2.2992146015167236
181 2.2992146015167236
182 2.2992146015167236
183 2.2992146015167236
184 2.2992146015167236
185 2.2992146015167236
186 2.2995173931121826
187 2.2995877265930176
188 2.304077625274658
189 2.2920849323272705
190 2.2920849323272705
191 2.2920849323272705
192 2.29343318939209
193 2.3013253211975098
194 2.3013253211975098
195 2.3013253211975098
196 2.3013253211975098
197 2.304823875427246
198 2.304823875427246
199 2.304823875427246
200 2.299518585205078
201 2.3076767921447754
202 2.3005144596099854
203 2.3005144596099854
204 2.312046766281128
205 2.312046766281128
206 2.312046766281128
207 2.302996873855591
208 2.302996873855591
209 2.299431800842285
210 2.3041164875030518
211 2.304872751235962
212 2.2984514236450195
213 2.3023035526275635
214 2.304327964782715
215 2.297858953475952
216 2.3016254901885986
217 2.3016254901885986
218 2.299466609954834
219 2.293325185775757
220 2.303028106689453
221 2.301302909851074
222 2.2987775802612305
223 2.3031649589538574
224 2.3031649589538574
225 2.3014779090881348
226 2.3014779090881348
227 2.2992656230926514
228 2.2992656230926514
229 2.2992656230926514
230 2.3027589321136475
231 2.2975950241088867
232 2.295254945755005
233 2.2982101440429688
234 2.2982101440429688
235 2.3050320148468018
236 2.302166700363159
237 2.3007490634918213
238 2.2998523712158203
239 2.2998523712158203
240 2.2998523712158203
241 2.2968029975891113
242 2.301037549972534
243 2.301037549972534
244 2.301037549972534
245 2.301037549972534
246 2.304511070251465
247 2.304511070251465
248 2.295029401779175
249 2.299447536468506
250 2.299447536468506
251 2.299447536468506
252 2.299447536468506
253 2.299447536468506
254 2.299447536468506
255 2.3038158416748047
256 2.3038158416748047
257 2.3007442951202393
258 2.303454875946045
259 2.296449661254883
260 2.3048455715179443
261 2.3048455715179443
262 2.3048455715179443
263 2.2944467067718506
264 2.2993955612182617
265 2.2970950603485107
266 2.3018438816070557
267 2.3046181201934814
268 2.303196907043457
269 2.293745279312134
270 2.3010520935058594
271 2.3011181354522705
272 2.295865535736084
273 2.3110032081604004
274 2.302891731262207
275 2.302891731262207
276 2.300987720489502
277 2.3040168285369873
278 2.3040168285369873
279 2.3040168285369873
280 2.3040168285369873
281 2.3040168285369873
282 2.3021626472473145
283 2.3053336143493652
284 2.3051364421844482
285 2.307291269302368
286 2.3064029216766357
287 2.305784225463867
288 2.307588815689087
289 2.3019542694091797
290 2.300382614135742
291 2.300382614135742
292 2.3024659156799316
293 2.3024659156799316
294 2.302435874938965
295 2.3012895584106445
296 2.3029892444610596
297 2.2969584465026855
298 2.301283597946167
299 2.296616792678833
300 2.296616792678833
301 2.304746150970459
302 2.304746150970459
303 2.299996852874756
304 2.3062756061553955
305 2.3062756061553955
306 2.3062756061553955
307 2.3062756061553955
308 2.3003766536712646
309 2.2950687408447266
310 2.300436019897461
311 2.300436019897461
312 2.299128532409668
313 2.301058769226074
314 2.3020384311676025
315 2.306150436401367
316 2.300107479095459
317 2.300107479095459
318 2.300107479095459
319 2.300107479095459
320 2.2996890544891357
321 2.301917314529419
322 2.298844575881958
323 2.298844575881958
324 2.298844575881958
325 2.298844575881958
326 2.3032846450805664
327 2.3063652515411377
328 2.2944040298461914
329 2.2944040298461914
330 2.298121213912964
331 2.2939388751983643
332 2.30077862739563
333 2.3055615425109863
334 2.3078954219818115
335 2.3078954219818115
336 2.3035130500793457
337 2.3068630695343018
338 2.3068630695343018
339 2.2972700595855713
340 2.3070473670959473
341 2.298571825027466
342 2.298571825027466
343 2.2956185340881348
344 2.2956185340881348
345 2.3067753314971924
346 2.306260108947754
347 2.3028364181518555
348 2.3012568950653076
349 2.3030521869659424
350 2.299801826477051
351 2.3032145500183105
352 2.3052666187286377
353 2.3052666187286377
354 2.3066508769989014
355 2.3003439903259277
356 2.3044753074645996
357 2.301227331161499
358 2.301227331161499
359 2.29681134223938
360 2.29681134223938
361 2.29681134223938
362 2.303539991378784
363 2.303539991378784
364 2.3090779781341553
365 2.2972514629364014
366 2.298003911972046
367 2.302825689315796
368 2.3002917766571045
369 2.2939095497131348
370 2.2939095497131348
371 2.2939095497131348
372 2.304168939590454
373 2.304168939590454
374 2.304168939590454
375 2.310344696044922
376 2.305436611175537
377 2.305436611175537
378 2.304027557373047
379 2.3057713508605957
380 2.3057713508605957
381 2.3057713508605957
382 2.2995364665985107
383 2.295680284500122
384 2.295680284500122
385 2.295680284500122
386 2.295680284500122
387 2.300424814224243
388 2.300424814224243
389 2.305605888366699
390 2.303518533706665
391 2.303804636001587
392 2.2969882488250732
393 2.2969882488250732
394 2.2969882488250732
395 2.2955479621887207
396 2.2955479621887207
397 2.3023834228515625
398 2.291438579559326
399 2.3070366382598877
400 2.3043088912963867
401 2.3043088912963867
402 2.2951581478118896
403 2.301832675933838
404 2.3008551597595215
405 2.2989494800567627
406 2.2989494800567627
407 2.2989494800567627
408 2.301924705505371
409 2.298888921737671
410 2.2935378551483154
411 2.2935378551483154
412 2.3002896308898926
413 2.3039352893829346
414 2.3011958599090576
415 2.3039968013763428
416 2.2941184043884277
417 2.2941184043884277
418 2.3059022426605225
419 2.2947068214416504
420 2.298919677734375
421 2.300689220428467
422 2.3034517765045166
423 2.299710750579834
424 2.308202028274536
425 2.303004503250122
426 2.298765182495117
427 2.298765182495117
428 2.298765182495117
429 2.298765182495117
430 2.3012712001800537
431 2.293792724609375
432 2.303481340408325
433 2.303481340408325
434 2.303481340408325
435 2.303481340408325
436 2.2976150512695312
437 2.3019745349884033
438 2.3019745349884033
439 2.3019745349884033
440 2.3019745349884033
441 2.3006720542907715
442 2.3013792037963867
443 2.29972767829895
444 2.2961034774780273
445 2.2916176319122314
446 2.2891547679901123
447 2.304359197616577
448 2.303635597229004
449 2.3011314868927
450 2.300731897354126
451 2.3022146224975586
452 2.3002567291259766
453 2.301185369491577
454 2.3023574352264404
455 2.3044090270996094
456 2.3062760829925537
457 2.3035788536071777
458 2.3035788536071777
459 2.306142807006836
460 2.3032262325286865
461 2.2945127487182617
462 2.3035266399383545
463 2.3035266399383545
464 2.291128396987915
465 2.2986886501312256
466 2.300279140472412
467 2.29481840133667
468 2.29481840133667
469 2.2913239002227783
470 2.3100674152374268
471 2.305042266845703
472 2.305042266845703
473 2.3025104999542236
474 2.3017773628234863
475 2.3017773628234863
476 2.2969846725463867
477 2.297637462615967
478 2.309490442276001
479 2.309490442276001
480 2.2969937324523926
481 2.2969937324523926
482 2.305293321609497
483 2.3005027770996094
484 2.29233455657959
485 2.2991137504577637
486 2.2991137504577637
487 2.3007078170776367
488 2.2990705966949463
489 2.2990705966949463
490 2.2990705966949463
491 2.3058018684387207
492 2.3071694374084473
493 2.3071694374084473
494 2.298567056655884
495 2.298567056655884
496 2.298567056655884
497 2.300691843032837
498 2.3049449920654297
499 2.3042101860046387
500 2.296868324279785
501 2.3087897300720215
502 2.3087897300720215
503 2.3007702827453613
504 2.300095558166504
505 2.300095558166504
506 2.3045170307159424
507 2.3045170307159424
508 2.2984511852264404
509 2.2984511852264404
510 2.304154634475708
511 2.304314136505127
512 2.2988812923431396
513 2.2919416427612305
514 2.2919416427612305
515 2.2969987392425537
516 2.306328058242798
517 2.298861503601074
518 2.2956337928771973
519 2.3050684928894043
520 2.3050684928894043
521 2.3050684928894043
522 2.296621799468994
523 2.296640396118164
524 2.2981362342834473
525 2.2998220920562744
526 2.3043577671051025
527 2.2960588932037354
528 2.3049848079681396
529 2.2955543994903564
530 2.298539400100708
531 2.298539400100708
532 2.298539400100708
533 2.304305076599121
534 2.304305076599121
535 2.3007454872131348
536 2.3056936264038086
537 2.2951760292053223
538 2.298664093017578
539 2.298664093017578
540 2.298664093017578
541 2.298664093017578
542 2.297785997390747
543 2.2936558723449707
544 2.3067877292633057
545 2.3067877292633057
546 2.3033413887023926
547 2.3033413887023926
548 2.303572416305542
549 2.3015811443328857
550 2.3035929203033447
551 2.2970569133758545
552 2.2970569133758545
553 2.300848960876465
554 2.2997870445251465
555 2.2997870445251465
556 2.292757272720337
557 2.2991652488708496
558 2.2991652488708496
559 2.2991652488708496
560 2.303945302963257
561 2.307142734527588
562 2.307142734527588
563 2.307142734527588
564 2.303459405899048
565 2.3027503490448
566 2.2949371337890625
567 2.2949371337890625
568 2.2949371337890625
569 2.2921488285064697
570 2.294588804244995
571 2.2962594032287598
572 2.2983486652374268
573 2.3076364994049072
574 2.3076364994049072
575 2.3076364994049072
576 2.301654815673828
577 2.295222759246826
578 2.3048558235168457
579 2.2990217208862305
580 2.299909830093384
581 2.2988836765289307
582 2.309495449066162
583 2.3006670475006104
584 2.296860933303833
585 2.3020741939544678
586 2.3017377853393555
587 2.3046720027923584
588 2.295445680618286
589 2.295445680618286
590 2.298401355743408
591 2.298401355743408
592 2.2977709770202637
593 2.2961812019348145
594 2.3066186904907227
595 2.3006205558776855
596 2.302739143371582
597 2.297060489654541
598 2.3103296756744385
599 2.3103296756744385
600 2.3057804107666016
601 2.3080084323883057
602 2.2992820739746094
603 2.290416955947876
604 2.290416955947876
605 2.293205499649048
606 2.3006021976470947
607 2.3006021976470947
608 2.2954559326171875
609 2.306527614593506
610 2.306527614593506
611 2.309612274169922
612 2.2996826171875
613 2.299170970916748
614 2.3014609813690186
615 2.303384304046631
616 2.303384304046631
617 2.2973508834838867
618 2.2973508834838867
619 2.2920377254486084
620 2.29091739654541
621 2.299431085586548
622 2.3006155490875244
623 2.3034098148345947
624 2.3034098148345947
625 2.298475742340088
626 2.298475742340088
627 2.2986817359924316
628 2.2986817359924316
629 2.2914154529571533
630 2.2980523109436035
631 2.2980523109436035
632 2.2956485748291016
633 2.288470506668091
634 2.28936505317688
635 2.3046751022338867
636 2.2959556579589844
637 2.30014705657959
638 2.307340145111084
639 2.3084959983825684
640 2.310451030731201
641 2.294881582260132
642 2.293304443359375
643 2.2958545684814453
644 2.2958545684814453
645 2.2958545684814453
646 2.3008997440338135
647 2.3010830879211426
648 2.2960381507873535
649 2.300591230392456
650 2.294713258743286
651 2.3060672283172607
652 2.3060672283172607
653 2.2975172996520996
654 2.2975172996520996
655 2.2981998920440674
656 2.2958903312683105
657 2.308799982070923
658 2.3049561977386475
659 2.301095485687256
660 2.305502414703369
661 2.3025825023651123
662 2.3052425384521484
663 2.287292957305908
664 2.3026483058929443
665 2.295611619949341
666 2.3017115592956543
667 2.3017115592956543
668 2.3017115592956543
669 2.3047726154327393
670 2.3047726154327393
671 2.3047726154327393
672 2.2988028526306152
673 2.3005006313323975
674 2.298677444458008
675 2.294262170791626
676 2.3066630363464355
677 2.3062198162078857
678 2.3062198162078857
679 2.2884299755096436
680 2.3035097122192383
681 2.3035097122192383
682 2.3087563514709473
683 2.2959845066070557
684 2.2991995811462402
685 2.2991995811462402
686 2.3021275997161865
687 2.3021275997161865
688 2.3021275997161865
689 2.3040711879730225
690 2.308619260787964
691 2.2967052459716797
692 2.2923007011413574
693 2.3041505813598633
694 2.2988781929016113
695 2.2988781929016113
696 2.2913637161254883
697 2.29256534576416
698 2.29256534576416
699 2.29256534576416
700 2.2973742485046387
701 2.2924318313598633
702 2.2924318313598633
703 2.2924318313598633
704 2.3086190223693848
705 2.3086190223693848
706 2.301778554916382
707 2.301778554916382
708 2.3097033500671387
709 2.3054378032684326
710 2.29943585395813
711 2.306593894958496
712 2.292557716369629
713 2.296003580093384
714 2.298999786376953
715 2.300363302230835
716 2.3038885593414307
717 2.3003528118133545
718 2.294651746749878
719 2.2982821464538574
720 2.2976815700531006
721 2.3011927604675293
722 2.306673288345337
723 2.286649703979492
724 2.2941269874572754
725 2.2996973991394043
726 2.2984983921051025
727 2.2884044647216797
728 2.299722194671631
729 2.2997944355010986
730 2.2997944355010986
731 2.2983920574188232
732 2.2980775833129883
733 2.2976839542388916
734 2.2976839542388916
735 2.2976839542388916
736 2.29805064201355
737 2.3068788051605225
738 2.3068788051605225
739 2.302142381668091
740 2.302142381668091
741 2.302142381668091
742 2.3083622455596924
743 2.2887489795684814
744 2.2995643615722656
745 2.2862472534179688
746 2.3024165630340576
747 2.3024165630340576
748 2.2915878295898438
749 2.2915878295898438
750 2.2968668937683105
751 2.2965259552001953
752 2.293593168258667
753 2.3014118671417236
754 2.3014118671417236
755 2.3009893894195557
756 2.3009893894195557
757 2.30190372467041
758 2.301762342453003
759 2.301762342453003
760 2.299964427947998
761 2.2933309078216553
762 2.293715238571167
763 2.2932896614074707
764 2.295875310897827
765 2.2922685146331787
766 2.2949719429016113
767 2.2949728965759277
768 2.2949728965759277
769 2.2949728965759277
770 2.2949728965759277
771 2.290635585784912
772 2.2970223426818848
773 2.2985429763793945
774 2.2993898391723633
775 2.2993898391723633
776 2.300675630569458
777 2.3016111850738525
778 2.288968801498413
779 2.2924861907958984
780 2.2924861907958984
781 2.3091444969177246
782 2.3050825595855713
783 2.2936079502105713
784 2.2883834838867188
785 2.2934064865112305
786 2.3005259037017822
787 2.3005259037017822
788 2.3005259037017822
789 2.3005259037017822
790 2.3009684085845947
791 2.296649694442749
792 2.292012929916382
793 2.2896740436553955
794 2.302460193634033
795 2.2992165088653564
796 2.2896690368652344
797 2.305525302886963
798 2.3010427951812744
799 2.2903947830200195
800 2.304741621017456
801 2.2955381870269775
802 2.3058457374572754
803 2.3058457374572754
804 2.2957401275634766
805 2.2969017028808594
806 2.2951250076293945
807 2.2951250076293945
808 2.29221248626709
809 2.29221248626709
810 2.2930784225463867
811 2.302035331726074
812 2.300074577331543
813 2.2960050106048584
814 2.2960050106048584
815 2.289893388748169
816 2.289893388748169
817 2.3015987873077393
818 2.3015987873077393
819 2.3015987873077393
820 2.292738199234009
821 2.292738199234009
822 2.292738199234009
823 2.292738199234009
824 2.292738199234009
825 2.293365001678467
826 2.2996366024017334
827 2.3033668994903564
828 2.3039798736572266
829 2.2956182956695557
830 2.2959182262420654
831 2.2959182262420654
832 2.2987165451049805
833 2.2994089126586914
834 2.304633140563965
835 2.2888379096984863
836 2.299750566482544
837 2.299750566482544
838 2.299750566482544
839 2.2970778942108154
840 2.306168556213379
841 2.306168556213379
842 2.293673038482666
843 2.3018243312835693
844 2.3018243312835693
845 2.3062477111816406
846 2.3062477111816406
847 2.302851915359497
848 2.302851915359497
849 2.2937839031219482
850 2.2937839031219482
851 2.2977893352508545
852 2.2977893352508545
853 2.2977893352508545
854 2.3097448348999023
855 2.3097448348999023
856 2.2905473709106445
857 2.2905473709106445
858 2.2935409545898438
859 2.2935409545898438
860 2.2935409545898438
861 2.2983686923980713
862 2.2880728244781494
863 2.2880728244781494
864 2.2971227169036865
865 2.2907822132110596
866 2.301793098449707
867 2.2858660221099854
868 2.294192314147949
869 2.2951486110687256
870 2.304461717605591
871 2.299933433532715
872 2.299933433532715
873 2.299933433532715
874 2.2980878353118896
875 2.290452003479004
876 2.2878239154815674
877 2.294778347015381
878 2.2960317134857178
879 2.295555830001831
880 2.3083181381225586
881 2.304036855697632
882 2.29032301902771
883 2.305826425552368
884 2.297821283340454
885 2.2934298515319824
886 2.295740842819214
887 2.2966651916503906
888 2.2956390380859375
889 2.300170421600342
890 2.2908971309661865
891 2.2908971309661865
892 2.2797093391418457
893 2.302877902984619
894 2.2874088287353516
895 2.2874088287353516
896 2.2895779609680176
897 2.2969212532043457
898 2.2928357124328613
899 2.284964084625244
900 2.2932794094085693
901 2.3018829822540283
902 2.298586130142212
903 2.298586130142212
904 2.3001880645751953
905 2.3001880645751953
906 2.292996406555176
907 2.292996406555176
908 2.292996406555176
909 2.3027305603027344
910 2.290339708328247
911 2.2923545837402344
912 2.289513111114502
913 2.289513111114502
914 2.289513111114502
915 2.289513111114502
916 2.292647123336792
917 2.292919158935547
918 2.295581817626953
919 2.295581817626953
920 2.297875165939331
921 2.297875165939331
922 2.2966604232788086
923 2.3035712242126465
924 2.29764986038208
925 2.29764986038208
926 2.2909631729125977
927 2.2909631729125977
928 2.2999892234802246
929 2.2983686923980713
930 2.2928895950317383
931 2.2928895950317383
932 2.2982189655303955
933 2.2962093353271484
934 2.295060157775879
935 2.291712999343872
936 2.294076919555664
937 2.2990970611572266
938 2.2990970611572266
939 2.2980761528015137
940 2.2908143997192383
941 2.2949700355529785
942 2.2984015941619873
943 2.2984015941619873
944 2.2865500450134277
945 2.2981247901916504
946 2.296600341796875
947 2.3038253784179688
948 2.288956642150879
949 2.2905161380767822
950 2.2949259281158447
951 2.2850289344787598
952 2.287468433380127
953 2.289722204208374
954 2.289722204208374
955 2.296436071395874
956 2.298295736312866
957 2.2952206134796143
958 2.2842390537261963
959 2.2842390537261963
960 2.2964086532592773
961 2.303658962249756
962 2.303658962249756
963 2.3002047538757324
964 2.296482563018799
965 2.3010408878326416
966 2.3010408878326416
967 2.300384521484375
968 2.2921552658081055
969 2.297172784805298
970 2.294074296951294
971 2.2843902111053467
972 2.2843902111053467
973 2.3032596111297607
974 2.2999391555786133
975 2.2976622581481934
976 2.2976622581481934
977 2.2902915477752686
978 2.3015851974487305
979 2.2887914180755615
980 2.2887914180755615
981 2.2990684509277344
982 2.292201280593872
983 2.2931411266326904
984 2.294682741165161
985 2.2927634716033936
986 2.292710304260254
987 2.2913572788238525
988 2.293283462524414
989 2.296177864074707
990 2.283342123031616
991 2.283342123031616
992 2.283342123031616
993 2.281050443649292
994 2.281050443649292
995 2.281050443649292
996 2.2982797622680664
997 2.2982797622680664
998 2.2920541763305664
999 2.298021078109741
1000 2.301365613937378
1001 2.294154167175293
1002 2.288839340209961
1003 2.288839340209961
1004 2.288839340209961
1005 2.2986373901367188
1006 2.293095827102661
1007 2.293095827102661
1008 2.293095827102661
1009 2.3025074005126953
1010 2.3025074005126953
1011 2.299741744995117
1012 2.299741744995117
1013 2.289851188659668
1014 2.289851188659668
1015 2.3051207065582275
1016 2.3051207065582275
1017 2.2908451557159424
1018 2.299700975418091
1019 2.2787325382232666
1020 2.295372724533081
1021 2.2990715503692627
1022 2.3063747882843018
1023 2.2871780395507812
1024 2.281592845916748
1025 2.281592845916748
1026 2.281592845916748
1027 2.297422409057617
1028 2.3042807579040527
1029 2.285281181335449
1030 2.303401470184326
1031 2.285539150238037
1032 2.3002686500549316
1033 2.2912964820861816
1034 2.298971652984619
1035 2.277296304702759
1036 2.293459892272949
1037 2.31139874458313
1038 2.292475461959839
1039 2.2961959838867188
1040 2.2961959838867188
1041 2.296008586883545
1042 2.296008586883545
1043 2.296008586883545
1044 2.297868251800537
1045 2.297868251800537
1046 2.292804479598999
1047 2.292804479598999
1048 2.2933349609375
1049 2.2852020263671875
1050 2.2896904945373535
1051 2.299675226211548
1052 2.307765007019043
1053 2.2983059883117676
1054 2.290227174758911
1055 2.2935757637023926
1056 2.3003270626068115
1057 2.2989885807037354
1058 2.2926158905029297
1059 2.2926158905029297
1060 2.2949650287628174
1061 2.2949650287628174
1062 2.2949650287628174
1063 2.2833080291748047
1064 2.2833080291748047
1065 2.2833080291748047
1066 2.2997496128082275
1067 2.297525644302368
1068 2.2902698516845703
1069 2.288729429244995
1070 2.288729429244995
1071 2.295344829559326
1072 2.28438401222229
1073 2.28438401222229
1074 2.283883810043335
1075 2.2901694774627686
1076 2.306459665298462
1077 2.296886682510376
1078 2.296886682510376
1079 2.295417308807373
1080 2.295417308807373
1081 2.2966954708099365
1082 2.3050880432128906
1083 2.3019323348999023
1084 2.275670289993286
1085 2.2879457473754883
1086 2.2923483848571777
1087 2.28610897064209
1088 2.3008036613464355
1089 2.3008036613464355
1090 2.279597759246826
1091 2.279597759246826
1092 2.290630340576172
1093 2.293621301651001
1094 2.293621301651001
1095 2.293621301651001
1096 2.289638042449951
1097 2.290835380554199
1098 2.2796545028686523
1099 2.2976150512695312
1100 2.2870571613311768
1101 2.2879559993743896
1102 2.301649332046509
1103 2.3010005950927734
1104 2.2965099811553955
1105 2.3005025386810303
1106 2.281353235244751
1107 2.2798068523406982
1108 2.2798068523406982
1109 2.2862191200256348
1110 2.2862191200256348
1111 2.288130521774292
1112 2.3030967712402344
1113 2.280348777770996
1114 2.305084228515625
1115 2.2859771251678467
1116 2.2859771251678467
1117 2.285881519317627
1118 2.294367790222168
1119 2.300166606903076
1120 2.2870113849639893
1121 2.288343667984009
1122 2.3004138469696045
1123 2.3004138469696045
1124 2.3004138469696045
1125 2.284641742706299
1126 2.2969770431518555
1127 2.2969770431518555
1128 2.2998743057250977
1129 2.3015851974487305
1130 2.2911410331726074
1131 2.2911410331726074
1132 2.294649600982666
1133 2.294649600982666
1134 2.2989649772644043
1135 2.3018221855163574
1136 2.28529691696167
1137 2.2961483001708984
1138 2.2961483001708984
1139 2.2873005867004395
1140 2.2873005867004395
1141 2.2990305423736572
1142 2.2951197624206543
1143 2.2951197624206543
1144 2.2925057411193848
1145 2.2844724655151367
1146 2.2844724655151367
1147 2.296823024749756
1148 2.2946982383728027
1149 2.2946982383728027
1150 2.2946982383728027
1151 2.2936620712280273
1152 2.285395860671997
1153 2.283235549926758
1154 2.2923667430877686
1155 2.2896692752838135
1156 2.2954766750335693
1157 2.2954766750335693
1158 2.283982276916504
1159 2.296143054962158
1160 2.2877373695373535
1161 2.2877373695373535
1162 2.2825708389282227
1163 2.2718844413757324
1164 2.281588554382324
1165 2.281588554382324
1166 2.281588554382324
1167 2.281588554382324
1168 2.2877094745635986
1169 2.303109645843506
1170 2.303109645843506
1171 2.303109645843506
1172 2.297602653503418
1173 2.297602653503418
1174 2.2810676097869873
1175 2.2945752143859863
1176 2.2945752143859863
1177 2.287484884262085
1178 2.2830681800842285
1179 2.2889161109924316
1180 2.290778398513794
1181 2.2897896766662598
1182 2.2884223461151123
1183 2.2915852069854736
1184 2.2973077297210693
1185 2.2973077297210693
1186 2.2796223163604736
1187 2.2796223163604736
1188 2.2796223163604736
1189 2.2839839458465576
1190 2.283216714859009
1191 2.283216714859009
1192 2.278174638748169
1193 2.2800521850585938
1194 2.295783281326294
1195 2.295783281326294
1196 2.2880117893218994
1197 2.291706085205078
1198 2.291706085205078
1199 2.291706085205078
1200 2.2848711013793945
1201 2.27842116355896
1202 2.27842116355896
1203 2.28849720954895
1204 2.2903730869293213
1205 2.2903730869293213
1206 2.266867160797119
1207 2.2887156009674072
1208 2.2887156009674072
1209 2.2817800045013428
1210 2.2817800045013428
1211 2.282599687576294
1212 2.282599687576294
1213 2.282599687576294
1214 2.2836055755615234
1215 2.279341459274292
1216 2.281801700592041
1217 2.281801700592041
1218 2.281801700592041
1219 2.28252911567688
1220 2.303462028503418
1221 2.303462028503418
1222 2.2905590534210205
1223 2.2855145931243896
1224 2.299699068069458
1225 2.299699068069458
1226 2.289217948913574
1227 2.293193817138672
1228 2.293193817138672
1229 2.276870012283325
1230 2.276870012283325
1231 2.2840659618377686
1232 2.29899525642395
1233 2.29899525642395
1234 2.288623094558716
1235 2.2832398414611816
1236 2.3022005558013916
1237 2.2965850830078125
1238 2.283292770385742
1239 2.2754199504852295
1240 2.270869731903076
1241 2.270869731903076
1242 2.2797787189483643
1243 2.2693116664886475
1244 2.2693116664886475
1245 2.2742490768432617
1246 2.2865097522735596
1247 2.2865097522735596
1248 2.3095250129699707
1249 2.2843990325927734
1250 2.290278673171997
1251 2.2764594554901123
1252 2.282728433609009
1253 2.2855074405670166
1254 2.2855074405670166
1255 2.2905218601226807
1256 2.2766969203948975
1257 2.2680294513702393
1258 2.2700893878936768
1259 2.2789156436920166
1260 2.2667953968048096
1261 2.2667953968048096
1262 2.2749619483947754
1263 2.2924904823303223
1264 2.2924904823303223
1265 2.287770986557007
1266 2.266749143600464
1267 2.2719011306762695
1268 2.277899980545044
1269 2.277899980545044
1270 2.286198616027832
1271 2.286198616027832
1272 2.260786294937134
1273 2.2673897743225098
1274 2.2673897743225098
1275 2.2868878841400146
1276 2.2868878841400146
1277 2.282958984375
1278 2.286496877670288
1279 2.286496877670288
1280 2.286496877670288
1281 2.2885520458221436
1282 2.2885520458221436
1283 2.2806735038757324
1284 2.264050006866455
1285 2.2805867195129395
1286 2.281740427017212
1287 2.281740427017212
1288 2.281740427017212
1289 2.2659878730773926
1290 2.2659878730773926
1291 2.2736082077026367
1292 2.2881579399108887
1293 2.2850399017333984
1294 2.2881834506988525
1295 2.2881152629852295
1296 2.2881152629852295
1297 2.2741222381591797
1298 2.2741222381591797
1299 2.302011489868164
1300 2.2944202423095703
1301 2.2925755977630615
1302 2.2949554920196533
1303 2.2949554920196533
1304 2.2798900604248047
1305 2.2798900604248047
1306 2.2798900604248047
1307 2.2986176013946533
1308 2.2986176013946533
1309 2.2926738262176514
1310 2.268415927886963
1311 2.2903037071228027
1312 2.2736711502075195
1313 2.2755649089813232
1314 2.2755649089813232
1315 2.2755649089813232
1316 2.2755649089813232
1317 2.286709785461426
1318 2.273160934448242
1319 2.273160934448242
1320 2.27605938911438
1321 2.28507924079895
1322 2.2929906845092773
1323 2.2713472843170166
1324 2.2721080780029297
1325 2.2721080780029297
1326 2.2721080780029297
1327 2.284148693084717
1328 2.284148693084717
1329 2.284148693084717
1330 2.283892869949341
1331 2.283892869949341
1332 2.2772865295410156
1333 2.2686774730682373
1334 2.2711727619171143
1335 2.2711727619171143
1336 2.288050413131714
1337 2.285198211669922
1338 2.285198211669922
1339 2.277921199798584
1340 2.2742366790771484
1341 2.295022487640381
1342 2.295022487640381
1343 2.295022487640381
1344 2.295022487640381
1345 2.2755908966064453
1346 2.278707981109619
1347 2.279069662094116
1348 2.279069662094116
1349 2.2848353385925293
1350 2.2661807537078857
1351 2.277578830718994
1352 2.277578830718994
1353 2.277578830718994
1354 2.2881345748901367
1355 2.2832775115966797
1356 2.2696218490600586
1357 2.2655813694000244
1358 2.2721352577209473
1359 2.2721352577209473
1360 2.262836456298828
1361 2.262836456298828
1362 2.262836456298828
1363 2.262836456298828
1364 2.262836456298828
1365 2.262836456298828
1366 2.262836456298828
1367 2.2714719772338867
1368 2.2714719772338867
1369 2.278454065322876
1370 2.262784481048584
1371 2.287637710571289
1372 2.27878475189209
1373 2.27292799949646
1374 2.2541303634643555
1375 2.2692415714263916
1376 2.2704384326934814
1377 2.272670269012451
1378 2.259774684906006
1379 2.276279926300049
1380 2.2714760303497314
1381 2.2714760303497314
1382 2.2714760303497314
1383 2.2732346057891846
1384 2.269029140472412
1385 2.269029140472412
1386 2.286026954650879
1387 2.2690248489379883
1388 2.284193277359009
1389 2.284193277359009
1390 2.261582612991333
1391 2.261582612991333
1392 2.2642343044281006
1393 2.2642343044281006
1394 2.2987189292907715
1395 2.2881624698638916
1396 2.2633566856384277
1397 2.2633566856384277
1398 2.278698205947876
1399 2.278698205947876
1400 2.278698205947876
1401 2.25177264213562
1402 2.2705020904541016
1403 2.2705020904541016
1404 2.2817132472991943
1405 2.264768362045288
1406 2.2640089988708496
1407 2.2598648071289062
1408 2.2751998901367188
1409 2.2751998901367188
1410 2.2751998901367188
1411 2.263035297393799
1412 2.266361713409424
1413 2.2449123859405518
1414 2.2588768005371094
1415 2.2588768005371094
1416 2.2588768005371094
1417 2.268378734588623
1418 2.267007827758789
1419 2.2875163555145264
1420 2.2486822605133057
1421 2.2676546573638916
1422 2.2676546573638916
1423 2.2944562435150146
1424 2.2612626552581787
1425 2.2612626552581787
1426 2.2760565280914307
1427 2.2778167724609375
1428 2.27394437789917
1429 2.27394437789917
1430 2.27394437789917
1431 2.241537570953369
1432 2.241537570953369
1433 2.2470531463623047
1434 2.2470531463623047
1435 2.2653706073760986
1436 2.245516777038574
1437 2.241251230239868
1438 2.2735159397125244
1439 2.279294490814209
1440 2.279294490814209
1441 2.279294490814209
1442 2.279294490814209
1443 2.2666075229644775
1444 2.252260446548462
1445 2.2765069007873535
1446 2.2558979988098145
1447 2.2558979988098145
1448 2.25689959526062
1449 2.25689959526062
1450 2.2674524784088135
1451 2.265793800354004
1452 2.26743221282959
1453 2.26743221282959
1454 2.2526354789733887
1455 2.233818769454956
1456 2.233818769454956
1457 2.2451748847961426
1458 2.2557432651519775
1459 2.2557432651519775
1460 2.2564046382904053
1461 2.242697238922119
1462 2.248662233352661
1463 2.2545042037963867
1464 2.2680375576019287
1465 2.2680375576019287
1466 2.261047840118408
1467 2.2612836360931396
1468 2.2621347904205322
1469 2.26464581489563
1470 2.2565019130706787
1471 2.276289463043213
1472 2.247793674468994
1473 2.247793674468994
1474 2.2519583702087402
1475 2.2519583702087402
1476 2.26179575920105
1477 2.290005922317505
1478 2.248741626739502
1479 2.248741626739502
1480 2.232379198074341
1481 2.210754156112671
1482 2.2620737552642822
1483 2.2620737552642822
1484 2.2940006256103516
1485 2.2940006256103516
1486 2.2940006256103516
1487 2.2516815662384033
1488 2.2516815662384033
1489 2.2568283081054688
1490 2.2568283081054688
1491 2.231767177581787
1492 2.254974365234375
1493 2.254974365234375
1494 2.254974365234375
1495 2.2389209270477295
1496 2.219238519668579
1497 2.266979694366455
1498 2.2381348609924316
1499 2.2875521183013916
