0 2.297922134399414
1 2.3030123710632324
2 2.2971413135528564
3 2.2971413135528564
4 2.3100550174713135
5 2.2979354858398438
6 2.2979354858398438
7 2.2941112518310547
8 2.3044915199279785
9 2.303874969482422
10 2.30291748046875
11 2.296532392501831
12 2.298522472381592
13 2.303982973098755
14 2.306917190551758
15 2.306917190551758
16 2.301193952560425
17 2.3028922080993652
18 2.3028922080993652
19 2.3028922080993652
20 2.3028922080993652
21 2.29742169380188
22 2.302130937576294
23 2.300130844116211
24 2.3082754611968994
25 2.299989700317383
26 2.3066959381103516
27 2.3021466732025146
28 2.3023571968078613
29 2.2994415760040283
30 2.3015341758728027
31 2.3015341758728027
32 2.3015341758728027
33 2.304582118988037
34 2.297657012939453
35 2.302539825439453
36 2.300706624984741
37 2.300706624984741
38 2.296476364135742
39 2.305083751678467
40 2.305083751678467
41 2.304028034210205
42 2.3020524978637695
43 2.298478126525879
44 2.2951645851135254
45 2.307710647583008
46 2.2989566326141357
47 2.3054494857788086
48 2.3034064769744873
49 2.3034064769744873
50 2.3002007007598877
51 2.3002007007598877
52 2.3014273643493652
53 2.300583600997925
54 2.300583600997925
55 2.306022882461548
56 2.305162191390991
57 2.298976182937622
58 2.298976182937622
59 2.3045873641967773
60 2.3045873641967773
61 2.3011200428009033
62 2.305964231491089
63 2.305964231491089
64 2.305964231491089
65 2.305964231491089
66 2.29994535446167
67 2.29994535446167
68 2.3025031089782715
69 2.2969486713409424
70 2.299572706222534
71 2.2977118492126465
72 2.3054635524749756
73 2.3048272132873535
74 2.3014752864837646
75 2.302365303039551
76 2.302365303039551
77 2.298858404159546
78 2.302577018737793
79 2.3009860515594482
80 2.3009860515594482
81 2.3039968013763428
82 2.3050625324249268
83 2.3050625324249268
84 2.3044118881225586
85 2.301886796951294
86 2.304703950881958
87 2.30570125579834
88 2.3054444789886475
89 2.2995128631591797
90 2.29964017868042
91 2.305394172668457
92 2.305394172668457
93 2.305394172668457
94 2.304692506790161
95 2.29923677444458
96 2.310922622680664
97 2.304182291030884
98 2.297868013381958
99 2.3039071559906006
100 2.3040499687194824
101 2.3002467155456543
102 2.2972686290740967
103 2.299043655395508
104 2.305501937866211
105 2.2971370220184326
106 2.307563066482544
107 2.3096652030944824
108 2.2995738983154297
109 2.2995738983154297
110 2.3026657104492188
111 2.2966926097869873
112 2.3047337532043457
113 2.297431230545044
114 2.3060660362243652
115 2.302797794342041
116 2.302797794342041
117 2.303307056427002
118 2.3063535690307617
119 2.3063535690307617
120 2.2948009967803955
121 2.3047661781311035
122 2.3047661781311035
123 2.3031930923461914
124 2.297654867172241
125 2.296320915222168
126 2.3032994270324707
127 2.305514097213745
128 2.305514097213745
129 2.301117420196533
130 2.2983267307281494
131 2.2983267307281494
132 2.3021671772003174
133 2.3021671772003174
134 2.2963733673095703
135 2.3048014640808105
136 2.306948661804199
137 2.300905704498291
138 2.3037686347961426
139 2.298398494720459
140 2.3000681400299072
141 2.3020386695861816
142 2.3020386695861816
143 2.2955210208892822
144 2.301358461380005
145 2.303086280822754
146 2.3042874336242676
147 2.305162191390991
148 2.300955295562744
149 2.300955295562744
150 2.300955295562744
151 2.300955295562744
152 2.304955005645752
153 2.294842004776001
154 2.3015670776367188
155 2.2963671684265137
156 2.3005006313323975
157 2.301757335662842
158 2.302370548248291
159 2.2999980449676514
160 2.3023905754089355
161 2.3023905754089355
162 2.3001480102539062
163 2.3001480102539062
164 2.302600145339966
165 2.302600145339966
166 2.3044681549072266
167 2.298786163330078
168 2.2991981506347656
169 2.2991981506347656
170 2.299325704574585
171 2.301332473754883
172 2.3039841651916504
173 2.3000073432922363
174 2.3024027347564697
175 2.3096635341644287
176 2.3096635341644287
177 2.298273801803589
178 2.298273801803589
179 2.3026461601257324
180 2.302243947982788
181 2.308407783508301
182 2.308407783508301
183 2.3056836128234863
184 2.3017568588256836
185 2.295536756515503
186 2.310288429260254
187 2.310288429260254
188 2.310288429260254
189 2.295046806335449
190 2.3024048805236816
191 2.3023033142089844
192 2.3023033142089844
193 2.294891119003296
194 2.294891119003296
195 2.3020501136779785
196 2.3020501136779785
197 2.3020501136779785
198 2.3020501136779785
199 2.2939271926879883
200 2.300431728363037
201 2.30090069770813
202 2.2989747524261475
203 2.2989747524261475
204 2.2989747524261475
205 2.2947845458984375
206 2.295828342437744
207 2.295828342437744
208 2.299738883972168
209 2.3051013946533203
210 2.299304962158203
211 2.3052120208740234
212 2.303443431854248
213 2.305556058883667
214 2.305556058883667
215 2.2981297969818115
216 2.301872968673706
217 2.3076531887054443
218 2.3025968074798584
219 2.3025968074798584
220 2.3025968074798584
221 2.3059043884277344
222 2.3059043884277344
223 2.2958078384399414
224 2.2941408157348633
225 2.307330846786499
226 2.3017325401306152
227 2.3036818504333496
228 2.296903610229492
229 2.3038558959960938
230 2.302724838256836
231 2.302724838256836
232 2.3023130893707275
233 2.3076703548431396
234 2.2991862297058105
235 2.3051769733428955
236 2.2994089126586914
237 2.2994089126586914
238 2.2994089126586914
239 2.3059799671173096
240 2.298684597015381
241 2.306779623031616
242 2.306779623031616
243 2.303849697113037
244 2.299543857574463
245 2.29848575592041
246 2.304131507873535
247 2.303229331970215
248 2.30208683013916
249 2.3030152320861816
250 2.301469564437866
251 2.301469564437866
252 2.303708076477051
253 2.3041036128997803
254 2.300934076309204
255 2.301100015640259
256 2.2914254665374756
257 2.2914254665374756
258 2.3005876541137695
259 2.3005876541137695
260 2.300405979156494
261 2.303330421447754
262 2.303776979446411
263 2.298628568649292
264 2.298628568649292
265 2.298628568649292
266 2.304227828979492
267 2.304227828979492
268 2.2895987033843994
269 2.2988739013671875
270 2.3009650707244873
271 2.304426431655884
272 2.300292730331421
273 2.300292730331421
274 2.3014936447143555
275 2.3014936447143555
276 2.30021333694458
277 2.294600248336792
278 2.3052263259887695
279 2.296717643737793
280 2.3013858795166016
281 2.301518440246582
282 2.301518440246582
283 2.3000025749206543
284 2.3051912784576416
285 2.3038907051086426
286 2.3038907051086426
287 2.3056859970092773
288 2.3041832447052
289 2.305570602416992
290 2.305570602416992
291 2.2962865829467773
292 2.2961061000823975
293 2.2988569736480713
294 2.304774522781372
295 2.30557918548584
296 2.2984323501586914
297 2.302600622177124
298 2.3015143871307373
299 2.3015143871307373
300 2.291139602661133
301 2.3024847507476807
302 2.299119710922241
303 2.3022525310516357
304 2.3004143238067627
305 2.3004143238067627
306 2.2957160472869873
307 2.303945302963257
308 2.2993083000183105
309 2.305969715118408
310 2.305969715118408
311 2.2996490001678467
312 2.3027591705322266
313 2.3027591705322266
314 2.3027591705322266
315 2.301407814025879
316 2.301407814025879
317 2.295912265777588
318 2.295553684234619
319 2.300773859024048
320 2.2982022762298584
321 2.2973601818084717
322 2.303995370864868
323 2.3044140338897705
324 2.3044140338897705
325 2.3044140338897705
326 2.3012776374816895
327 2.297936201095581
328 2.297936201095581
329 2.2999842166900635
330 2.302506446838379
331 2.3059680461883545
332 2.3005151748657227
333 2.293287992477417
334 2.3007664680480957
335 2.3007664680480957
336 2.3002195358276367
337 2.3002195358276367
338 2.3035659790039062
339 2.2979445457458496
340 2.3011741638183594
341 2.3011741638183594
342 2.2976551055908203
343 2.297896146774292
344 2.306655168533325
345 2.3006393909454346
346 2.2974720001220703
347 2.2974720001220703
348 2.302515745162964
349 2.300753116607666
350 2.2922589778900146
351 2.2922589778900146
352 2.2955381870269775
353 2.2955381870269775
354 2.305391311645508
355 2.304586887359619
356 2.303399085998535
357 2.303399085998535
358 2.303863286972046
359 2.302814245223999
360 2.2985174655914307
361 2.295257091522217
362 2.3004913330078125
363 2.299854278564453
364 2.2992687225341797
365 2.2992687225341797
366 2.2992687225341797
367 2.2992687225341797
368 2.2992687225341797
369 2.2992687225341797
370 2.2976839542388916
371 2.3020172119140625
372 2.3013951778411865
373 2.309267520904541
374 2.295858144760132
375 2.304394006729126
376 2.3001620769500732
377 2.3056480884552
378 2.298501491546631
379 2.298766613006592
380 2.3018829822540283
381 2.3018829822540283
382 2.3021223545074463
383 2.3021223545074463
384 2.3004138469696045
385 2.304891586303711
386 2.304891586303711
387 2.294037103652954
388 2.308361053466797
389 2.3075942993164062
390 2.3075942993164062
391 2.3075942993164062
392 2.3075942993164062
393 2.3001668453216553
394 2.297841787338257
395 2.303189277648926
396 2.298215627670288
397 2.298215627670288
398 2.3006184101104736
399 2.3006184101104736
400 2.3006184101104736
401 2.3006184101104736
402 2.3012402057647705
403 2.299443006515503
404 2.2976763248443604
405 2.2976763248443604
406 2.298053026199341
407 2.298053026199341
408 2.2995316982269287
409 2.2939791679382324
410 2.294193744659424
411 2.299299955368042
412 2.3024728298187256
413 2.2946791648864746
414 2.3010969161987305
415 2.3010969161987305
416 2.294191360473633
417 2.3007850646972656
418 2.29753041267395
419 2.3012726306915283
420 2.3012726306915283
421 2.307180404663086
422 2.293102979660034
423 2.291994571685791
424 2.293053150177002
425 2.3004651069641113
426 2.3002352714538574
427 2.302619218826294
428 2.293795108795166
429 2.293795108795166
430 2.304910898208618
431 2.2975518703460693
432 2.3033008575439453
433 2.3097503185272217
434 2.310239315032959
435 2.301877975463867
436 2.301877975463867
437 2.301877975463867
438 2.301032304763794
439 2.301032304763794
440 2.307175874710083
441 2.3033370971679688
442 2.3033370971679688
443 2.3033370971679688
444 2.3033370971679688
445 2.295825958251953
446 2.295825958251953
447 2.295825958251953
448 2.2991509437561035
449 2.301750421524048
450 2.3005363941192627
451 2.303589105606079
452 2.299030303955078
453 2.302893877029419
454 2.302893877029419
455 2.302893877029419
456 2.3018956184387207
457 2.3027565479278564
458 2.295654773712158
459 2.307690382003784
460 2.29362416267395
461 2.298305034637451
462 2.3059732913970947
463 2.298464775085449
464 2.2975096702575684
465 2.2975096702575684
466 2.297687292098999
467 2.3046152591705322
468 2.3046152591705322
469 2.3009424209594727
470 2.2995872497558594
471 2.2979347705841064
472 2.304849863052368
473 2.2988133430480957
474 2.2988133430480957
475 2.299832582473755
476 2.2955477237701416
477 2.2972192764282227
478 2.293928623199463
479 2.3002023696899414
480 2.3054776191711426
481 2.3020737171173096
482 2.304170608520508
483 2.3003385066986084
484 2.3003385066986084
485 2.311540126800537
486 2.2944726943969727
487 2.2977211475372314
488 2.302177906036377
489 2.30102276802063
490 2.3022260665893555
491 2.3009486198425293
492 2.30816650390625
493 2.30816650390625
494 2.2985100746154785
495 2.3005340099334717
496 2.2961504459381104
497 2.2961504459381104
498 2.299227237701416
499 2.299227237701416
500 2.297584056854248
501 2.297584056854248
502 2.30057692527771
503 2.3055224418640137
504 2.2929887771606445
505 2.2929887771606445
506 2.305361747741699
507 2.3003487586975098
508 2.2975783348083496
509 2.2975783348083496
510 2.2975783348083496
511 2.297494888305664
512 2.29910945892334
513 2.29910945892334
514 2.2989301681518555
515 2.2909252643585205
516 2.3073928356170654
517 2.3073928356170654
518 2.3045670986175537
519 2.3045670986175537
520 2.3002376556396484
521 2.3002376556396484
522 2.301915168762207
523 2.2984161376953125
524 2.2984161376953125
525 2.3015308380126953
526 2.298739433288574
527 2.297199249267578
528 2.2952005863189697
529 2.2952005863189697
530 2.2952005863189697
531 2.3071041107177734
532 2.301797866821289
533 2.30790638923645
534 2.3034920692443848
535 2.2977395057678223
536 2.282536029815674
537 2.300969362258911
538 2.300969362258911
539 2.2979133129119873
540 2.302821159362793
541 2.302821159362793
542 2.3056328296661377
543 2.2960314750671387
544 2.2976696491241455
545 2.2976696491241455
546 2.2976696491241455
547 2.2979331016540527
548 2.2955844402313232
549 2.2955844402313232
550 2.3039803504943848
551 2.300724983215332
552 2.300724983215332
553 2.2957305908203125
554 2.2957305908203125
555 2.2957305908203125
556 2.2957305908203125
557 2.2957305908203125
558 2.3034191131591797
559 2.2954585552215576
560 2.303398609161377
561 2.3002896308898926
562 2.3042244911193848
563 2.2952330112457275
564 2.301528215408325
565 2.301528215408325
566 2.296339750289917
567 2.3024215698242188
568 2.3024215698242188
569 2.301042318344116
570 2.301042318344116
571 2.301042318344116
572 2.2978971004486084
573 2.299102306365967
574 2.2993721961975098
575 2.2993721961975098
576 2.304147243499756
577 2.304147243499756
578 2.304147243499756
579 2.2902047634124756
580 2.2902047634124756
581 2.2902047634124756
582 2.303104877471924
583 2.303104877471924
584 2.303104877471924
585 2.298607110977173
586 2.298607110977173
587 2.2949681282043457
588 2.3064844608306885
589 2.3064844608306885
590 2.293846368789673
591 2.3048646450042725
592 2.3048646450042725
593 2.2938392162323
594 2.2938392162323
595 2.302624464035034
596 2.2992029190063477
597 2.2992029190063477
598 2.301968574523926
599 2.2976458072662354
600 2.298267126083374
601 2.298267126083374
602 2.298267126083374
603 2.3002312183380127
604 2.3092265129089355
605 2.2989542484283447
606 2.2989542484283447
607 2.2989542484283447
608 2.2896676063537598
609 2.30368709564209
610 2.3008060455322266
611 2.2938480377197266
612 2.2938480377197266
613 2.3090200424194336
614 2.3090200424194336
615 2.3090200424194336
616 2.3093514442443848
617 2.3088111877441406
618 2.3017237186431885
619 2.3017237186431885
620 2.3017237186431885
621 2.302220344543457
622 2.2905263900756836
623 2.301271677017212
624 2.299476146697998
625 2.3029696941375732
626 2.3029696941375732
627 2.2848145961761475
628 2.3006672859191895
629 2.3006672859191895
630 2.297348976135254
631 2.297837734222412
632 2.308933973312378
633 2.2910759449005127
634 2.2910759449005127
635 2.3023018836975098
636 2.2907400131225586
637 2.2907400131225586
638 2.2907400131225586
639 2.305361270904541
640 2.29945969581604
641 2.2913668155670166
642 2.2913668155670166
643 2.2913668155670166
644 2.2940847873687744
645 2.2940847873687744
646 2.290914297103882
647 2.2995784282684326
648 2.302053451538086
649 2.3078560829162598
650 2.3078560829162598
651 2.3078560829162598
652 2.299544334411621
653 2.297464370727539
654 2.2983627319335938
655 2.2983627319335938
656 2.3049118518829346
657 2.3049118518829346
658 2.3049118518829346
659 2.3049118518829346
660 2.3008179664611816
661 2.2973427772521973
662 2.2973427772521973
663 2.2973427772521973
664 2.2973427772521973
665 2.3021841049194336
666 2.3021841049194336
667 2.2864990234375
668 2.2864990234375
669 2.2864990234375
670 2.2864990234375
671 2.306692123413086
672 2.306692123413086
673 2.2942121028900146
674 2.3028740882873535
675 2.3028740882873535
676 2.3028740882873535
677 2.2935125827789307
678 2.2935125827789307
679 2.300598621368408
680 2.2978343963623047
681 2.2991511821746826
682 2.290625810623169
683 2.290625810623169
684 2.290625810623169
685 2.290471315383911
686 2.302727460861206
687 2.302727460861206
688 2.2952637672424316
689 2.2906150817871094
690 2.2906150817871094
691 2.2906150817871094
692 2.2978005409240723
693 2.299337387084961
694 2.30470609664917
695 2.3004820346832275
696 2.2917916774749756
697 2.3120954036712646
698 2.3049423694610596
699 2.3042428493499756
700 2.288396120071411
701 2.288396120071411
702 2.2980785369873047
703 2.3002259731292725
704 2.3002259731292725
705 2.2987399101257324
706 2.2987399101257324
707 2.301097869873047
708 2.2955946922302246
709 2.297389507293701
710 2.306530714035034
711 2.3039438724517822
712 2.2998836040496826
713 2.2998836040496826
714 2.2998836040496826
715 2.302442789077759
716 2.293562412261963
717 2.2950522899627686
718 2.294349431991577
719 2.307219982147217
720 2.307219982147217
721 2.298487663269043
722 2.292391300201416
723 2.2860589027404785
724 2.2860589027404785
725 2.2860589027404785
726 2.299909830093384
727 2.299909830093384
728 2.2979352474212646
729 2.2979352474212646
730 2.296238899230957
731 2.2942168712615967
732 2.2969396114349365
733 2.301844596862793
734 2.308074712753296
735 2.2919721603393555
736 2.2919721603393555
737 2.2919721603393555
738 2.296175956726074
739 2.2970685958862305
740 2.2934186458587646
741 2.2900309562683105
742 2.2900309562683105
743 2.2924439907073975
744 2.2973811626434326
745 2.2867319583892822
746 2.3013572692871094
747 2.3013572692871094
748 2.3013572692871094
749 2.3013916015625
750 2.2980284690856934
751 2.2980284690856934
752 2.2980284690856934
753 2.2996773719787598
754 2.29956316947937
755 2.2968342304229736
756 2.2943341732025146
757 2.291950225830078
758 2.3028857707977295
759 2.3006229400634766
760 2.3006229400634766
761 2.2889554500579834
762 2.300656318664551
763 2.2967066764831543
764 2.2967066764831543
765 2.2967066764831543
766 2.2967066764831543
767 2.2967066764831543
768 2.2909998893737793
769 2.2868082523345947
770 2.2993624210357666
771 2.2935385704040527
772 2.301964521408081
773 2.2980945110321045
774 2.296217441558838
775 2.2939000129699707
776 2.296746253967285
777 2.296746253967285
778 2.2957305908203125
779 2.2957305908203125
780 2.2957305908203125
781 2.3047595024108887
782 2.3047595024108887
783 2.3013856410980225
784 2.2990520000457764
785 2.2990520000457764
786 2.2990520000457764
787 2.2990520000457764
788 2.2882838249206543
789 2.2957990169525146
790 2.2950332164764404
791 2.2940316200256348
792 2.2972023487091064
793 2.2972023487091064
794 2.2983815670013428
795 2.2952961921691895
796 2.2952961921691895
797 2.295534610748291
798 2.295534610748291
799 2.2989089488983154
800 2.3031747341156006
801 2.3031747341156006
802 2.301218271255493
803 2.306313991546631
804 2.2973458766937256
805 2.2999160289764404
806 2.2980406284332275
807 2.3095834255218506
808 2.3095834255218506
809 2.29923677444458
810 2.29923677444458
811 2.2951231002807617
812 2.3025450706481934
813 2.301766872406006
814 2.2983765602111816
815 2.2911124229431152
816 2.297243118286133
817 2.297243118286133
818 2.3016860485076904
819 2.3016860485076904
820 2.2922778129577637
821 2.2947463989257812
822 2.2896080017089844
823 2.2896080017089844
824 2.285364866256714
825 2.3017995357513428
826 2.3017995357513428
827 2.2968926429748535
828 2.2968926429748535
829 2.2968926429748535
830 2.2968926429748535
831 2.2968926429748535
832 2.2915563583374023
833 2.2885830402374268
834 2.2885830402374268
835 2.287914514541626
836 2.2989370822906494
837 2.2885279655456543
838 2.309183359146118
839 2.2983317375183105
840 2.3025782108306885
841 2.3025782108306885
842 2.2946512699127197
843 2.2990708351135254
844 2.3025166988372803
845 2.3025166988372803
846 2.3016741275787354
847 2.297933578491211
848 2.30513596534729
849 2.30513596534729
850 2.286357879638672
851 2.293544292449951
852 2.3019256591796875
853 2.3019256591796875
854 2.295795202255249
855 2.295795202255249
856 2.300633192062378
857 2.300633192062378
858 2.300633192062378
859 2.2924931049346924
860 2.297748565673828
861 2.3109917640686035
862 2.3109917640686035
863 2.3000094890594482
864 2.3000094890594482
865 2.301692008972168
866 2.301692008972168
867 2.2962541580200195
868 2.2962541580200195
869 2.2888755798339844
870 2.297729253768921
871 2.3033151626586914
872 2.305180311203003
873 2.297193765640259
874 2.2971413135528564
875 2.2971413135528564
876 2.3004941940307617
877 2.3004941940307617
878 2.3004941940307617
879 2.2921066284179688
880 2.302111864089966
881 2.302111864089966
882 2.301771640777588
883 2.2830729484558105
884 2.2950527667999268
885 2.300469398498535
886 2.300438404083252
887 2.3023016452789307
888 2.2917897701263428
889 2.296361207962036
890 2.297700881958008
891 2.297700881958008
892 2.2949790954589844
893 2.302874803543091
894 2.302874803543091
895 2.300776958465576
896 2.295443058013916
897 2.295443058013916
898 2.283782482147217
899 2.30049467086792
900 2.291165590286255
901 2.29575777053833
902 2.29575777053833
903 2.29575777053833
904 2.294232130050659
905 2.2884249687194824
906 2.2884249687194824
907 2.3018882274627686
908 2.294339179992676
909 2.302560806274414
910 2.285616397857666
911 2.3010220527648926
912 2.3010220527648926
913 2.3010220527648926
914 2.2958977222442627
915 2.2958977222442627
916 2.2958977222442627
917 2.299604654312134
918 2.299604654312134
919 2.293771743774414
920 2.293771743774414
921 2.3022913932800293
922 2.300511121749878
923 2.3034021854400635
924 2.3034021854400635
925 2.2953193187713623
926 2.2874696254730225
927 2.2941808700561523
928 2.2954137325286865
929 2.309846878051758
930 2.2988178730010986
931 2.2988178730010986
932 2.2988178730010986
933 2.2988178730010986
934 2.2988178730010986
935 2.2966737747192383
936 2.3056094646453857
937 2.2919108867645264
938 2.2900779247283936
939 2.297173500061035
940 2.313631534576416
941 2.313631534576416
942 2.2909767627716064
943 2.2883448600769043
944 2.3010659217834473
945 2.288336992263794
946 2.288336992263794
947 2.295565128326416
948 2.3006246089935303
949 2.280820369720459
950 2.29719877243042
951 2.29719877243042
952 2.29719877243042
953 2.2967939376831055
954 2.2945830821990967
955 2.295707941055298
956 2.2956886291503906
957 2.2956886291503906
958 2.289766311645508
959 2.2878613471984863
960 2.2872772216796875
961 2.285447120666504
962 2.284454584121704
963 2.284454584121704
964 2.2965738773345947
965 2.29579496383667
966 2.2948496341705322
967 2.2920336723327637
968 2.2920336723327637
969 2.296339511871338
970 2.296339511871338
971 2.295403003692627
972 2.303717613220215
973 2.2954330444335938
974 2.294687509536743
975 2.2889904975891113
976 2.2879340648651123
977 2.2954461574554443
978 2.293747663497925
979 2.293747663497925
980 2.2923378944396973
981 2.295604705810547
982 2.2899651527404785
983 2.2990150451660156
984 2.2776875495910645
985 2.2832345962524414
986 2.2832345962524414
987 2.2832345962524414
988 2.306436538696289
989 2.2944023609161377
990 2.2944023609161377
991 2.295727252960205
992 2.3073267936706543
993 2.2981605529785156
994 2.293938636779785
995 2.280113697052002
996 2.295348644256592
997 2.28342866897583
998 2.28342866897583
999 2.2893898487091064
1000 2.2919082641601562
1001 2.290227174758911
1002 2.2891604900360107
1003 2.2891604900360107
1004 2.29964280128479
1005 2.29964280128479
1006 2.29964280128479
1007 2.300408363342285
1008 2.2914862632751465
1009 2.2856273651123047
1010 2.3056750297546387
1011 2.3056750297546387
1012 2.299638032913208
1013 2.299638032913208
1014 2.299638032913208
1015 2.289118766784668
1016 2.289118766784668
1017 2.3000035285949707
1018 2.2764270305633545
1019 2.293661594390869
1020 2.293661594390869
1021 2.2922468185424805
1022 2.2878646850585938
1023 2.2878646850585938
1024 2.2940638065338135
1025 2.2940638065338135
1026 2.2940638065338135
1027 2.2950334548950195
1028 2.288499355316162
1029 2.288499355316162
1030 2.2886977195739746
1031 2.2903013229370117
1032 2.293850898742676
1033 2.293850898742676
1034 2.292261838912964
1035 2.292261838912964
1036 2.289476156234741
1037 2.2891898155212402
1038 2.2891898155212402
1039 2.3035871982574463
1040 2.3035871982574463
1041 2.288468360900879
1042 2.2909915447235107
1043 2.288221597671509
1044 2.29414701461792
1045 2.28437876701355
1046 2.2898569107055664
1047 2.2908923625946045
1048 2.2846343517303467
1049 2.300344705581665
1050 2.293830156326294
1051 2.293830156326294
1052 2.293830156326294
1053 2.2917356491088867
1054 2.2796881198883057
1055 2.2899229526519775
1056 2.295090436935425
1057 2.295090436935425
1058 2.281606674194336
1059 2.290724039077759
1060 2.288780927658081
1061 2.2862231731414795
1062 2.298856258392334
1063 2.298856258392334
1064 2.283203125
1065 2.2860324382781982
1066 2.297226667404175
1067 2.278193473815918
1068 2.2972779273986816
1069 2.298441171646118
1070 2.3082683086395264
1071 2.3082683086395264
1072 2.2980706691741943
1073 2.2924749851226807
1074 2.2898406982421875
1075 2.2961645126342773
1076 2.2961645126342773
1077 2.2961645126342773
1078 2.2916862964630127
1079 2.3013925552368164
1080 2.2876086235046387
1081 2.299138069152832
1082 2.2743780612945557
1083 2.2743780612945557
1084 2.2743780612945557
1085 2.2856245040893555
1086 2.28691029548645
1087 2.27504563331604
1088 2.287208318710327
1089 2.2976717948913574
1090 2.29826283454895
1091 2.29826283454895
1092 2.2901549339294434
1093 2.2901549339294434
1094 2.2885005474090576
1095 2.295264482498169
1096 2.2831947803497314
1097 2.2992143630981445
1098 2.2992143630981445
1099 2.2963340282440186
1100 2.2912380695343018
1101 2.2962398529052734
1102 2.2962398529052734
1103 2.2899858951568604
1104 2.2837119102478027
1105 2.2837119102478027
1106 2.2837119102478027
1107 2.2837119102478027
1108 2.2837119102478027
1109 2.296267032623291
1110 2.2841551303863525
1111 2.2859818935394287
1112 2.304203748703003
1113 2.285679578781128
1114 2.291224956512451
1115 2.289196014404297
1116 2.2950704097747803
1117 2.2950704097747803
1118 2.2897939682006836
1119 2.27801775932312
1120 2.27801775932312
1121 2.27801775932312
1122 2.2906761169433594
1123 2.282435417175293
1124 2.282435417175293
1125 2.2880020141601562
1126 2.2880020141601562
1127 2.293074131011963
1128 2.3056111335754395
1129 2.311870813369751
1130 2.3019399642944336
1131 2.298229217529297
1132 2.281524896621704
1133 2.2884609699249268
1134 2.2884609699249268
1135 2.2840194702148438
1136 2.2815957069396973
1137 2.2815957069396973
1138 2.2896664142608643
1139 2.2849507331848145
1140 2.296414375305176
1141 2.291217565536499
1142 2.2961585521698
1143 2.2864291667938232
1144 2.2986788749694824
1145 2.2986788749694824
1146 2.2986788749694824
1147 2.2986788749694824
1148 2.2986788749694824
1149 2.2986788749694824
1150 2.2991487979888916
1151 2.3045711517333984
1152 2.292403221130371
1153 2.3020758628845215
1154 2.297207832336426
1155 2.2946887016296387
1156 2.2883520126342773
1157 2.2942864894866943
1158 2.2942864894866943
1159 2.2822930812835693
1160 2.2891530990600586
1161 2.2891530990600586
1162 2.2772061824798584
1163 2.2893829345703125
1164 2.2893829345703125
1165 2.2893829345703125
1166 2.2881152629852295
1167 2.2733700275421143
1168 2.2733700275421143
1169 2.2813315391540527
1170 2.286325454711914
1171 2.275872230529785
1172 2.30379056930542
1173 2.30379056930542
1174 2.30379056930542
1175 2.2908639907836914
1176 2.292515277862549
1177 2.292515277862549
1178 2.2855372428894043
1179 2.2855372428894043
1180 2.28886342048645
1181 2.2897865772247314
1182 2.293428421020508
1183 2.293428421020508
1184 2.292652130126953
1185 2.2870211601257324
1186 2.303863048553467
1187 2.278475284576416
1188 2.300717830657959
1189 2.300717830657959
1190 2.2845141887664795
1191 2.2970457077026367
1192 2.2886691093444824
1193 2.2886691093444824
1194 2.288975715637207
1195 2.290295124053955
1196 2.3052473068237305
1197 2.3052473068237305
1198 2.2927329540252686
1199 2.2927329540252686
1200 2.2927329540252686
1201 2.291999340057373
1202 2.2760157585144043
1203 2.2880115509033203
1204 2.2880115509033203
1205 2.2804155349731445
1206 2.290923833847046
1207 2.296910285949707
1208 2.296910285949707
1209 2.296910285949707
1210 2.2836620807647705
1211 2.2708630561828613
1212 2.281921148300171
1213 2.289438009262085
1214 2.2917284965515137
1215 2.270695924758911
1216 2.300098419189453
1217 2.275010824203491
1218 2.275010824203491
1219 2.288553237915039
1220 2.2819039821624756
1221 2.2761178016662598
1222 2.2761178016662598
1223 2.284637928009033
1224 2.2791223526000977
1225 2.2807908058166504
1226 2.288484573364258
1227 2.28556752204895
1228 2.28556752204895
1229 2.274925708770752
1230 2.2757022380828857
1231 2.2706103324890137
1232 2.2755982875823975
1233 2.297895669937134
1234 2.2879908084869385
1235 2.2879908084869385
1236 2.2902445793151855
1237 2.297379970550537
1238 2.278593063354492
1239 2.278593063354492
1240 2.283482551574707
1241 2.283482551574707
1242 2.276703119277954
1243 2.284437656402588
1244 2.284437656402588
1245 2.2804994583129883
1246 2.2921056747436523
1247 2.2921056747436523
1248 2.297274112701416
1249 2.2786436080932617
1250 2.2846121788024902
1251 2.2846121788024902
1252 2.285094738006592
1253 2.285188913345337
1254 2.293478488922119
1255 2.291991710662842
1256 2.2846624851226807
1257 2.2846624851226807
1258 2.2802515029907227
1259 2.289494037628174
1260 2.280350685119629
1261 2.2788901329040527
1262 2.2777092456817627
1263 2.2777092456817627
1264 2.2917487621307373
1265 2.2917487621307373
1266 2.291682481765747
1267 2.2861528396606445
1268 2.2861528396606445
1269 2.2861528396606445
1270 2.2861528396606445
1271 2.290168523788452
1272 2.290168523788452
1273 2.2789411544799805
1274 2.2877697944641113
1275 2.2877697944641113
1276 2.2882003784179688
1277 2.2882003784179688
1278 2.266845941543579
1279 2.2840986251831055
1280 2.2721409797668457
1281 2.2941534519195557
1282 2.286423683166504
1283 2.285835027694702
1284 2.2720980644226074
1285 2.2847306728363037
1286 2.268853187561035
1287 2.286043405532837
1288 2.2829222679138184
1289 2.273916482925415
1290 2.2976999282836914
1291 2.2647500038146973
1292 2.290076971054077
1293 2.290076971054077
1294 2.2803752422332764
1295 2.2803752422332764
1296 2.279155969619751
1297 2.2961654663085938
1298 2.267749309539795
1299 2.2685041427612305
1300 2.285505533218384
1301 2.2843849658966064
1302 2.285831928253174
1303 2.2736928462982178
1304 2.2736928462982178
1305 2.2736928462982178
1306 2.2736928462982178
1307 2.2736928462982178
1308 2.2897565364837646
1309 2.269106864929199
1310 2.267308235168457
1311 2.272763729095459
1312 2.2649989128112793
1313 2.2549452781677246
1314 2.268965005874634
1315 2.280503511428833
1316 2.2923450469970703
1317 2.26224422454834
1318 2.2707080841064453
1319 2.2707080841064453
1320 2.2745916843414307
1321 2.280864953994751
1322 2.2750868797302246
1323 2.279355764389038
1324 2.283423900604248
1325 2.283423900604248
1326 2.2706034183502197
1327 2.2706034183502197
1328 2.2636821269989014
1329 2.2661752700805664
1330 2.2860050201416016
1331 2.265281915664673
1332 2.265281915664673
1333 2.2817347049713135
1334 2.2817347049713135
1335 2.2817347049713135
1336 2.260772466659546
1337 2.286470890045166
1338 2.286470890045166
1339 2.284362554550171
1340 2.268200635910034
1341 2.268200635910034
1342 2.283985137939453
1343 2.283985137939453
1344 2.278987407684326
1345 2.278987407684326
1346 2.278987407684326
1347 2.2645413875579834
1348 2.2849292755126953
1349 2.2738568782806396
1350 2.2738568782806396
1351 2.2747960090637207
1352 2.2608156204223633
1353 2.2678966522216797
1354 2.266853094100952
1355 2.272780418395996
1356 2.272780418395996
1357 2.274977207183838
1358 2.274977207183838
1359 2.2906076908111572
1360 2.2906076908111572
1361 2.2776050567626953
1362 2.2776050567626953
1363 2.2721304893493652
1364 2.2727737426757812
1365 2.262892961502075
1366 2.2862000465393066
1367 2.263460159301758
1368 2.263460159301758
1369 2.2653768062591553
1370 2.2691473960876465
1371 2.2790920734405518
1372 2.2790920734405518
1373 2.2790920734405518
1374 2.2588419914245605
1375 2.273466110229492
1376 2.29539155960083
1377 2.29539155960083
1378 2.295175552368164
1379 2.2661025524139404
1380 2.276094913482666
1381 2.276094913482666
1382 2.276094913482666
1383 2.271284580230713
1384 2.277939796447754
1385 2.2745742797851562
1386 2.2719149589538574
1387 2.281217098236084
1388 2.281217098236084
1389 2.2739899158477783
1390 2.2739899158477783
1391 2.272597312927246
1392 2.2582340240478516
1393 2.2582340240478516
1394 2.296098232269287
1395 2.262862205505371
1396 2.278393030166626
1397 2.274862051010132
1398 2.2720983028411865
1399 2.2720983028411865
1400 2.2583630084991455
1401 2.2839417457580566
1402 2.2839417457580566
1403 2.2548491954803467
1404 2.2579140663146973
1405 2.2775087356567383
1406 2.282285690307617
1407 2.282414197921753
1408 2.282414197921753
1409 2.278862237930298
1410 2.2769579887390137
1411 2.2769579887390137
1412 2.2567505836486816
1413 2.2636520862579346
1414 2.2636520862579346
1415 2.2636520862579346
1416 2.2548208236694336
1417 2.265341281890869
1418 2.278114080429077
1419 2.2532169818878174
1420 2.2877776622772217
1421 2.2877776622772217
1422 2.288135290145874
1423 2.2642433643341064
1424 2.2736542224884033
1425 2.269580364227295
1426 2.269580364227295
1427 2.269580364227295
1428 2.273190498352051
1429 2.2595977783203125
1430 2.2595977783203125
1431 2.268125295639038
1432 2.268125295639038
1433 2.2678160667419434
1434 2.2475318908691406
1435 2.2757515907287598
1436 2.264354705810547
1437 2.25264835357666
1438 2.2686169147491455
1439 2.2633056640625
1440 2.260903835296631
1441 2.2639310359954834
1442 2.2694499492645264
1443 2.2694499492645264
1444 2.261432647705078
1445 2.261432647705078
1446 2.261432647705078
1447 2.261432647705078
1448 2.2710957527160645
1449 2.2737345695495605
1450 2.2737345695495605
1451 2.2737345695495605
1452 2.2626278400421143
1453 2.256420850753784
1454 2.257575511932373
1455 2.257575511932373
1456 2.2454819679260254
1457 2.2658090591430664
1458 2.2658090591430664
1459 2.2628424167633057
1460 2.2747886180877686
1461 2.247652053833008
1462 2.2528185844421387
1463 2.2528185844421387
1464 2.2675771713256836
1465 2.2618167400360107
1466 2.253567934036255
1467 2.26932954788208
1468 2.2727246284484863
1469 2.2466025352478027
1470 2.247122049331665
1471 2.247122049331665
1472 2.247122049331665
1473 2.247122049331665
1474 2.2342278957366943
1475 2.2822513580322266
1476 2.234346866607666
1477 2.2566475868225098
1478 2.2566475868225098
1479 2.266618490219116
1480 2.2759668827056885
1481 2.260340690612793
1482 2.260340690612793
1483 2.246678113937378
1484 2.246678113937378
1485 2.230955123901367
1486 2.253709316253662
1487 2.253709316253662
1488 2.2355194091796875
1489 2.2355194091796875
1490 2.248448610305786
1491 2.248448610305786
1492 2.248448610305786
1493 2.248448610305786
1494 2.2520298957824707
1495 2.2520298957824707
1496 2.2520298957824707
1497 2.253781795501709
1498 2.223863124847412
1499 2.2619619369506836
