0 2.9386666666666665e-07
1 0.0005377155359860203
2 0.0017370692829260866
3 0.0017370692829260866
4 0.0
5 0.0
6 0.0
7 0.0
8 0.0017370692829260866
9 0.0017370692829260866
10 0.0
11 0.0017370692829260866
12 0.0
13 0.0
14 0.0017370692829260866
15 0.0017370692829260866
16 0.0017370692829260866
17 0.0017370692829260866
18 0.0017370692829260866
19 0.0017370692829260866
20 0.0017370692829260866
21 0.0017370692829260866
22 0.0017370692829260866
23 0.0017370692829260866
24 0.0
25 0.0
26 0.0017370692829260866
27 0.0017370692829260866
28 0.0017370692829260866
29 0.0017370692829260866
30 0.0017370692829260866
31 0.0017370692829260866
32 0.0017370692829260866
33 0.0017370692829260866
34 0.0017370692829260866
35 0.0017370692829260866
36 0.0017370692829260866
37 0.0
38 0.0017370692829260866
39 0.0017370692829260866
40 0.0017370692829260866
41 0.0
42 0.0017370692829260866
43 0.0
44 0.0
45 0.0
46 0.0
47 0.0017370692829260866
48 0.0017370692829260866
49 0.0
50 0.0017370692829260866
51 0.0017370692829260866
52 0.0017370692829260866
53 0.0017370692829260866
54 0.0017370692829260866
55 0.0017370692829260866
56 0.0017370692829260866
57 0.0
58 0.0017370692829260866
59 0.0
60 0.0
61 0.0017370692829260866
62 0.0017370692829260866
63 0.0017370692829260866
64 0.0
65 0.0
66 0.0
67 0.0
68 0.0017370692829260866
69 0.0
70 0.0017370692829260866
71 0.0017370692829260866
72 0.0017370692829260866
73 0.0017370692829260866
74 0.0
75 0.0
76 0.0017370692829260866
77 0.0017370692829260866
78 0.0
79 0.0017370692829260866
80 0.0017370692829260866
81 0.0
82 0.0017370692829260866
83 0.0
84 0.0017370692829260866
85 0.0017370692829260866
86 0.0
87 0.0017370692829260866
88 0.0017370692829260866
89 0.0017370692829260866
90 0.0017370692829260866
91 0.0017370692829260866
92 0.0
93 0.0017370692829260866
94 0.0017370692829260866
95 0.0017370692829260866
96 0.0017370692829260866
97 0.0017370692829260866
98 0.0017370692829260866
99 0.0
