0 0.0011608466956709608
1 0.001763708719120796
2 0.0
3 0.004632660173655362
4 0.004632660173655362
5 0.004632660173655362
6 0.0
7 0.004632660173655362
8 0.004632660173655362
9 0.004632660173655362
10 0.004632660173655362
11 0.004632660173655362
12 0.004632660173655362
13 0.0
14 0.004632660173655362
15 0.00405875405911282
16 0.0
17 0.0
18 0.0
19 0.0
20 2.9386666666666665e-07
21 2.9386666666666665e-07
22 2.9386666666666665e-07
23 2.9386666666666665e-07
24 2.9386666666666665e-07
25 0.0
26 0.0
27 2.9386666666666665e-07
28 2.9386666666666665e-07
29 2.9386666666666665e-07
30 2.9386666666666665e-07
31 2.9386666666666665e-07
32 0.0
33 0.0009095094063556595
34 2.9386666666666665e-07
35 0.0
36 2.9386666666666665e-07
37 2.9386666666666665e-07
38 2.9386666666666665e-07
39 0.0
40 2.9386666666666665e-07
41 0.0
42 2.9386666666666665e-07
43 2.9386666666666665e-07
44 2.9386666666666665e-07
45 2.9386666666666665e-07
46 2.9386666666666665e-07
47 2.9386666666666665e-07
48 2.9386666666666665e-07
49 2.9386666666666665e-07
50 0.0
51 0.0
52 0.0
53 0.0
54 2.9386666666666665e-07
55 0.0
56 0.0
57 2.9386666666666665e-07
58 0.0
59 2.9386666666666665e-07
60 2.9386666666666665e-07
61 0.0
62 2.9386666666666665e-07
63 0.0
64 2.9386666666666665e-07
65 0.0
66 2.9386666666666665e-07
67 2.9386666666666665e-07
68 2.9386666666666665e-07
69 2.9386666666666665e-07
70 0.0
71 0.0
72 2.9386666666666665e-07
73 0.0
74 2.9386666666666665e-07
75 0.0
76 0.0
77 2.9386666666666665e-07
78 2.9386666666666665e-07
79 2.9386666666666665e-07
80 1.8825648367334038e-05
81 2.9386666666666665e-07
82 0.0
83 0.0
84 2.9386666666666665e-07
85 2.9386666666666665e-07
86 2.9386666666666665e-07
87 0.0
88 0.0
89 0.0
90 0.0
91 2.9386666666666665e-07
92 0.0
93 0.0
94 2.9386666666666665e-07
95 2.9386666666666665e-07
96 2.9386666666666665e-07
97 2.9386666666666665e-07
98 2.9386666666666665e-07
99 2.9386666666666665e-07
