0 1.1175934934211231
1 1.2046669298806383
2 1.352495906544075
3 1.4434320355753831
4 1.643432035575383
5 1.7295287287653407
6 1.9295287287653407
7 2.1024116640380166
8 2.232782756524809
9 2.232782756524809
10 2.432782756524809
11 2.632782756524809
12 2.8147703669031197
13 2.974936614996212
14 3.1749366149962124
15 3.203508043567641
16 3.320684879248569
17 3.371578429356984
18 3.4001498579284126
19 3.46336420413705
20 3.4919356327084783
21 3.6652852042463473
22 3.6652852042463473
23 3.754718758645252
24 3.8053450663164567
25 3.833916494887885
26 3.833916494887885
27 4.033916494887885
28 4.033916494887885
29 4.062487923459313
30 4.062487923459313
31 4.091059352030742
32 4.145129407428432
33 4.173700835999861
34 4.173700835999861
35 4.173700835999861
36 4.173700835999861
37 4.214774554535726
38 4.214774554535726
39 4.214774554535726
40 4.249110872585934
41 4.249110872585934
42 4.281265054427167
43 4.31153581647322
44 4.31153581647322
45 4.31153581647322
46 4.31153581647322
47 4.31153581647322
48 4.349386089801078
49 4.349386089801078
50 4.349386089801078
51 4.349386089801078
52 4.349386089801078
53 4.4213159898552545
54 4.4213159898552545
55 4.4213159898552545
56 4.449887418426683
57 4.4784588469981115
58 4.4784588469981115
59 4.4784588469981115
60 4.50703027556954
61 4.50703027556954
62 4.535601704140968
63 4.535601704140968
64 4.535601704140968
65 4.535601704140968
66 4.535601704140968
67 4.535601704140968
68 4.535601704140968
69 4.535601704140968
70 4.535601704140968
71 4.535601704140968
72 4.567050657924254
73 4.567050657924254
74 4.567050657924254
75 4.567050657924254
76 4.567050657924254
77 4.567050657924254
78 4.567050657924254
79 4.567050657924254
80 4.595622086495682
81 4.595622086495682
82 4.595622086495682
83 4.595622086495682
84 4.595622086495682
85 4.595622086495682
86 4.595622086495682
87 4.595622086495682
88 4.624193515067111
89 4.624193515067111
90 4.624193515067111
91 4.624193515067111
92 4.624193515067111
93 4.624193515067111
94 4.65395831763948
95 4.682529746210909
96 4.682529746210909
97 4.682529746210909
98 4.725680167059655
99 4.725680167059655
