0 1.0
1 1.07856245960277
2 1.1679038895518536
3 1.253395542780749
4 1.253395542780749
5 1.253395542780749
6 1.253395542780749
7 1.253395542780749
8 1.352904852134566
9 1.352904852134566
10 1.352904852134566
11 1.352904852134566
12 1.352904852134566
13 1.352904852134566
14 1.352904852134566
15 1.352904852134566
16 1.459787986347896
17 1.5106815364563109
18 1.5106815364563109
19 1.5557656551908552
20 1.5557656551908552
21 1.6604200533427207
22 1.6604200533427207
23 1.7498536077416253
24 1.7498536077416253
25 1.7784250363130538
26 1.7784250363130538
27 1.7784250363130538
28 1.7784250363130538
29 1.7784250363130538
30 1.7784250363130538
31 1.7784250363130538
32 1.8147861817199795
33 1.8147861817199795
34 1.8147861817199795
35 1.8147861817199795
36 1.843357610291408
37 1.843357610291408
38 1.843357610291408
39 1.843357610291408
40 1.843357610291408
41 1.843357610291408
42 1.843357610291408
43 1.843357610291408
44 1.843357610291408
45 1.843357610291408
46 1.8719290388628365
47 1.8719290388628365
48 1.8719290388628365
49 1.8719290388628365
50 1.8719290388628365
51 1.8719290388628365
52 1.8719290388628365
53 1.9438589389170131
54 1.9438589389170131
55 1.9438589389170131
56 1.9438589389170131
57 1.9438589389170131
58 1.9438589389170131
59 1.9438589389170131
60 1.9724303674884416
61 2.01913440083927
62 2.01913440083927
63 2.01913440083927
64 2.01913440083927
65 2.01913440083927
66 2.0477058294106985
67 2.0477058294106985
68 2.0477058294106985
69 2.0914712081824476
70 2.0914712081824476
71 2.0914712081824476
72 2.122920161965733
73 2.122920161965733
74 2.1514915905371614
75 2.1514915905371614
76 2.1514915905371614
77 2.1514915905371614
78 2.1514915905371614
79 2.1514915905371614
80 2.1514915905371614
81 2.1514915905371614
82 2.1514915905371614
83 2.18006301910859
84 2.18006301910859
85 2.18006301910859
86 2.18006301910859
87 2.18006301910859
88 2.18006301910859
89 2.18006301910859
90 2.18006301910859
91 2.18006301910859
92 2.18006301910859
93 2.18006301910859
94 2.18006301910859
95 2.18006301910859
96 2.18006301910859
97 2.18006301910859
98 2.2232134399573362
99 2.2517848685287647
