0 1.2
1 1.2
2 1.2962814453436864
3 1.4008941754059143
4 1.4384715826665246
5 1.5245682758564822
6 1.6095766655906463
7 1.6919258029439075
8 1.7217606637814584
9 1.750332092352887
10 1.8132166120866415
11 1.8680039436507487
12 1.9626390354320307
13 2.0750380753748314
14 2.1789952589856525
15 2.1789952589856525
16 2.2858783931989826
17 2.2858783931989826
18 2.314449821770411
19 2.314449821770411
20 2.314449821770411
21 2.3999942368995364
22 2.447166625226687
23 2.505272281939931
24 2.555898589611136
25 2.555898589611136
26 2.5844700181825644
27 2.5844700181825644
28 2.5844700181825644
29 2.613041446753993
30 2.613041446753993
31 2.613041446753993
32 2.613041446753993
33 2.613041446753993
34 2.613041446753993
35 2.656749749371517
36 2.856749749371517
37 2.8911888520194977
38 2.8911888520194977
39 2.8911888520194977
40 2.8911888520194977
41 2.9463374702952563
42 2.9784916521364897
43 3.0087624141825424
44 3.0087624141825424
45 3.0087624141825424
46 3.037333842753971
47 3.037333842753971
48 3.048269196467213
49 3.048269196467213
50 3.0768406250386415
51 3.1074472302785883
52 3.1074472302785883
53 3.1906897744244476
54 3.1906897744244476
55 3.1906897744244476
56 3.219261202995876
57 3.219261202995876
58 3.219261202995876
59 3.219261202995876
60 3.2478326315673045
61 3.294536664918133
62 3.294536664918133
63 3.294536664918133
64 3.294536664918133
65 3.294536664918133
66 3.294536664918133
67 3.294536664918133
68 3.294536664918133
69 3.338302043689882
70 3.3668734722613105
71 3.3668734722613105
72 3.38701614874431
73 3.38701614874431
74 3.38701614874431
75 3.58701614874431
76 3.58701614874431
77 3.58701614874431
78 3.58701614874431
79 3.58701614874431
80 3.58701614874431
81 3.58701614874431
82 3.6155875773157384
83 3.8155875773157386
84 3.8155875773157386
85 3.844159005887167
86 3.844159005887167
87 3.8727304344585955
88 3.8727304344585955
89 3.8727304344585955
90 3.8727304344585955
91 3.8727304344585955
92 3.8727304344585955
93 3.8727304344585955
94 3.8727304344585955
95 3.8727304344585955
96 3.8727304344585955
97 3.8727304344585955
98 3.915880855307342
99 3.9444522838787703
