0 1.1159732298802114
1 1.1159732298802114
2 1.1159732298802114
3 1.120792294082309
4 1.120792294082309
5 1.1880372809404702
6 1.1880372809404702
7 1.2166087095118987
8 1.2166087095118987
9 1.2451801380833272
10 1.2451801380833272
11 1.2451801380833272
12 1.2451801380833272
13 1.2451801380833272
14 1.2451801380833272
15 1.2451801380833272
16 1.2912608291249228
17 1.2912608291249228
18 1.3198322576963513
19 1.3484036862677797
20 1.3484036862677797
21 1.3484036862677797
22 1.3484036862677797
23 1.3769751148392082
24 1.3769751148392082
25 1.4055465434106367
26 1.4055465434106367
27 1.4341179719820651
28 1.4341179719820651
29 1.4341179719820651
30 1.4341179719820651
31 1.4341179719820651
32 1.4341179719820651
33 1.4341179719820651
34 1.4341179719820651
35 1.4341179719820651
36 1.4341179719820651
37 1.4341179719820651
38 1.4341179719820651
39 1.4626894005534936
40 1.4626894005534936
41 1.4626894005534936
42 1.5023055904255114
43 1.5023055904255114
44 1.5023055904255114
45 1.5023055904255114
46 1.5023055904255114
47 1.5023055904255114
48 1.5023055904255114
49 1.5308770189969398
