0 0.0
1 -7.926640880590544e-05
2 -0.00013458566962446127
3 0.0
4 0.0
5 0.0
6 -0.00011580597378732548
7 0.0
8 -7.830516221363173e-05
9 -0.00015350924102760334
10 -9.746346897896174e-05
11 0.0
12 0.0
13 -0.00014972407202266144
14 -0.0002063558102878964
15 -0.00019545566035579766
16 0.0
17 0.0
18 -0.00011982598572021721
19 -0.0002739393607226746
20 -0.00023089196069050056
21 -0.00014924577790449627
22 -0.00025683344741775355
23 -0.00030148466340936133
24 0.0
25 -0.00029020956702890244
26 0.0
27 0.0
28 -0.0003299933072659383
29 -0.00015780240685057408
30 -0.0001224975475037933
31 0.0
32 0.0
33 0.0
34 0.0
35 -0.0003347617614291933
36 -0.00011712024987254955
37 0.0
38 -5.594344853575297e-05
39 0.0
40 0.0
41 -0.00032828256839630187
42 0.0
43 -0.00035814434064967776
44 -0.00035796660631774366
45 -7.230004223078233e-05
46 -7.46771018474718e-05
47 -5.717058176157311e-05
48 -7.251727825159738e-05
49 -0.0003689668612455751
50 -9.492820554956453e-05
51 -0.00040342492823373694
52 -0.00038983771194232045
53 0.0
54 0.0
55 0.0
56 -0.00010987336688373541
57 0.0
58 -0.00037983659964612414
59 -0.0003873178502957733
60 -0.0001173403739549326
61 -0.00041708405371267495
62 -0.00041218852656416723
63 0.0
64 -0.00041774230989659236
65 0.0
66 -7.218447501742839e-05
67 -0.0004155210543386746
68 -0.00042449350135001333
69 0.0
70 0.0
71 0.0
72 -0.00043690360877067004
73 -0.00043334917545466325
74 -0.0004453032093913216
75 -8.594388360138653e-05
76 -0.00042908293444359505
77 -0.00043522100119955105
78 -0.00045544500719719544
79 -0.00046389086941967043
80 -0.0004662478251627725
81 0.0
82 -0.000470030957307605
83 -0.00010865943789956285
84 -0.00010018368828554866
85 -0.00010119374528578219
86 -0.00046845206809948764
87 -0.0004898031770309799
88 -0.00014208799131139516
89 0.0
90 -0.00048391677795479496
91 -0.000499757673734024
92 0.0
93 0.0
94 -0.0005004849955521363
95 -0.0004923088845256908
96 0.0
97 0.0
98 -0.00010997469724183305
99 0.0
