0 0.0
1 -1.5164322798086644e-05
2 9.657013441282869e-05
3 0.0
4 5.8542796289535865e-06
5 3.207494176334815e-05
6 6.417874981476817e-05
7 5.476646948030106e-05
8 8.137523309566901e-05
9 -6.665497846113558e-06
10 5.89467776471437e-05
11 -7.767497387621384e-06
12 -6.2328595796379396e-06
13 -2.234234925419948e-06
14 0.0
15 -3.5498485609291193e-05
16 -8.22218042256976e-05
17 -7.607739699646485e-06
18 2.90782917899496e-05
19 -0.00015070490126518055
20 0.0
21 1.5658518714944348e-05
22 -0.00011245033516353096
23 -0.00016561828768861357
24 -0.00018638811849600243
25 -0.00017253001195970054
26 -0.00021446628737340165
27 -0.00022593080353326575
28 0.0
29 -2.17993154229287e-05
30 0.0
31 0.0
32 -0.0002498868505542295
33 3.2856628715815126e-05
34 1.1517894047427723e-06
35 -0.00024659891232505854
36 -6.999254982305172e-07
37 0.0
38 6.573753245455416e-05
39 0.0
40 -0.0002700189680235785
41 -0.0002589728503854973
42 -0.0002846181378016155
43 -0.0003064782925500255
44 -0.00030628655264121286
45 1.8907159415154427e-06
46 -6.736574644902381e-07
47 1.8212387388902096e-05
48 1.6563615859523806e-06
49 -0.0003181536345596304
50 -2.2520560845162844e-05
51 -0.0003553270188476833
52 -0.00034066912138700314
53 -4.495312210070195e-05
54 -0.00033030823413924453
55 -0.00036624370862172286
56 0.0
57 -0.0003495295016046131
58 0.0
59 0.0
60 -6.786508431952941e-05
61 -0.0003841515185792288
62 -0.00037898580890730337
63 0.0
64 0.0
65 -2.8272494464185982e-05
66 0.0
67 -0.0003831209859501075
68 0.0
69 -3.4781484849559716e-05
70 -7.451479461039683e-05
71 -0.00041517272048201585
72 0.0
73 -0.00040249280486003236
74 0.0
75 -1.6906922694612817e-05
76 -0.00038557718069213835
77 -0.0003921719493405045
78 -0.0004139007193263015
79 -0.0004229749946002145
80 -0.0004255073192649983
81 -0.00043410219042644345
82 -0.0004401241142206805
83 -5.8877449561668456e-05
84 -4.9935540481171485e-05
85 0.0
86 -0.0004384583873658169
87 0.0
88 -7.839990175218229e-05
89 0.0
90 -0.0004452030278946706
91 0.0
92 -0.0004551323182070924
93 -0.00045171932899652924
94 -0.00046364709268593323
95 0.0
96 0.0
97 -0.00044891326680281444
98 -4.733455302400676e-05
99 -6.275985953000082e-05
