1 0.670649
2 0.671046
3 0.670110
4 0.668072
5 0.665212
6 0.661835
7 0.658264
8 0.654826
9 0.651830
10 0.649558
11 0.648249
12 0.648090
13 0.649206
14 0.651654
15 0.655423
16 0.660429
17 0.666527
18 0.673514
19 0.681137
20 0.689110
21 0.697126
22 0.704871
23 0.712041
24 0.718357
25 0.723576
26 0.727505
27 0.730012
28 0.731029
29 0.730557
30 0.728666
31 0.725494
32 0.721237
33 0.716140
34 0.710488
35 0.704591
36 0.698767
37 0.693330
38 0.688574
39 0.684759
40 0.682095
41 0.680740
42 0.680782
43 0.682245
44 0.685080
45 0.689174
46 0.694349
47 0.700375
48 0.706980
49 0.713864
50 0.720712
51 0.727209
52 0.733057
53 0.737988
54 0.741779
55 0.744259
56 0.745321
57 0.744926
58 0.743103
59 0.739951
60 0.735631
