1 1.058120
2 1.065042
3 1.072344
4 1.080296
5 1.089077
6 1.098768
7 1.109351
8 1.120712
9 1.132651
10 1.144897
11 1.157128
12 1.168991
13 1.180130
14 1.190206
15 1.198924
16 1.206047
17 1.211419
18 1.214972
19 1.216734
20 1.216825
21 1.215455
22 1.212908
23 1.209530
24 1.205705
25 1.201830
26 1.198298
27 1.195469
28 1.193647
29 1.193069
30 1.193883
31 1.196143
32 1.199807
33 1.204739
34 1.210716
35 1.217447
36 1.224585
37 1.231757
38 1.238579
39 1.244687
40 1.249757
41 1.253524
42 1.255804
43 1.256497
44 1.255604
45 1.253217
46 1.249523
47 1.244783
48 1.239324
49 1.233514
50 1.227742
51 1.222391
52 1.217818
53 1.214329
54 1.212162
55 1.211469
56 1.212313
57 1.214655
58 1.218367
59 1.223232
60 1.228961
