1 1.012744
2 1.027263
3 1.039537
4 1.049526
5 1.057283
6 1.062953
7 1.066769
8 1.069035
9 1.070119
10 1.070423
11 1.070369
12 1.070367
13 1.070799
14 1.071992
15 1.074202
16 1.077599
17 1.082256
18 1.088152
19 1.095167
20 1.103096
21 1.111660
22 1.120528
23 1.129334
24 1.137705
25 1.145280
26 1.151740
27 1.156824
28 1.160344
29 1.162204
30 1.162401
31 1.161028
32 1.158268
33 1.154384
34 1.149703
35 1.144594
36 1.139449
37 1.134656
38 1.130578
39 1.127526
40 1.125746
41 1.125401
42 1.126559
43 1.129193
44 1.133182
45 1.138315
46 1.144310
47 1.150827
48 1.157493
49 1.163922
50 1.169741
51 1.174614
52 1.178262
53 1.180479
54 1.181148
55 1.180246
56 1.177847
57 1.174117
58 1.169302
59 1.163717
60 1.157722
