1 0.750871
2 0.760367
3 0.770283
4 0.780330
5 0.790202
6 0.799593
7 0.808210
8 0.815791
9 0.822115
10 0.827013
11 0.830382
12 0.832180
13 0.832440
14 0.831259
15 0.828800
16 0.825282
17 0.820969
18 0.816159
19 0.811170
20 0.806322
21 0.801927
22 0.798270
23 0.795596
24 0.794099
25 0.793914
26 0.795109
27 0.797683
28 0.801565
29 0.806617
30 0.812646
31 0.819404
32 0.826610
33 0.833957
34 0.841130
35 0.847819
36 0.853738
37 0.858634
38 0.862303
39 0.864597
40 0.865434
41 0.864801
42 0.862753
43 0.859414
44 0.854968
45 0.849650
46 0.843738
47 0.837535
48 0.831361
49 0.825529
50 0.820338
51 0.816054
52 0.812898
53 0.811037
54 0.810574
55 0.811544
56 0.813913
57 0.817578
58 0.822373
59 0.828078
60 0.834428
