1 0.778707
2 0.789150
3 0.799383
4 0.809103
5 0.818017
6 0.825867
7 0.832435
8 0.837555
9 0.841127
10 0.843116
11 0.843554
12 0.842546
13 0.840257
14 0.836908
15 0.832766
16 0.828131
17 0.823321
18 0.818659
19 0.814454
20 0.810990
21 0.808511
22 0.807210
23 0.807219
24 0.808602
25 0.811356
26 0.815407
27 0.820615
28 0.826783
29 0.833664
30 0.840974
31 0.848406
32 0.855645
33 0.862384
34 0.868335
35 0.873249
36 0.876924
37 0.879216
38 0.880046
39 0.879404
40 0.877348
41 0.874005
42 0.869562
43 0.864257
44 0.858368
45 0.852201
46 0.846075
47 0.840303
48 0.835183
49 0.830979
50 0.827911
51 0.826142
52 0.825772
53 0.826835
54 0.829291
55 0.833036
56 0.837901
57 0.843663
58 0.850055
59 0.856781
60 0.863524
