1 0.687656
2 0.686904
3 0.687084
4 0.688375
5 0.690894
6 0.694688
7 0.699736
8 0.705947
9 0.713165
10 0.721181
11 0.729737
12 0.738546
13 0.747299
14 0.755686
15 0.763407
16 0.770192
17 0.775808
18 0.780073
19 0.782869
20 0.784140
21 0.783904
22 0.782244
23 0.779309
24 0.775307
25 0.770493
26 0.765158
27 0.759615
28 0.754185
29 0.749180
30 0.744889
31 0.741565
32 0.739410
33 0.738570
34 0.739124
35 0.741082
36 0.744384
37 0.748905
38 0.754457
39 0.760804
40 0.767668
41 0.774744
42 0.781716
43 0.788274
44 0.794123
45 0.799004
46 0.802702
47 0.805058
48 0.805977
49 0.805432
50 0.803468
51 0.800193
52 0.795781
53 0.790459
54 0.784497
55 0.778195
56 0.771869
57 0.765836
58 0.760398
59 0.755827
60 0.752353
