1 0.639200
2 0.645293
3 0.649778
4 0.652629
5 0.653885
6 0.653655
7 0.652112
8 0.649483
9 0.646038
10 0.642080
11 0.637932
12 0.633917
13 0.630344
14 0.627498
15 0.625621
16 0.624904
17 0.625477
18 0.627401
19 0.630669
20 0.635206
21 0.640869
22 0.647458
23 0.654724
24 0.662384
25 0.670131
26 0.677649
27 0.684633
28 0.690799
29 0.695901
30 0.699740
31 0.702177
32 0.703137
33 0.702615
34 0.700676
35 0.697448
36 0.693124
37 0.687944
38 0.682189
39 0.676168
40 0.670197
41 0.664593
42 0.659650
43 0.655632
44 0.652754
45 0.651177
46 0.650998
47 0.652245
48 0.654877
49 0.658783
50 0.663794
51 0.669682
52 0.676180
53 0.682988
54 0.689791
55 0.696275
56 0.702139
57 0.707112
58 0.710965
59 0.713524
60 0.714673
