1 1.379489
2 1.402767
3 1.422676
4 1.439184
5 1.452389
6 1.462515
7 1.469906
8 1.475009
9 1.478350
10 1.480507
11 1.482079
12 1.483647
13 1.485750
14 1.488847
15 1.493294
16 1.499328
17 1.507050
18 1.516423
19 1.527278
20 1.539325
21 1.552172
22 1.565354
23 1.578363
24 1.590678
25 1.601803
26 1.611297
27 1.618803
28 1.624071
29 1.626976
30 1.627526
31 1.625861
32 1.622250
33 1.617067
34 1.610778
35 1.603904
36 1.596995
37 1.590597
38 1.585212
39 1.581274
40 1.579121
41 1.578972
42 1.580917
43 1.584908
44 1.590768
45 1.598195
46 1.606789
47 1.616071
48 1.625516
49 1.634585
50 1.642759
51 1.649573
52 1.654641
53 1.657686
54 1.658551
55 1.657214
56 1.653788
57 1.648514
58 1.641744
59 1.633924
60 1.625561
