1 1.258979
2 1.282890
3 1.307155
4 1.331471
5 1.355451
6 1.378648
7 1.400593
8 1.420830
9 1.438943
10 1.454592
11 1.467536
12 1.477651
13 1.484942
14 1.489547
15 1.491729
16 1.491864
17 1.490420
18 1.487931
19 1.484965
20 1.482091
21 1.479845
22 1.478702
23 1.479041
24 1.481132
25 1.485113
26 1.490988
27 1.498624
28 1.507765
29 1.518043
30 1.529008
31 1.540154
32 1.550951
33 1.560880
34 1.569464
35 1.576303
36 1.581092
37 1.583650
38 1.583922
39 1.581992
40 1.578071
41 1.572489
42 1.565673
43 1.558121
44 1.550372
45 1.542972
46 1.536442
47 1.531243
48 1.527751
49 1.526231
50 1.526822
51 1.529531
52 1.534228
53 1.540656
54 1.548452
55 1.557160
56 1.566270
57 1.575242
58 1.583544
59 1.590683
60 1.596238
