0 2.2379458582832954
1 2.237945873159552
2 4.486150917701402
3 1.5183060580309387
4 2.669801139964367
5 1.913516736362638
6 1.5879709972312523
7 1.3219272997385945
8 1.3782509416590827
9 1.785130775871383
10 1.389208157215278
11 1.5467694044777278
12 1.5035668189147056
13 1.3050447606774758
14 1.0443628929451647
15 0.997325469723651
16 2.1084289388736313
17 1.502327497689505
18 0.8977830044074311
19 1.123448661376507
20 1.8907788973996897
21 1.3321005453970438
22 1.2498982748945444
23 1.504342509245806
24 0.8369740730208607
25 1.143720946072868
26 0.822842150445104
27 0.8798337324748132
28 1.0429924276213791
29 1.3263762631456169
30 1.3334700881272636
31 1.0772545139769658
32 1.227580095001582
33 1.155331570657183
34 1.22171631716088
35 0.8879574216839995
36 1.13942130183111
37 0.887297585415641
38 0.9076365064445644
39 0.9255191784051136
40 1.2898624952125017
41 1.0046112565941132
42 1.1439969291926095
43 1.054810283376646
44 1.0613292489543267
45 1.1481599295039695
46 0.861985515485567
47 1.0402792783832815
48 0.7318777296204421
49 1.0969222989919125
50 1.0145557331839643
51 1.0212378838600222
52 0.7646235392618312
53 1.0695103328540132
54 0.784871257779326
55 0.6749563911831147
56 0.8594996152814052
57 0.9038881718614308
58 0.8224470979656018
59 0.8344473103294797
60 1.0082361298351235
61 0.7403776893708699
62 0.9110284179034007
63 0.8503235692765387
64 0.8930018242355177
65 0.9397789873452572
66 0.7623680195436504
67 0.7747789539002442
68 0.8840731831314171
69 0.6449454907587312
70 0.812476094751969
71 0.8141523622868785
72 0.6935989170685452
73 0.911838332789854
74 0.815717628440485
75 0.6535268806813487
76 0.8273894749312015
77 0.7689968966507978
78 0.7881958926620589
79 0.8620921054590379
80 0.8590613791869544
81 1.0103393008782007
82 0.821829814100664
83 0.7909441221723318
84 0.897409465319599
85 0.7050895287133857
86 0.8403673431003326
87 0.8362216401897101
88 0.6842562997241538
89 1.0061979798553382
90 0.7928044012994155
91 0.8991719261517431
92 0.7253927761797786
93 0.916563130288403
94 0.7507866426762764
95 0.6862100448781069
96 0.869069700387195
97 0.7744161269126828
98 0.6558179735473272
99 0.9023548723927447
