0 2.2379458582832954
1 2.2379458582832954
2 4.486150977737724
3 1.5183060460103919
4 2.6698011423551935
5 1.9135170029398458
6 1.5879709511414213
7 1.3219273133530258
8 1.3782508122223665
9 1.785130675987945
10 1.3892080097809476
11 1.546769483375018
12 1.5035668837990934
13 1.3050446813817145
14 1.0443628829833858
15 0.9973254980151036
16 2.1084289475071727
17 1.5023276050774832
18 0.897782945433699
19 1.1234487145059953
20 1.8907790033930192
21 1.3321006549766137
22 1.2498985072032323
23 1.5043425063236842
24 0.8369741109088271
25 1.1437210454250113
26 0.8228422074928922
27 0.8798337155397888
28 1.042992407697821
29 1.3263762714470992
30 1.333470053261037
31 1.0772544970419413
32 1.2275799709442266
33 1.155331630029386
34 1.2217161816806847
35 0.8879573719747219
36 1.139421315644777
37 0.8872975645955227
38 0.90763652663377
39 0.9255191077760999
40 1.2898623873596404
41 1.0046111980188523
42 1.1439968269847562
43 1.0548102246685613
44 1.0613292393910188
45 1.1481599601198371
46 0.8619854292165602
47 1.0402793671095272
48 0.7318777420062541
49 1.0969222689737517
50 1.0145567069146626
51 1.0212379499398234
52 0.7646235504190237
53 1.0695105184087514
54 0.784871322497684
55 0.6749563131159727
56 0.8594995608900915
57 0.9038881519046666
58 0.8224472095707333
59 0.8344473504090375
60 1.0082361446449684
61 0.7403777837421237
62 0.9110284227514666
63 0.8503234679984515
64 0.8930019596493012
65 0.9397797910615926
66 0.7623678499941706
67 0.7747788993429009
68 0.8840732521333402
69 0.6449455309047009
70 0.8124760761898541
71 0.8141523588334617
72 0.6935988592902266
73 0.9118381597205457
74 0.8157179591051383
75 0.6535268397052308
76 0.8273892865871653
77 0.7689972777552592
78 0.7881958737678847
79 0.8620920742454635
80 0.8590612763813943
81 1.0103392025886473
82 0.8218298063636822
83 0.7909442700051331
84 0.8974095379077625
85 0.705089574736805
86 0.840367117300007
87 0.8362215761022648
88 0.6842562037258095
89 1.0061977988830184
90 0.7928043344226721
91 0.8991718678089238
92 0.7253926235985291
93 0.9165631834178914
94 0.7507866341755582
95 0.686210013432091
96 0.8690696012010813
97 0.7744161743639572
98 0.6558178161844238
99 0.9023551530492671
