0 2.2379458582832954
1 2.2379458582832954
2 4.486150977737724
3 1.5183060460103919
4 2.6698011423551935
5 1.9135170029398458
6 1.5879709511414213
7 1.3219273110950225
8 1.3782508583786095
9 1.785130675987945
10 1.3892080382052239
11 1.5467694408714274
12 1.5035668001201492
13 1.3050446656421035
14 1.044362922299207
15 0.9973254139376883
16 2.1084290367647136
17 1.502327511835231
18 0.8977829507466478
19 1.1234486321552881
20 1.890778780249168
21 1.3321007430387406
22 1.2498982458725614
23 1.5043424705276913
24 0.8369741361121281
25 1.1437209882443995
26 0.8228422135695773
27 0.8798337462884802
28 1.042992514421681
29 1.3263763098331547
30 1.3334700919791516
31 1.077254624353478
32 1.2275800524315794
33 1.155331612961538
34 1.221716238662061
35 0.8879573955177265
36 1.1394213290599728
37 0.8872976676667301
38 0.9076364770905221
39 0.9255190854285089
40 1.2898624199014521
41 1.0046113285845701
42 1.143996776578154
43 1.0548103477297388
44 1.0613293429271093
45 1.1481599716755009
46 0.8619855140245061
47 1.0402793209532841
48 0.7318778179482165
49 1.0969223280138956
50 1.0145566899796383
51 1.0212380273760526
52 0.7646234727503529
53 1.069510505790498
54 0.7848713846591854
55 0.674956352498206
56 0.8594996183363508
57 0.9038882955203149
58 0.8224470823256086
59 0.8344474111094781
60 1.008236029619626
61 0.7403777377187043
62 0.9110284341743066
63 0.8503235839535599
64 0.893001776020507
65 0.9397801614405384
66 0.7623679200586835
67 0.7747789500483563
68 0.8840730996517085
69 0.6449467085198107
70 0.812476020071832
71 0.8141524134904229
72 0.6935989025575537
73 0.9118381971104231
74 0.8157180919288592
75 0.6535268059015938
76 0.8273894059956904
77 0.7689973480190075
78 0.7881958655660198
79 0.8620921922593395
80 0.8590613637129908
81 1.0103391952169307
82 0.8218290784564855
83 0.7909441820094181
84 0.8974094430716257
85 0.7050895786551048
86 0.8403671232106625
87 0.8362215393433
88 0.6842563115122591
89 1.006197985699582
90 0.7928047944576295
91 0.8991718723581362
92 0.7253927000053746
93 0.9165631908560198
94 0.7507868288287213
95 0.6862100263159919
96 0.8690697073936462
97 0.7744161800089653
98 0.6558177450241153
99 0.9023551718438236
