0 2.2379458582832954
1 2.2379458582832954
2 4.4861510133344815
3 1.5183060503271628
4 2.6698011072897314
5 1.9135169917826533
6 1.5879710032747316
7 1.321927297015708
8 1.3782508933112483
9 1.78513072114801
10 1.3892080687546797
11 1.5467694460515524
12 1.5035668655358316
13 1.3050447238853051
14 1.0443628277287178
15 0.9973254581679872
16 2.108428942194224
17 1.5023274929742627
18 0.8977829742564465
19 1.1234486900664307
20 1.8907788466610285
21 1.3321006608208574
22 1.249898336524751
23 1.5043425308296607
24 0.8369741817038704
25 1.1437210150083792
26 0.8228420840332435
27 0.8798337272946881
28 1.0429925204651602
29 1.326376447239294
30 1.333470087463145
31 1.0772545512340195
32 1.2275799842265986
33 1.1553315662075883
34 1.2217161621555976
35 0.8879572956342883
36 1.1394214228335198
37 0.8872975295300604
38 0.9076363390534701
39 0.9255191594113215
40 1.2898624582210956
41 1.0046111994135014
42 1.1439968014826019
43 1.0548102572103728
44 1.0613290995276405
45 1.148159991134176
46 0.861985437385219
47 1.0402793940063306
48 0.7318777371581883
49 1.0969222969995567
50 1.0145556163655018
51 1.0212379970922443
52 0.7646235231237491
53 1.0695103262792391
54 0.7848713434838319
55 0.6749564129329989
56 0.8594994991934731
57 0.9038882675277158
58 0.822447300621394
59 0.8344473072745342
60 1.008236112036745
61 0.7403777861993625
62 0.9110283113787765
63 0.8503235887352139
64 0.893001874974179
65 0.9397789880757876
66 0.7623680042689225
67 0.7747788657384994
68 0.8840733024071186
69 0.6449455588308881
70 0.8124760022734533
71 0.8141525358874818
72 0.6935988976762819
73 0.9118383596202457
74 0.8157179531944827
75 0.6535268637463243
76 0.8273894321287575
77 0.7689969649221904
78 0.7881958170189499
79 0.8620921129635781
80 0.8590612345419222
81 1.0103391729689575
82 0.8218289217244947
83 0.7909441952253783
84 0.8974095211055617
85 0.7050895374797513
86 0.8403671552211793
87 0.8362215751392927
88 0.6842563551116455
89 1.006197946184525
90 0.792804634272222
91 0.8991719709465431
92 0.7253927628309946
93 0.9165633140500209
94 0.7507866196313608
95 0.6862101468535187
96 0.869069468078507
97 0.7744162994174905
98 0.6558177312104483
99 0.9023551606534251
