0 2.2379458582832954
1 2.2379458582832954
2 4.4861510133344815
3 1.5183060503271628
4 2.6698011181812764
5 1.9135169715934477
6 1.58797098501147
7 1.3219273176033848
8 1.378250928044651
9 1.7851307671050176
10 1.3892080817714043
11 1.5467694016884297
12 1.503566809749869
13 1.3050447238853051
14 1.044362894273402
15 0.9973254320017143
16 2.108428962250606
17 1.5023275317587892
18 0.8977830057356683
19 1.1234487507004591
20 1.890778750231007
21 1.332100633924054
22 1.2498983104248897
23 1.504342548827275
24 0.8369741020096377
25 1.1437210581760884
26 0.8228421969998182
27 0.8798337356625825
28 1.0429924671364361
29 1.3263762680600946
30 1.3334700790952507
31 1.0772544461704563
32 1.2275801076198354
33 1.1553313364889628
34 1.2217163350920823
35 0.8879573950860493
36 1.139421313785245
37 0.8872976113162665
38 0.9076364553074319
39 0.9255191190329103
40 1.2898625409038618
41 1.0046111764349976
42 1.1439968415289536
43 1.0548103917608023
44 1.0613292975013966
45 1.1481600400797172
46 0.8619855381320114
47 1.040279401909342
48 0.7318777599042504
49 1.0969223532504027
50 1.0145567346084086
51 1.0212379219140182
52 0.7646234985181548
53 1.069510430944331
54 0.78487128826237
55 0.6749563927437934
56 0.8594995904433694
57 0.9038882352847575
58 0.8224471990444534
59 0.8344474326601268
60 1.0082360749789268
61 0.7403777648147434
62 0.9110283297748619
63 0.8503233977347031
64 0.8930018018547207
65 0.9397802022174209
66 0.7623679728561125
67 0.7747789169752498
68 0.8840732663454783
69 0.6449455252928986
70 0.8124760956817351
71 0.8141523855974415
72 0.693598935298601
73 0.9118381966455401
74 0.8157180038335263
75 0.6535267364015819
76 0.8273893446975432
77 0.7689973230149421
78 0.7881958750629159
79 0.8620920635531539
80 0.8590612835538752
81 1.0103393104415086
82 0.8218290683286767
83 0.7909441780911183
84 0.8974095219689159
85 0.7050895271859129
86 0.8403670883444359
87 0.8362215337979096
88 0.6842562505793771
89 1.0061979217449604
90 0.7928046745178096
91 0.8991718832828872
92 0.7253926921023632
93 0.9165632086543983
94 0.7507866790035641
95 0.6862099652834921
96 0.8690697608883998
97 0.7744161740651038
98 0.655817848925471
99 0.902355205913108
