1 0.628653
2 0.629635
3 0.631900
4 0.635489
5 0.640372
6 0.646452
7 0.653569
8 0.661506
9 0.670002
10 0.678765
11 0.687485
12 0.695848
13 0.703555
14 0.710332
15 0.715949
16 0.720225
17 0.723041
18 0.724346
19 0.724157
20 0.722559
21 0.719705
22 0.715802
23 0.711106
24 0.705909
25 0.700524
26 0.695271
27 0.690460
28 0.686378
29 0.683276
30 0.681353
31 0.680751
32 0.681546
33 0.683744
34 0.687281
35 0.692030
36 0.697800
37 0.704352
38 0.711405
39 0.718655
40 0.725785
41 0.732485
42 0.738461
43 0.743456
44 0.747257
45 0.749708
46 0.750716
47 0.750259
48 0.748382
49 0.745198
50 0.740884
51 0.735668
52 0.729823
53 0.723648
54 0.717462
55 0.711579
56 0.706301
57 0.701898
58 0.698599
59 0.696577
60 0.695946
