1 1.000000
2 1.004014
3 1.009304
4 1.015764
5 1.023227
6 1.031471
7 1.040231
8 1.049212
9 1.058103
10 1.066592
11 1.074381
12 1.081203
13 1.086833
14 1.091097
15 1.093884
16 1.095153
17 1.095153
18 1.095153
19 1.095153
20 1.095153
21 1.095153
22 1.095153
23 1.095153
24 1.095153
25 1.095153
26 1.095153
27 1.095153
28 1.095153
29 1.095153
30 1.095153
31 1.095153
32 1.095153
33 1.095153
34 1.095153
35 1.095153
36 1.095153
37 1.095153
38 1.099467
39 1.106151
40 1.112075
41 1.116987
42 1.120680
43 1.123007
44 1.123882
45 1.123882
46 1.123882
47 1.123882
48 1.123882
49 1.123882
50 1.123882
51 1.123882
52 1.123882
53 1.123882
54 1.123882
55 1.123882
56 1.123882
57 1.123882
58 1.123882
59 1.123882
60 1.123882
