1 0.664796
2 0.673532
3 0.682760
4 0.692186
5 0.701499
6 0.710388
7 0.718557
8 0.725739
9 0.731710
10 0.736298
11 0.739396
12 0.740960
13 0.741019
14 0.739668
15 0.737068
16 0.733435
17 0.729031
18 0.724153
19 0.719115
20 0.714238
21 0.709830
22 0.706176
23 0.703518
24 0.702051
25 0.701908
26 0.703155
27 0.705790
28 0.709741
29 0.714871
30 0.720982
31 0.727830
32 0.735131
33 0.742578
34 0.749854
35 0.756650
36 0.762678
37 0.767686
38 0.771468
39 0.773877
40 0.774831
41 0.774315
42 0.772385
43 0.769163
44 0.764835
45 0.759634
46 0.753838
47 0.747752
48 0.741692
49 0.735974
50 0.730896
51 0.726723
52 0.723677
53 0.721924
54 0.721568
55 0.722643
56 0.725116
57 0.728882
58 0.733777
59 0.739579
60 0.746024
