1 0.601061
2 0.608875
3 0.615438
4 0.620583
5 0.624205
6 0.626269
7 0.626808
8 0.625921
9 0.623775
10 0.620588
11 0.616628
12 0.612191
13 0.607596
14 0.603162
15 0.599199
16 0.595988
17 0.593771
18 0.592739
19 0.593021
20 0.594682
21 0.597716
22 0.602046
23 0.607532
24 0.613974
25 0.621126
26 0.628701
27 0.636393
28 0.643885
29 0.650870
30 0.657062
31 0.662210
32 0.666113
33 0.668629
34 0.669678
35 0.669252
36 0.667410
37 0.664279
38 0.660047
39 0.654952
40 0.649273
41 0.643317
42 0.637401
43 0.631840
44 0.626930
45 0.622936
46 0.620075
47 0.618511
48 0.618343
49 0.619602
50 0.622250
51 0.626180
52 0.631223
53 0.637155
54 0.643709
55 0.650588
56 0.657476
57 0.664058
58 0.670032
59 0.675127
60 0.679110
