1 1.000000
2 1.005229
3 1.008916
4 1.011035
5 1.011627
6 1.011627
7 1.011627
8 1.011627
9 1.011627
10 1.011627
11 1.011627
12 1.011627
13 1.011627
14 1.011627
15 1.011627
16 1.011627
17 1.011627
18 1.011627
19 1.011627
20 1.011627
21 1.011627
22 1.011627
23 1.011627
24 1.017498
25 1.025284
26 1.032829
27 1.039825
28 1.045992
29 1.051084
30 1.054907
31 1.057326
32 1.058270
33 1.058270
34 1.058270
35 1.058270
36 1.058270
37 1.058270
38 1.058270
39 1.058270
40 1.058270
41 1.058270
42 1.058270
43 1.058270
44 1.058270
45 1.058270
46 1.058270
47 1.058270
48 1.058270
49 1.058270
50 1.058270
51 1.058270
52 1.058270
53 1.058270
54 1.058270
55 1.058270
56 1.060399
57 1.065396
58 1.069256
59 1.071808
60 1.072944
