1 1.000000
2 1.000000
3 1.000000
4 1.000000
5 1.000000
6 1.000000
7 1.000000
8 1.000000
9 1.000000
10 1.000000
11 1.000000
12 1.000000
13 1.000000
14 1.000000
15 1.000000
16 1.003105
17 1.010883
18 1.018986
19 1.027106
20 1.034926
21 1.042146
22 1.048486
23 1.053710
24 1.057631
25 1.060122
26 1.061124
27 1.061124
28 1.061124
29 1.061124
30 1.061124
31 1.061124
32 1.061124
33 1.061124
34 1.061124
35 1.061124
36 1.061124
37 1.061124
38 1.061124
39 1.061124
40 1.061124
41 1.061124
42 1.061124
43 1.061124
44 1.061124
45 1.061124
46 1.061124
47 1.061124
48 1.061124
49 1.061946
50 1.067841
51 1.072787
52 1.076566
53 1.079014
54 1.080032
55 1.080032
56 1.080032
57 1.080032
58 1.080032
59 1.080032
60 1.080032
