1 1.000000
2 1.000000
3 1.000000
4 1.000000
5 1.000000
6 1.000000
7 1.000000
8 1.000000
9 1.000000
10 1.000000
11 1.000000
12 1.000000
13 1.003746
14 1.011033
15 1.018939
16 1.027174
17 1.035430
18 1.043391
19 1.050755
20 1.057243
21 1.062617
22 1.066687
23 1.069327
24 1.070474
25 1.070474
26 1.070474
27 1.070474
28 1.070474
29 1.070474
30 1.070474
31 1.070474
32 1.070474
33 1.070474
34 1.070474
35 1.070474
36 1.070474
37 1.070474
38 1.070474
39 1.070474
40 1.070474
41 1.070474
42 1.070474
43 1.070474
44 1.070474
45 1.070474
46 1.070474
47 1.072538
48 1.078495
49 1.083509
50 1.087359
51 1.089883
52 1.090977
53 1.090977
54 1.090977
55 1.090977
56 1.090977
57 1.090977
58 1.090977
59 1.090977
60 1.090977
