1 0.634932
2 0.638837
3 0.644022
4 0.650389
5 0.657774
6 0.665959
7 0.674681
8 0.683649
9 0.692550
10 0.701073
11 0.708919
12 0.715817
13 0.721538
14 0.725905
15 0.728802
16 0.730181
17 0.730062
18 0.728535
19 0.725754
20 0.721929
21 0.717320
22 0.712219
23 0.706940
24 0.701802
25 0.697117
26 0.693169
27 0.690207
28 0.688428
29 0.687971
30 0.688910
31 0.691247
32 0.694916
33 0.699786
34 0.705665
35 0.712310
36 0.719441
37 0.726752
38 0.733926
39 0.740654
40 0.746644
41 0.751639
42 0.755430
43 0.757863
44 0.758849
45 0.758368
46 0.756469
47 0.753270
48 0.748947
49 0.743732
50 0.737900
51 0.731751
52 0.725603
53 0.719772
54 0.714557
55 0.710228
56 0.707011
57 0.705077
58 0.704534
59 0.705426
60 0.707722
