0 1.0179082414895197
1 1.0179082414895197
2 1.034483398175579
3 1.034483398175579
4 1.0888231322343656
5 1.13405372639158
6 1.204837762737444
7 1.204837762737444
8 1.3048377627374441
9 1.3853443149199194
10 1.4644888995200211
11 1.4644888995200211
12 1.4644888995200211
13 1.5644888995200212
14 1.6644888995200213
15 1.7644888995200214
16 1.78379080449349
17 1.78379080449349
18 1.8837908044934901
19 1.9837908044934902
20 1.9837908044934902
21 1.9837908044934902
22 2.0107241466850043
23 2.0107241466850043
24 2.1107241466850044
25 2.2107241466850045
26 2.3107241466850046
27 2.3437154153377877
28 2.3437154153377877
29 2.3437154153377877
30 2.399219272038863
31 2.438736083822331
32 2.4816658358227643
33 2.5311922429463283
34 2.5311922429463283
35 2.5783734500837165
36 2.5783734500837165
37 2.6091440201100387
38 2.7091440201100387
39 2.809144020110039
40 2.909144020110039
41 2.933846926786911
42 2.965825841731968
43 2.9956436715344554
44 3.0218882449838365
45 3.0218882449838365
46 3.0551921764531293
47 3.1551921764531294
48 3.1551921764531294
49 3.2551921764531295
