0 1.0
1 1.022067710660774
2 1.022067710660774
3 1.022067710660774
4 1.0508580593518986
5 1.072469627300131
6 1.09934006913689
7 1.1230407405265177
8 1.1230407405265177
9 1.1461339178593675
10 1.1663923064299437
11 1.1663923064299437
12 1.1913063062938305
13 1.213906588459509
14 1.213906588459509
15 1.2403985165096727
16 1.2693427246020097
17 1.2879375207055237
18 1.2879375207055237
19 1.2879375207055237
20 1.3134338553110327
21 1.3134338553110327
22 1.3134338553110327
23 1.3302274745722313
24 1.3548815401285537
25 1.3844698234790802
26 1.4123098535984129
27 1.4123098535984129
28 1.4422714860509716
29 1.4422714860509716
30 1.47344029546657
31 1.498787326432411
32 1.5250474998178596
33 1.5250474998178596
34 1.550529246090491
35 1.5822634517738716
36 1.5822634517738716
37 1.6123159266282063
38 1.6123159266282063
39 1.6123159266282063
40 1.6454742363562083
41 1.6454742363562083
42 1.6741388631945635
43 1.7026754134993072
44 1.7260731063610608
45 1.744578388410116
46 1.7709085832550255
47 1.7906172067440747
48 1.8088134685455077
49 1.8305374057308097
50 1.8605873491981662
51 1.8605873491981662
52 1.8888350662421585
53 1.8888350662421585
54 1.9229311278687091
55 1.9555661140216087
56 1.9821036367659652
57 1.9966847652633752
58 2.0118586932290548
59 2.0118586932290548
60 2.0118586932290548
61 2.0452764881454257
62 2.0808396716314643
63 2.1075119718830417
64 2.1075119718830417
65 2.1430413042434058
66 2.1744677205452807
67 2.1913881296284976
68 2.200630455634594
69 2.2088900452166556
70 2.211882891738442
71 2.2167944249116074
72 2.2254927712723935
73 2.2352774512623625
74 2.2352774512623625
75 2.239724369109951
76 2.239724369109951
77 2.239724369109951
78 2.2815227065148256
79 2.3004005648132093
80 2.391558176253947
81 2.439375043499898
82 2.439375043499898
83 2.481552869452665
84 2.481552869452665
85 2.481552869452665
86 2.5202902640804465
87 2.5753014048304053
88 2.5753014048304053
89 2.5753014048304053
90 2.6221581131288643
91 2.6764506046439527
92 2.731212099692296
93 2.7567063943752497
94 2.7567063943752497
95 2.7567063943752497
96 2.7567063943752497
97 2.801961908436492
98 2.863313228547144
99 2.863313228547144
