0 1.0217354222059
1 1.0217354222059
2 1.042892083461463
3 1.042892083461463
4 1.0714792070490735
5 1.0714792070490735
6 1.0973331551870606
7 1.0973331551870606
8 1.124557648123841
9 1.124557648123841
10 1.1452047898149016
11 1.1452047898149016
12 1.1452047898149016
13 1.1452047898149016
14 1.167097686641869
15 1.1930521845715616
16 1.2202853458547673
17 1.236383505459659
18 1.2625807094113632
19 1.2816506550668751
20 1.3030614197942725
21 1.3030614197942725
22 1.3333482108181207
23 1.3490812888186527
24 1.3700670960806496
25 1.3962661878752958
26 1.421442581532051
27 1.4488287616974342
28 1.4488287616974342
29 1.4488287616974342
30 1.4768402117521688
31 1.498705771523627
32 1.522979185685159
33 1.522979185685159
34 1.522979185685159
35 1.522979185685159
36 1.5541968409365827
37 1.5541968409365827
38 1.5807080752228952
39 1.615077354977405
40 1.6411879418623332
41 1.6654503686931903
42 1.6830293029231553
43 1.7024340722377136
44 1.721687827761379
45 1.7368564177612364
46 1.7836279041351504
47 1.8020813640843356
48 1.8208453839173036
49 1.8371163806217041
50 1.8546989590194036
51 1.869648576681891
52 1.869648576681891
53 1.8856307277441449
54 1.9045260979614758
55 1.9198030274517626
56 1.9453981377238556
57 1.9625076907704961
58 1.9625076907704961
59 1.9812309018236092
60 2.000094493255498
61 2.016196578666856
62 2.0285610593732057
63 2.0383566112384726
64 2.0447152234576005
65 2.0447152234576005
66 2.0447152234576005
67 2.0619421220756653
68 2.0619421220756653
69 2.0945950319335926
70 2.10965074030781
71 2.1178759045862323
72 2.1330146192628945
73 2.1438319126948375
74 2.1541755389636887
75 2.1578460822394985
76 2.1634033513311692
77 2.170476015986894
78 2.187051096489126
79 2.187051096489126
80 2.1882275321605795
81 2.1939969181608343
82 2.2180002828954644
83 2.2426279626448813
84 2.271532600755651
85 2.2994748873156423
86 2.3079371632413754
87 2.3112363915011884
88 2.3112363915011884
89 2.340558080433687
90 2.3424379661109502
91 2.3557156030698985
92 2.3557156030698985
93 2.3856301022690007
94 2.3856301022690007
95 2.3856301022690007
96 2.4249313287307452
97 2.4618143240857253
98 2.4799280698513604
99 2.4839111472137816
