0 1.0253024197845213
1 1.0478062209009646
2 1.068866187260939
3 1.093080254841366
4 1.1179732438298946
5 1.1394120017663523
6 1.1658363933585083
7 1.1892369366841307
8 1.1892369366841307
9 1.2130966597487143
10 1.2329957606976383
11 1.2593724691200021
12 1.2842272582226677
13 1.3073998532087545
14 1.3301634449068729
15 1.3563745146886832
16 1.3563745146886832
17 1.3801498020981742
18 1.3801498020981742
19 1.4066502825064813
20 1.4294672209797363
21 1.4570630107467655
22 1.4837075828142645
23 1.4837075828142645
24 1.5072323700156856
25 1.5072323700156856
26 1.5072323700156856
27 1.5072323700156856
28 1.5072323700156856
29 1.5398285070086024
30 1.5398285070086024
31 1.5398285070086024
32 1.5398285070086024
33 1.57387574353579
34 1.5999004389215905
35 1.5999004389215905
36 1.6350338415061774
37 1.6350338415061774
38 1.6638234879418636
39 1.695169617340112
40 1.7225801794015159
41 1.7225801794015159
42 1.747232701677461
43 1.7747972203903546
44 1.8004344811015804
45 1.824720558442415
46 1.824720558442415
47 1.8389815990725253
48 1.88208166380083
49 1.9064047858162056
50 1.9064047858162056
51 1.9064047858162056
52 1.9064047858162056
53 1.938761943949694
54 1.938761943949694
55 1.938761943949694
56 1.938761943949694
57 1.985639165483974
58 1.985639165483974
59 2.025005973205571
60 2.0710240681602605
61 2.0710240681602605
62 2.0710240681602605
63 2.0710240681602605
64 2.1358102968928407
65 2.1358102968928407
66 2.1358102968928407
67 2.208445476002291
68 2.208445476002291
69 2.2962799704972396
70 2.330991730797075
71 2.3700566288061706
72 2.3700566288061706
73 2.3700566288061706
74 2.4665918886668945
75 2.5357118180806357
76 2.5741571871774305
77 2.5741571871774305
78 2.5741571871774305
79 2.603352613810105
80 2.619622599791807
81 2.619622599791807
82 2.6610536249144316
83 2.6610536249144316
84 2.6610536249144316
85 2.6610536249144316
86 2.7107211805984477
87 2.7107211805984477
88 2.8123303443263614
89 2.8123303443263614
90 2.87773383837629
91 2.9297140786836993
92 2.974483548920318
93 3.0023499508242146
94 3.0183789213668133
95 3.023176722509485
96 3.023176722509485
97 3.023176722509485
98 3.023176722509485
99 3.0360554542507607
