0 1.0228629291421332
1 1.0228629291421332
2 1.0441152084390044
3 1.06659238234097
4 1.0934963353641731
5 1.115540962852036
6 1.141533455618892
7 1.16511592886605
8 1.1906579776296502
9 1.1906579776296502
10 1.2103760314191099
11 1.2352978758654194
12 1.2575475066967097
13 1.279953414975993
14 1.3041462188467294
15 1.330785837453717
16 1.358808192230955
17 1.380452423597674
18 1.380452423597674
19 1.4057559990289976
20 1.4283675454934583
21 1.4283675454934583
22 1.457932955917947
23 1.4843112811338568
24 1.5076026943324596
25 1.5349000204082126
26 1.5349000204082126
27 1.5349000204082126
28 1.5658194798298697
29 1.5658194798298697
30 1.5961751187636666
31 1.6191449371540292
32 1.6423898889993953
33 1.6678847238213932
34 1.6874458375316048
35 1.7127695885844785
36 1.736150628431635
37 1.736150628431635
38 1.736150628431635
39 1.736150628431635
40 1.736150628431635
41 1.7712139163270253
42 1.7960592196670653
43 1.7960592196670653
44 1.7960592196670653
45 1.8242587998134083
46 1.8577930649615502
47 1.8831678736910384
48 1.9070416190285149
49 1.9303995089743462
50 1.957788923364732
51 1.9793538213194266
52 1.9984230523452782
53 2.0171039381631504
54 2.036770217164547
55 2.050886199633735
56 2.050886199633735
57 2.066184900564561
58 2.0882120539979323
59 2.10633120208921
60 2.135080423605902
61 2.135080423605902
62 2.135080423605902
63 2.135080423605902
64 2.1715083135544013
65 2.238946157342481
66 2.305941770000791
67 2.305941770000791
68 2.3491639352691025
69 2.3491639352691025
70 2.3807365432327208
71 2.3807365432327208
72 2.453856003259363
73 2.5221571763207726
74 2.5221571763207726
75 2.5221571763207726
76 2.5511533721973056
77 2.5902635659290083
78 2.5902635659290083
79 2.611014191722581
80 2.611014191722581
81 2.631547141419928
82 2.664705757723869
83 2.6953159584176163
84 2.7124382313633744
85 2.7187345806286562
86 2.722255321886964
87 2.7262229532977567
88 2.728299626257054
89 2.741137578343597
90 2.741137578343597
91 2.741137578343597
92 2.761246037780426
93 2.761246037780426
94 2.799178745279852
95 2.8710974015515016
96 2.8710974015515016
97 2.8710974015515016
98 2.8710974015515016
99 2.962709087439832
