0 1.0227875250309781
1 1.0456023770748142
2 1.0661637514720792
3 1.0894758895553387
4 1.0894758895553387
5 1.0894758895553387
6 1.0894758895553387
7 1.1129211545772422
8 1.1389856098445312
9 1.1624382453032558
10 1.182071188992751
11 1.2074956603592237
12 1.2303772399858537
13 1.2303772399858537
14 1.2545460946927656
15 1.2545460946927656
16 1.2545460946927656
17 1.2728831973887405
18 1.299524603561644
19 1.299524603561644
20 1.299524603561644
21 1.3279245221679454
22 1.3279245221679454
23 1.344893948862643
24 1.3694259779515854
25 1.3694259779515854
26 1.397940291602981
27 1.4247566809942103
28 1.4247566809942103
29 1.4549350099202778
30 1.4549350099202778
31 1.4798891116075488
32 1.4798891116075488
33 1.5103517029537472
34 1.5330151022733747
35 1.563608373248595
36 1.589876300780014
37 1.6147934713033885
38 1.6343833784037813
39 1.660250422930439
40 1.660250422930439
41 1.660250422930439
42 1.686152794994064
43 1.710661452954483
44 1.7326777889833018
45 1.7467372210483985
46 1.763297856909801
47 1.763297856909801
48 1.763297856909801
49 1.7918598656179163
50 1.7918598656179163
51 1.7918598656179163
52 1.8294359331043104
53 1.858790552334321
54 1.8866854379041278
55 1.9113014683923342
56 1.9393212037845446
57 1.9393212037845446
58 1.9659276169436266
59 1.9866185565736538
60 2.008912583101225
61 2.0295563968942174
62 2.0295563968942174
63 2.05560837214344
64 2.073748008260517
65 2.0929557482534786
66 2.1104120847235497
67 2.1281124920931505
68 2.141244317651792
69 2.141244317651792
70 2.1495482869567115
71 2.1596001331964993
72 2.173670162653096
73 2.186442383717253
74 2.1944116348857463
75 2.196721775176997
76 2.2000670640022646
77 2.209205518551268
78 2.2372861786065754
79 2.2433395529833753
80 2.2465043630965917
81 2.258841606197959
82 2.274905927747938
83 2.2858284119105634
84 2.2858284119105634
85 2.303568746825565
86 2.3102144205798596
87 2.313701777772715
88 2.3142248359139157
89 2.344086925864406
90 2.3588249204499077
91 2.3588249204499077
92 2.3588249204499077
93 2.4086514381129915
94 2.4462232573357605
95 2.473872423039611
96 2.5085561128851377
97 2.5336655001445836
98 2.547504740402994
99 2.550153627820331
