0 46.309872340458504
0 0.0048923062294082865
1 0.0
2 46.241261678422454
2 0.0075297416214600045
3 52.03556878156841
3 0.0030371045041172693
4 40.37626198546393
4 0.005710232302397851
5 0.0
6 18.477234923673592
6 0.003400406942555367
7 0.0
8 14.547850089439628
8 0.003585515082230411
9 0.0
10 14.285583538845279
10 0.0020338106948054923
11 18.23180198599793
11 0.009892586073490145
12 0.0
13 10.25975085802043
13 0.01781297082860534
14 13.22090380095067
14 0.004368575990927782
15 13.7284332304367
15 0.005707096911223751
16 17.76182856852842
16 0.0036053965617089496
17 13.704903174091426
17 0.011252657272167529
18 9.50725170514402
18 0.014575513989394748
19 16.82707199937448
19 0.006323848244193372
20 17.22581559773576
20 0.005656587168114408
21 17.335434299481943
21 0.0045334602969396166
22 10.42565623240244
22 0.008208845816569561
23 10.28583882475684
23 0.006280248902513
24 12.800763777906143
24 0.01043705136373404
25 0.0
26 10.008201964813402
26 0.0007029889856111926
27 12.550990456254832
27 0.010708159872073564
28 7.3983918468172885
28 0.002715680302530512
29 10.811188652733593
29 0.010100341068054037
30 9.513623254839839
30 0.009482823860792326
31 11.74352011427991
31 0.0008235632382558895
32 0.0
33 0.0
34 9.132831710676632
34 0.004592471281744994
35 13.96141041709805
35 -0.000563465473721881
36 11.606136769889941
36 0.01415081541443458
37 20.707417134405816
37 0.004335092997331073
38 0.0
39 0.0
40 0.0
41 12.454081823531196
41 0.01295264294351724
42 11.067701333035245
42 0.008252866931467533
43 11.596019099868675
43 0.0013391597480600392
44 0.0
45 0.0
46 0.0
47 0.0
48 23.37668137672986
48 0.004113475882669526
49 0.0
50 0.0
51 11.234193851574855
51 0.000730317679440672
52 15.039775666168795
52 0.00907685305555127
53 10.802046367454052
53 0.000935136556803376
54 17.17638670215507
54 0.001289958594845173
55 0.0
56 6.589219688270667
56 0.016802806903480613
57 0.0
58 0.0
59 17.323093115496228
59 0.0025254744137156396
60 0.0
61 0.0
62 0.0
63 13.02515447675142
63 0.00195925588651063
64 34.173072364092285
64 0.018255850353928453
65 0.0
66 0.0
67 0.0
68 30.67612173598284
68 0.011184320947738313
69 17.916788517403255
69 0.0003923829043478764
70 9.613367641088141
70 8.022161666055324e-05
71 0.0
72 7.20279683313185
72 0.022994759242179533
73 9.864097991676392
73 0.01120754614548923
74 14.594756017273676
74 0.0013408155979548315
75 0.0
76 7.709967866081837
76 0.01910380495203179
77 25.761918751942833
77 -0.000543645241933452
78 17.68209363338626
78 0.0015462070283273985
79 11.346377863919715
79 -0.00120235005824163
80 11.646373924296967
80 0.015510771648325436
81 10.834449680899382
81 0.0005947777282357236
82 0.0
83 8.363642580492487
83 0.0008658030843851633
84 0.0
85 0.0
86 15.729578214177593
86 0.016728049747253913
87 17.737887306382625
87 0.006896491404242151
88 11.755978738950313
88 2.727720088040422e-05
89 14.447428471722484
89 -0.00024138298244024553
90 0.0
91 0.0
92 13.060617841713636
92 0.00027530752265884077
93 0.0
94 8.80235718215428
94 0.0007372756287194822
95 18.207380432467087
95 0.019227148021895523
96 11.415940775730508
96 0.002990167337259454
97 0.0
98 9.758234084746608
98 0.00616105045629663
99 11.721234783698018
99 0.009802730116598473
