0 46.31521857502267
0 -0.002779401480816016
1 46.3099836624245
1 -0.0019747443762255052
2 46.24660840292575
2 -0.0013731219071067367
3 52.04091476897268
3 -0.0025208029262280916
4 40.38160880314416
4 -0.001932844071931139
5 35.53337834994624
5 -0.0035034065250628193
6 18.482991785445222
6 -0.0007171504356326988
7 0.0
8 14.55415875106255
8 -0.00022722851288185038
9 58.728143522331
9 -0.003326272220071823
10 0.0
11 18.23874919176696
11 -0.004766089003533125
12 12.733746466219037
12 -0.002194476121625636
13 10.266699404904472
13 -0.005103917559608817
14 13.22784963477337
14 -0.002951827565925669
15 13.73537987004585
15 -0.004216737480601296
16 0.0
17 13.711849031203409
17 -0.005455780153473218
18 9.514200226783165
18 -0.004748628591187298
19 0.0
20 17.232762185332252
20 -0.004695204913150519
21 0.0
22 0.0
23 10.292787000895617
23 -0.003023290791048794
24 0.0
25 10.613090847136172
25 -0.0005639818710117206
26 10.012590520724368
26 -0.00038834636155384364
27 0.0
28 7.404790716065818
28 -0.001788764824281708
29 10.818135689531728
29 -0.0042139577271882445
30 0.0
31 0.0
32 11.48747575741739
32 -0.004006440440813701
33 15.273010689819754
33 -0.004351015707167487
34 9.139214468649374
34 -0.0019729152144520867
35 13.96835904232527
35 -0.005549838533625007
36 11.613084703099567
36 -0.005190785275772214
37 0.0
38 12.473508682081588
38 -0.0011186869148218648
39 11.687816225217636
39 -0.0012766394319560037
40 11.383860276317069
40 -0.0006473562072199986
41 12.461032161710689
41 -0.004907451715553179
42 11.074636166546076
42 -0.005049914820119739
43 11.602026173942134
43 -0.0016092289760365475
44 0.0
45 6.852783458902549
45 -0.004957111144904047
46 0.0
47 37.52991654389671
47 -0.0017184217201133833
48 23.381323214957042
48 -0.0018313497511257993
49 18.878412854365727
49 -0.0015234905035754309
50 8.972368356228557
50 -0.003851198113989085
51 0.0
52 15.046722847190447
52 -0.004926273064484121
53 10.806552790348936
53 -0.0010425907834815007
54 17.18053471733677
54 -0.0021423072493291784
55 7.237757807532126
55 -0.0010425907834815007
56 6.5961665653361505
56 -0.005264478037133813
57 7.063942920012252
57 -0.0045631660032086074
58 12.408159036206673
58 -0.001303165012686236
59 17.329277637246804
59 -0.0013707191424032316
60 14.729609029164136
60 -0.0010425907834815007
61 0.0
62 14.44100556187956
62 -0.0045464874245226385
63 13.028064741361774
63 -0.0010425907834815007
64 34.18001660868342
64 -0.0060804556123912334
65 13.380931292711677
65 -0.001303165012686236
66 11.900229504711323
66 -0.004268858162686229
67 0.0
68 0.0
69 17.921315538905276
69 -0.0010425907834815007
70 9.616632054124317
70 -0.001303165012686236
71 11.017922411412055
71 -0.0010425907834815007
72 7.2097446592097905
72 -0.006760629825294018
73 0.0
74 14.600407931992725
74 -0.0017795379844187664
75 9.998727539253204
75 -0.005152853089384735
76 7.716915069102861
76 -0.004931099014356732
77 0.0
78 17.68622303704605
78 -0.0020343017121433604
79 11.349439703412513
79 -0.001303165012686236
80 11.6533242770484
80 -0.005626619948695104
81 10.840077630846906
81 -0.001867756986579631
82 0.0
83 8.366505942137534
83 -0.001303165012686236
84 13.26011334847695
84 -0.003524131483573001
85 0.0
86 15.736527093421486
86 -0.005909229628741741
87 17.744264501006565
87 -0.0013127825119884369
88 11.760423245962384
88 -0.0006413518817045536
89 14.45071051758983
89 -0.0007395139548088118
90 9.528077419272808
90 -0.0005716697412531147
91 11.627312709831003
91 -0.0008688746306783438
92 0.0
93 0.0
94 8.80361301835931
94 -0.0008688746306783438
95 0.0
96 11.41875549225816
96 -0.001737455394694128
97 13.942663057663502
97 -0.0026060361587099123
98 0.0
99 11.728185133154685
99 -0.005232819588854909
