0 46.31083251839787
0 -0.0031130246529802227
1 46.305596833162916
1 -0.002350698180142029
2 0.0
3 52.036530590381275
3 -0.0011385219708925692
4 0.0
5 35.5289903231008
5 0.004104867601011704
6 0.0
7 36.523371205269186
7 0.003485901855149723
8 14.5501729389382
8 -0.001806480550071927
9 58.723755513526456
9 1.1959010893665192e-05
10 14.288967813727648
10 -0.0009348996447982232
11 18.23875051484249
11 -0.004766089003533125
12 0.0
13 10.266698588789563
13 -0.005103917559608817
14 0.0
15 13.73499536370765
15 -0.0008744397312561224
16 17.768535270102596
16 -0.0023570522422783685
17 13.71184581865651
17 -0.005455780153473218
18 9.514196104922997
18 -0.004748628591187298
19 16.834016564117952
19 -0.003746609386737987
20 0.0
21 0.0
22 10.432577413025852
22 -0.005131425685249269
23 10.292787427010344
23 -0.003023290791048794
24 12.807710302578604
24 -0.004346575774252415
25 0.0
26 0.0
27 12.55793666214522
27 -0.004737480543553829
28 0.0
29 0.0
30 9.520572127774317
30 -0.0040537350304816755
31 0.0
32 11.487474442350662
32 -0.004006440440813701
33 15.272980441036816
33 -0.004351015707167487
34 0.0
35 13.962666744750743
35 0.007240553359362366
36 11.610703284799092
36 -0.004745596012069353
37 0.0
38 12.471464551074254
38 -2.5247288610184346e-05
39 11.683430385618184
39 0.004699166087360611
40 11.381652252928678
40 -0.000344278194622487
41 0.0
42 11.069218379303686
42 0.005110720337008158
43 0.0
44 35.557843509574404
44 0.000254763455075896
45 6.846798321653411
45 0.006234366716516994
46 15.29451503306582
46 0.0007130142001950131
47 37.52555750415153
47 -0.001185162802101784
48 23.379182475918864
48 -0.001978100068201478
49 18.876731163402233
49 -0.0016238683589342546
50 0.0
51 0.0
52 15.040731316916489
52 0.0051875113115129184
53 0.0
54 0.0
55 0.0
56 0.0
57 0.0
58 12.405020587770128
58 -0.00021943064643495608
59 17.327577881394593
59 -0.0012464674403968189
60 0.0
61 0.0
62 14.435019037996353
62 0.007602815300483723
63 13.025906631770624
63 -0.0007535137240166807
64 34.18001168129505
64 -0.0060804556123912334
65 13.380933969677232
65 -0.001303165012686236
66 11.894243147694672
66 0.005976425137285891
67 15.234620333151396
67 -0.0002710414450992561
68 30.677074486860228
68 0.0006634649976041994
69 17.919393181409013
69 -0.0004940636959776419
70 0.0
71 11.016171640953742
71 -2.434880169864528e-05
72 7.20974261304244
72 -0.006760629825294018
73 0.0
74 0.0
75 9.992741689917283
75 0.008928144006449156
76 7.713280699005027
76 -0.0029271966847361133
77 25.766192070035974
77 5.935424266833693e-05
78 17.685126141023964
78 -0.00247672808780497
79 11.348923751319472
79 -0.0003220523558156593
80 11.647603004779047
80 0.004008056180409867
81 0.0
82 28.6958620824631
82 0.0008997581643952179
83 8.365388533971586
83 -0.0011380035164259821
84 0.0
85 11.389964154292294
85 -0.00038093472560019455
86 15.736518737112185
86 -0.005909229628741741
87 17.74245915732869
87 0.00038608982725952867
88 11.759972879207513
88 -0.0005910396474753483
89 14.450300079318803
89 -0.00023383995920389593
90 0.0
91 11.626943699426672
91 -0.0007829753739650116
92 13.062448436326397
92 -0.0007965770209207046
93 17.84074489342152
93 -0.000545047442629717
94 8.803561968808415
94 -0.0009251195852031044
95 18.210607917085905
95 -0.004223802825435996
96 11.418773909599846
96 -0.001737455394694128
97 13.942663644663801
97 -0.0026060361587099123
98 0.0
99 11.728183632578682
99 -0.005232819588854909
