0 46.314488307000026
0 -0.003881307182241465
1 46.30925338533973
1 -0.004112067534638178
2 46.245878048928674
2 -0.002849797751840665
3 0.0
4 0.0
5 35.53264723759563
5 -0.0019310337747584744
6 18.48237489128796
6 -0.0018529629407553175
7 36.52784432532201
7 -0.004589186160740623
8 14.553786316510568
8 -0.0005862394139137187
9 58.72741601149097
9 -0.0023253022854511987
10 0.0
11 0.0
12 12.731725355126578
12 -0.0019281241900621212
13 0.0
14 13.226795383855041
14 -0.0007948978284361533
15 13.735376868999431
15 -0.004216737480601296
16 17.768774973326934
16 -0.0021617559422395516
17 0.0
18 9.514198539472142
18 -0.004748628591187298
19 16.834021008034348
19 -0.003746609386737987
20 17.232760603783795
20 -0.004695204913150519
21 17.34244348956023
21 -0.002737785493741285
22 10.432577807055656
22 -0.005131425685249269
23 0.0
24 12.807709368279905
24 -0.004346575774252415
25 10.61405736736384
25 -0.003786665057608237
26 0.0
27 12.557934375225138
27 -0.004737480543553829
28 7.405098886510453
28 -0.0019069825505425796
29 0.0
30 9.520570690412603
30 -0.0040537350304816755
31 11.750482674291412
31 -0.00525086879497394
32 11.487475291255675
32 -0.004006440440813701
33 15.272981974612915
33 -0.004351015707167487
34 0.0
35 13.968359011472616
35 -0.005549838533625007
36 11.613085632307506
36 -0.005190785275772214
37 20.714350804783752
37 -0.002323368584882246
38 12.47350444024865
38 -0.0011186869148218648
39 11.688520671923305
39 -0.0018717592166213688
40 11.384173528108226
40 -0.0006955529683384229
41 12.461031141969597
41 -0.004907451715553179
42 11.074646461743047
42 -0.005049914820119739
43 11.602024860939405
43 -0.0016092289760365475
44 35.562584882137365
44 -0.0015203632620682584
45 6.8527809831842506
45 -0.004957111144904047
46 15.300504809876358
46 -0.004921292699873447
47 0.0
48 0.0
49 0.0
50 8.971732450502321
50 -0.0038277937537391604
51 11.236991746843657
51 -0.0009826685837109799
52 15.046721359040257
52 -0.004926273064484121
53 0.0
54 17.18054195237488
54 -0.0021423072493291784
55 7.237759115259425
55 -0.0010425907834815007
56 6.59616499150821
56 -0.005264478037133813
57 7.063942074655238
57 -0.0045631660032086074
58 12.408164043663463
58 -0.001303165012686236
59 0.0
60 0.0
61 12.38572414350504
61 -0.0010425907834815007
62 14.438675286090502
62 -0.004169598720842206
63 0.0
64 34.180014992658606
64 -0.0060804556123912334
65 0.0
66 11.89862111611713
66 -0.0009696632334848817
67 15.236238077251311
67 -0.0005897904103599079
68 30.683056277897578
68 -0.004852725064847618
69 17.921308065602503
69 -0.0010425907834815007
70 9.616632191452522
70 -0.001303165012686236
71 0.0
72 7.209744594931052
72 -0.006760629825294018
73 9.871043374835713
73 -0.005766187406455477
74 14.600411098343262
74 -0.0017795379844187664
75 9.998736408259186
75 -0.005152853089384735
76 0.0
77 0.0
78 0.0
79 11.349436774188678
79 -0.001303165012686236
80 11.653322578729732
80 -0.005626619948695104
81 10.840065856932304
81 -0.001867756986579631
82 28.699432997447236
82 -0.001303165012686236
83 8.366508041186984
83 -0.001303165012686236
84 13.257780066587058
84 -0.0023238730806063126
85 11.389923221088022
85 -0.0007389989935861659
86 0.0
87 0.0
88 11.76022013032923
88 -0.000589575068967713
89 0.0
90 0.0
91 11.626945781347603
91 -0.0007469835032839459
92 13.062445627668572
92 -0.0007873128794937829
93 17.8407668637935
93 -0.0006484616143978254
94 8.803562212267732
94 -0.0009327051525370601
95 18.210607624484503
95 -0.004223802825435996
96 0.0
97 13.942668283337689
97 -0.0026060361587099123
98 9.759874022781498
98 -0.0026060361587099123
99 11.728178803535894
99 -0.005232819588854909
