0 46.312614280575545
0 -0.0017452422359769265
1 46.30737939456918
1 -0.0017404252712481397
2 0.0
3 52.03831336087816
3 -0.0007068280028491624
4 40.37900516987652
4 -0.0005626287878440677
5 35.530774159210154
5 -0.0012795840078445152
6 18.480223925424042
6 -0.0007113714242832143
7 0.0
8 0.0
9 0.0
10 0.0
11 18.23454486688504
11 0.0020090633835535255
12 0.0
13 0.0
14 13.223716677760114
14 0.001440106053596325
15 13.731175564021987
15 -0.0025348540692931333
16 17.76526937131199
16 -0.0014877584747965905
17 13.707646564429641
17 0.0002812022800191035
18 9.509993304636328
18 -0.0029695254559263555
19 0.0
20 17.228556662622292
20 0.0012363271473680303
21 17.33875567650635
21 -0.0013053661164785836
22 10.42839732907412
22 -0.0024497585096798836
23 10.289262500447126
23 -0.0009800140968378131
24 12.803506291109121
24 -0.0002485532586175491
25 10.609855160637206
25 -0.0025737759199471024
26 10.011010990967998
26 -0.00013071240401319443
27 0.0
28 7.4034278308202754
28 -0.0010875889693473448
29 0.0
30 0.0
31 11.746261548615218
31 -0.0003792060101349414
32 11.483272890322697
32 0.0029407672473804164
33 0.0
34 9.136498799589853
34 0.0010734776949681722
35 0.0
36 0.0
37 20.712510428364343
37 0.000809565684453913
38 12.472031552394713
38 -0.0008804101800684161
39 11.685211089619418
39 0.0014042070500347025
40 0.0
41 12.456822638656236
41 0.0038823936239821746
42 0.0
43 0.0
44 35.5584421725605
44 0.0005822427475879618
45 0.0
46 15.296298569140667
46 0.010784236107706804
47 0.0
48 0.0
49 18.874290347489676
49 0.0014587766319301043
50 8.968157935267383
50 -0.0032503509964951676
51 0.0
52 0.0
53 10.804826834927589
53 0.0006571699247252394
54 17.178736495680155
54 -0.001513438401777415
55 7.23676835162364
55 -0.0009530856041993619
56 6.593890379312129
56 -0.0023748077468199505
57 7.059734554743773
57 -0.002146645464754007
58 12.405701996540731
58 0.0008645272196832762
59 17.32793032280271
59 -0.0007453091396610403
60 14.728721920619046
60 -0.0011399983884499546
61 12.385135130152952
61 -0.0007687458986058594
62 0.0
63 0.0
64 0.0
65 13.380565789563159
65 -0.0014868112172227433
66 11.896023798987372
66 0.000492921610314733
67 15.235060521404346
67 -0.0001816400429219176
68 30.67886506685325
68 0.0005840486557555188
69 17.9197874749295
69 -0.0007125815745099066
70 0.0
71 11.016533290656792
71 -0.0006182420952263539
72 0.0
73 9.867267755559196
73 0.0022528233997441806
74 0.0
75 9.994525454548308
75 -0.0011918564017040266
76 7.712711382425304
76 0.0035477903219435112
77 25.765730241931767
77 -0.0010231514000577987
78 17.68475251571297
78 -0.0008996136069501113
79 0.0
80 11.649118743216302
80 0.002987645454207213
81 0.0
82 28.696441575325128
82 -0.0001957660559845381
83 8.365567053236735
83 -0.0005353771711197412
84 13.255911368586176
84 -0.001307918846010523
85 0.0
86 15.732326717867059
86 0.0042996640651276905
87 17.740627758002532
87 -0.00011117512321410218
88 11.759097003342301
88 -0.0003532929863191695
89 14.449698676687172
89 -0.0009153653681972297
90 9.52753604952414
90 -0.0007643996817360225
91 0.0
92 13.062241610671505
92 -0.0004640885329937528
93 17.84055587782692
93 -0.000851329006906697
94 8.803477454909736
94 -0.0006618832046980174
95 18.210611545032073
95 -0.004223802825435996
96 0.0
97 0.0
98 9.759879623533049
98 -0.0026060361587099123
99 0.0
