1 0.838788538985
2 0.977853782227
3 1.199320265332
4 1.374849209010
5 1.495569333246
6 1.516840854231
7 1.734246874464
8 1.871007460882
9 1.873974846587
10 1.873974846587
11 1.873974846587
12 1.994927320635
13 2.038321446396
14 2.198295080151
15 2.346817711721
16 2.384265270123
17 2.501938545244
18 2.514861579721
19 2.514861579721
20 2.605683088674
21 2.605683088674
22 2.755290375221
23 2.830010328928
24 2.956891033828
25 2.956891033828
26 3.150865838046
27 3.150865838046
28 3.184611462624
29 3.360525932364
30 3.360525932364
31 3.360525932364
32 3.388779970247
33 3.561585053064
34 3.561585053064
35 3.659268788933
36 3.659268788933
37 3.659268788933
38 3.686382632667
39 3.733069010540
40 4.003649032753
41 4.044004238202
42 4.044004238202
43 4.118860264072
44 4.289275044279
45 4.289275044279
46 4.289275044279
47 4.442936170178
48 4.442936170178
49 4.442936170178
50 4.482476599547
51 4.506108995799
52 4.524441975032
53 4.734749158773
54 4.876600484620
55 4.897893938745
56 4.901561632110
57 4.901561632110
58 5.135827969085
59 5.135827969085
60 5.135827969085
61 5.231716292692
62 5.231716292692
63 5.231716292692
64 5.236866633386
65 5.376742288625
66 5.473072641915
67 5.649823302417
68 5.749342097686
69 5.820247319485
70 5.859266501826
71 5.859266501826
72 5.859266501826
73 5.859266501826
74 6.012160609092
75 6.012160609092
76 6.041285300704
77 6.126973342318
78 6.141415284982
79 6.261035815406
80 6.342034254824
81 6.342034254824
82 6.342034254824
83 6.466976700892
84 6.590159833196
85 6.639707495114
86 6.639707495114
87 6.639707495114
88 6.832334497088
89 6.832334497088
90 6.832334497088
91 6.832334497088
92 6.946294452831
93 7.128548435946
94 7.128548435946
95 7.167252741544
96 7.167252741544
97 7.167252741544
98 7.167252741544
99 7.278837423478
100 7.452830865014
