1 0.843398479280
2 0.985310421771
3 1.059318563846
4 1.176562783548
5 1.444395833381
6 1.495668949647
7 1.711177472912
8 1.740044079548
9 1.932595542825
10 2.028440473512
11 2.028440473512
12 2.028440473512
13 2.028440473512
14 2.082884084945
15 2.260625056171
16 2.284242852403
17 2.475918061884
18 2.519059962113
19 2.671636107116
20 2.671636107116
21 2.740983762370
22 2.807034977453
23 2.912014373497
24 2.925718922984
25 2.942863701436
26 3.188377497526
27 3.188377497526
28 3.281872932021
29 3.382703349675
30 3.397273272490
31 3.447993621341
32 3.447993621341
33 3.548208817838
34 3.548208817838
35 3.689100728016
36 3.787773643070
37 3.787773643070
38 3.860573217753
39 3.967949986424
40 3.967949986424
41 4.022220390922
42 4.234474402707
43 4.281140996034
44 4.281140996034
45 4.281140996034
46 4.329095946838
47 4.329095946838
48 4.335172693432
49 4.625793715678
50 4.660417414471
51 4.733267059359
52 4.752608348531
53 4.769142300839
54 4.879358900180
55 4.879358900180
56 4.879358900180
57 4.930871356238
58 5.194702083725
59 5.194702083725
60 5.215679652765
61 5.215679652765
62 5.296930274225
63 5.296930274225
64 5.320654501156
65 5.449558543971
66 5.449558543971
67 5.449558543971
68 5.700302758517
69 5.842546978564
70 5.842546978564
71 5.984728273255
72 5.984728273255
73 5.984728273255
74 5.984728273255
75 6.229553350061
76 6.229553350061
77 6.237235081467
78 6.287356199403
79 6.287356199403
80 6.372200984524
81 6.405574902741
82 6.405574902741
83 6.405574902741
84 6.743624404654
85 6.743624404654
86 6.743624404654
87 6.770091911020
88 6.839784671966
89 6.977029732162
90 7.059568238014
91 7.059568238014
92 7.090752931720
93 7.208801995289
94 7.213217378665
95 7.213217378665
96 7.282177549035
97 7.282177549035
98 7.304128184122
99 7.478412795249
100 7.478412795249
