1 0.822953721798
2 1.144567320786
3 1.144567320786
4 1.179336741122
5 1.262832878936
6 1.294108583104
7 1.419079139753
8 1.419079139753
9 1.419079139753
10 1.473035166625
11 1.473035166625
12 1.481848305989
13 1.481848305989
14 1.481848305989
15 1.525111086252
16 1.525111086252
17 1.525111086252
18 1.642450961484
19 1.642450961484
20 1.642450961484
21 1.642450961484
22 1.650812395492
23 1.670090573135
24 1.670090573135
25 1.790499940405
26 1.790499940405
27 1.790499940405
28 1.917229064007
29 1.917229064007
30 1.936648105191
31 1.936648105191
32 1.936648105191
33 1.936648105191
34 1.936648105191
35 1.936648105191
36 1.997283779177
37 1.997283779177
38 2.096446799151
39 2.096446799151
40 2.096446799151
41 2.096446799151
42 2.096446799151
43 2.175829439372
44 2.175829439372
45 2.175829439372
46 2.175829439372
47 2.175829439372
48 2.175829439372
49 2.175829439372
50 2.175829439372
51 2.239883562876
52 2.312414974845
53 2.322186258222
54 2.322186258222
55 2.322186258222
56 2.322186258222
57 2.373934446198
58 2.373934446198
59 2.373934446198
60 2.436682310681
61 2.436682310681
62 2.530536676228
63 2.530536676228
64 2.530536676228
65 2.530536676228
66 2.530536676228
67 2.562464703678
68 2.562464703678
69 2.562464703678
70 2.562464703678
71 2.652293031156
72 2.652293031156
73 2.693666717657
74 2.693666717657
75 2.693666717657
76 2.746739088009
77 2.746739088009
78 2.746739088009
79 2.746739088009
80 2.746739088009
81 2.777438539282
82 2.819082192039
83 2.819082192039
84 2.819082192039
85 2.881607900403
86 2.907751803310
87 2.907751803310
88 2.907751803310
89 2.917172953813
90 2.929077196277
91 3.022311757761
92 3.022311757761
93 3.022311757761
94 3.022311757761
95 3.047084123267
96 3.047084123267
97 3.103288103753
98 3.103288103753
99 3.103288103753
100 3.103288103753
