1 1.025332047898
2 1.147704519463
3 1.203804391487
4 1.203804391487
5 1.203804391487
6 1.254111985140
7 1.254111985140
8 1.297737095469
9 1.331903820977
10 1.442176581141
11 1.442176581141
12 1.526315123479
13 1.526315123479
14 1.526315123479
15 1.574080276540
16 1.574080276540
17 1.707200334549
18 1.707200334549
19 1.707200334549
20 1.707200334549
21 1.719829043192
22 1.719829043192
23 1.719829043192
24 1.732599009920
25 1.732599009920
26 1.732599009920
27 1.782422625309
28 1.861296532643
29 1.861296532643
30 1.915214494215
31 1.915214494215
32 1.915214494215
33 1.915214494215
34 1.915214494215
35 2.033971596419
36 2.033971596419
37 2.033971596419
38 2.100010311040
39 2.100010311040
40 2.100010311040
41 2.100010311040
42 2.100010311040
43 2.162486222566
44 2.162486222566
45 2.162486222566
46 2.162513696916
47 2.162513696916
48 2.162513696916
49 2.319308670823
50 2.319308670823
51 2.319308670823
52 2.348995462045
53 2.467378534488
54 2.467378534488
55 2.467378534488
56 2.467378534488
57 2.508711765401
58 2.508711765401
59 2.508711765401
60 2.508711765401
61 2.508711765401
62 2.508711765401
63 2.508711765401
64 2.534233369972
65 2.607010537509
66 2.607010537509
67 2.607010537509
68 2.638107396660
69 2.638107396660
70 2.682738586095
71 2.682738586095
72 2.787344503150
73 2.787344503150
74 2.787344503150
75 2.787344503150
76 2.787344503150
77 2.787344503150
78 2.787344503150
79 2.855345738833
80 2.855345738833
81 2.879156348277
82 2.879156348277
83 2.879156348277
84 2.879156348277
85 2.959986328510
86 2.959986328510
87 3.039004290256
88 3.098415607854
89 3.098415607854
90 3.098415607854
91 3.121805952871
92 3.121805952871
93 3.121805952871
94 3.134341085291
95 3.134341085291
96 3.165567553437
97 3.165567553437
98 3.200375697334
99 3.200375697334
100 3.299385853096
