1 1.032480814600
2 1.038418320413
3 1.139054724615
4 1.141654360442
5 1.141654360442
6 1.203136038072
7 1.332705957391
8 1.407227984836
9 1.407227984836
10 1.407227984836
11 1.407227984836
12 1.413753561607
13 1.436312391041
14 1.493020724441
15 1.493020724441
16 1.493020724441
17 1.493020724441
18 1.493020724441
19 1.493020724441
20 1.576936368224
21 1.596191292990
22 1.596191292990
23 1.729645777249
24 1.729645777249
25 1.729645777249
26 1.729645777249
27 1.729645777249
28 1.729645777249
29 1.729645777249
30 1.729645777249
31 1.729645777249
32 1.757257157578
33 1.980277100031
34 1.980277100031
35 1.980277100031
36 1.980277100031
37 1.985265689989
38 1.993335427187
39 1.993335427187
40 1.993335427187
41 2.033887075262
42 2.087522864730
43 2.120661580799
44 2.163772660335
45 2.163772660335
46 2.163772660335
47 2.212854583733
48 2.212854583733
49 2.276751020781
50 2.365335513534
51 2.365335513534
52 2.365335513534
53 2.365335513534
54 2.377686713434
55 2.377686713434
56 2.383168133260
57 2.383168133260
58 2.383168133260
59 2.388284304933
60 2.388284304933
61 2.470583132152
62 2.470583132152
63 2.470583132152
64 2.470583132152
65 2.508989796255
66 2.539300442407
67 2.539300442407
68 2.542155850072
69 2.542155850072
70 2.585962379070
71 2.590126370316
72 2.727599928201
73 2.727599928201
74 2.746374612256
75 2.752717704270
76 2.752717704270
77 2.752717704270
78 2.752717704270
79 2.752717704270
80 2.752717704270
81 2.752717704270
82 2.752717704270
83 2.752717704270
84 2.752717704270
85 2.752717704270
86 2.830092870560
87 2.866948143619
88 2.878054659748
89 2.878054659748
90 2.878054659748
91 2.878054659748
92 2.878054659748
93 3.092564444502
94 3.092564444502
95 3.115473565326
96 3.115473565326
97 3.115473565326
98 3.115473565326
99 3.115473565326
100 3.115473565326
