1 1.110493830136
2 1.166563453654
3 1.166563453654
4 1.167794948917
5 1.275409980824
6 1.275409980824
7 1.329602125912
8 1.492532094177
9 1.492532094177
10 1.492532094177
11 1.582450687930
12 1.582450687930
13 1.582450687930
14 1.605615470177
15 1.611165932617
16 1.611165932617
17 1.611165932617
18 1.611165932617
19 1.648456423625
20 1.687441684451
21 1.687441684451
22 1.687441684451
23 1.687441684451
24 1.687441684451
25 1.926342095952
26 1.926342095952
27 1.926342095952
28 1.944910646213
29 1.944910646213
30 1.944910646213
31 1.944910646213
32 2.008002432493
33 2.008002432493
34 2.008002432493
35 2.008002432493
36 2.008002432493
37 2.088355685531
38 2.088355685531
39 2.088355685531
40 2.088355685531
41 2.088355685531
42 2.132773885605
43 2.152400409594
44 2.152400409594
45 2.152400409594
46 2.152400409594
47 2.155698676140
48 2.250486323429
49 2.294216663273
50 2.362707077382
51 2.362707077382
52 2.430081321033
53 2.430081321033
54 2.430081321033
55 2.444694236375
56 2.479274160239
57 2.479274160239
58 2.479274160239
59 2.479274160239
60 2.488304139427
61 2.488304139427
62 2.488304139427
63 2.520241458282
64 2.520241458282
65 2.520241458282
66 2.565135202668
67 2.592320385944
68 2.641130916670
69 2.649495594183
70 2.791764215372
71 2.791764215372
72 2.791764215372
73 2.791764215372
74 2.791764215372
75 2.825322403710
76 2.825322403710
77 2.825322403710
78 2.825322403710
79 2.825322403710
80 2.856766142207
81 2.856766142207
82 2.856766142207
83 2.927210773652
84 2.971958040221
85 2.971958040221
86 2.971958040221
87 2.971958040221
88 2.971958040221
89 2.971958040221
90 2.971958040221
91 3.065515278793
92 3.065515278793
93 3.065515278793
94 3.113175959747
95 3.139961828350
96 3.139961828350
97 3.175108393097
98 3.175108393097
99 3.204105924314
100 3.204105924314
