1 1.080517387842
2 1.109485384011
3 1.268036139864
4 1.324790812802
5 1.452446175251
6 1.560872552018
7 1.621539803464
8 1.775825984972
9 1.825896539050
10 1.925771626320
11 2.032590146423
12 2.134315032808
13 2.201306872088
14 2.201306872088
15 2.336006090082
16 2.529818736987
17 2.529818736987
18 2.586919911047
19 2.586919911047
20 2.641927779213
21 2.641927779213
22 2.641927779213
23 2.876150285090
24 2.876150285090
25 2.876150285090
26 3.208557945625
27 3.208557945625
28 3.287321497904
29 3.287321497904
30 3.357922165272
31 3.551688470299
32 3.551688470299
33 3.605296468987
34 3.605296468987
35 3.628248594007
36 3.775277277709
37 3.878668542285
38 3.878668542285
39 3.930412841305
40 4.052031795610
41 4.052031795610
42 4.277935084327
43 4.277935084327
44 4.277935084327
45 4.304673259906
46 4.352238052316
47 4.522604060571
48 4.531546932895
49 4.708617807227
50 4.708617807227
51 4.741374348012
52 5.001010263418
53 5.021402168791
54 5.021402168791
55 5.021402168791
56 5.021402168791
57 5.090025757044
58 5.090025757044
59 5.112840210864
60 5.205918242989
61 5.326695705216
62 5.326695705216
63 5.522344830349
64 5.522344830349
65 5.598065211000
66 5.738043665477
67 5.813320508130
68 5.857944950044
69 5.857944950044
70 6.010853997557
71 6.010853997557
72 6.010853997557
73 6.010853997557
74 6.010853997557
75 6.270214267011
76 6.307837888310
77 6.358413969634
78 6.358413969634
79 6.377844213679
80 6.430934394118
81 6.430934394118
82 6.430934394118
83 6.443083373790
84 6.672080704722
85 6.869876826324
86 6.869876826324
87 6.869876826324
88 6.887274689205
89 6.887274689205
90 6.933751918744
91 7.015615458090
92 7.015615458090
93 7.272418986244
94 7.408159090326
95 7.408159090326
96 7.437921520363
97 7.454137804676
98 7.454137804676
99 7.558343899688
100 7.558343899688
