0 2.2379458582832954
1 2.2379458582832954
2 2.5392819026054445
3 2.238150847655485
4 1.365211013366253
5 2.2514920491029957
6 1.399997936716319
7 1.4097261721045193
8 2.170105302831921
9 2.4069292024649616
10 1.2128347107294875
11 1.9024010813667913
12 1.1063556307869702
13 1.2027776486362256
14 2.029528119371462
15 1.0132414291828125
16 1.0482427328741981
17 1.0350039547200323
18 1.7633748789019572
19 0.9745028528994505
20 1.7500036315333545
21 1.9902086045416616
22 0.9648337801186819
23 1.1170175355124938
24 1.0589412588927074
25 1.0417553272087925
26 0.9902844837449055
27 1.813587742861267
28 1.8888765963339207
29 1.0100451108804984
30 1.0249381212138864
31 1.092084673188191
32 1.7737770820394532
33 0.9033988856339521
34 1.0725719618598066
35 1.0204879538926575
36 0.8878048828385334
37 0.9367501486642779
38 0.9976596571276779
39 1.8487527876511258
40 1.8287072009030823
41 0.8735115336840531
42 1.0653722614963075
43 0.9468193455990974
44 1.6901162727961634
45 0.8904157576786774
46 0.9320597864459153
47 1.6564793906836124
48 0.832462910822175
49 0.9296226113619579
50 0.996689402293362
51 1.1056019552570864
52 1.6709387233330346
53 1.8748264105539136
54 0.8721857397669205
55 0.9309464689748865
56 1.6576401042406939
57 1.7131854761277732
58 0.9658418743723283
59 0.970819964249486
60 1.0200205250370802
61 0.8637804488285671
62 1.6630447799448846
63 0.7868492169632553
64 0.9923170500146977
65 1.7084138204792416
66 0.9366900338435904
67 0.8754419485506573
68 1.7326221468720928
69 0.7928769867400273
70 1.0150118341020886
71 0.7767651450335149
72 0.9264509821336582
73 1.0146002661218883
74 0.9543720686336081
75 0.9004293395948277
76 0.9515773947856553
77 0.9388349262120664
78 0.8367699759916343
79 0.988816060860509
80 1.564954716116605
81 0.802342090267989
82 1.0377299428318205
83 1.651447280070908
84 0.8586576522226785
85 0.837832688488336
86 0.8321482673660958
87 0.9397160275068788
88 1.7683164216681775
89 1.8520263984010745
90 0.9093155372109586
91 0.9634846769003483
92 0.9123058232756378
93 1.0197497371843598
94 0.9652502321599253
95 0.9168355145494254
96 1.6531774490324567
97 0.8917681582458836
98 1.582587311061976
99 0.913807714483532
