0 2.2379458582832954
1 2.2379458582832954
2 2.5392819026054445
3 2.238150847655485
4 1.365211013366253
5 2.2514920491029957
6 1.3999979986121727
7 1.4097261697801042
8 2.17010528782284
9 2.40692928986297
10 1.2128346694877221
11 1.9024010075168025
12 1.1063555951902129
13 1.2027777256739838
14 2.0295281419514946
15 1.0132414634513323
16 1.0482426990041493
17 1.0350039195217462
18 1.763374831351065
19 0.9745028384880767
20 1.750003683600253
21 1.9902087699071942
22 0.9648337267899579
23 1.1170175408254426
24 1.0589411711626397
25 1.041755390764943
26 0.9902843377716362
27 1.813587909023742
28 1.8888764138341283
29 1.0100451171232132
30 1.024938147977866
31 1.0920846405135556
32 1.7737770889462867
33 0.90339878382457
34 1.0725718364078023
35 1.0204876454095655
36 0.8878049807960277
37 0.9367501080202193
38 0.9976595816838044
39 1.8487526028933299
40 1.828707172478806
41 0.8735114379845622
42 1.0653723320921151
43 0.946819540517908
44 1.6901162661549773
45 0.8904157347001738
46 0.9320598624210836
47 1.6564792498904684
48 0.8324629475479338
49 0.9296228924833633
50 0.9966893773889143
51 1.105601952069317
52 1.670937963448527
53 1.8748263663236144
54 0.8721857757621488
55 0.9309466403838984
56 1.6576402794351817
57 1.7131857160074133
58 0.965841887322641
59 0.9708200505849046
60 1.0200206364097701
61 0.8637806169169859
62 1.663044628924314
63 0.7868491607124095
64 0.9923173061652436
65 1.7084137385270057
66 0.9366899783896868
67 0.8754419316820448
68 1.732621991601163
69 0.7928770983119529
70 1.0150108556561483
71 0.7767652542810254
72 0.9264513599507324
73 1.0146001440568886
74 0.9543721922260805
75 0.9004293132293191
76 0.951577387745998
77 0.9388350088948327
78 0.8367701883767641
79 0.9888160637826309
80 1.5649555296618958
81 0.8023419166009739
82 1.03772996674009
83 1.651447341966762
84 0.8586576087229099
85 0.8378326151032301
86 0.832148290145364
87 0.9397162055570767
88 1.7683166296701245
89 1.8520266384135382
90 0.9093153454135056
91 0.9634842180608043
92 0.9123057745957441
93 1.0197500608757677
94 0.9652502581269629
95 0.9168356026779643
96 1.6531773592436214
97 0.8917678198110426
98 1.5825873381580151
99 0.9138077036583988
