0 0.002606351047971061
1 0.0024063629329420053
2 0.0024617447077210954
3 0.0017903586115448145
4 0.001328101252217569
5 0.0015541878632277897
6 0.0
7 0.0008829310296347788
8 0.0009215098819460203
9 0.0007859181700325861
10 0.0
11 0.0
12 0.0
13 0.0012625474980709794
14 0.0005615596069652052
15 0.0007175791947600799
16 0.0
17 0.0009540753414387738
18 0.0006042261104346104
19 0.0005055532858564954
20 0.0
21 0.0004656490162275732
22 0.0
23 0.0006864550761178586
24 0.0
25 0.0
26 0.0008207010934544141
27 0.0009032910839135937
28 0.0008244945605014208
29 0.0007190866890672879
30 0.0007830195062350723
31 0.0
32 0.0005803949893916528
33 0.0006955708568762128
34 0.0
35 0.0006135841294580806
36 0.0007511035788367688
37 0.0008145289366956272
38 0.00032076086242960946
39 0.0007497209729685114
40 0.00029826412367639954
41 0.0006680357942831932
42 0.00020962370047474473
43 0.00030616953001704687
44 0.00042716048258290777
45 0.0
46 0.0006437915504495711
47 0.00015021242297867467
48 0.000342289821901432
49 0.0005017894612951242
50 0.0
51 0.0001256098650012051
52 0.00038337059368996786
53 0.0005476536300947026
54 0.00030556409549291086
55 0.0
56 0.0
57 0.00025577484050098756
58 0.0004949713345648012
59 0.0
60 0.00029273044580457224
61 0.000733352748628904
62 0.000234402130925727
63 0.0
64 0.0003828808127763671
65 0.00039132245549524205
66 0.00012317698458620091
67 0.0
68 0.000353537596779467
69 0.0
70 0.0
71 0.0002910933760861053
72 0.0002793520021148817
73 0.00043255629667261417
74 0.0
75 0.0
76 0.0004395041776210071
77 0.0
78 0.00022584662078143126
79 0.0005670019519765591
80 0.00026628119093062867
81 0.00030378376493737073
82 0.0007175068324889351
83 0.0
84 0.00024293901731079458
85 0.0007297076842982218
86 0.0
87 0.0005481083955206917
88 0.0004079080760394132
89 -8.283473471513534e-06
90 0.00023935153252646927
91 0.0005426069239912416
92 0.0
93 0.00015371456732946354
94 0.0006652983463511642
95 0.00025142455451834865
96 0.0
97 0.0007186492203775693
98 0.0
99 0.00015723361830442573
