0 0.0
1 -0.0006796936152607089
2 -0.00010759850081673216
3 -0.0004926874081491845
4 0.0
5 -9.023096964621272e-06
6 -0.00013108365916476435
7 -0.0007119962464592212
8 -0.0004337446374005683
9 0.0
10 -0.00045194482593539974
11 0.0
12 -0.0003302106817658316
13 -3.0006753944345984e-05
14 0.0
15 0.0
16 -0.0001798205717615726
17 -0.00028221943819011034
18 -0.0007827927396488309
19 -0.0008500971866612945
20 -0.0005378099331118969
21 0.0
22 -0.0002493254323634255
23 -0.0006539699773687911
24 0.0
25 0.0
26 -0.0006166790999600154
27 -0.0006743718472109994
28 0.0
29 -0.0005845489722603573
30 0.0
31 -0.0006700614066958658
32 0.0
33 -0.0006947478237037074
34 -0.00033452797914059645
35 -0.0007386159638866138
36 -0.0005802775215951153
37 -0.0005406355470768879
38 0.0
39 -0.0005586810472494951
40 0.0
41 -0.0007471806953975634
42 -0.0011105155177479214
43 -0.0009487842916287597
44 -0.000768837226921807
45 -0.0005974932809856409
46 -0.00042240583987759574
47 0.0
48 0.0
49 -0.0006870662229580326
50 -0.0005201102629981564
51 0.0
52 -0.0008602910767993439
53 -0.00047269996119145746
54 -0.000800461284516767
55 -0.0007746552474769549
56 -0.0007900473888684734
57 -0.0011913698717308772
58 -0.0009700771854035406
59 -0.0006252874152046642
60 -0.0012294878457278849
61 0.0
62 -0.0010517868709556005
63 -0.0009615980665396561
64 -0.0010101052459914781
65 0.0
66 0.0
67 0.0
68 -0.0009263286960140261
69 -0.0010120300480435237
70 -0.000684226431169871
71 0.0
72 -0.0010045543272702833
73 0.0
74 -0.001003078961666589
75 0.0
76 -0.000976053379159036
77 -0.0007879683562442974
78 0.0
79 -0.0010981754910146168
80 0.0
81 -0.0009578411146783576
82 -0.0009085233027366559
83 0.0
84 -0.0010025158012319116
85 0.0
86 -0.000688595325656293
87 -0.001058946512669891
88 -0.0010188269362952187
89 0.0
90 -0.0010213458633952354
91 -0.0011242054489739898
92 -0.0007830559132791387
93 0.0
94 -0.0010095886806763693
95 0.0
96 0.0
97 -0.001079942746335062
98 0.0
99 -0.0014137766397295203
