0 -0.0007722521623617956
1 -0.0007188977966841702
2 -0.0002354861467328785
3 0.0
4 -0.0005638789775800971
5 0.0
6 -0.0002591172931728335
7 -0.0007140212352947026
8 0.0
9 -0.0004625853981316735
10 0.0
11 -0.0004230039650464645
12 -0.0004222363005727386
13 7.02840018885233e-05
14 -0.0007187103032305076
15 0.0
16 -1.5441451749009426e-05
17 3.3865684780653767e-05
18 -0.00042817179404959634
19 0.0
20 -0.00014563737514864934
21 -0.0003668029888556324
22 0.00023071924585602063
23 2.836710054652999e-05
24 0.0003917225768166594
25 0.00043435869227762295
26 0.0002714974846740937
27 0.0
28 0.0
29 0.00041940802886999414
30 0.0
31 0.0002819987720906625
32 0.0
33 0.0004031909465249212
34 0.0
35 0.00044935385929777193
36 0.0007406151019012856
37 0.0008038530968273711
38 0.00033489575737140483
39 0.0
40 0.00034599591487457994
41 0.0
42 0.0003918511200275164
43 0.0006364421490255849
44 0.0007863761623560356
45 0.0
46 0.0010443597531016263
47 0.0007458870136908287
48 0.0
49 0.0
50 0.000983182101487135
51 0.0008107498180078499
52 0.0011640818227262174
53 0.001327502749355992
54 0.0011508915641735991
55 0.0012018891333942367
56 0.0012993878413569446
57 0.0013026708661336148
58 0.0
59 0.0013451199124009544
60 0.0014985585017150659
61 0.0
62 0.0012846037791646534
63 0.0013669107203219957
64 0.0015842936691445352
65 0.0016452494196387477
66 0.0015372443252360376
67 0.00155005848398867
68 0.0016591305754071377
69 0.0017215901835950977
70 0.0016693478058564565
71 0.001781248820283442
72 0.0016717123104940917
73 0.0016759493165339715
74 0.00166989534014394
75 0.0017176246281676508
76 0.001982013067576283
77 0.0
78 0.0018734976959030398
79 0.0
80 0.001871643818664081
81 0.0019388990547799783
82 0.0
83 0.0018248125700403171
84 0.0019037648466331675
85 0.0
86 0.0019234893359618066
87 0.0
88 0.002234062212379886
89 0.0018185560141920588
90 0.002035300241261239
91 0.0
92 0.0018914538803181335
93 0.001894434770571496
94 0.0
95 0.0021785646987699534
96 0.0018630083976630166
97 0.0
98 0.0019043833711060102
99 0.0022420546221180023
