0 -0.0021236934464949385
1 -0.002058255856662994
2 -0.0015346876980158568
3 -0.001949252094391563
4 -0.001953652347309529
5 -0.0014289294303282433
6 -0.0014802309131292132
7 0.0
8 -0.001893111512621342
9 -0.001860035920423364
10 -0.001860722942369185
11 -0.0017950745636258142
12 0.0
13 -0.001307335935366818
14 -0.0021275617802840488
15 -0.0020073830313715674
16 -0.001238841356819768
17 0.0
18 -0.0019913008907042795
19 0.0
20 -0.001622216925095826
21 -0.001930142880424863
22 -0.0011797749167421748
23 0.0
24 -0.0011719279197613464
25 -0.0011455662409900493
26 0.0
27 -0.0017478551382424797
28 -0.0017149913852186932
29 -0.0014038672289123175
30 -0.0013246424215779178
31 -0.0013756643765705254
32 0.0
33 0.0
34 -0.0009707382186801422
35 0.0
36 -0.0012292832433560938
37 -0.0011499300852810647
38 -0.0015864803794097071
39 -0.0010787403105709825
40 -0.001495413995634949
41 -0.0012548174528973451
42 0.0
43 -0.001380856066517526
44 0.0
45 -0.0009503093876556945
46 -0.0006845903099898377
47 0.0
48 0.0
49 -0.0009332962758511034
50 -0.0006903210851857254
51 0.0
52 0.0
53 -0.0006651431043424212
54 -0.0009666446622548686
55 -0.000942984015737851
56 -0.000936045701940719
57 0.0
58 -0.001081991983003747
59 -0.0006712756278421493
60 0.0
61 -0.0007064813362831515
62 0.0
63 -0.0009448610823184017
64 0.0
65 -0.0008616403194610033
66 0.0
67 -0.0006364578671203174
68 -0.0008353619545481147
69 0.0
70 -0.0005668148596394694
71 -0.0010408389915124135
72 -0.0008683072706060031
73 -0.0005600580332025477
74 -0.0008195667376383772
75 -0.0007984232688402095
76 0.0
77 0.0
78 -0.0010075301287018603
79 0.0
80 0.0
81 -0.0007462612435985101
82 -0.0006016418875311207
83 -0.0005142796997294447
84 -0.0007181627470192367
85 -0.00034536246365684875
86 -0.00038456151278492835
87 -0.0006278024866596557
88 0.0
89 -0.0009689681358961922
90 -0.0006523824534138126
91 0.0
92 -0.0004359702281213927
93 -0.0006826622712047057
94 -0.00045264802056565556
95 0.0
96 -0.0004089890189040889
97 0.0
98 -0.0006590401141624465
99 0.0
