0 0.0
1 0.0
2 0.0
3 0.0
4 0.002965415229553207
5 0.0
6 0.0
7 0.0
8 0.0028552567577489214
9 0.0
10 0.002468413358880414
11 0.0024340975689342505
12 0.002050946399537309
13 0.0
14 0.001958777144256753
15 0.002171513060602994
16 0.002044455614987131
17 0.0
18 0.0017422127734137882
19 0.0016711728100595555
20 0.001459019894696685
21 0.001381489781894269
22 0.0015115108651010587
23 0.001331237238740014
24 0.0
25 0.0
26 0.0
27 0.0016732913066046554
28 0.0015799980237875605
29 0.0
30 0.001531201449538862
31 0.0012340520948520976
32 0.0012297993261664998
33 0.0
34 0.0014381988364899972
35 0.001276953427891212
36 0.0014042593883116991
37 0.0
38 0.0010559639731130396
39 0.0014739783161134942
40 0.0010288764177365246
41 0.0014741058669516382
42 0.0009615402611737037
43 0.0010383950477199741
44 0.0
45 0.0013327931029885106
46 0.0
47 0.0009781230857699968
48 0.001214065678607746
49 0.0012556935368368436
50 0.0
51 0.000929744640507236
52 0.0
53 0.0
54 0.0
55 0.001160848879835444
56 0.0011307431080663445
57 0.000991643771017737
58 0.0012399442999025743
59 0.0009916753894991417
60 0.0009170881262725058
61 0.0
62 0.0008157628967825008
63 0.0008069761276475629
64 0.0008975557436535014
65 0.0
66 0.0007226268117140429
67 0.0
68 0.0
69 0.0009332863446419172
70 0.0009194217441766346
71 0.0007850130246885111
72 0.00070493777395075
73 0.0
74 0.0007239128185401276
75 0.0007615396348152885
76 0.0
77 0.001344547884880141
78 0.0007197435829797589
79 0.0011361120667501147
80 0.0007251020992053814
81 0.0
82 0.0013719304061957562
83 0.0
84 0.0007343287775497931
85 0.0
86 0.0
87 0.0011992297047027265
88 0.0
89 0.0006155534087174493
90 0.0008184141232905201
91 0.00130820594412816
92 0.0
93 0.0007073800756217195
94 0.0014053575098345566
95 0.0
96 0.0
97 0.0014870044391650662
98 0.0007101493301298371
99 0.0007431041212429796
