0 -0.0007722521623617956
1 0.0
2 -0.00011404922306340946
3 -0.0003494216491297854
4 -0.0002932913449974512
5 0.0001930758091230104
6 0.00018682714904931006
7 -0.00030974165500357974
8 -0.00018518433355625913
9 -0.00011978420767596557
10 0.0
11 -0.00020498918973998738
12 -0.00017966710394814284
13 0.0
14 -0.0004985766276931963
15 -0.0003855904497928523
16 0.00010582280212375529
17 6.183363376342705e-05
18 0.0
19 0.0
20 0.0
21 0.0
22 0.0
23 -0.00019488920430046276
24 5.464868572844474e-05
25 7.098072037755917e-05
26 -0.00015960856929123467
27 0.0
28 -0.00020124263463942028
29 -0.0001597762900342416
30 -7.16029944057267e-05
31 -0.0002455562356199669
32 -0.00045247303632607475
33 0.0
34 5.937403340520821e-05
35 -0.0002907540413124977
36 -7.88919757685572e-05
37 -3.0293403748699688e-05
38 -0.0005214503980242215
39 0.0
40 -0.000511126269530712
41 0.0
42 -0.0006009499574603314
43 0.0
44 0.0
45 0.0
46 1.6535377260675475e-05
47 -0.0006178629712911389
48 -0.0004664805140150884
49 -0.00019762799530704812
50 -4.375494091852806e-05
51 0.0
52 0.0
53 -1.064421859455966e-05
54 -0.00029961002799576766
55 -0.0002673381123964101
56 -0.0002865868597772694
57 0.0
58 -0.00036978056975785667
59 -0.00018608023747254345
60 0.0
61 -0.00014722246193429764
62 -0.0005699218424344523
63 -0.0005052707068913198
64 0.0
65 -0.00043808129410438423
66 0.0
67 -0.00030136130613168857
68 -0.0004895966376858396
69 -0.0005502708535949202
70 -0.0003035689235215946
71 -0.0007519368021120092
72 0.0
73 -0.00035619169942515273
74 -0.0006296531594032189
75 -0.0006064815383771073
76 -0.0005774488065760068
77 -0.0003521828937574207
78 -0.0008458318725270442
79 -0.0006678772171774034
80 -0.0007292877987827853
81 -0.0006442675075462471
82 -0.0005043777099805078
83 -0.0004801845028321004
84 -0.0007137597836499029
85 -0.00038006046260829666
86 -0.00044228717264840754
87 0.0
88 -0.0007042458784644597
89 0.0
90 0.0
91 -0.0007191926799916716
92 -0.0005188139750793928
93 0.0
94 -0.0006180868590576018
95 -0.0008032542210967076
96 -0.000547247720396168
97 -0.0007092714346360523
98 0.0
99 -0.0010986755357305983
