0 -0.0025148249696940184
1 -0.002628911257488653
2 0.0
3 0.0
4 -0.0028148082084953783
5 -0.0028953056316822767
6 0.0
7 0.0
8 0.0
9 -0.0021715526904273474
10 -0.002412803670845657
11 -0.0013843863154761494
12 0.0
13 0.0
14 -0.002412803670845657
15 -0.001837546276377111
16 -0.001136958083819195
17 -0.0017110089624594593
18 -0.00045837635975942703
19 0.0
20 0.0
21 0.0
22 0.0
23 -0.0010311242097714058
24 0.0
25 -0.0009959138670524227
26 -0.0007825667001498005
27 0.0
28 0.0
29 -0.00019849706983166016
30 -0.0007240468079174889
31 -0.0006260889555846916
32 0.0
33 -0.0003089638622327584
34 -0.0005357465214615332
35 -2.9386666255959426e-07
36 0.0
37 0.0
38 -2.9386666255959426e-07
39 0.0
40 -1.274490783487181e-05
41 -0.0013010898233668893
42 0.0
43 -0.0005721151638226729
44 -0.0003638642697183059
45 -0.0005688721123533469
46 -0.0005702619715975743
47 -2.9386666255959426e-07
48 0.0
49 -0.00045397503258755024
