0 0.0010150831847358871
1 0.0024436083239980787
2 0.0
3 0.00037232771548918855
4 0.0005359113646307403
5 0.0
6 0.0010076504068451493
7 0.00012516430302864431
8 0.0011714499240966267
9 0.001126904386596751
10 0.0007515553823620036
11 0.00025170156841812123
12 0.00037461912547237747
13 0.0
14 0.0014093472684350028
15 0.0013221601182190805
16 0.0
17 0.0029634693824955793
18 0.0004239664999508779
19 0.00012306240680072956
20 9.997103681908846e-05
21 0.0
22 0.00026836612005236076
23 0.0010762836436467367
24 0.00033088323024576437
25 0.0
26 0.000741633437412435
27 4.4257495141408885e-05
28 0.00012120484964429067
29 0.00043085896850758224
30 0.0
31 0.0003495136374893768
32 0.001115365130849089
33 0.0002125753640137078
34 0.0
35 3.580454334051003e-07
36 0.0
37 0.0
38 3.0513226885273036e-07
39 4.774460026005661e-05
40 0.0
41 0.0018090774819983513
42 1.7174940503694623e-07
43 0.0006166150216587906
44 0.0
45 0.0
46 0.0009289399194771776
47 0.0
48 0.000438588064039187
49 0.0002380015489518234
