0 0.0
1 0.0
2 3.585214443145074e-05
3 0.0
4 0.0
5 0.0
6 0.0020603752687336626
7 0.00046311270545127715
8 0.0
9 0.0021619747326543357
10 0.001052994561305486
11 0.0
12 0.0010086810186221056
13 0.0004232416670609245
14 0.0
15 0.0
16 0.0
17 0.0
18 0.0005253277025688281
19 0.0007271883040977646
20 0.0006752861946492391
21 0.0004953940686424378
22 0.00016092888830333585
23 0.0
24 0.0004945335431892853
25 0.0007517433425684266
26 0.0
27 0.0007412627762811545
28 0.0017952842175907374
29 0.0
30 0.0011244931834983635
31 0.0003689730716930867
32 0.000187539474533803
33 -1.7561198336934333e-05
34 -9.843201427364377e-06
35 0.0
36 0.0007419226174360316
37 0.00015822502502274867
38 0.0
39 0.0018441907731708144
40 1.842300835709537e-05
41 0.00014148103790537762
42 1.8070332635901133e-07
43 9.43089670709211e-05
44 -1.8735406175553077e-05
45 -9.362815632099942e-05
46 0.0
47 0.0
48 -0.00017490913771988064
49 0.0010093485356161428
