0 1.1
1 1.1769535919954053
2 1.2667625479208693
3 1.2667625479208693
4 1.3316736112117047
5 1.3316736112117047
6 1.4154461734142714
7 1.4154461734142714
8 1.4154461734142714
9 1.5064035572248822
10 1.6018142503781283
11 1.69554893221706
12 1.7900014931191341
13 1.881826445120638
14 1.881826445120638
15 1.9749035373450128
16 1.9749035373450128
17 2.049196782726473
18 2.049196782726473
19 2.049196782726473
20 2.1393261139972277
21 2.211588060994742
22 2.211588060994742
23 2.291333197906814
24 2.372806851479477
25 2.459526338774651
26 2.5477268941245956
27 2.6248611593253237
28 2.7091510908272163
29 2.7091510908272163
30 2.786491801741359
31 2.8835403911966697
32 2.9584878726624835
33 3.0496735781107325
34 3.142612723935793
35 3.2222964737128894
36 3.317118888467528
37 3.4107427704505917
38 3.4989672331077633
39 3.4989672331077633
40 3.5872637919070764
41 3.676514910379893
42 3.7634790398996523
43 3.8487135185188563
44 3.9258019074189003
45 3.9258019074189003
46 4.015850139442435
47 4.097296736272229
48 4.177059051628043
49 4.258359539074357
