0 1.0969510649893457
1 1.1600782345862397
2 1.1600782345862397
3 1.1600782345862397
4 1.1919804184317548
5 1.2738859386081949
6 1.3671274970377676
7 1.4671274970377677
8 1.5656875574969806
9 1.663791782734286
10 1.663791782734286
11 1.663791782734286
12 1.7637917827342862
13 1.8496291791798427
14 1.9496291791798428
15 2.036515545179103
16 2.136359769315447
17 2.236359769315447
18 2.336359769315447
19 2.429031884846089
20 2.5271093684648855
21 2.5271093684648855
22 2.5271093684648855
23 2.6271093684648856
24 2.6271093684648856
25 2.7146028092211636
26 2.795994242649847
27 2.795994242649847
28 2.8959942426498473
29 2.990412523232301
30 3.090412523232301
31 3.1904125232323013
32 3.2904125232323014
33 3.3904125232323015
34 3.4858011859250353
35 3.5757254946047716
36 3.675725494607591
37 3.775725494607591
38 3.8688496332577085
39 3.9672887498608977
40 3.9672887498608977
41 4.067288749860897
42 4.167288749860897
43 4.264430014588181
44 4.362436525000736
45 4.462296950548209
46 4.562296950548209
47 4.562296950548209
48 4.651204859283059
49 4.7512048592830585
