0 1.003171848688709
1 1.0076758392893475
2 1.0076758392893475
3 1.0277862847861055
4 1.0643897530007875
5 1.0885546286888732
6 1.1404859427978409
7 1.179057996935773
8 1.179057996935773
9 1.179057996935773
10 1.179057996935773
11 1.1993300137657321
12 1.2679646350304736
13 1.2679646350304736
14 1.3085140572222453
15 1.3571837404378069
16 1.3987585643837168
17 1.458460865241286
18 1.458460865241286
19 1.4866306388392598
20 1.5551643781972102
21 1.5873542905925229
22 1.5873542905925229
23 1.60993713128162
24 1.6717287219053234
25 1.6717287219053234
26 1.6717287219053234
27 1.702587304134334
28 1.7765498765824277
29 1.8253875068322516
30 1.874966147566659
31 1.874966147566659
32 1.913200233308274
33 1.913200233308274
34 1.913200233308274
35 1.913200233308274
36 1.913200233308274
37 1.913200233308274
38 1.913200233308274
39 1.9493523675028959
40 2.015957101406162
41 2.0805386746838797
42 2.130239775502819
43 2.1928834756713735
44 2.2387474203532913
45 2.2783211377878194
46 2.331568460365302
47 2.3954995580016494
48 2.4352354153079583
49 2.479736079879585
