0 1.0954363874208441
1 1.0954363874208441
2 1.1591348955510588
3 1.244852995219402
4 1.244852995219402
5 1.3448529952194022
6 1.3448529952194022
7 1.4401616174153344
8 1.5365001943101328
9 1.5365001943101328
10 1.633192448202002
11 1.633192448202002
12 1.633192448202002
13 1.7131605984330547
14 1.8073048226340755
15 1.8073048226340755
16 1.8977204681276265
17 1.9773223947503196
18 2.0650841940219093
19 2.0650841940219093
20 2.0650841940219093
21 2.142329150709716
22 2.2299132303031017
23 2.3171781299307748
24 2.3171781299307748
25 2.3171781299307748
26 2.3993126100071196
27 2.482563529772269
28 2.566800069436534
29 2.566800069436534
30 2.643607128663821
31 2.731380993924635
32 2.8143002442664375
33 2.894585383389975
34 2.894585383389975
35 2.894585383389975
36 2.894585383389975
37 2.9718329535615657
38 3.040833608932806
39 3.1287023347029232
40 3.201776740655128
41 3.27117404144275
42 3.3513105351721015
43 3.423014214004762
44 3.423014214004762
45 3.5005266698730826
46 3.5706271113165062
47 3.5706271113165062
48 3.5706271113165062
49 3.5706271113165062
