0 9996
1 9997
3 9997
4 9997
8 9997
10 9997
11 9997
12 9997
13 9997
14 9997
15 9997
17 9997
21 9997
22 9997
24 9997
25 9997
26 9997
27 9997
28 9997
30 9997
34 9997
35 9997
37 9642
38 9997
40 9997
41 9997
43 9997
44 9997
45 9997
46 9997
47 9997
48 9997
49 9997
50 9997
51 9997
52 9997
55 9997
56 9997
57 9845
58 9997
59 9997
60 9997
61 9997
63 9997
64 9997
65 9997
67 9903
71 9997
74 8738
75 9996
77 9997
78 8333
79 9997
82 9997
83 9997
84 9169
86 9997
87 8747
90 7546
91 9996
92 9997
93 9997
94 9997
95 8257
96 9997
98 8083
99 9997
