2 9996
3 9997
4 9997
6 9997
7 9997
9 9997
10 9997
13 9997
14 9997
16 9997
17 9997
18 9997
19 9997
20 9997
21 9997
23 9997
24 9997
25 9997
26 9997
27 9997
28 9997
30 9997
31 9997
32 9997
34 9997
40 9997
41 9997
42 9997
43 9997
45 9997
46 9997
47 9997
50 9997
51 9997
53 9997
54 9997
55 9997
57 9710
59 9996
60 9997
61 9997
62 9997
63 9997
66 9997
68 9404
69 7649
70 9996
71 9997
72 9267
73 9997
74 9282
75 9997
78 8481
79 9997
80 9997
81 9997
84 8420
85 9997
86 9997
87 7969
88 9997
91 9997
92 9997
93 9997
95 6683
96 2620
97 1605
