1 9996
2 9997
4 9997
5 9997
6 9997
7 9997
8 9997
9 9997
10 9997
12 9997
15 9997
16 9997
17 9997
19 9997
20 9997
21 9997
23 9997
24 9997
25 9997
26 9997
28 9997
29 9997
31 9997
32 9997
33 9997
35 9997
37 9997
39 9997
41 9997
42 9997
43 9997
44 9997
45 9997
46 9997
48 9997
49 9997
51 9997
53 9997
54 9997
57 9997
58 9997
60 9997
61 9997
62 9997
64 9997
65 9997
66 9997
67 9997
68 9997
69 9997
70 9997
73 9997
77 9997
78 8707
79 9997
80 9997
81 9997
82 9997
83 9997
85 9997
86 9997
87 8620
88 9997
89 9997
90 8728
91 9997
92 9997
93 9997
95 7295
97 9997
98 7134
