0 0.0
1 -0.000145225234168163
2 -0.00023217266990764514
3 0.0
4 -0.0002284291213596709
5 0.0
6 -0.0001766295694788921
7 -0.00018794547596282337
8 -0.00014876557055347074
9 -0.00019197325626843867
10 -0.00036213248061354027
11 -0.00013804872019669643
12 -0.00010185442945251564
13 0.0
14 0.0
15 -6.955112492217509e-05
16 -0.00029600982482071907
17 -0.0003551882768712668
18 -0.00026032432560007076
19 -0.0002622023317632123
20 0.0
21 -0.00016816384766971644
22 0.0
23 0.0
24 -0.00024472550949149863
25 -0.00020567687403959194
26 -0.00018719510167914067
27 -0.00018014266796125564
28 -0.00016967326433540793
29 0.0
30 0.0
31 0.0
32 -0.0003539097876909769
33 -0.00036695598147900454
34 -0.00018495244117137778
35 -0.00022517802350674883
36 0.0
37 -0.00028894775624179766
38 0.0
39 -0.00041168975848036166
40 -0.00026738512212407146
41 0.0
42 0.0
43 -0.00021298701389432974
44 0.0
45 0.0
46 -0.0002476229753286932
47 -0.00027287761182031656
48 0.0
49 0.0
