1 1.000000
2 1.039718
3 1.079032
4 1.117943
5 1.156451
6 1.194556
7 1.232257
8 1.269555
9 1.306450
10 1.342942
11 1.379031
12 1.414716
13 1.449998
14 1.484877
15 1.519353
16 1.553425
17 1.587094
18 1.620360
19 1.653223
20 1.685683
21 1.717739
22 1.749392
23 1.780642
24 1.811489
25 1.841932
26 1.871972
27 1.901609
28 1.930843
29 1.959674
30 1.988101
31 2.016125
32 2.043746
33 2.070963
34 2.097778
35 2.124189
36 2.150197
37 2.175802
38 2.201003
39 2.225801
40 2.250197
41 2.274188
42 2.297777
43 2.320962
44 2.343745
45 2.366123
46 2.388099
47 2.409672
48 2.430841
49 2.451607
50 2.471970
51 2.491929
52 2.511486
53 2.530639
54 2.549389
55 2.567736
56 2.585679
57 2.603219
58 2.620356
59 2.637090
60 2.653421
61 2.669348
62 2.684872
63 2.699993
64 2.714711
65 2.729025
66 2.742936
67 2.756444
68 2.769549
69 2.782251
70 2.794549
71 2.806444
72 2.817936
73 2.829025
74 2.839710
75 2.849992
76 2.859871
77 2.869347
78 2.878420
79 2.887089
80 2.895355
81 2.903218
82 2.910678
83 2.917734
84 2.924387
85 2.930637
86 2.936484
87 2.941928
88 2.946968
89 2.951605
90 2.955839
91 2.959669
92 2.963097
93 2.966121
94 2.968742
95 2.970960
96 2.972774
97 2.974185
98 2.975194
99 2.975798
100 2.976000
