1 1.000000
2 1.041647
3 1.082872
4 1.123673
5 1.164052
6 1.204008
7 1.243541
8 1.282651
9 1.321339
10 1.359603
11 1.397445
12 1.434864
13 1.471860
14 1.508434
15 1.544584
16 1.580312
17 1.615617
18 1.650499
19 1.684959
20 1.718995
21 1.752609
22 1.785800
23 1.818568
24 1.850913
25 1.882836
26 1.914335
27 1.945412
28 1.976066
29 2.006297
30 2.036106
31 2.065491
32 2.094454
33 2.122994
34 2.151111
35 2.178805
36 2.206077
37 2.232926
38 2.259351
39 2.285355
40 2.310935
41 2.336092
42 2.360827
43 2.385139
44 2.409028
45 2.432494
46 2.455537
47 2.478158
48 2.500355
49 2.522130
50 2.543483
51 2.564412
52 2.584918
53 2.605002
54 2.624663
55 2.643901
56 2.662716
57 2.681108
58 2.699078
59 2.716625
60 2.733749
61 2.750450
62 2.766728
63 2.782584
64 2.798017
65 2.813026
66 2.827614
67 2.841778
68 2.855519
69 2.868838
70 2.881734
71 2.894207
72 2.906257
73 2.917884
74 2.929089
75 2.939871
76 2.950230
77 2.960166
78 2.969679
79 2.978770
80 2.987437
81 2.995682
82 3.003504
83 3.010903
84 3.017880
85 3.024433
86 3.030564
87 3.036272
88 3.041557
89 3.046420
90 3.050859
91 3.054876
92 3.058470
93 3.061641
94 3.064389
95 3.066715
96 3.068617
97 3.070097
98 3.071154
99 3.071789
100 3.072000
