1 1.000000
2 1.005628
3 1.011199
4 1.016713
5 1.022169
6 1.027569
7 1.032911
8 1.038196
9 1.043424
10 1.048595
11 1.053709
12 1.058765
13 1.063765
14 1.068707
15 1.073592
16 1.078421
17 1.083192
18 1.087905
19 1.092562
20 1.097162
21 1.101704
22 1.106189
23 1.110617
24 1.114988
25 1.119302
26 1.123559
27 1.127758
28 1.131901
29 1.135986
30 1.140014
31 1.143985
32 1.147899
33 1.151756
34 1.155556
35 1.159298
36 1.162983
37 1.166612
38 1.170183
39 1.173697
40 1.177153
41 1.180553
42 1.183896
43 1.187181
44 1.190409
45 1.193580
46 1.196694
47 1.199751
48 1.202751
49 1.205693
50 1.208579
51 1.211407
52 1.214178
53 1.216892
54 1.219549
55 1.222149
56 1.224691
57 1.227177
58 1.229605
59 1.231976
60 1.234290
61 1.236547
62 1.238747
63 1.240890
64 1.242975
65 1.245004
66 1.246975
67 1.248889
68 1.250746
69 1.252546
70 1.254288
71 1.255974
72 1.257602
73 1.259174
74 1.260688
75 1.262145
76 1.263545
77 1.264887
78 1.266173
79 1.267401
80 1.268573
81 1.269687
82 1.270744
83 1.271744
84 1.272686
85 1.273572
86 1.274401
87 1.275172
88 1.275886
89 1.276543
90 1.277143
91 1.277686
92 1.278172
93 1.278600
94 1.278972
95 1.279286
96 1.279543
97 1.279743
98 1.279886
99 1.279971
100 1.280000
