1 1.000000
2 1.128137
3 1.254974
4 1.380510
5 1.504744
6 1.627678
7 1.749311
8 1.869643
9 1.988675
10 2.106405
11 2.222834
12 2.337963
13 2.451791
14 2.564317
15 2.675543
16 2.785468
17 2.894092
18 3.001416
19 3.107438
20 3.212159
21 3.315580
22 3.417700
23 3.518519
24 3.618036
25 3.716253
26 3.813170
27 3.908785
28 4.003099
29 4.096113
30 4.187825
31 4.278237
32 4.367348
33 4.455158
34 4.541667
35 4.626875
36 4.710782
37 4.793388
38 4.874694
39 4.954699
40 5.033402
41 5.110805
42 5.186907
43 5.261708
44 5.335208
45 5.407407
46 5.478306
47 5.547903
48 5.616200
49 5.683196
50 5.748890
51 5.813284
52 5.876377
53 5.938170
54 5.998661
55 6.057851
56 6.115741
57 6.172329
58 6.227617
59 6.281604
60 6.334290
61 6.385675
62 6.435759
63 6.484542
64 6.532025
65 6.578206
66 6.623087
67 6.666667
68 6.708946
69 6.749923
70 6.789601
71 6.827977
72 6.865052
73 6.900826
74 6.935300
75 6.968473
76 7.000344
77 7.030915
78 7.060185
79 7.088154
80 7.114822
81 7.140190
82 7.164256
83 7.187022
84 7.208486
85 7.228650
86 7.247513
87 7.265075
88 7.281336
89 7.296296
90 7.309956
91 7.322314
92 7.333372
93 7.343128
94 7.351584
95 7.358739
96 7.364593
97 7.369146
98 7.372398
99 7.374350
100 7.375000
