1 1.000000
2 1.041165
3 1.081912
4 1.122241
5 1.162152
6 1.201645
7 1.240720
8 1.279377
9 1.317617
10 1.355438
11 1.392842
12 1.429827
13 1.466395
14 1.502545
15 1.538277
16 1.573590
17 1.608486
18 1.642965
19 1.677025
20 1.710667
21 1.743891
22 1.776698
23 1.809086
24 1.841057
25 1.872610
26 1.903745
27 1.934461
28 1.964760
29 1.994641
30 2.024104
31 2.053150
32 2.081777
33 2.109986
34 2.137778
35 2.165151
36 2.192107
37 2.218645
38 2.244764
39 2.270466
40 2.295750
41 2.320616
42 2.345064
43 2.369095
44 2.392707
45 2.415901
46 2.438678
47 2.461036
48 2.482977
49 2.504500
50 2.525604
51 2.546291
52 2.566560
53 2.586411
54 2.605844
55 2.624860
56 2.643457
57 2.661636
58 2.679398
59 2.696741
60 2.713667
61 2.730174
62 2.746264
63 2.761936
64 2.777190
65 2.792026
66 2.806444
67 2.820444
68 2.834027
69 2.847191
70 2.859938
71 2.872266
72 2.884177
73 2.895669
74 2.906744
75 2.917401
76 2.927640
77 2.937461
78 2.946864
79 2.955849
80 2.964417
81 2.972566
82 2.980298
83 2.987611
84 2.994507
85 3.000984
86 3.007044
87 3.012686
88 3.017910
89 3.022716
90 3.027104
91 3.031074
92 3.034627
93 3.037761
94 3.040478
95 3.042776
96 3.044657
97 3.046119
98 3.047164
99 3.047791
100 3.048000
