0 2.3046388626098633
1 2.3046388626098633
2 2.3007023334503174
3 2.298011302947998
4 2.304414987564087
5 2.304414987564087
6 2.3045151233673096
7 2.3010637760162354
8 2.3054490089416504
9 2.3054490089416504
10 2.3054490089416504
11 2.304394483566284
12 2.304394483566284
13 2.304394483566284
14 2.30434250831604
15 2.3021249771118164
16 2.303593635559082
17 2.302652359008789
18 2.300388813018799
19 2.3028433322906494
20 2.2988646030426025
21 2.3067784309387207
22 2.303046226501465
23 2.303046226501465
24 2.303046226501465
25 2.302730083465576
26 2.3011860847473145
27 2.3008766174316406
28 2.3005707263946533
29 2.3034751415252686
30 2.3011765480041504
31 2.306356191635132
32 2.3079445362091064
33 2.302002429962158
34 2.302002429962158
35 2.3005876541137695
36 2.303903341293335
37 2.303903341293335
38 2.303903341293335
39 2.301222085952759
40 2.304347276687622
41 2.304347276687622
42 2.301727771759033
43 2.3036177158355713
44 2.3062124252319336
45 2.3012959957122803
46 2.302419900894165
47 2.302419900894165
48 2.303651809692383
49 2.303651809692383
50 2.303651809692383
51 2.303651809692383
52 2.3008711338043213
53 2.3008711338043213
54 2.303407907485962
55 2.3022329807281494
56 2.3022329807281494
57 2.302114725112915
58 2.299445152282715
59 2.302560567855835
60 2.2992970943450928
61 2.3010356426239014
62 2.3043363094329834
63 2.3043363094329834
64 2.3043363094329834
65 2.3024723529815674
66 2.30078125
67 2.29984450340271
68 2.301753282546997
69 2.298063039779663
70 2.298063039779663
71 2.3022396564483643
72 2.3049356937408447
73 2.3008644580841064
74 2.2998688220977783
75 2.301992177963257
76 2.3012282848358154
77 2.2999677658081055
78 2.301967144012451
79 2.299976110458374
80 2.299976110458374
81 2.299976110458374
82 2.3006227016448975
83 2.303316831588745
84 2.3027710914611816
85 2.2989964485168457
86 2.3002467155456543
87 2.3002467155456543
88 2.3002467155456543
89 2.2998294830322266
90 2.2998294830322266
91 2.2998294830322266
92 2.2998294830322266
93 2.303771734237671
94 2.303771734237671
95 2.303771734237671
96 2.303771734237671
97 2.300410509109497
98 2.300410509109497
99 2.3011717796325684
100 2.3032705783843994
101 2.3017332553863525
102 2.2992618083953857
103 2.2992618083953857
104 2.304748773574829
105 2.3027360439300537
106 2.3027360439300537
107 2.2983484268188477
108 2.3017330169677734
109 2.3017330169677734
110 2.3016159534454346
111 2.300255298614502
112 2.3012962341308594
113 2.302233934402466
114 2.302233934402466
115 2.3010029792785645
116 2.2999866008758545
117 2.2999866008758545
118 2.2999866008758545
119 2.3025529384613037
120 2.3008437156677246
121 2.3008437156677246
122 2.3025364875793457
123 2.3032617568969727
124 2.303786277770996
125 2.300469160079956
126 2.300469160079956
127 2.303075075149536
128 2.303075075149536
129 2.3029398918151855
130 2.3033337593078613
131 2.3033337593078613
132 2.3013508319854736
133 2.3012964725494385
134 2.295025587081909
135 2.299164056777954
136 2.3030381202697754
137 2.3078627586364746
138 2.3078627586364746
139 2.2995080947875977
140 2.3013014793395996
141 2.302299976348877
142 2.302147626876831
143 2.2997210025787354
144 2.302600622177124
145 2.2977631092071533
146 2.3014206886291504
147 2.3011257648468018
148 2.3034377098083496
149 2.3034377098083496
150 2.299607992172241
151 2.30191707611084
152 2.30191707611084
153 2.3021047115325928
154 2.302502155303955
155 2.3035221099853516
156 2.300565004348755
157 2.2989094257354736
158 2.2987000942230225
159 2.2997093200683594
160 2.3015477657318115
161 2.298971652984619
162 2.3010075092315674
163 2.300173044204712
164 2.300173044204712
165 2.3008344173431396
166 2.301241159439087
167 2.296323299407959
168 2.3008217811584473
169 2.3007254600524902
170 2.2997632026672363
171 2.2997632026672363
172 2.298818588256836
173 2.304932117462158
174 2.298245906829834
175 2.2997264862060547
176 2.300940752029419
177 2.303595542907715
178 2.3000354766845703
179 2.301496982574463
180 2.2967262268066406
181 2.297092914581299
182 2.2995872497558594
183 2.29754376411438
184 2.29822039604187
185 2.301671266555786
186 2.297809362411499
187 2.301985263824463
188 2.2982490062713623
189 2.300130844116211
190 2.300130844116211
191 2.298708200454712
192 2.298708200454712
193 2.298708200454712
194 2.30159592628479
195 2.30159592628479
196 2.3031914234161377
197 2.3031914234161377
198 2.2967731952667236
199 2.2967731952667236
200 2.302196979522705
201 2.302196979522705
202 2.300421714782715
203 2.3015692234039307
204 2.301508903503418
205 2.3045732975006104
206 2.3045732975006104
207 2.297907829284668
208 2.30415678024292
209 2.30415678024292
210 2.30415678024292
211 2.2988977432250977
212 2.302659034729004
213 2.2983319759368896
214 2.3015129566192627
215 2.302588701248169
216 2.3025894165039062
217 2.303866386413574
218 2.302198886871338
219 2.296797275543213
220 2.3002753257751465
221 2.2993264198303223
222 2.3010597229003906
223 2.3009681701660156
224 2.3006138801574707
225 2.3014066219329834
226 2.303823709487915
227 2.2975027561187744
228 2.2987568378448486
229 2.3012847900390625
230 2.3007798194885254
231 2.3007798194885254
232 2.3028669357299805
233 2.298563003540039
234 2.298402786254883
235 2.3009743690490723
236 2.3000710010528564
237 2.30417537689209
238 2.3018012046813965
239 2.297879934310913
240 2.297879934310913
241 2.3000707626342773
242 2.3018734455108643
243 2.2995047569274902
244 2.3019609451293945
245 2.3011534214019775
246 2.3011534214019775
247 2.3011534214019775
248 2.3011534214019775
249 2.2988009452819824
250 2.2988009452819824
251 2.299712896347046
252 2.300130605697632
253 2.296532154083252
254 2.296532154083252
255 2.299957275390625
256 2.300109386444092
257 2.300109386444092
258 2.303274393081665
259 2.303274393081665
260 2.303274393081665
261 2.301729440689087
262 2.301729440689087
263 2.3004636764526367
264 2.3004636764526367
265 2.3004636764526367
266 2.2980308532714844
267 2.3027548789978027
268 2.3022143840789795
269 2.301116466522217
270 2.303016185760498
271 2.298363208770752
272 2.3012917041778564
273 2.298929214477539
274 2.301365375518799
275 2.301365375518799
276 2.3000500202178955
277 2.3000500202178955
278 2.3000500202178955
279 2.2992537021636963
280 2.2992537021636963
281 2.3019979000091553
282 2.298914909362793
283 2.293879270553589
284 2.303410291671753
285 2.299217939376831
286 2.299217939376831
287 2.2988264560699463
288 2.2988264560699463
289 2.2998430728912354
290 2.2998430728912354
291 2.301889419555664
292 2.3002007007598877
293 2.30263352394104
294 2.30263352394104
295 2.30263352394104
296 2.30263352394104
297 2.299983501434326
298 2.293745756149292
299 2.301882266998291
300 2.301882266998291
301 2.3004770278930664
302 2.2989566326141357
303 2.2989566326141357
304 2.2933402061462402
305 2.303690195083618
306 2.303690195083618
307 2.303690195083618
308 2.301744222640991
309 2.301744222640991
310 2.301744222640991
311 2.301744222640991
312 2.3004820346832275
313 2.2981598377227783
314 2.302158832550049
315 2.30226993560791
316 2.30226993560791
317 2.30226993560791
318 2.30226993560791
319 2.296461820602417
320 2.296461820602417
321 2.300607204437256
322 2.300607204437256
323 2.300607204437256
324 2.3019580841064453
325 2.3017830848693848
326 2.3017830848693848
327 2.2967936992645264
328 2.3016974925994873
329 2.302464008331299
330 2.302464008331299
331 2.303192615509033
332 2.303192615509033
333 2.3005826473236084
334 2.3010175228118896
335 2.3010175228118896
336 2.2980592250823975
337 2.2985570430755615
338 2.2985570430755615
339 2.2963249683380127
340 2.3041303157806396
341 2.3006653785705566
342 2.3006653785705566
343 2.3006653785705566
344 2.3006653785705566
345 2.301713705062866
346 2.2988901138305664
347 2.2988901138305664
348 2.2988901138305664
349 2.302107810974121
350 2.297935724258423
351 2.297935724258423
352 2.297935724258423
353 2.297935724258423
354 2.297935724258423
355 2.300508499145508
356 2.300508499145508
357 2.3010590076446533
358 2.2973973751068115
359 2.300994396209717
360 2.302051544189453
361 2.297497034072876
362 2.3014888763427734
363 2.29962420463562
364 2.299314498901367
365 2.299314498901367
366 2.2960050106048584
367 2.2960050106048584
368 2.2960050106048584
369 2.2960050106048584
370 2.2998924255371094
371 2.297975540161133
372 2.297975540161133
373 2.297975540161133
374 2.304805040359497
375 2.298689126968384
376 2.298689126968384
377 2.2993052005767822
378 2.2986249923706055
379 2.2963550090789795
380 2.2963550090789795
381 2.2963550090789795
382 2.3004839420318604
383 2.3009533882141113
384 2.3012619018554688
385 2.3015856742858887
386 2.300363540649414
387 2.3025646209716797
388 2.3010618686676025
389 2.295984983444214
390 2.2982683181762695
391 2.2985188961029053
392 2.2985188961029053
393 2.3003599643707275
394 2.3067257404327393
395 2.3010756969451904
396 2.301900625228882
397 2.301900625228882
398 2.301900625228882
399 2.301900625228882
400 2.300405263900757
401 2.3040122985839844
402 2.3014395236968994
403 2.3014395236968994
404 2.3014395236968994
405 2.3014395236968994
406 2.3014395236968994
407 2.3014395236968994
408 2.3011474609375
409 2.2986795902252197
410 2.30218768119812
411 2.295167922973633
412 2.298243999481201
413 2.298243999481201
414 2.298072338104248
415 2.3007166385650635
416 2.2960715293884277
417 2.2979891300201416
418 2.3013522624969482
419 2.302410125732422
420 2.302410125732422
421 2.2999496459960938
422 2.2999496459960938
423 2.2954533100128174
424 2.3000681400299072
425 2.3000681400299072
426 2.3000681400299072
427 2.2964518070220947
428 2.300812005996704
429 2.300812005996704
430 2.2965540885925293
431 2.3006272315979004
432 2.3006272315979004
433 2.293562412261963
434 2.293562412261963
435 2.2995681762695312
436 2.2975635528564453
437 2.2991323471069336
438 2.2995500564575195
439 2.297499179840088
440 2.293416738510132
441 2.300745964050293
442 2.3004140853881836
443 2.296095609664917
444 2.2999887466430664
445 2.2986555099487305
446 2.2986555099487305
447 2.2986555099487305
448 2.3040239810943604
449 2.3040239810943604
450 2.296048402786255
451 2.296048402786255
452 2.300950527191162
453 2.2973263263702393
454 2.295736789703369
455 2.303257942199707
456 2.293830633163452
457 2.299581289291382
458 2.299581289291382
459 2.29783034324646
460 2.3016128540039062
461 2.302034378051758
462 2.299931764602661
463 2.2986881732940674
464 2.300989866256714
465 2.2997145652770996
466 2.3027143478393555
467 2.2938058376312256
468 2.297903537750244
469 2.297903537750244
470 2.302825450897217
471 2.3010458946228027
472 2.299938917160034
473 2.2969982624053955
474 2.3032913208007812
475 2.3032913208007812
476 2.301025867462158
477 2.298787832260132
478 2.299689769744873
479 2.299689769744873
480 2.299689769744873
481 2.299689769744873
482 2.2973835468292236
483 2.302572250366211
484 2.304316997528076
485 2.304316997528076
486 2.2999424934387207
487 2.2967686653137207
488 2.2967686653137207
489 2.2967686653137207
490 2.2968926429748535
491 2.2973148822784424
492 2.296584367752075
493 2.2983531951904297
494 2.302170753479004
495 2.2964751720428467
496 2.2964751720428467
497 2.3013322353363037
498 2.2963826656341553
499 2.29504132270813
500 2.300931453704834
501 2.3025951385498047
502 2.3025951385498047
503 2.3025951385498047
504 2.296247959136963
505 2.296247959136963
506 2.296247959136963
507 2.2997922897338867
508 2.3003854751586914
509 2.3021352291107178
510 2.2988688945770264
511 2.2967450618743896
512 2.3018665313720703
513 2.3002278804779053
514 2.3002278804779053
515 2.294207811355591
516 2.295788288116455
517 2.294694423675537
518 2.302011251449585
519 2.3002185821533203
520 2.3002185821533203
521 2.296318292617798
522 2.298834800720215
523 2.302473545074463
524 2.294762134552002
525 2.296083688735962
526 2.301018238067627
527 2.2961931228637695
528 2.2961931228637695
529 2.2996249198913574
530 2.3012142181396484
531 2.2956762313842773
532 2.2992753982543945
533 2.2992753982543945
534 2.2987101078033447
535 2.2987101078033447
536 2.2987101078033447
537 2.298478603363037
538 2.2990493774414062
539 2.2990493774414062
540 2.2990493774414062
541 2.2990493774414062
542 2.2990493774414062
543 2.301004648208618
544 2.301004648208618
545 2.295192241668701
546 2.299546718597412
547 2.299802541732788
548 2.300299644470215
549 2.300299644470215
550 2.299443244934082
551 2.30310320854187
552 2.30310320854187
553 2.30310320854187
554 2.299003839492798
555 2.298415184020996
556 2.298415184020996
557 2.2957284450531006
558 2.299717903137207
559 2.297675132751465
560 2.3003005981445312
561 2.293031930923462
562 2.2981295585632324
563 2.2981295585632324
564 2.299832344055176
565 2.2990899085998535
566 2.2990899085998535
567 2.300896406173706
568 2.2998883724212646
569 2.298187732696533
570 2.2924954891204834
571 2.3017237186431885
572 2.2936854362487793
573 2.296595573425293
574 2.2973222732543945
575 2.2967512607574463
576 2.2967512607574463
577 2.2967512607574463
578 2.2986481189727783
579 2.3036913871765137
580 2.3010880947113037
581 2.2946574687957764
582 2.2946574687957764
583 2.298222303390503
584 2.298858880996704
585 2.298858880996704
586 2.294938325881958
587 2.297602891921997
588 2.297224283218384
589 2.297212839126587
590 2.297212839126587
591 2.297212839126587
592 2.297212839126587
593 2.3011858463287354
594 2.2978856563568115
595 2.299104928970337
596 2.291616439819336
597 2.2981984615325928
598 2.302546262741089
599 2.2976362705230713
600 2.299201726913452
601 2.3019089698791504
602 2.298339366912842
603 2.298339366912842
604 2.299314022064209
605 2.297185182571411
606 2.3032751083374023
607 2.3032751083374023
608 2.2974536418914795
609 2.2974536418914795
610 2.2965803146362305
611 2.303147315979004
612 2.303605318069458
613 2.2950565814971924
614 2.2995073795318604
615 2.2995073795318604
616 2.2972912788391113
617 2.29970645904541
618 2.2938880920410156
619 2.2938880920410156
620 2.2967772483825684
621 2.2967772483825684
622 2.2973666191101074
623 2.292555570602417
624 2.2998366355895996
625 2.30288028717041
626 2.2994306087493896
627 2.2951362133026123
628 2.2955708503723145
629 2.2955708503723145
630 2.2988805770874023
631 2.2988805770874023
632 2.296720504760742
633 2.2984251976013184
634 2.2974958419799805
635 2.2967240810394287
636 2.299484968185425
637 2.299484968185425
638 2.299484968185425
639 2.301114797592163
640 2.301114797592163
641 2.301114797592163
642 2.2906060218811035
643 2.2993247509002686
644 2.2964224815368652
645 2.298729658126831
646 2.2969911098480225
647 2.2969911098480225
648 2.2998523712158203
649 2.2961692810058594
650 2.299638032913208
651 2.3013789653778076
652 2.3013789653778076
653 2.3013789653778076
654 2.2987334728240967
655 2.298342227935791
656 2.300496816635132
657 2.3022806644439697
658 2.2975494861602783
659 2.2971878051757812
660 2.2971878051757812
661 2.299640655517578
662 2.292243719100952
663 2.3003222942352295
664 2.297118663787842
665 2.297118663787842
666 2.297118663787842
667 2.295752763748169
668 2.2942237854003906
669 2.2948756217956543
670 2.298567771911621
671 2.298567771911621
672 2.2991178035736084
673 2.3004379272460938
674 2.2993826866149902
675 2.300229549407959
676 2.2981643676757812
677 2.295741558074951
678 2.296583414077759
679 2.301116466522217
680 2.294161558151245
681 2.293092966079712
682 2.299654006958008
683 2.299654006958008
684 2.296665668487549
685 2.2971813678741455
686 2.2986574172973633
687 2.2986574172973633
688 2.300572395324707
689 2.295509099960327
690 2.295509099960327
691 2.295509099960327
692 2.2955658435821533
693 2.2955658435821533
694 2.2955658435821533
695 2.296579599380493
696 2.293830156326294
697 2.293830156326294
698 2.293830156326294
699 2.2957701683044434
700 2.293651819229126
701 2.293651819229126
702 2.297327756881714
703 2.296037435531616
704 2.297877311706543
705 2.299933671951294
706 2.298344612121582
707 2.297804355621338
708 2.2969539165496826
709 2.2937092781066895
710 2.299666166305542
711 2.299666166305542
712 2.2990920543670654
713 2.2990920543670654
714 2.288759469985962
715 2.298435688018799
716 2.294253349304199
717 2.293137311935425
718 2.292623996734619
719 2.295656204223633
720 2.290923833847046
721 2.2971160411834717
722 2.2941668033599854
723 2.299801826477051
724 2.298980951309204
725 2.298980951309204
726 2.2961184978485107
727 2.2961184978485107
728 2.2961184978485107
729 2.3008413314819336
730 2.3003664016723633
731 2.3003664016723633
732 2.3003664016723633
733 2.2996599674224854
734 2.2996599674224854
735 2.2992148399353027
736 2.2963931560516357
737 2.2998452186584473
738 2.297212600708008
739 2.297212600708008
740 2.297212600708008
741 2.2991929054260254
742 2.2975075244903564
743 2.3007330894470215
744 2.2912135124206543
745 2.2937769889831543
746 2.292004346847534
747 2.2991623878479004
748 2.2924606800079346
749 2.2917094230651855
750 2.2949447631835938
751 2.3001015186309814
752 2.295165538787842
753 2.3009068965911865
754 2.2920634746551514
755 2.295363664627075
756 2.295363664627075
757 2.2965455055236816
758 2.2965455055236816
759 2.294795513153076
760 2.293722629547119
761 2.2969062328338623
762 2.2969062328338623
763 2.293630361557007
764 2.3036348819732666
765 2.3036348819732666
766 2.2975070476531982
767 2.2951436042785645
768 2.2951436042785645
769 2.297603130340576
770 2.297603130340576
771 2.299349546432495
772 2.299349546432495
773 2.299349546432495
774 2.3017032146453857
775 2.3017032146453857
776 2.2955164909362793
777 2.2945587635040283
778 2.299642562866211
779 2.2938411235809326
780 2.2938411235809326
781 2.2938411235809326
782 2.2938411235809326
783 2.2955338954925537
784 2.290107011795044
785 2.297095775604248
786 2.3019022941589355
787 2.2970473766326904
788 2.299025058746338
789 2.2932169437408447
790 2.2932169437408447
791 2.2965238094329834
792 2.2952919006347656
793 2.2970073223114014
794 2.29374623298645
795 2.300388813018799
796 2.295694351196289
797 2.296170234680176
798 2.292450428009033
799 2.292450428009033
800 2.292450428009033
801 2.292450428009033
802 2.2940258979797363
803 2.2940258979797363
804 2.3003182411193848
805 2.2952089309692383
806 2.2952089309692383
807 2.293705940246582
808 2.2976431846618652
809 2.29384446144104
810 2.2936503887176514
811 2.2977051734924316
812 2.2977051734924316
813 2.296959400177002
814 2.296959400177002
815 2.2961065769195557
816 2.293071746826172
817 2.2988176345825195
818 2.296694040298462
819 2.2941489219665527
820 2.2961206436157227
821 2.2952516078948975
822 2.29144287109375
823 2.29144287109375
824 2.29144287109375
825 2.297121286392212
826 2.294966220855713
827 2.2962911128997803
828 2.2962911128997803
829 2.2986910343170166
830 2.293330430984497
831 2.290207862854004
832 2.2966766357421875
833 2.2966766357421875
834 2.293687343597412
835 2.291083812713623
836 2.2982897758483887
837 2.299943208694458
838 2.299943208694458
839 2.296025514602661
840 2.2936699390411377
841 2.3009631633758545
842 2.3009631633758545
843 2.3009631633758545
844 2.292118787765503
845 2.292118787765503
846 2.2933194637298584
847 2.292598247528076
848 2.2935423851013184
849 2.2935423851013184
850 2.2952888011932373
851 2.2968833446502686
852 2.2968833446502686
853 2.297605037689209
854 2.297605037689209
855 2.2976691722869873
856 2.2976691722869873
857 2.2976691722869873
858 2.2976691722869873
859 2.296048164367676
860 2.2941408157348633
861 2.295084238052368
862 2.2989397048950195
863 2.2989397048950195
864 2.2989397048950195
865 2.292978525161743
866 2.297529935836792
867 2.288517713546753
868 2.2945168018341064
869 2.2973103523254395
870 2.2927989959716797
871 2.2927989959716797
872 2.2927989959716797
873 2.2927989959716797
874 2.2958500385284424
875 2.2888269424438477
876 2.295464515686035
877 2.2943215370178223
878 2.293581962585449
879 2.2966291904449463
880 2.2939252853393555
881 2.2939252853393555
882 2.2971343994140625
883 2.2971343994140625
884 2.2971343994140625
885 2.29196834564209
886 2.29196834564209
887 2.29196834564209
888 2.2921483516693115
889 2.2921483516693115
890 2.2921483516693115
891 2.2930967807769775
892 2.288249969482422
893 2.2929906845092773
894 2.296877145767212
895 2.29254150390625
896 2.2928738594055176
897 2.2907185554504395
898 2.292178153991699
899 2.2933576107025146
900 2.2928831577301025
901 2.29380464553833
902 2.2922773361206055
903 2.2919225692749023
904 2.298405885696411
905 2.2868547439575195
906 2.2868547439575195
907 2.2868547439575195
908 2.2868547439575195
909 2.2868547439575195
910 2.2868547439575195
911 2.2868547439575195
912 2.2933053970336914
913 2.2933053970336914
914 2.2933053970336914
915 2.2914175987243652
916 2.2914175987243652
917 2.2910921573638916
918 2.2910921573638916
919 2.293612480163574
920 2.293612480163574
921 2.293612480163574
922 2.2963225841522217
923 2.2963225841522217
924 2.292250156402588
925 2.292250156402588
926 2.292250156402588
927 2.2954704761505127
928 2.2954704761505127
929 2.2954704761505127
930 2.2954704761505127
931 2.294116258621216
932 2.297569990158081
933 2.288435220718384
934 2.290302038192749
935 2.289992332458496
936 2.2980315685272217
937 2.2923102378845215
938 2.2887330055236816
939 2.2887330055236816
940 2.2930049896240234
941 2.2930049896240234
942 2.295016288757324
943 2.2902517318725586
944 2.2981607913970947
945 2.2981607913970947
946 2.293121099472046
947 2.2864906787872314
948 2.2864906787872314
949 2.2909669876098633
950 2.292741060256958
951 2.291426420211792
952 2.291426420211792
953 2.2933006286621094
954 2.2933006286621094
955 2.290806293487549
956 2.2989137172698975
957 2.2914013862609863
958 2.28944730758667
959 2.291207790374756
960 2.290961980819702
961 2.292026996612549
962 2.2875540256500244
963 2.2897756099700928
964 2.2921013832092285
965 2.294649124145508
966 2.294649124145508
967 2.294649124145508
968 2.2890560626983643
969 2.2902557849884033
970 2.2910728454589844
971 2.2938590049743652
972 2.29282546043396
973 2.2920403480529785
974 2.291801691055298
975 2.291801691055298
976 2.2954466342926025
977 2.2873265743255615
978 2.2873265743255615
979 2.288456916809082
980 2.289752244949341
981 2.2966015338897705
982 2.2926993370056152
983 2.291810989379883
984 2.291810989379883
985 2.291810989379883
986 2.291810989379883
987 2.283055305480957
988 2.2884225845336914
989 2.2921535968780518
990 2.291266441345215
991 2.291266441345215
992 2.2922346591949463
993 2.2922346591949463
994 2.293931007385254
995 2.293931007385254
996 2.2869648933410645
997 2.2954583168029785
998 2.2954583168029785
999 2.2917470932006836
1000 2.2917470932006836
1001 2.2917470932006836
1002 2.2910914421081543
1003 2.2910914421081543
1004 2.2910914421081543
1005 2.2910914421081543
1006 2.289306879043579
1007 2.289306879043579
1008 2.289306879043579
1009 2.289306879043579
1010 2.295954704284668
1011 2.281599760055542
1012 2.2955992221832275
1013 2.284641981124878
1014 2.284641981124878
1015 2.2879903316497803
1016 2.2939655780792236
1017 2.286646842956543
1018 2.286646842956543
1019 2.286189317703247
1020 2.2908387184143066
1021 2.2902090549468994
1022 2.284024238586426
1023 2.2870659828186035
1024 2.2870659828186035
1025 2.2909488677978516
1026 2.293684720993042
1027 2.2882192134857178
1028 2.2878427505493164
1029 2.2878427505493164
1030 2.2893338203430176
1031 2.2908098697662354
1032 2.2908098697662354
1033 2.2908098697662354
1034 2.2859890460968018
1035 2.2949414253234863
1036 2.2949414253234863
1037 2.2909228801727295
1038 2.290729284286499
1039 2.2912793159484863
1040 2.293652057647705
1041 2.293652057647705
1042 2.2835726737976074
1043 2.2835726737976074
1044 2.29160475730896
1045 2.2844443321228027
1046 2.293140172958374
1047 2.293140172958374
1048 2.2848622798919678
1049 2.2940406799316406
1050 2.2947988510131836
1051 2.285202980041504
1052 2.281989097595215
1053 2.281989097595215
1054 2.291785717010498
1055 2.284966468811035
1056 2.284966468811035
1057 2.2862281799316406
1058 2.285661220550537
1059 2.2867634296417236
1060 2.29038667678833
1061 2.2929043769836426
1062 2.291879653930664
1063 2.292178153991699
1064 2.2878637313842773
1065 2.2878637313842773
1066 2.2872724533081055
1067 2.286118984222412
1068 2.286118984222412
1069 2.293308734893799
1070 2.28818416595459
1071 2.28818416595459
1072 2.28818416595459
1073 2.286341667175293
1074 2.286341667175293
1075 2.286267042160034
1076 2.2870185375213623
1077 2.2920827865600586
1078 2.2896904945373535
1079 2.28361177444458
1080 2.2850148677825928
1081 2.2865514755249023
1082 2.2823448181152344
1083 2.2792060375213623
1084 2.2792060375213623
1085 2.292806625366211
1086 2.284160852432251
1087 2.285705804824829
1088 2.2849080562591553
1089 2.2849080562591553
1090 2.2849080562591553
1091 2.2857649326324463
1092 2.2857649326324463
1093 2.2857649326324463
1094 2.2832789421081543
1095 2.293394088745117
1096 2.2846479415893555
1097 2.2846479415893555
1098 2.2893166542053223
1099 2.289693593978882
1100 2.2912840843200684
1101 2.2873127460479736
1102 2.286003589630127
1103 2.289935350418091
1104 2.2811169624328613
1105 2.2811169624328613
1106 2.286449670791626
1107 2.279752492904663
1108 2.279752492904663
1109 2.279752492904663
1110 2.2917640209198
1111 2.2886853218078613
1112 2.2886853218078613
1113 2.2886853218078613
1114 2.2916665077209473
1115 2.2916665077209473
1116 2.2855453491210938
1117 2.285184621810913
1118 2.285184621810913
1119 2.2788941860198975
1120 2.2880024909973145
1121 2.284527540206909
1122 2.2903685569763184
1123 2.2896928787231445
1124 2.2896928787231445
1125 2.2842750549316406
1126 2.2842750549316406
1127 2.2878692150115967
1128 2.282945156097412
1129 2.282945156097412
1130 2.284196138381958
1131 2.2861485481262207
1132 2.2847611904144287
1133 2.283210277557373
1134 2.2855629920959473
1135 2.2877302169799805
1136 2.2877302169799805
1137 2.2879738807678223
1138 2.2926740646362305
1139 2.2880191802978516
1140 2.2888057231903076
1141 2.2771992683410645
1142 2.287992238998413
1143 2.280329942703247
1144 2.2783725261688232
1145 2.2843170166015625
1146 2.2838611602783203
1147 2.2848446369171143
1148 2.2848446369171143
1149 2.2848446369171143
1150 2.2848446369171143
1151 2.2792487144470215
1152 2.2792487144470215
1153 2.2792487144470215
1154 2.2792487144470215
1155 2.282681941986084
1156 2.281871795654297
1157 2.284492015838623
1158 2.284492015838623
1159 2.2908124923706055
1160 2.283634901046753
1161 2.279935359954834
1162 2.285343885421753
1163 2.287360668182373
1164 2.287360668182373
1165 2.2838640213012695
1166 2.281853437423706
1167 2.2827279567718506
1168 2.2833123207092285
1169 2.2833123207092285
1170 2.280590057373047
1171 2.2784876823425293
1172 2.276892900466919
1173 2.2884464263916016
1174 2.287864923477173
1175 2.284787893295288
1176 2.2903976440429688
1177 2.2903976440429688
1178 2.28645920753479
1179 2.28645920753479
1180 2.2808194160461426
1181 2.2802114486694336
1182 2.2855827808380127
1183 2.278315544128418
1184 2.2828691005706787
1185 2.2889044284820557
1186 2.2889044284820557
1187 2.2840418815612793
1188 2.2840418815612793
1189 2.276221513748169
1190 2.2831501960754395
1191 2.2831501960754395
1192 2.2831501960754395
1193 2.2783443927764893
1194 2.28212833404541
1195 2.279055595397949
1196 2.279055595397949
1197 2.285344123840332
1198 2.28134822845459
1199 2.2802953720092773
1200 2.2802953720092773
1201 2.276782512664795
1202 2.276782512664795
1203 2.2807464599609375
1204 2.2718021869659424
1205 2.2752912044525146
1206 2.2834713459014893
1207 2.275343894958496
1208 2.2785749435424805
1209 2.280763864517212
1210 2.2796363830566406
1211 2.2796363830566406
1212 2.2852964401245117
1213 2.281905174255371
1214 2.277397871017456
1215 2.2840983867645264
1216 2.2748801708221436
1217 2.274160385131836
1218 2.275543689727783
1219 2.275543689727783
1220 2.275543689727783
1221 2.275338888168335
1222 2.275338888168335
1223 2.280660629272461
1224 2.273756980895996
1225 2.278101682662964
1226 2.274998664855957
1227 2.2781097888946533
1228 2.2781097888946533
1229 2.2781097888946533
1230 2.2824418544769287
1231 2.2715749740600586
1232 2.273569345474243
1233 2.2764172554016113
1234 2.2764172554016113
1235 2.2764172554016113
1236 2.2764172554016113
1237 2.2747769355773926
1238 2.2809154987335205
1239 2.273977041244507
1240 2.2758877277374268
1241 2.2811036109924316
1242 2.280374765396118
1243 2.2791662216186523
1244 2.273725986480713
1245 2.2825987339019775
1246 2.2825987339019775
1247 2.275392770767212
1248 2.2809503078460693
1249 2.26749849319458
1250 2.274214506149292
1251 2.2779555320739746
1252 2.2763547897338867
1253 2.2797353267669678
1254 2.2711963653564453
1255 2.2763330936431885
1256 2.280230760574341
1257 2.280230760574341
1258 2.2770791053771973
1259 2.272676706314087
1260 2.2828478813171387
1261 2.27009654045105
1262 2.274923086166382
1263 2.274923086166382
1264 2.2724547386169434
1265 2.278625726699829
1266 2.278625726699829
1267 2.279071569442749
1268 2.2650043964385986
1269 2.2705185413360596
1270 2.2714881896972656
1271 2.278176784515381
1272 2.2697858810424805
1273 2.2697858810424805
1274 2.2697858810424805
1275 2.275202989578247
1276 2.2782578468322754
1277 2.271929979324341
1278 2.2687313556671143
1279 2.270733118057251
1280 2.2702388763427734
1281 2.2702388763427734
1282 2.2615246772766113
1283 2.2744197845458984
1284 2.2744197845458984
1285 2.26965069770813
1286 2.265183448791504
1287 2.265183448791504
1288 2.2773208618164062
1289 2.2701680660247803
1290 2.270413398742676
1291 2.2811996936798096
1292 2.2811996936798096
1293 2.2700729370117188
1294 2.2700729370117188
1295 2.2700729370117188
1296 2.2642905712127686
1297 2.2687861919403076
1298 2.2680234909057617
1299 2.2680234909057617
1300 2.2680234909057617
1301 2.2680234909057617
1302 2.2685303688049316
1303 2.2663402557373047
1304 2.2663402557373047
1305 2.2663402557373047
1306 2.269768714904785
1307 2.269768714904785
1308 2.2718183994293213
1309 2.262885093688965
1310 2.262885093688965
1311 2.262885093688965
1312 2.270048141479492
1313 2.270048141479492
1314 2.267717123031616
1315 2.272101640701294
1316 2.266417980194092
1317 2.2771642208099365
1318 2.267200469970703
1319 2.2659811973571777
1320 2.2623043060302734
1321 2.265596866607666
1322 2.2699663639068604
1323 2.2699663639068604
1324 2.2699663639068604
1325 2.270894765853882
1326 2.270894765853882
1327 2.270894765853882
1328 2.2626113891601562
1329 2.274740219116211
1330 2.272225856781006
1331 2.269357681274414
1332 2.269380569458008
1333 2.267125129699707
1334 2.2576537132263184
1335 2.2576537132263184
1336 2.2653329372406006
1337 2.2626805305480957
1338 2.2631382942199707
1339 2.2711877822875977
1340 2.2711877822875977
1341 2.2711877822875977
1342 2.2581634521484375
1343 2.2592530250549316
1344 2.275272846221924
1345 2.275272846221924
1346 2.275272846221924
1347 2.275272846221924
1348 2.275272846221924
1349 2.2630882263183594
1350 2.2630882263183594
1351 2.2494983673095703
1352 2.262159824371338
1353 2.261683464050293
1354 2.261683464050293
1355 2.261683464050293
1356 2.2693300247192383
1357 2.261080026626587
1358 2.261080026626587
1359 2.2691898345947266
1360 2.2691898345947266
1361 2.252708911895752
1362 2.273991107940674
1363 2.264293670654297
1364 2.2681570053100586
1365 2.2681570053100586
1366 2.2681570053100586
1367 2.2681570053100586
1368 2.2681570053100586
1369 2.254906415939331
1370 2.256023645401001
1371 2.2672080993652344
1372 2.2672080993652344
1373 2.261225461959839
1374 2.2493584156036377
1375 2.2493584156036377
1376 2.2493584156036377
1377 2.254045248031616
1378 2.253406047821045
1379 2.253406047821045
1380 2.2578189373016357
1381 2.2578189373016357
1382 2.25665545463562
1383 2.243860960006714
1384 2.2679038047790527
1385 2.2679038047790527
1386 2.242999792098999
1387 2.242999792098999
1388 2.248532295227051
1389 2.248532295227051
1390 2.248532295227051
1391 2.2535176277160645
1392 2.2535176277160645
1393 2.2535176277160645
1394 2.2607510089874268
1395 2.257094383239746
1396 2.244755268096924
1397 2.244755268096924
1398 2.244755268096924
1399 2.250401020050049
1400 2.250401020050049
1401 2.256471633911133
1402 2.256471633911133
1403 2.256471633911133
1404 2.2543938159942627
1405 2.251577377319336
1406 2.248100519180298
1407 2.259037733078003
1408 2.248544216156006
1409 2.241039752960205
1410 2.251539707183838
1411 2.2589111328125
1412 2.2488749027252197
1413 2.249053716659546
1414 2.257187843322754
1415 2.2328014373779297
1416 2.255354881286621
1417 2.255354881286621
1418 2.243744134902954
1419 2.240689754486084
1420 2.2475061416625977
1421 2.2475061416625977
1422 2.2475061416625977
1423 2.2475061416625977
1424 2.2475061416625977
1425 2.2475061416625977
1426 2.2475061416625977
1427 2.2412149906158447
1428 2.236820936203003
1429 2.2459213733673096
1430 2.2384707927703857
1431 2.2384707927703857
1432 2.2384707927703857
1433 2.2265822887420654
1434 2.238406181335449
1435 2.2402544021606445
1436 2.245209217071533
1437 2.2587921619415283
1438 2.2478857040405273
1439 2.2478857040405273
1440 2.236102819442749
1441 2.2314412593841553
1442 2.2333614826202393
1443 2.2397091388702393
1444 2.2364022731781006
1445 2.2190797328948975
1446 2.2190797328948975
1447 2.2485878467559814
1448 2.2368578910827637
1449 2.2368578910827637
1450 2.233682155609131
1451 2.2317917346954346
1452 2.2450735569000244
1453 2.232391595840454
1454 2.245156764984131
1455 2.238126277923584
1456 2.2325620651245117
1457 2.2406883239746094
1458 2.225579261779785
1459 2.2217724323272705
1460 2.2217724323272705
1461 2.236536741256714
1462 2.2294437885284424
1463 2.232025623321533
1464 2.232025623321533
1465 2.232025623321533
1466 2.232025623321533
1467 2.2269887924194336
1468 2.239628791809082
1469 2.228548049926758
1470 2.228548049926758
1471 2.2400636672973633
1472 2.2328426837921143
1473 2.214599609375
1474 2.237250804901123
1475 2.237250804901123
1476 2.237250804901123
1477 2.237250804901123
1478 2.206545114517212
1479 2.206545114517212
1480 2.206545114517212
1481 2.2364115715026855
1482 2.2283413410186768
1483 2.2290518283843994
1484 2.2290518283843994
1485 2.2209439277648926
1486 2.2286036014556885
1487 2.2286036014556885
1488 2.2286036014556885
1489 2.2286036014556885
1490 2.2237765789031982
1491 2.2237765789031982
1492 2.2237765789031982
1493 2.2237765789031982
1494 2.2351603507995605
1495 2.2351603507995605
1496 2.2238516807556152
1497 2.212047576904297
1498 2.212047576904297
1499 2.2221202850341797
