0 2.299961566925049
1 2.3019309043884277
2 2.3019309043884277
3 2.304954767227173
4 2.3005588054656982
5 2.2982823848724365
6 2.3028833866119385
7 2.3028833866119385
8 2.3028833866119385
9 2.3011984825134277
10 2.3011984825134277
11 2.2982230186462402
12 2.304133415222168
13 2.3045101165771484
14 2.3045101165771484
15 2.3003177642822266
16 2.3003177642822266
17 2.3021345138549805
18 2.30179762840271
19 2.30179762840271
20 2.3025383949279785
21 2.299924612045288
22 2.299924612045288
23 2.3010592460632324
24 2.3013792037963867
25 2.3013792037963867
26 2.303868293762207
27 2.3057456016540527
28 2.3057456016540527
29 2.3057456016540527
30 2.3057456016540527
31 2.300637722015381
32 2.300637722015381
33 2.3012852668762207
34 2.303609848022461
35 2.301440477371216
36 2.303318500518799
37 2.300206184387207
38 2.3033885955810547
39 2.306509494781494
40 2.301839828491211
41 2.301215648651123
42 2.2994565963745117
43 2.2994565963745117
44 2.2994565963745117
45 2.2994565963745117
46 2.30195951461792
47 2.302196979522705
48 2.302196979522705
49 2.3010504245758057
50 2.2999958992004395
51 2.298403263092041
52 2.3031160831451416
53 2.3035614490509033
54 2.3035614490509033
55 2.2994658946990967
56 2.3003246784210205
57 2.3003246784210205
58 2.3039886951446533
59 2.3007736206054688
60 2.3007736206054688
61 2.3059098720550537
62 2.2977216243743896
63 2.30407452583313
64 2.3059065341949463
65 2.3059065341949463
66 2.30153489112854
67 2.30153489112854
68 2.3013675212860107
69 2.3013675212860107
70 2.3044772148132324
71 2.3029069900512695
72 2.3029069900512695
73 2.302029848098755
74 2.300382137298584
75 2.3015475273132324
76 2.3015475273132324
77 2.3051748275756836
78 2.303955078125
79 2.303955078125
80 2.3002703189849854
81 2.3014132976531982
82 2.299877166748047
83 2.3007476329803467
84 2.3007476329803467
85 2.3007476329803467
86 2.301316261291504
87 2.3018059730529785
88 2.3024442195892334
89 2.3024442195892334
90 2.3024442195892334
91 2.3024442195892334
92 2.3024442195892334
93 2.3024442195892334
94 2.3024442195892334
95 2.303232192993164
96 2.303232192993164
97 2.303232192993164
98 2.303232192993164
99 2.303232192993164
100 2.306483507156372
101 2.306483507156372
102 2.3019297122955322
103 2.3019297122955322
104 2.3019297122955322
105 2.3011796474456787
106 2.3011796474456787
107 2.3004395961761475
108 2.3004395961761475
109 2.3010306358337402
110 2.3010306358337402
111 2.3010306358337402
112 2.3023200035095215
113 2.301025629043579
114 2.3006539344787598
115 2.3004860877990723
116 2.2987282276153564
117 2.3027775287628174
118 2.300644874572754
119 2.300419807434082
120 2.3023951053619385
121 2.3019931316375732
122 2.3042070865631104
123 2.3000705242156982
124 2.303539991378784
125 2.303539991378784
126 2.303539991378784
127 2.300384759902954
128 2.3021817207336426
129 2.3035054206848145
130 2.3035054206848145
131 2.3016417026519775
132 2.301949977874756
133 2.301949977874756
134 2.300335168838501
135 2.300335168838501
136 2.300335168838501
137 2.3007686138153076
138 2.305424213409424
139 2.302964210510254
140 2.305170774459839
141 2.302112579345703
142 2.306929111480713
143 2.306929111480713
144 2.3033344745635986
145 2.301560878753662
146 2.301560878753662
147 2.301461696624756
148 2.301461696624756
149 2.298591375350952
150 2.2986040115356445
151 2.2986040115356445
152 2.2986040115356445
153 2.2976365089416504
154 2.3000969886779785
155 2.3000969886779785
156 2.3000969886779785
157 2.3000969886779785
158 2.301528215408325
159 2.301528215408325
160 2.301528215408325
161 2.3018014430999756
162 2.3018014430999756
163 2.3018014430999756
164 2.2992637157440186
165 2.2992637157440186
166 2.298567771911621
167 2.3031303882598877
168 2.298060894012451
169 2.2976934909820557
170 2.2976934909820557
171 2.3029732704162598
172 2.3003711700439453
173 2.304231643676758
174 2.304231643676758
175 2.301957845687866
176 2.301957845687866
177 2.3021514415740967
178 2.3021514415740967
179 2.301316261291504
180 2.298929214477539
181 2.3013079166412354
182 2.297600746154785
183 2.297600746154785
184 2.297600746154785
185 2.297600746154785
186 2.302154779434204
187 2.301619052886963
188 2.301619052886963
189 2.2999300956726074
190 2.2999300956726074
191 2.2999300956726074
192 2.3032655715942383
193 2.298403263092041
194 2.2997591495513916
195 2.303835868835449
196 2.303835868835449
197 2.2971131801605225
198 2.2971131801605225
199 2.2971131801605225
200 2.300262451171875
201 2.300262451171875
202 2.300342559814453
203 2.300342559814453
204 2.300342559814453
205 2.300342559814453
206 2.3019542694091797
207 2.3019542694091797
208 2.2966020107269287
209 2.3015849590301514
210 2.3015849590301514
211 2.3034024238586426
212 2.3034024238586426
213 2.3012850284576416
214 2.3015005588531494
215 2.302083969116211
216 2.3025755882263184
217 2.2984280586242676
218 2.2984280586242676
219 2.3049089908599854
220 2.299405336380005
221 2.3011767864227295
222 2.300847053527832
223 2.2968294620513916
224 2.303711175918579
225 2.301487684249878
226 2.301487684249878
227 2.299459934234619
228 2.2963435649871826
229 2.301508903503418
230 2.301508903503418
231 2.302320957183838
232 2.303140163421631
233 2.302919626235962
234 2.302919626235962
235 2.302919626235962
236 2.302919626235962
237 2.2999167442321777
238 2.299098014831543
239 2.299098014831543
240 2.2995026111602783
241 2.3009345531463623
242 2.3009345531463623
243 2.3009345531463623
244 2.3010544776916504
245 2.3050615787506104
246 2.2997190952301025
247 2.2997190952301025
248 2.2997190952301025
249 2.3009886741638184
250 2.2995247840881348
251 2.2995247840881348
252 2.3013319969177246
253 2.3013319969177246
254 2.3013319969177246
255 2.300962209701538
256 2.300962209701538
257 2.2971885204315186
258 2.300626516342163
259 2.2990567684173584
260 2.2987558841705322
261 2.300473213195801
262 2.300473213195801
263 2.3018317222595215
264 2.300934314727783
265 2.3017473220825195
266 2.298719882965088
267 2.297553062438965
268 2.297948122024536
269 2.297948122024536
270 2.3043112754821777
271 2.3043112754821777
272 2.3043112754821777
273 2.3019936084747314
274 2.298618793487549
275 2.296884536743164
276 2.296884536743164
277 2.300365924835205
278 2.296422004699707
279 2.301464319229126
280 2.300180435180664
281 2.300180435180664
282 2.300122022628784
283 2.3017945289611816
284 2.300762176513672
285 2.302042007446289
286 2.3017079830169678
287 2.3017079830169678
288 2.2975873947143555
289 2.2975873947143555
290 2.302408456802368
291 2.2983810901641846
292 2.2997636795043945
293 2.2990736961364746
294 2.303539276123047
295 2.3010125160217285
296 2.300158977508545
297 2.3024652004241943
298 2.3004870414733887
299 2.298800468444824
300 2.300870180130005
301 2.30263614654541
302 2.30263614654541
303 2.30263614654541
304 2.3025665283203125
305 2.3025665283203125
306 2.302769422531128
307 2.299133539199829
308 2.299926519393921
309 2.300912618637085
310 2.301194667816162
311 2.295064926147461
312 2.295090913772583
313 2.300642967224121
314 2.300642967224121
315 2.300642967224121
316 2.3002965450286865
317 2.3002965450286865
318 2.3029026985168457
319 2.3029325008392334
320 2.2960870265960693
321 2.301987648010254
322 2.3000407218933105
323 2.3049468994140625
324 2.299034357070923
325 2.299710988998413
326 2.2972958087921143
327 2.302340507507324
328 2.2985100746154785
329 2.2985100746154785
330 2.3009631633758545
331 2.301013946533203
332 2.2974014282226562
333 2.303438186645508
334 2.303438186645508
335 2.2993483543395996
336 2.2997210025787354
337 2.303053617477417
338 2.3015575408935547
339 2.2990798950195312
340 2.300553560256958
341 2.298555612564087
342 2.2998783588409424
343 2.2998783588409424
344 2.301494598388672
345 2.298050880432129
346 2.298050880432129
347 2.2986130714416504
348 2.295698881149292
349 2.3046789169311523
350 2.2985787391662598
351 2.302145004272461
352 2.3032827377319336
353 2.3002405166625977
354 2.29681396484375
355 2.29681396484375
356 2.29681396484375
357 2.3009374141693115
358 2.2986557483673096
359 2.298232316970825
360 2.2996978759765625
361 2.3007936477661133
362 2.300926446914673
363 2.300926446914673
364 2.300926446914673
365 2.300926446914673
366 2.302302598953247
367 2.299020767211914
368 2.30057692527771
369 2.2993156909942627
370 2.2988486289978027
371 2.3007287979125977
372 2.3004045486450195
373 2.299004077911377
374 2.299004077911377
375 2.2991116046905518
376 2.2991116046905518
377 2.2991116046905518
378 2.299715280532837
379 2.299715280532837
380 2.2976748943328857
381 2.301239252090454
382 2.301239252090454
383 2.3010635375976562
384 2.292259931564331
385 2.3000283241271973
386 2.3000283241271973
387 2.29960298538208
388 2.2978482246398926
389 2.3043479919433594
390 2.3043479919433594
391 2.2996389865875244
392 2.3006927967071533
393 2.3006927967071533
394 2.2963080406188965
395 2.2963080406188965
396 2.296844720840454
397 2.298499822616577
398 2.2970869541168213
399 2.299189805984497
400 2.3016366958618164
401 2.2993485927581787
402 2.2993485927581787
403 2.2993485927581787
404 2.300222396850586
405 2.298151731491089
406 2.298151731491089
407 2.299177646636963
408 2.299842596054077
409 2.294532060623169
410 2.3016748428344727
411 2.2973365783691406
412 2.297938823699951
413 2.302403450012207
414 2.2986690998077393
415 2.298945426940918
416 2.298945426940918
417 2.298945426940918
418 2.298814296722412
419 2.2962656021118164
420 2.2962656021118164
421 2.300433874130249
422 2.300039052963257
423 2.300039052963257
424 2.3046326637268066
425 2.2986416816711426
426 2.3000359535217285
427 2.2965095043182373
428 2.299931526184082
429 2.299931526184082
430 2.2960078716278076
431 2.303642749786377
432 2.3008267879486084
433 2.293393135070801
434 2.303316354751587
435 2.3008437156677246
436 2.2987523078918457
437 2.2944517135620117
438 2.301461696624756
439 2.2998483180999756
440 2.300631046295166
441 2.300631046295166
442 2.2987191677093506
443 2.2987191677093506
444 2.302028179168701
445 2.302028179168701
446 2.302028179168701
447 2.302028179168701
448 2.302028179168701
449 2.301342725753784
450 2.301342725753784
451 2.299272060394287
452 2.2963664531707764
453 2.299814462661743
454 2.2963297367095947
455 2.2987802028656006
456 2.2976534366607666
457 2.3015503883361816
458 2.299342155456543
459 2.3003368377685547
460 2.300170421600342
461 2.300170421600342
462 2.3007895946502686
463 2.3007895946502686
464 2.3016366958618164
465 2.3016366958618164
466 2.300581932067871
467 2.2971253395080566
468 2.2971253395080566
469 2.3003461360931396
470 2.3040599822998047
471 2.3040599822998047
472 2.295903444290161
473 2.295903444290161
474 2.295903444290161
475 2.299913167953491
476 2.303734064102173
477 2.303734064102173
478 2.3025429248809814
479 2.3060436248779297
480 2.2976789474487305
481 2.2989330291748047
482 2.2989330291748047
483 2.302654266357422
484 2.295386791229248
485 2.298208236694336
486 2.298208236694336
487 2.3019509315490723
488 2.298478364944458
489 2.298478364944458
490 2.2968647480010986
491 2.2968647480010986
492 2.3022241592407227
493 2.2989537715911865
494 2.2986257076263428
495 2.300238609313965
496 2.297067880630493
497 2.3028969764709473
498 2.3049654960632324
499 2.3049654960632324
500 2.3009192943573
501 2.29512882232666
502 2.29512882232666
503 2.29512882232666
504 2.29512882232666
505 2.302867889404297
506 2.296769142150879
507 2.296769142150879
508 2.296769142150879
509 2.296769142150879
510 2.300607919692993
511 2.300607919692993
512 2.2972989082336426
513 2.2972989082336426
514 2.2972755432128906
515 2.302011013031006
516 2.2988948822021484
517 2.293917655944824
518 2.3016443252563477
519 2.300856113433838
520 2.2969632148742676
521 2.2969632148742676
522 2.3000056743621826
523 2.2968931198120117
524 2.292856454849243
525 2.295771837234497
526 2.298278331756592
527 2.301795721054077
528 2.2966413497924805
529 2.2936818599700928
530 2.2936818599700928
531 2.2998046875
532 2.294677257537842
533 2.3023152351379395
534 2.3040506839752197
535 2.300807476043701
536 2.297597885131836
537 2.297597885131836
538 2.303994655609131
539 2.2966768741607666
540 2.2993385791778564
541 2.3022146224975586
542 2.2940683364868164
543 2.2968993186950684
544 2.2998409271240234
545 2.2998409271240234
546 2.302082061767578
547 2.297152280807495
548 2.2975409030914307
549 2.298433780670166
550 2.2985477447509766
551 2.2950925827026367
552 2.2953717708587646
553 2.2966806888580322
554 2.2966806888580322
555 2.298255205154419
556 2.2985403537750244
557 2.3012001514434814
558 2.3012001514434814
559 2.3012001514434814
560 2.2956485748291016
561 2.2956485748291016
562 2.300924301147461
563 2.299020767211914
564 2.2991743087768555
565 2.2991743087768555
566 2.3020246028900146
567 2.2972805500030518
568 2.2972805500030518
569 2.2995622158050537
570 2.2995622158050537
571 2.2995622158050537
572 2.2995622158050537
573 2.2982919216156006
574 2.298794984817505
575 2.2984023094177246
576 2.299799680709839
577 2.299799680709839
578 2.2972724437713623
579 2.2968599796295166
580 2.302328586578369
581 2.2980716228485107
582 2.2989611625671387
583 2.2974133491516113
584 2.302957057952881
585 2.302957057952881
586 2.2964718341827393
587 2.2979722023010254
588 2.2970757484436035
589 2.2985198497772217
590 2.2985198497772217
591 2.298952341079712
592 2.299172878265381
593 2.29898738861084
594 2.29898738861084
595 2.29898738861084
596 2.2973380088806152
597 2.296873092651367
598 2.2966630458831787
599 2.299952268600464
600 2.299952268600464
601 2.296494960784912
602 2.300302028656006
603 2.300302028656006
604 2.300302028656006
605 2.2987430095672607
606 2.2987430095672607
607 2.29853892326355
608 2.29853892326355
609 2.2957499027252197
610 2.2957499027252197
611 2.2957499027252197
612 2.2957499027252197
613 2.2957499027252197
614 2.299607276916504
615 2.2971999645233154
616 2.2955753803253174
617 2.2998437881469727
618 2.296692371368408
619 2.296692371368408
620 2.2972798347473145
621 2.296753168106079
622 2.296753168106079
623 2.296753168106079
624 2.300373077392578
625 2.300373077392578
626 2.3024706840515137
627 2.302743434906006
628 2.2969231605529785
629 2.296241283416748
630 2.300717830657959
631 2.2934982776641846
632 2.2934982776641846
633 2.299062967300415
634 2.295225143432617
635 2.297612190246582
636 2.2984557151794434
637 2.2968788146972656
638 2.297647476196289
639 2.297647476196289
640 2.2991394996643066
641 2.2991394996643066
642 2.2991394996643066
643 2.2973036766052246
644 2.297614574432373
645 2.297614574432373
646 2.2986929416656494
647 2.2944881916046143
648 2.2971513271331787
649 2.2985894680023193
650 2.296841621398926
651 2.296841621398926
652 2.3028926849365234
653 2.3038392066955566
654 2.3018624782562256
655 2.304393768310547
656 2.2954657077789307
657 2.302855968475342
658 2.302855968475342
659 2.302855968475342
660 2.302855968475342
661 2.302855968475342
662 2.302855968475342
663 2.29658842086792
664 2.2961385250091553
665 2.297309398651123
666 2.296623468399048
667 2.2997610569000244
668 2.297036647796631
669 2.293537139892578
670 2.3018829822540283
671 2.2943031787872314
672 2.298794746398926
673 2.298794746398926
674 2.296090841293335
675 2.2958076000213623
676 2.3026821613311768
677 2.2966628074645996
678 2.2969889640808105
679 2.2975118160247803
680 2.3014447689056396
681 2.3012049198150635
682 2.2991182804107666
683 2.299220085144043
684 2.299220085144043
685 2.295112371444702
686 2.292832851409912
687 2.2914297580718994
688 2.2914297580718994
689 2.295748472213745
690 2.294658899307251
691 2.2954483032226562
692 2.299025297164917
693 2.2991607189178467
694 2.292870044708252
695 2.292870044708252
696 2.297656774520874
697 2.3024778366088867
698 2.293339252471924
699 2.2968013286590576
700 2.2968013286590576
701 2.2936172485351562
702 2.298552989959717
703 2.294525384902954
704 2.294525384902954
705 2.2994065284729004
706 2.296436309814453
707 2.2960546016693115
708 2.295660972595215
709 2.295660972595215
710 2.295781373977661
711 2.295781373977661
712 2.295781373977661
713 2.2967450618743896
714 2.2998690605163574
715 2.2968664169311523
716 2.301290273666382
717 2.2964975833892822
718 2.2983341217041016
719 2.297701358795166
720 2.2948074340820312
721 2.2975566387176514
722 2.2975566387176514
723 2.3001058101654053
724 2.2949512004852295
725 2.2928056716918945
726 2.2961132526397705
727 2.3016140460968018
728 2.2972538471221924
729 2.298090696334839
730 2.296905040740967
731 2.2961440086364746
732 2.2927405834198
733 2.2927405834198
734 2.292214870452881
735 2.292214870452881
736 2.2935116291046143
737 2.296207904815674
738 2.296207904815674
739 2.2947592735290527
740 2.292593002319336
741 2.297466993331909
742 2.2914557456970215
743 2.299894332885742
744 2.296661615371704
745 2.297229051589966
746 2.295212984085083
747 2.295212984085083
748 2.295212984085083
749 2.295212984085083
750 2.295551300048828
751 2.296264886856079
752 2.3007900714874268
753 2.2969248294830322
754 2.2978694438934326
755 2.292782783508301
756 2.292782783508301
757 2.2975451946258545
758 2.298036813735962
759 2.292703628540039
760 2.292703628540039
761 2.293816089630127
762 2.292236328125
763 2.292236328125
764 2.292917490005493
765 2.2965073585510254
766 2.2965073585510254
767 2.2938735485076904
768 2.296982526779175
769 2.2994816303253174
770 2.297617197036743
771 2.292401075363159
772 2.292401075363159
773 2.2977993488311768
774 2.2977993488311768
775 2.2977993488311768
776 2.294891357421875
777 2.294891357421875
778 2.2985825538635254
779 2.292177438735962
780 2.300276041030884
781 2.298521041870117
782 2.297161102294922
783 2.2942981719970703
784 2.294935464859009
785 2.294935464859009
786 2.294935464859009
787 2.294935464859009
788 2.2989351749420166
789 2.2989351749420166
790 2.29618763923645
791 2.296196937561035
792 2.293321371078491
793 2.2970738410949707
794 2.2970738410949707
795 2.2970738410949707
796 2.293764591217041
797 2.2966551780700684
798 2.298078775405884
799 2.298078775405884
800 2.2965993881225586
801 2.296882390975952
802 2.296491861343384
803 2.296491861343384
804 2.296491861343384
805 2.2940993309020996
806 2.299769878387451
807 2.299769878387451
808 2.2912380695343018
809 2.292539119720459
810 2.292539119720459
811 2.297438383102417
812 2.297438383102417
813 2.30122709274292
814 2.2994844913482666
815 2.293942928314209
816 2.293942928314209
817 2.2967963218688965
818 2.2927470207214355
819 2.29305362701416
820 2.299492359161377
821 2.291811943054199
822 2.2987477779388428
823 2.2962636947631836
824 2.2968873977661133
825 2.2968873977661133
826 2.2968873977661133
827 2.297337532043457
828 2.29724383354187
829 2.2987890243530273
830 2.294156312942505
831 2.294156312942505
832 2.294156312942505
833 2.293487548828125
834 2.2961766719818115
835 2.294019937515259
836 2.294869899749756
837 2.298218011856079
838 2.2944881916046143
839 2.2896883487701416
840 2.2955994606018066
841 2.2955994606018066
842 2.2937004566192627
843 2.2937004566192627
844 2.2958786487579346
845 2.2955360412597656
846 2.293278217315674
847 2.2958083152770996
848 2.2951996326446533
849 2.296725273132324
850 2.291829824447632
851 2.2934274673461914
852 2.2934000492095947
853 2.2934000492095947
854 2.2934000492095947
855 2.2937204837799072
856 2.297483205795288
857 2.2948620319366455
858 2.295351982116699
859 2.295351982116699
860 2.3016114234924316
861 2.2937910556793213
862 2.290168285369873
863 2.290168285369873
864 2.294111728668213
865 2.294111728668213
866 2.292792797088623
867 2.294062852859497
868 2.294062852859497
869 2.294062852859497
870 2.2955548763275146
871 2.2955548763275146
872 2.2941572666168213
873 2.29998779296875
874 2.2932894229888916
875 2.2888128757476807
876 2.2888128757476807
877 2.2956860065460205
878 2.2903993129730225
879 2.2963528633117676
880 2.295907497406006
881 2.290041446685791
882 2.2918312549591064
883 2.2940592765808105
884 2.2949538230895996
885 2.2949538230895996
886 2.290178060531616
887 2.287714719772339
888 2.287714719772339
889 2.2896084785461426
890 2.2929413318634033
891 2.300664186477661
892 2.293886184692383
893 2.2968430519104004
894 2.2950448989868164
895 2.2902274131774902
896 2.2902274131774902
897 2.2924656867980957
898 2.2924656867980957
899 2.2985591888427734
900 2.293269157409668
901 2.2911646366119385
902 2.295159101486206
903 2.295159101486206
904 2.290060043334961
905 2.290060043334961
906 2.294325351715088
907 2.294325351715088
908 2.296234369277954
909 2.2946226596832275
910 2.2931628227233887
911 2.2956302165985107
912 2.294462203979492
913 2.2916033267974854
914 2.2916033267974854
915 2.2933053970336914
916 2.2995917797088623
917 2.291964054107666
918 2.2901194095611572
919 2.296081066131592
920 2.289560317993164
921 2.2962183952331543
922 2.2926623821258545
923 2.296654462814331
924 2.2937769889831543
925 2.2953944206237793
926 2.2963738441467285
927 2.2893786430358887
928 2.2893786430358887
929 2.2955758571624756
930 2.2921931743621826
931 2.292673110961914
932 2.292673110961914
933 2.293118953704834
934 2.2940480709075928
935 2.2940480709075928
936 2.2916197776794434
937 2.290510892868042
938 2.2971556186676025
939 2.2951951026916504
940 2.2951951026916504
941 2.2951951026916504
942 2.2981348037719727
943 2.2981348037719727
944 2.299304723739624
945 2.2898895740509033
946 2.2898895740509033
947 2.2966854572296143
948 2.2900047302246094
949 2.2932653427124023
950 2.2905609607696533
951 2.2974891662597656
952 2.2967212200164795
953 2.291991710662842
954 2.2857208251953125
955 2.2924232482910156
956 2.2961249351501465
957 2.2961249351501465
958 2.2961249351501465
959 2.2961249351501465
960 2.291766881942749
961 2.2879233360290527
962 2.2858333587646484
963 2.2858333587646484
964 2.29158353805542
965 2.2908689975738525
966 2.2899763584136963
967 2.293797016143799
968 2.292278528213501
969 2.2852396965026855
970 2.289064407348633
971 2.296206474304199
972 2.290759563446045
973 2.290759563446045
974 2.2889223098754883
975 2.292776346206665
976 2.292236804962158
977 2.288814067840576
978 2.2921934127807617
979 2.2905285358428955
980 2.2898833751678467
981 2.2897651195526123
982 2.291041374206543
983 2.291041374206543
984 2.290611505508423
985 2.290611505508423
986 2.289653778076172
987 2.2936697006225586
988 2.2936697006225586
989 2.2904908657073975
990 2.2904908657073975
991 2.2916619777679443
992 2.28844952583313
993 2.2953128814697266
994 2.2854421138763428
995 2.2901525497436523
996 2.2899961471557617
997 2.292680025100708
998 2.29042649269104
999 2.2912063598632812
1000 2.290461540222168
1001 2.290461540222168
1002 2.2967865467071533
1003 2.2967865467071533
1004 2.2967865467071533
1005 2.287865400314331
1006 2.2887930870056152
1007 2.291085958480835
1008 2.291085958480835
1009 2.287865400314331
1010 2.2951784133911133
1011 2.2890877723693848
1012 2.2874040603637695
1013 2.2906792163848877
1014 2.2906792163848877
1015 2.2865161895751953
1016 2.2914488315582275
1017 2.2900896072387695
1018 2.2900896072387695
1019 2.2874326705932617
1020 2.2955660820007324
1021 2.2955660820007324
1022 2.289482355117798
1023 2.292893171310425
1024 2.2804558277130127
1025 2.2899560928344727
1026 2.2899560928344727
1027 2.2917113304138184
1028 2.2921764850616455
1029 2.2881579399108887
1030 2.2881579399108887
1031 2.2881579399108887
1032 2.2881579399108887
1033 2.2962474822998047
1034 2.286147356033325
1035 2.296917200088501
1036 2.2887961864471436
1037 2.292243480682373
1038 2.290287971496582
1039 2.2909109592437744
1040 2.2883594036102295
1041 2.2954585552215576
1042 2.291452646255493
1043 2.2858622074127197
1044 2.2860069274902344
1045 2.28905987739563
1046 2.2855660915374756
1047 2.2855660915374756
1048 2.2869787216186523
1049 2.2869787216186523
1050 2.2908568382263184
1051 2.2908568382263184
1052 2.288614511489868
1053 2.286851406097412
1054 2.287226915359497
1055 2.287226915359497
1056 2.2858266830444336
1057 2.293672800064087
1058 2.287048101425171
1059 2.2929446697235107
1060 2.2929446697235107
1061 2.2899208068847656
1062 2.2899208068847656
1063 2.2899208068847656
1064 2.287996768951416
1065 2.283799409866333
1066 2.289097547531128
1067 2.288861036300659
1068 2.2868146896362305
1069 2.2868146896362305
1070 2.2868146896362305
1071 2.2926337718963623
1072 2.2926337718963623
1073 2.2881011962890625
1074 2.287355899810791
1075 2.287355899810791
1076 2.291896104812622
1077 2.291896104812622
1078 2.292923927307129
1079 2.2950515747070312
1080 2.2830750942230225
1081 2.296161413192749
1082 2.2887837886810303
1083 2.2893941402435303
1084 2.2864036560058594
1085 2.2941977977752686
1086 2.2941977977752686
1087 2.2918453216552734
1088 2.2918453216552734
1089 2.2918453216552734
1090 2.286607265472412
1091 2.2861618995666504
1092 2.2861618995666504
1093 2.2913787364959717
1094 2.2945683002471924
1095 2.287936210632324
1096 2.291810989379883
1097 2.2931201457977295
1098 2.2862884998321533
1099 2.2856035232543945
1100 2.2856035232543945
1101 2.2826344966888428
1102 2.2826344966888428
1103 2.288874387741089
1104 2.2874042987823486
1105 2.285715341567993
1106 2.291801929473877
1107 2.2887208461761475
1108 2.2852325439453125
1109 2.2852325439453125
1110 2.2852325439453125
1111 2.282766342163086
1112 2.2903530597686768
1113 2.2852706909179688
1114 2.2897162437438965
1115 2.289851427078247
1116 2.289851427078247
1117 2.289851427078247
1118 2.284773349761963
1119 2.283881187438965
1120 2.283881187438965
1121 2.2835872173309326
1122 2.282261848449707
1123 2.282261848449707
1124 2.2952053546905518
1125 2.2825798988342285
1126 2.2825798988342285
1127 2.2825798988342285
1128 2.28872013092041
1129 2.28872013092041
1130 2.2866475582122803
1131 2.2904467582702637
1132 2.2929036617279053
1133 2.2874996662139893
1134 2.281264543533325
1135 2.286463499069214
1136 2.2835497856140137
1137 2.2930335998535156
1138 2.287900447845459
1139 2.284494161605835
1140 2.284494161605835
1141 2.285210371017456
1142 2.2867870330810547
1143 2.2897727489471436
1144 2.284684896469116
1145 2.284684896469116
1146 2.283191204071045
1147 2.2821054458618164
1148 2.2880256175994873
1149 2.2893152236938477
1150 2.278730630874634
1151 2.278730630874634
1152 2.2907803058624268
1153 2.2785799503326416
1154 2.287715435028076
1155 2.287715435028076
1156 2.287715435028076
1157 2.2904016971588135
1158 2.2825422286987305
1159 2.2883083820343018
1160 2.2883083820343018
1161 2.2790369987487793
1162 2.280485153198242
1163 2.2786436080932617
1164 2.2786436080932617
1165 2.283761978149414
1166 2.2762398719787598
1167 2.2762398719787598
1168 2.2790212631225586
1169 2.2819316387176514
1170 2.2825398445129395
1171 2.28147554397583
1172 2.28147554397583
1173 2.2773385047912598
1174 2.2773385047912598
1175 2.2882344722747803
1176 2.2851433753967285
1177 2.284381628036499
1178 2.2845027446746826
1179 2.2731597423553467
1180 2.2731597423553467
1181 2.2798538208007812
1182 2.2798538208007812
1183 2.2888669967651367
1184 2.2851901054382324
1185 2.282869577407837
1186 2.2803242206573486
1187 2.2895026206970215
1188 2.2895026206970215
1189 2.2902355194091797
1190 2.2805910110473633
1191 2.2810161113739014
1192 2.2810161113739014
1193 2.282977342605591
1194 2.285220146179199
1195 2.28082275390625
1196 2.2829203605651855
1197 2.2829203605651855
1198 2.279663324356079
1199 2.279663324356079
1200 2.2838854789733887
1201 2.2779271602630615
1202 2.278503656387329
1203 2.2819831371307373
1204 2.278459310531616
1205 2.2900772094726562
1206 2.2842166423797607
1207 2.2842166423797607
1208 2.2842166423797607
1209 2.278202772140503
1210 2.2773749828338623
1211 2.2837483882904053
1212 2.283247470855713
1213 2.2779979705810547
1214 2.278616189956665
1215 2.278616189956665
1216 2.278616189956665
1217 2.2770705223083496
1218 2.2755300998687744
1219 2.273453950881958
1220 2.2784414291381836
1221 2.2763407230377197
1222 2.2819671630859375
1223 2.277371644973755
1224 2.277371644973755
1225 2.279658555984497
1226 2.2811264991760254
1227 2.2684085369110107
1228 2.2802186012268066
1229 2.2802186012268066
1230 2.2833733558654785
1231 2.281381368637085
1232 2.2776777744293213
1233 2.273189067840576
1234 2.2817537784576416
1235 2.2761106491088867
1236 2.2761106491088867
1237 2.2761106491088867
1238 2.2761106491088867
1239 2.2761106491088867
1240 2.2761106491088867
1241 2.2740819454193115
1242 2.276737928390503
1243 2.276737928390503
1244 2.276737928390503
1245 2.2730228900909424
1246 2.268829584121704
1247 2.268829584121704
1248 2.2788829803466797
1249 2.281440496444702
1250 2.281440496444702
1251 2.283688545227051
1252 2.2775702476501465
1253 2.270847797393799
1254 2.2797913551330566
1255 2.2775650024414062
1256 2.2763423919677734
1257 2.2763423919677734
1258 2.278578519821167
1259 2.278578519821167
1260 2.278578519821167
1261 2.2786965370178223
1262 2.278688907623291
1263 2.278688907623291
1264 2.2757766246795654
1265 2.2721188068389893
1266 2.2764265537261963
1267 2.277898073196411
1268 2.2782702445983887
1269 2.2782702445983887
1270 2.2777202129364014
1271 2.2777202129364014
1272 2.2765607833862305
1273 2.2765607833862305
1274 2.2721107006073
1275 2.269946575164795
1276 2.2792608737945557
1277 2.2707042694091797
1278 2.2707042694091797
1279 2.275883436203003
1280 2.2804393768310547
1281 2.2777156829833984
1282 2.2777156829833984
1283 2.2719244956970215
1284 2.274541139602661
1285 2.274541139602661
1286 2.274541139602661
1287 2.274541139602661
1288 2.267089605331421
1289 2.267089605331421
1290 2.267089605331421
1291 2.267089605331421
1292 2.2689597606658936
1293 2.2689597606658936
1294 2.2704460620880127
1295 2.274529457092285
1296 2.270566463470459
1297 2.270566463470459
1298 2.2661211490631104
1299 2.2661211490631104
1300 2.2661211490631104
1301 2.2661211490631104
1302 2.2661211490631104
1303 2.2761831283569336
1304 2.2667884826660156
1305 2.2667884826660156
1306 2.2714595794677734
1307 2.2710161209106445
1308 2.2710161209106445
1309 2.2701332569122314
1310 2.2667129039764404
1311 2.272073268890381
1312 2.2637100219726562
1313 2.2675960063934326
1314 2.2675960063934326
1315 2.270644426345825
1316 2.2713162899017334
1317 2.269338369369507
1318 2.260640859603882
1319 2.2618818283081055
1320 2.265031576156616
1321 2.265031576156616
1322 2.2753918170928955
1323 2.2660436630249023
1324 2.2696330547332764
1325 2.2696330547332764
1326 2.2611451148986816
1327 2.258286714553833
1328 2.2723755836486816
1329 2.2532668113708496
1330 2.263857364654541
1331 2.264117479324341
1332 2.2643234729766846
1333 2.271589756011963
1334 2.2622807025909424
1335 2.2703909873962402
1336 2.251772880554199
1337 2.251772880554199
1338 2.260611057281494
1339 2.2701873779296875
1340 2.267394542694092
1341 2.2540442943573
1342 2.2540442943573
1343 2.266174554824829
1344 2.261521577835083
1345 2.261521577835083
1346 2.261521577835083
1347 2.261521577835083
1348 2.2498786449432373
1349 2.2543466091156006
1350 2.2614965438842773
1351 2.2614965438842773
1352 2.2629990577697754
1353 2.259706735610962
1354 2.255432367324829
1355 2.255432367324829
1356 2.271939516067505
1357 2.271939516067505
1358 2.253884792327881
1359 2.253884792327881
1360 2.253884792327881
1361 2.2589359283447266
1362 2.2589359283447266
1363 2.2658753395080566
1364 2.2658753395080566
1365 2.27236270904541
1366 2.270711660385132
1367 2.252528190612793
1368 2.2711641788482666
1369 2.2711641788482666
1370 2.256958246231079
1371 2.256958246231079
1372 2.256958246231079
1373 2.2665650844573975
1374 2.267659902572632
1375 2.246704578399658
1376 2.2559432983398438
1377 2.261737823486328
1378 2.261737823486328
1379 2.2631521224975586
1380 2.27072811126709
1381 2.2547049522399902
1382 2.246105670928955
1383 2.246105670928955
1384 2.246105670928955
1385 2.2549595832824707
1386 2.2551865577697754
1387 2.2621357440948486
1388 2.2484965324401855
1389 2.2484965324401855
1390 2.263509511947632
1391 2.263509511947632
1392 2.263509511947632
1393 2.249220132827759
1394 2.2587649822235107
1395 2.2608625888824463
1396 2.2608625888824463
1397 2.262314558029175
1398 2.262314558029175
1399 2.262314558029175
1400 2.250286817550659
1401 2.2452967166900635
1402 2.2452967166900635
1403 2.258485794067383
1404 2.2625670433044434
1405 2.2555246353149414
1406 2.2555246353149414
1407 2.2419979572296143
1408 2.2419979572296143
1409 2.2410471439361572
1410 2.2410471439361572
1411 2.2525253295898438
1412 2.2525253295898438
1413 2.2525253295898438
1414 2.2356178760528564
1415 2.262709379196167
1416 2.253483533859253
1417 2.2387077808380127
1418 2.2399120330810547
1419 2.2521321773529053
1420 2.233541250228882
1421 2.2572524547576904
1422 2.2536849975585938
1423 2.2439277172088623
1424 2.2510881423950195
1425 2.2510881423950195
1426 2.2594528198242188
1427 2.2594528198242188
1428 2.244614839553833
1429 2.2325069904327393
1430 2.24135160446167
1431 2.24135160446167
1432 2.2336606979370117
1433 2.2347962856292725
1434 2.2347962856292725
1435 2.2347962856292725
1436 2.2347962856292725
1437 2.2513132095336914
1438 2.2362303733825684
1439 2.2450308799743652
1440 2.2400166988372803
1441 2.2400166988372803
1442 2.2442243099212646
1443 2.2370450496673584
1444 2.2445526123046875
1445 2.2445526123046875
1446 2.2441213130950928
1447 2.2365238666534424
1448 2.2533762454986572
1449 2.2401528358459473
1450 2.2401528358459473
1451 2.2401528358459473
1452 2.241201162338257
1453 2.241201162338257
1454 2.2381880283355713
1455 2.243415594100952
1456 2.2355544567108154
1457 2.2451016902923584
1458 2.2430388927459717
1459 2.2430388927459717
1460 2.2430388927459717
1461 2.224292278289795
1462 2.224292278289795
1463 2.2286834716796875
1464 2.2169549465179443
1465 2.2169549465179443
1466 2.224485397338867
1467 2.230729341506958
1468 2.228001356124878
1469 2.228001356124878
1470 2.2151238918304443
1471 2.2273383140563965
1472 2.2321085929870605
1473 2.2184078693389893
1474 2.2194631099700928
1475 2.248560667037964
1476 2.2078163623809814
1477 2.243664026260376
1478 2.243664026260376
1479 2.217750310897827
1480 2.2280666828155518
1481 2.206352949142456
1482 2.22558331489563
1483 2.227203130722046
1484 2.227203130722046
1485 2.2105727195739746
1486 2.2105727195739746
1487 2.212718963623047
1488 2.213413953781128
1489 2.2262868881225586
1490 2.2517940998077393
1491 2.2147858142852783
1492 2.207641363143921
1493 2.2243566513061523
1494 2.2085323333740234
1495 2.2268388271331787
1496 2.222092866897583
1497 2.2204134464263916
1498 2.2068068981170654
1499 2.2250163555145264
