0 2.302119731903076
1 2.2998266220092773
2 2.303934335708618
3 2.300935745239258
4 2.3032989501953125
5 2.301936149597168
6 2.301936149597168
7 2.301936149597168
8 2.304783821105957
9 2.3018136024475098
10 2.3027937412261963
11 2.3006398677825928
12 2.3006398677825928
13 2.3058009147644043
14 2.3043882846832275
15 2.3078112602233887
16 2.3078112602233887
17 2.302934408187866
18 2.3023927211761475
19 2.3023927211761475
20 2.3025777339935303
21 2.3051652908325195
22 2.3051652908325195
23 2.3027169704437256
24 2.3056857585906982
25 2.305227279663086
26 2.3024299144744873
27 2.3024299144744873
28 2.304917812347412
29 2.3019344806671143
30 2.3033063411712646
31 2.29754900932312
32 2.301758050918579
33 2.3036911487579346
34 2.3036911487579346
35 2.303081750869751
36 2.3025665283203125
37 2.3026933670043945
38 2.300039291381836
39 2.300039291381836
40 2.30338191986084
41 2.29944109916687
42 2.298941135406494
43 2.300123691558838
44 2.300123691558838
45 2.2995364665985107
46 2.300915479660034
47 2.300915479660034
48 2.300915479660034
49 2.3016836643218994
50 2.2989931106567383
51 2.302828073501587
52 2.3033995628356934
53 2.3033995628356934
54 2.3033995628356934
55 2.3044092655181885
56 2.3022212982177734
57 2.301588773727417
58 2.301588773727417
59 2.301588773727417
60 2.301588773727417
61 2.305154323577881
62 2.301635503768921
63 2.301635503768921
64 2.306244373321533
65 2.3010432720184326
66 2.3010432720184326
67 2.303395986557007
68 2.2987284660339355
69 2.300379753112793
70 2.3045451641082764
71 2.3045451641082764
72 2.3005197048187256
73 2.3011698722839355
74 2.3011698722839355
75 2.3060977458953857
76 2.3027875423431396
77 2.304933547973633
78 2.3006045818328857
79 2.3067286014556885
80 2.3037221431732178
81 2.302628517150879
82 2.302628517150879
83 2.302628517150879
84 2.299772024154663
85 2.299772024154663
86 2.3019914627075195
87 2.3018341064453125
88 2.299088478088379
89 2.299940824508667
90 2.303248882293701
91 2.3006725311279297
92 2.301908016204834
93 2.301151752471924
94 2.302306652069092
95 2.302306652069092
96 2.3027493953704834
97 2.303140640258789
98 2.3056459426879883
99 2.3056459426879883
100 2.3042943477630615
101 2.3042943477630615
102 2.3042943477630615
103 2.3015501499176025
104 2.300393581390381
105 2.300393581390381
106 2.3070058822631836
107 2.3000006675720215
108 2.3033876419067383
109 2.305126190185547
110 2.29841947555542
111 2.29841947555542
112 2.3037242889404297
113 2.3021223545074463
114 2.305605411529541
115 2.2993857860565186
116 2.3009021282196045
117 2.302908182144165
118 2.304462194442749
119 2.30401349067688
120 2.303649425506592
121 2.303649425506592
122 2.3012733459472656
123 2.3012733459472656
124 2.3012642860412598
125 2.30334734916687
126 2.3021256923675537
127 2.3027381896972656
128 2.3006248474121094
129 2.3047120571136475
130 2.302819013595581
131 2.302150249481201
132 2.303506851196289
133 2.3034310340881348
134 2.300562620162964
135 2.3018441200256348
136 2.3006482124328613
137 2.3006482124328613
138 2.302370071411133
139 2.3034374713897705
140 2.2965431213378906
141 2.302933931350708
142 2.3053369522094727
143 2.3015220165252686
144 2.3015220165252686
145 2.3015220165252686
146 2.3032472133636475
147 2.304396629333496
148 2.303201198577881
149 2.303201198577881
150 2.3012003898620605
151 2.3012003898620605
152 2.2986085414886475
153 2.2986085414886475
154 2.2986085414886475
155 2.2967286109924316
156 2.3026411533355713
157 2.302845001220703
158 2.302845001220703
159 2.299140453338623
160 2.299140453338623
161 2.299140453338623
162 2.3037562370300293
163 2.3029046058654785
164 2.2997162342071533
165 2.2997162342071533
166 2.2997162342071533
167 2.2997162342071533
168 2.2997162342071533
169 2.2994511127471924
170 2.3025050163269043
171 2.3025050163269043
172 2.3040413856506348
173 2.2961361408233643
174 2.3009610176086426
175 2.3012847900390625
176 2.299419641494751
177 2.299419641494751
178 2.300382375717163
179 2.300382375717163
180 2.2992401123046875
181 2.2992401123046875
182 2.2992401123046875
183 2.3017330169677734
184 2.3017330169677734
185 2.299227714538574
186 2.3025877475738525
187 2.2996912002563477
188 2.2996912002563477
189 2.300511360168457
190 2.304382801055908
191 2.3025970458984375
192 2.298725128173828
193 2.298725128173828
194 2.304375648498535
195 2.3007309436798096
196 2.303374767303467
197 2.303374767303467
198 2.3014986515045166
199 2.299450635910034
200 2.299450635910034
201 2.302053451538086
202 2.302053451538086
203 2.302016496658325
204 2.302016496658325
205 2.3021175861358643
206 2.3021175861358643
207 2.3007962703704834
208 2.301516056060791
209 2.301516056060791
210 2.301516056060791
211 2.3019697666168213
212 2.298267126083374
213 2.298267126083374
214 2.3002450466156006
215 2.301682949066162
216 2.302403688430786
217 2.301933526992798
218 2.3009350299835205
219 2.3009350299835205
220 2.2996602058410645
221 2.299818992614746
222 2.2988555431365967
223 2.3017444610595703
224 2.302964687347412
225 2.3039231300354004
226 2.3016419410705566
227 2.3016419410705566
228 2.3020076751708984
229 2.3032846450805664
230 2.3035833835601807
231 2.3010475635528564
232 2.297990560531616
233 2.297990560531616
234 2.304354190826416
235 2.301572561264038
236 2.299025058746338
237 2.299025058746338
238 2.302067756652832
239 2.3014397621154785
240 2.3047516345977783
241 2.301241636276245
242 2.3053112030029297
243 2.301349639892578
244 2.301349639892578
245 2.301349639892578
246 2.301924467086792
247 2.303194284439087
248 2.2972872257232666
249 2.3015313148498535
250 2.2969443798065186
251 2.302295446395874
252 2.302295446395874
253 2.302295446395874
254 2.303325653076172
255 2.3015618324279785
256 2.302602767944336
257 2.3026559352874756
258 2.3026559352874756
259 2.3026559352874756
260 2.303410291671753
261 2.300525665283203
262 2.305734157562256
263 2.305539608001709
264 2.2993083000183105
265 2.305103063583374
266 2.2976059913635254
267 2.2976059913635254
268 2.2976059913635254
269 2.3009822368621826
270 2.3008933067321777
271 2.3022661209106445
272 2.3033902645111084
273 2.300611734390259
274 2.300611734390259
275 2.3026249408721924
276 2.3026249408721924
277 2.305426597595215
278 2.300173759460449
279 2.2972278594970703
280 2.3001346588134766
281 2.2984161376953125
282 2.300380229949951
283 2.3012166023254395
284 2.3012166023254395
285 2.2981677055358887
286 2.300394296646118
287 2.3013086318969727
288 2.3013086318969727
289 2.299647569656372
290 2.3023674488067627
291 2.2985568046569824
292 2.2985568046569824
293 2.300574779510498
294 2.301708221435547
295 2.3005855083465576
296 2.3013484477996826
297 2.3013484477996826
298 2.3013484477996826
299 2.3013484477996826
300 2.297959327697754
301 2.297959327697754
302 2.300713300704956
303 2.3009345531463623
304 2.3009345531463623
305 2.297069549560547
306 2.297069549560547
307 2.3017427921295166
308 2.2990903854370117
309 2.300269842147827
310 2.2986514568328857
311 2.3007447719573975
312 2.3007447719573975
313 2.3005878925323486
314 2.296985387802124
315 2.301849603652954
316 2.298776626586914
317 2.3016397953033447
318 2.302541971206665
319 2.302541971206665
320 2.300595998764038
321 2.2997026443481445
322 2.2997026443481445
323 2.2997026443481445
324 2.2997026443481445
325 2.2998692989349365
326 2.3011293411254883
327 2.299978017807007
328 2.300074815750122
329 2.304025411605835
330 2.3019847869873047
331 2.3019847869873047
332 2.3019847869873047
333 2.3020431995391846
334 2.3024816513061523
335 2.3024816513061523
336 2.3024816513061523
337 2.3024816513061523
338 2.2985706329345703
339 2.300239324569702
340 2.298906087875366
341 2.300063133239746
342 2.3023643493652344
343 2.3026280403137207
344 2.3036766052246094
345 2.3036766052246094
346 2.299255132675171
347 2.2987465858459473
348 2.29907488822937
349 2.3006832599639893
350 2.29986310005188
351 2.29986310005188
352 2.300203561782837
353 2.298151969909668
354 2.298151969909668
355 2.298151969909668
356 2.3048930168151855
357 2.2962117195129395
358 2.2962117195129395
359 2.2962117195129395
360 2.2976958751678467
361 2.2976958751678467
362 2.2976958751678467
363 2.2962093353271484
364 2.2962093353271484
365 2.298867702484131
366 2.298867702484131
367 2.298558473587036
368 2.301645278930664
369 2.301645278930664
370 2.3003547191619873
371 2.3003547191619873
372 2.299461841583252
373 2.301722764968872
374 2.3007471561431885
375 2.3007471561431885
376 2.30157732963562
377 2.2952470779418945
378 2.2952470779418945
379 2.2952470779418945
380 2.296095848083496
381 2.297729253768921
382 2.301689386367798
383 2.301689386367798
384 2.301234722137451
385 2.30051326751709
386 2.30086088180542
387 2.297070264816284
388 2.301346778869629
389 2.2990312576293945
390 2.2990312576293945
391 2.3006527423858643
392 2.3006527423858643
393 2.3006527423858643
394 2.302474021911621
395 2.298931360244751
396 2.298931360244751
397 2.2995822429656982
398 2.299840211868286
399 2.2991738319396973
400 2.2991738319396973
401 2.299992561340332
402 2.299992561340332
403 2.2975831031799316
404 2.2986350059509277
405 2.3029825687408447
406 2.3029825687408447
407 2.3029825687408447
408 2.3000988960266113
409 2.3037872314453125
410 2.300574779510498
411 2.300574779510498
412 2.300733804702759
413 2.300733804702759
414 2.300733804702759
415 2.2957603931427
416 2.2957603931427
417 2.2957603931427
418 2.3008458614349365
419 2.301356315612793
420 2.2971270084381104
421 2.29774808883667
422 2.3030197620391846
423 2.2988970279693604
424 2.2988970279693604
425 2.3026182651519775
426 2.301018476486206
427 2.3010621070861816
428 2.300299882888794
429 2.305966854095459
430 2.305966854095459
431 2.298656940460205
432 2.298656940460205
433 2.298656940460205
434 2.302516460418701
435 2.298246383666992
436 2.3059372901916504
437 2.3034348487854004
438 2.2962069511413574
439 2.2985947132110596
440 2.2982091903686523
441 2.2967169284820557
442 2.2967169284820557
443 2.29705548286438
444 2.3014745712280273
445 2.298926830291748
446 2.2993264198303223
447 2.2995729446411133
448 2.2995729446411133
449 2.3012571334838867
450 2.3012571334838867
451 2.3012571334838867
452 2.298011302947998
453 2.3002591133117676
454 2.3002591133117676
455 2.30464768409729
456 2.297821044921875
457 2.297821044921875
458 2.296130657196045
459 2.296130657196045
460 2.3029446601867676
461 2.3027634620666504
462 2.3027634620666504
463 2.3027634620666504
464 2.3027634620666504
465 2.3003733158111572
466 2.2985026836395264
467 2.300537586212158
468 2.300537586212158
469 2.299137830734253
470 2.3013525009155273
471 2.299697160720825
472 2.3035318851470947
473 2.302131175994873
474 2.301053047180176
475 2.3005733489990234
476 2.295537233352661
477 2.3036274909973145
478 2.3036274909973145
479 2.297788143157959
480 2.3007824420928955
481 2.3029873371124268
482 2.2986936569213867
483 2.3022661209106445
484 2.2982544898986816
485 2.299408197402954
486 2.295640468597412
487 2.301262140274048
488 2.2973034381866455
489 2.3010029792785645
490 2.299154281616211
491 2.302030324935913
492 2.302030324935913
493 2.2967169284820557
494 2.2967169284820557
495 2.300172805786133
496 2.2969553470611572
497 2.2950758934020996
498 2.2950758934020996
499 2.2950758934020996
500 2.2950758934020996
501 2.2988386154174805
502 2.298863649368286
503 2.298863649368286
504 2.297091007232666
505 2.2996292114257812
506 2.2996292114257812
507 2.2991373538970947
508 2.2991373538970947
509 2.3009755611419678
510 2.2965383529663086
511 2.2965383529663086
512 2.2965383529663086
513 2.2965383529663086
514 2.296985149383545
515 2.3016722202301025
516 2.3016722202301025
517 2.2993640899658203
518 2.296936273574829
519 2.296936273574829
520 2.2976467609405518
521 2.298994779586792
522 2.298994779586792
523 2.2996644973754883
524 2.298405170440674
525 2.298405170440674
526 2.298405170440674
527 2.298405170440674
528 2.3024425506591797
529 2.29929780960083
530 2.303513288497925
531 2.303513288497925
532 2.3013687133789062
533 2.298055410385132
534 2.297597646713257
535 2.297597646713257
536 2.298778533935547
537 2.298778533935547
538 2.298778533935547
539 2.298373222351074
540 2.3031389713287354
541 2.3031389713287354
542 2.3031389713287354
543 2.297661781311035
544 2.297661781311035
545 2.297661781311035
546 2.297661781311035
547 2.297661781311035
548 2.297661781311035
549 2.297661781311035
550 2.3017420768737793
551 2.301795721054077
552 2.302788019180298
553 2.301440954208374
554 2.2950077056884766
555 2.3019840717315674
556 2.299281358718872
557 2.3016281127929688
558 2.3016281127929688
559 2.3016281127929688
560 2.298184633255005
561 2.2976975440979004
562 2.2976975440979004
563 2.298542022705078
564 2.298542022705078
565 2.2995121479034424
566 2.3027591705322266
567 2.3022689819335938
568 2.3022689819335938
569 2.2979557514190674
570 2.2984111309051514
571 2.2984111309051514
572 2.301762580871582
573 2.301762580871582
574 2.301762580871582
575 2.300079107284546
576 2.300079107284546
577 2.299379348754883
578 2.296985149383545
579 2.2958824634552
580 2.2958824634552
581 2.2958824634552
582 2.2976627349853516
583 2.298275947570801
584 2.297125816345215
585 2.2980377674102783
586 2.2980377674102783
587 2.2996578216552734
588 2.29787278175354
589 2.298961639404297
590 2.304344415664673
591 2.298938274383545
592 2.3031506538391113
593 2.3012123107910156
594 2.300593376159668
595 2.296614408493042
596 2.296372413635254
597 2.296372413635254
598 2.296372413635254
599 2.297940492630005
600 2.296482563018799
601 2.296482563018799
602 2.295753240585327
603 2.3017892837524414
604 2.301663398742676
605 2.301663398742676
606 2.301663398742676
607 2.297605037689209
608 2.3038241863250732
609 2.299494743347168
610 2.301825761795044
611 2.301825761795044
612 2.300861358642578
613 2.298222064971924
614 2.2924208641052246
615 2.296520948410034
616 2.296520948410034
617 2.296520948410034
618 2.2980189323425293
619 2.299865961074829
620 2.2960362434387207
621 2.298675775527954
622 2.298675775527954
623 2.3024797439575195
624 2.2995057106018066
625 2.300370454788208
626 2.300370454788208
627 2.300370454788208
628 2.296983242034912
629 2.297131299972534
630 2.299370288848877
631 2.299370288848877
632 2.2965450286865234
633 2.298509359359741
634 2.292820930480957
635 2.292820930480957
636 2.295714855194092
637 2.2966980934143066
638 2.298602819442749
639 2.300781488418579
640 2.3009727001190186
641 2.298734664916992
642 2.297212600708008
643 2.3020236492156982
644 2.3020236492156982
645 2.297877073287964
646 2.295793056488037
647 2.3021295070648193
648 2.298360824584961
649 2.3032546043395996
650 2.2958836555480957
651 2.2967920303344727
652 2.2957491874694824
653 2.2959725856781006
654 2.2955827713012695
655 2.2955827713012695
656 2.2955827713012695
657 2.2955827713012695
658 2.2955827713012695
659 2.298743486404419
660 2.299631357192993
661 2.292691707611084
662 2.299638271331787
663 2.299638271331787
664 2.295962333679199
665 2.2996528148651123
666 2.2996528148651123
667 2.293281316757202
668 2.293281316757202
669 2.2994096279144287
670 2.2983992099761963
671 2.2983224391937256
672 2.2974653244018555
673 2.3015639781951904
674 2.3020873069763184
675 2.3020873069763184
676 2.300844669342041
677 2.300844669342041
678 2.298140525817871
679 2.298140525817871
680 2.2914645671844482
681 2.2914645671844482
682 2.2996997833251953
683 2.295532464981079
684 2.301147222518921
685 2.301147222518921
686 2.297658920288086
687 2.297658920288086
688 2.295614719390869
689 2.297497272491455
690 2.297497272491455
691 2.2942967414855957
692 2.296699047088623
693 2.2979209423065186
694 2.299492597579956
695 2.293504238128662
696 2.29524302482605
697 2.29524302482605
698 2.29524302482605
699 2.299440860748291
700 2.299440860748291
701 2.2961950302124023
702 2.2961950302124023
703 2.297102212905884
704 2.2991745471954346
705 2.2959508895874023
706 2.2927803993225098
707 2.297121047973633
708 2.2957677841186523
709 2.301185131072998
710 2.301185131072998
711 2.3033952713012695
712 2.298393726348877
713 2.3019609451293945
714 2.3019609451293945
715 2.3019609451293945
716 2.302105188369751
717 2.300457239151001
718 2.301010847091675
719 2.301010847091675
720 2.301010847091675
721 2.2988481521606445
722 2.2988481521606445
723 2.301320791244507
724 2.301320791244507
725 2.298464775085449
726 2.298464775085449
727 2.2950072288513184
728 2.297879219055176
729 2.297879219055176
730 2.297879219055176
731 2.293532609939575
732 2.294673442840576
733 2.2945032119750977
734 2.3011200428009033
735 2.3019607067108154
736 2.3019607067108154
737 2.3019607067108154
738 2.3020119667053223
739 2.3035011291503906
740 2.2977468967437744
741 2.2977468967437744
742 2.2973029613494873
743 2.2977004051208496
744 2.2977004051208496
745 2.2977004051208496
746 2.3032448291778564
747 2.3032448291778564
748 2.299715518951416
749 2.299715518951416
750 2.2971160411834717
751 2.2971160411834717
752 2.2971160411834717
753 2.2971160411834717
754 2.2971160411834717
755 2.2974178791046143
756 2.2966670989990234
757 2.2979321479797363
758 2.2972731590270996
759 2.296905755996704
760 2.296905755996704
761 2.296905755996704
762 2.3000073432922363
763 2.29388165473938
764 2.295931577682495
765 2.299673318862915
766 2.2917401790618896
767 2.2944400310516357
768 2.296231269836426
769 2.296231269836426
770 2.302734851837158
771 2.302734851837158
772 2.3019351959228516
773 2.2992875576019287
774 2.297366142272949
775 2.294602632522583
776 2.294602632522583
777 2.2988674640655518
778 2.2988924980163574
779 2.294562578201294
780 2.294562578201294
781 2.2967734336853027
782 2.2967734336853027
783 2.2936253547668457
784 2.2936253547668457
785 2.295886993408203
786 2.2952544689178467
787 2.294882297515869
788 2.294882297515869
789 2.292001485824585
790 2.296821117401123
791 2.2952284812927246
792 2.2966368198394775
793 2.295886993408203
794 2.2999119758605957
795 2.299288511276245
796 2.296902894973755
797 2.296902894973755
798 2.296902894973755
799 2.2964324951171875
800 2.291919708251953
801 2.294322967529297
802 2.2893426418304443
803 2.299351692199707
804 2.2962088584899902
805 2.2977027893066406
806 2.2977027893066406
807 2.2981455326080322
808 2.2965736389160156
809 2.2965736389160156
810 2.2965736389160156
811 2.2931268215179443
812 2.297121286392212
813 2.297121286392212
814 2.293375015258789
815 2.293375015258789
816 2.298283338546753
817 2.298283338546753
818 2.298283338546753
819 2.298283338546753
820 2.296017646789551
821 2.293590784072876
822 2.293590784072876
823 2.2973809242248535
824 2.291808843612671
825 2.2973382472991943
826 2.298837184906006
827 2.298837184906006
828 2.2955758571624756
829 2.2955758571624756
830 2.2961857318878174
831 2.2931318283081055
832 2.2931318283081055
833 2.2915000915527344
834 2.2925636768341064
835 2.2925636768341064
836 2.2946062088012695
837 2.2946062088012695
838 2.2986016273498535
839 2.2986016273498535
840 2.2986016273498535
841 2.2915737628936768
842 2.2948122024536133
843 2.2994043827056885
844 2.2969610691070557
845 2.2989115715026855
846 2.296109199523926
847 2.295414447784424
848 2.291719675064087
849 2.291719675064087
850 2.2939608097076416
851 2.2939608097076416
852 2.2956271171569824
853 2.294415235519409
854 2.29201602935791
855 2.287628650665283
856 2.297853946685791
857 2.296297788619995
858 2.2971038818359375
859 2.2971038818359375
860 2.2916321754455566
861 2.2964892387390137
862 2.2987465858459473
863 2.298375129699707
864 2.295318365097046
865 2.294649362564087
866 2.2942862510681152
867 2.296934127807617
868 2.291961193084717
869 2.2951717376708984
870 2.2951717376708984
871 2.296449899673462
872 2.292619228363037
873 2.2983882427215576
874 2.2941150665283203
875 2.2958316802978516
876 2.2958316802978516
877 2.2939841747283936
878 2.2939841747283936
879 2.2939841747283936
880 2.288344621658325
881 2.291541576385498
882 2.2938897609710693
883 2.2938296794891357
884 2.2938296794891357
885 2.290616512298584
886 2.290616512298584
887 2.2987008094787598
888 2.2893154621124268
889 2.2942426204681396
890 2.2942426204681396
891 2.293558359146118
892 2.2946910858154297
893 2.2957680225372314
894 2.296715497970581
895 2.296715497970581
896 2.293046474456787
897 2.293046474456787
898 2.3002731800079346
899 2.296821117401123
900 2.2962701320648193
901 2.2962701320648193
902 2.2962701320648193
903 2.2938392162323
904 2.2949326038360596
905 2.2949326038360596
906 2.2949326038360596
907 2.294722557067871
908 2.294722557067871
909 2.292071580886841
910 2.292071580886841
911 2.296630620956421
912 2.2897865772247314
913 2.2897865772247314
914 2.2958343029022217
915 2.2965030670166016
916 2.29266357421875
917 2.290661573410034
918 2.2965357303619385
919 2.297362804412842
920 2.29194712638855
921 2.2979207038879395
922 2.2893567085266113
923 2.297741174697876
924 2.297741174697876
925 2.297741174697876
926 2.293062448501587
927 2.295863628387451
928 2.285705089569092
929 2.2929677963256836
930 2.287148952484131
931 2.3017125129699707
932 2.293147325515747
933 2.293147325515747
934 2.293147325515747
935 2.293147325515747
936 2.293147325515747
937 2.293147325515747
938 2.293147325515747
939 2.290742874145508
940 2.290742874145508
941 2.2947659492492676
942 2.291046142578125
943 2.291222333908081
944 2.291222333908081
945 2.2954657077789307
946 2.292534351348877
947 2.29085111618042
948 2.29632568359375
949 2.29632568359375
950 2.29632568359375
951 2.292384386062622
952 2.292384386062622
953 2.292384386062622
954 2.2958016395568848
955 2.2938899993896484
956 2.2970151901245117
957 2.2970151901245117
958 2.295090436935425
959 2.291832447052002
960 2.2918074131011963
961 2.2963874340057373
962 2.291469097137451
963 2.291469097137451
964 2.2946386337280273
965 2.294126033782959
966 2.2916204929351807
967 2.29099440574646
968 2.293044090270996
969 2.291088581085205
970 2.2915093898773193
971 2.2915093898773193
972 2.2915093898773193
973 2.2908935546875
974 2.2961058616638184
975 2.2961058616638184
976 2.2961058616638184
977 2.295666217803955
978 2.2961645126342773
979 2.290330171585083
980 2.290330171585083
981 2.290330171585083
982 2.292600393295288
983 2.292600393295288
984 2.2880983352661133
985 2.295769214630127
986 2.294635772705078
987 2.28958797454834
988 2.28958797454834
989 2.28958797454834
990 2.2922942638397217
991 2.293164014816284
992 2.2940762042999268
993 2.286527395248413
994 2.2933781147003174
995 2.295799970626831
996 2.290396213531494
997 2.295084238052368
998 2.295084238052368
999 2.295084238052368
1000 2.29309344291687
1001 2.2835776805877686
1002 2.2835776805877686
1003 2.2835776805877686
1004 2.2897117137908936
1005 2.2897117137908936
1006 2.2947380542755127
1007 2.2947380542755127
1008 2.2947380542755127
1009 2.2935643196105957
1010 2.2935643196105957
1011 2.2885520458221436
1012 2.292137384414673
1013 2.292137384414673
1014 2.2949211597442627
1015 2.2949211597442627
1016 2.2924089431762695
1017 2.2903921604156494
1018 2.293478488922119
1019 2.291121006011963
1020 2.291121006011963
1021 2.291121006011963
1022 2.285388469696045
1023 2.286799192428589
1024 2.292442560195923
1025 2.292442560195923
1026 2.2899036407470703
1027 2.2899036407470703
1028 2.2912609577178955
1029 2.289740800857544
1030 2.289740800857544
1031 2.2945425510406494
1032 2.285546064376831
1033 2.285546064376831
1034 2.291057586669922
1035 2.291057586669922
1036 2.2888779640197754
1037 2.2886157035827637
1038 2.2886157035827637
1039 2.2886157035827637
1040 2.2886157035827637
1041 2.294877052307129
1042 2.28645658493042
1043 2.28645658493042
1044 2.293351650238037
1045 2.2909281253814697
1046 2.2946617603302
1047 2.290365219116211
1048 2.290365219116211
1049 2.290365219116211
1050 2.290365219116211
1051 2.290365219116211
1052 2.2859606742858887
1053 2.2909247875213623
1054 2.289997100830078
1055 2.2855513095855713
1056 2.290764808654785
1057 2.290764808654785
1058 2.290764808654785
1059 2.290764808654785
1060 2.290764808654785
1061 2.290764808654785
1062 2.2871663570404053
1063 2.2917089462280273
1064 2.29632306098938
1065 2.2888343334198
1066 2.2888343334198
1067 2.290355682373047
1068 2.2881736755371094
1069 2.2881736755371094
1070 2.2894556522369385
1071 2.291652202606201
1072 2.2877097129821777
1073 2.2877097129821777
1074 2.283799648284912
1075 2.283799648284912
1076 2.283799648284912
1077 2.283799648284912
1078 2.283085823059082
1079 2.2909398078918457
1080 2.2952988147735596
1081 2.2952988147735596
1082 2.2952988147735596
1083 2.2952988147735596
1084 2.2879250049591064
1085 2.290214776992798
1086 2.290214776992798
1087 2.289572238922119
1088 2.289572238922119
1089 2.2865374088287354
1090 2.287537097930908
1091 2.287537097930908
1092 2.287116527557373
1093 2.279778480529785
1094 2.2924318313598633
1095 2.2924318313598633
1096 2.2849292755126953
1097 2.2847161293029785
1098 2.2847161293029785
1099 2.28358793258667
1100 2.2883243560791016
1101 2.2867729663848877
1102 2.28749680519104
1103 2.286557197570801
1104 2.2895073890686035
1105 2.288898468017578
1106 2.285299777984619
1107 2.2877297401428223
1108 2.289614677429199
1109 2.2894043922424316
1110 2.286949634552002
1111 2.286949634552002
1112 2.283393383026123
1113 2.292518377304077
1114 2.292518377304077
1115 2.282236099243164
1116 2.2852776050567627
1117 2.2876458168029785
1118 2.291494369506836
1119 2.291494369506836
1120 2.2864363193511963
1121 2.2864363193511963
1122 2.286198139190674
1123 2.289167881011963
1124 2.2860305309295654
1125 2.2860305309295654
1126 2.285959243774414
1127 2.288968086242676
1128 2.288968086242676
1129 2.2872185707092285
1130 2.2872185707092285
1131 2.280608654022217
1132 2.2850544452667236
1133 2.2864608764648438
1134 2.2835693359375
1135 2.2862093448638916
1136 2.286958932876587
1137 2.2870829105377197
1138 2.283128261566162
1139 2.284907579421997
1140 2.2870099544525146
1141 2.2918543815612793
1142 2.2918543815612793
1143 2.285228967666626
1144 2.2881920337677
1145 2.2902731895446777
1146 2.2902731895446777
1147 2.285773992538452
1148 2.2834370136260986
1149 2.2819366455078125
1150 2.2796640396118164
1151 2.2894747257232666
1152 2.2762162685394287
1153 2.2779436111450195
1154 2.2779436111450195
1155 2.289440393447876
1156 2.2915377616882324
1157 2.2789881229400635
1158 2.2789881229400635
1159 2.2791287899017334
1160 2.2860190868377686
1161 2.287235975265503
1162 2.287235975265503
1163 2.2886056900024414
1164 2.278059482574463
1165 2.28084135055542
1166 2.28084135055542
1167 2.2862470149993896
1168 2.2869584560394287
1169 2.2869584560394287
1170 2.2805287837982178
1171 2.2805287837982178
1172 2.2906136512756348
1173 2.2847349643707275
1174 2.2847349643707275
1175 2.2893245220184326
1176 2.28426194190979
1177 2.28426194190979
1178 2.28426194190979
1179 2.28426194190979
1180 2.291266918182373
1181 2.291266918182373
1182 2.2901060581207275
1183 2.28149676322937
1184 2.280975103378296
1185 2.2864396572113037
1186 2.2806849479675293
1187 2.2806849479675293
1188 2.2806849479675293
1189 2.2850394248962402
1190 2.2850394248962402
1191 2.2852683067321777
1192 2.2829110622406006
1193 2.2829110622406006
1194 2.2829110622406006
1195 2.2801666259765625
1196 2.2794578075408936
1197 2.286256790161133
1198 2.286256790161133
1199 2.2748942375183105
1200 2.278012275695801
1201 2.278012275695801
1202 2.2785298824310303
1203 2.279752492904663
1204 2.2839548587799072
1205 2.283201217651367
1206 2.277460813522339
1207 2.2905941009521484
1208 2.2803187370300293
1209 2.275897741317749
1210 2.282230854034424
1211 2.282230854034424
1212 2.282230854034424
1213 2.282230854034424
1214 2.282230854034424
1215 2.2782368659973145
1216 2.281745433807373
1217 2.281745433807373
1218 2.285735607147217
1219 2.2881484031677246
1220 2.277022361755371
1221 2.277022361755371
1222 2.282121419906616
1223 2.284213066101074
1224 2.2874717712402344
1225 2.273716926574707
1226 2.278007745742798
1227 2.278007745742798
1228 2.282341718673706
1229 2.2869365215301514
1230 2.2869365215301514
1231 2.2846522331237793
1232 2.2846522331237793
1233 2.2751564979553223
1234 2.2741525173187256
1235 2.2741525173187256
1236 2.278330087661743
1237 2.2737581729888916
1238 2.2792441844940186
1239 2.2725226879119873
1240 2.2767555713653564
1241 2.270529270172119
1242 2.2737410068511963
1243 2.281925916671753
1244 2.2723701000213623
1245 2.2779123783111572
1246 2.279613733291626
1247 2.279613733291626
1248 2.279613733291626
1249 2.281069755554199
1250 2.276024341583252
1251 2.2732956409454346
1252 2.2732956409454346
1253 2.274895191192627
1254 2.2754499912261963
1255 2.27559757232666
1256 2.2781126499176025
1257 2.2771754264831543
1258 2.281064033508301
1259 2.281064033508301
1260 2.281064033508301
1261 2.2768630981445312
1262 2.2768630981445312
1263 2.2768630981445312
1264 2.2768630981445312
1265 2.2797365188598633
1266 2.2797365188598633
1267 2.2797365188598633
1268 2.281592607498169
1269 2.27561092376709
1270 2.27561092376709
1271 2.2715773582458496
1272 2.2767598628997803
1273 2.268857479095459
1274 2.268857479095459
1275 2.2757155895233154
1276 2.2757155895233154
1277 2.2757155895233154
1278 2.2807278633117676
1279 2.2826154232025146
1280 2.276735305786133
1281 2.273897886276245
1282 2.275810480117798
1283 2.262310028076172
1284 2.262310028076172
1285 2.2758994102478027
1286 2.2767865657806396
1287 2.2669003009796143
1288 2.27189040184021
1289 2.267899513244629
1290 2.270965099334717
1291 2.270965099334717
1292 2.277677536010742
1293 2.271287202835083
1294 2.271287202835083
1295 2.2651917934417725
1296 2.2651917934417725
1297 2.268980026245117
1298 2.265415668487549
1299 2.265415668487549
1300 2.268402576446533
1301 2.268402576446533
1302 2.2699697017669678
1303 2.2699697017669678
1304 2.2699697017669678
1305 2.2705471515655518
1306 2.2705471515655518
1307 2.271477222442627
1308 2.2756595611572266
1309 2.2665960788726807
1310 2.2669637203216553
1311 2.2700421810150146
1312 2.2592382431030273
1313 2.2799062728881836
1314 2.262765407562256
1315 2.262765407562256
1316 2.2747461795806885
1317 2.265944242477417
1318 2.265944242477417
1319 2.265944242477417
1320 2.2748074531555176
1321 2.2708547115325928
1322 2.2675516605377197
1323 2.277442693710327
1324 2.2655110359191895
1325 2.2798314094543457
1326 2.2692954540252686
1327 2.2685394287109375
1328 2.2604095935821533
1329 2.2604095935821533
1330 2.2667036056518555
1331 2.2667036056518555
1332 2.2667036056518555
1333 2.268895149230957
1334 2.2697739601135254
1335 2.2697739601135254
1336 2.271388530731201
1337 2.2690277099609375
1338 2.2690277099609375
1339 2.263387680053711
1340 2.2676522731781006
1341 2.2676522731781006
1342 2.2679007053375244
1343 2.2679007053375244
1344 2.2755112648010254
1345 2.261598587036133
1346 2.264514207839966
1347 2.2577779293060303
1348 2.266975164413452
1349 2.266975164413452
1350 2.264223575592041
1351 2.2574515342712402
1352 2.261962652206421
1353 2.261962652206421
1354 2.2535765171051025
1355 2.2573134899139404
1356 2.250298500061035
1357 2.250298500061035
1358 2.250298500061035
1359 2.250276803970337
1360 2.266193389892578
1361 2.266193389892578
1362 2.266193389892578
1363 2.264960527420044
1364 2.266937494277954
1365 2.26633620262146
1366 2.258225202560425
1367 2.258225202560425
1368 2.258225202560425
1369 2.258225202560425
1370 2.261647939682007
1371 2.2628238201141357
1372 2.2560806274414062
1373 2.2666757106781006
1374 2.2666757106781006
1375 2.2483158111572266
1376 2.2643399238586426
1377 2.2643399238586426
1378 2.26287579536438
1379 2.2632832527160645
1380 2.253615379333496
1381 2.2490241527557373
1382 2.254237651824951
1383 2.2532169818878174
1384 2.254983901977539
1385 2.2511048316955566
1386 2.2511048316955566
1387 2.2505369186401367
1388 2.2553131580352783
1389 2.242971658706665
1390 2.269139289855957
1391 2.269139289855957
1392 2.2505438327789307
1393 2.253067970275879
1394 2.2569446563720703
1395 2.2569446563720703
1396 2.256202459335327
1397 2.2567267417907715
1398 2.252481698989868
1399 2.252481698989868
1400 2.246487855911255
1401 2.246487855911255
1402 2.251621723175049
1403 2.247264862060547
1404 2.247264862060547
1405 2.247264862060547
1406 2.255314350128174
1407 2.257883310317993
1408 2.2428760528564453
1409 2.2428760528564453
1410 2.2428760528564453
1411 2.242175340652466
1412 2.266500949859619
1413 2.2434914112091064
1414 2.258403778076172
1415 2.2472050189971924
1416 2.2368245124816895
1417 2.2485527992248535
1418 2.2347729206085205
1419 2.243353843688965
1420 2.255510091781616
1421 2.241604804992676
1422 2.2608871459960938
1423 2.245251417160034
1424 2.245251417160034
1425 2.2232463359832764
1426 2.227635383605957
1427 2.227635383605957
1428 2.255253791809082
1429 2.2580008506774902
1430 2.253824234008789
1431 2.251490354537964
1432 2.251490354537964
1433 2.251490354537964
1434 2.249253273010254
1435 2.249253273010254
1436 2.2474215030670166
1437 2.2474215030670166
1438 2.2246203422546387
1439 2.2519352436065674
1440 2.243492841720581
1441 2.2563724517822266
1442 2.241898775100708
1443 2.2500405311584473
1444 2.2500405311584473
1445 2.2636423110961914
1446 2.240370035171509
1447 2.2331314086914062
1448 2.2539966106414795
1449 2.2590668201446533
1450 2.2263147830963135
1451 2.2269604206085205
1452 2.2269604206085205
1453 2.2391722202301025
1454 2.2532241344451904
1455 2.234290838241577
1456 2.212785482406616
1457 2.2216291427612305
1458 2.2228565216064453
1459 2.2289464473724365
1460 2.23945951461792
1461 2.23945951461792
1462 2.2472083568573
1463 2.233883857727051
1464 2.233883857727051
1465 2.220796823501587
1466 2.2277939319610596
1467 2.2342898845672607
1468 2.2426137924194336
1469 2.246741533279419
1470 2.2282023429870605
1471 2.2152316570281982
1472 2.217988967895508
1473 2.2298898696899414
1474 2.2298898696899414
1475 2.2411649227142334
1476 2.2225654125213623
1477 2.220494270324707
1478 2.220494270324707
1479 2.225163221359253
1480 2.216294288635254
1481 2.2242448329925537
1482 2.2242448329925537
1483 2.2242448329925537
1484 2.230416774749756
1485 2.230416774749756
1486 2.207839250564575
1487 2.2278621196746826
1488 2.2278621196746826
1489 2.2278621196746826
1490 2.2227745056152344
1491 2.217607021331787
1492 2.2163453102111816
1493 2.2013444900512695
1494 2.20967173576355
1495 2.2172763347625732
1496 2.2172763347625732
1497 2.209282159805298
1498 2.209282159805298
1499 2.209282159805298
