0 2.3033275604248047
1 2.3049843311309814
2 2.3049843311309814
3 2.302888870239258
4 2.302888870239258
5 2.302888870239258
6 2.3054370880126953
7 2.302253484725952
8 2.302253484725952
9 2.304438352584839
10 2.3002681732177734
11 2.3002681732177734
12 2.3015549182891846
13 2.3032615184783936
14 2.3032615184783936
15 2.3032615184783936
16 2.3032615184783936
17 2.3032615184783936
18 2.3027071952819824
19 2.303989887237549
20 2.3009045124053955
21 2.3015711307525635
22 2.300974130630493
23 2.300974130630493
24 2.3021318912506104
25 2.3004796504974365
26 2.3004796504974365
27 2.301367998123169
28 2.301367998123169
29 2.301367998123169
30 2.301367998123169
31 2.3018665313720703
32 2.3018665313720703
33 2.3018665313720703
34 2.301138162612915
35 2.301138162612915
36 2.301138162612915
37 2.3045856952667236
38 2.304241895675659
39 2.3009867668151855
40 2.3009867668151855
41 2.3041698932647705
42 2.30332612991333
43 2.30332612991333
44 2.2996747493743896
45 2.2996747493743896
46 2.299777030944824
47 2.301663875579834
48 2.301736354827881
49 2.3039145469665527
50 2.29984450340271
51 2.3028807640075684
52 2.3000166416168213
53 2.303353786468506
54 2.3019943237304688
55 2.3019943237304688
56 2.3030102252960205
57 2.3041200637817383
58 2.301147699356079
59 2.301147699356079
60 2.305506467819214
61 2.305506467819214
62 2.3023924827575684
63 2.300215721130371
64 2.3021881580352783
65 2.301743507385254
66 2.301743507385254
67 2.3035054206848145
68 2.302462339401245
69 2.301928997039795
70 2.29886531829834
71 2.3033223152160645
72 2.3028151988983154
73 2.2983956336975098
74 2.2983956336975098
75 2.297381639480591
76 2.297381639480591
77 2.3043315410614014
78 2.3043315410614014
79 2.306204080581665
80 2.3028266429901123
81 2.3028266429901123
82 2.301532745361328
83 2.3030083179473877
84 2.305161476135254
85 2.3024141788482666
86 2.3028669357299805
87 2.3028669357299805
88 2.30558180809021
89 2.303670883178711
90 2.3027994632720947
91 2.3001861572265625
92 2.2992022037506104
93 2.2992022037506104
94 2.303539991378784
95 2.2982351779937744
96 2.3027985095977783
97 2.3005144596099854
98 2.303511381149292
99 2.301217794418335
100 2.301992416381836
101 2.3025684356689453
102 2.300391674041748
103 2.300391674041748
104 2.300391674041748
105 2.2980988025665283
106 2.299912452697754
107 2.298941135406494
108 2.30171275138855
109 2.301813840866089
110 2.3006064891815186
111 2.3035953044891357
112 2.3035953044891357
113 2.3019285202026367
114 2.3018946647644043
115 2.3013672828674316
116 2.3013672828674316
117 2.3013672828674316
118 2.3006367683410645
119 2.2997055053710938
120 2.2997055053710938
121 2.304659366607666
122 2.304659366607666
123 2.304659366607666
124 2.30289363861084
125 2.301206588745117
126 2.3005588054656982
127 2.3005588054656982
128 2.3033084869384766
129 2.3033084869384766
130 2.3028042316436768
131 2.3028042316436768
132 2.30118989944458
133 2.30118989944458
134 2.3031153678894043
135 2.3031153678894043
136 2.3031153678894043
137 2.3031153678894043
138 2.3031153678894043
139 2.3014440536499023
140 2.3014440536499023
141 2.3032679557800293
142 2.301156997680664
143 2.303948402404785
144 2.299938678741455
145 2.299938678741455
146 2.299938678741455
147 2.30055832862854
148 2.30055832862854
149 2.2964322566986084
150 2.3025081157684326
151 2.298344612121582
152 2.302564859390259
153 2.302564859390259
154 2.302564859390259
155 2.30148983001709
156 2.3011996746063232
157 2.301208257675171
158 2.3050122261047363
159 2.303408622741699
160 2.303408622741699
161 2.3000829219818115
162 2.3000829219818115
163 2.3038532733917236
164 2.3006768226623535
165 2.3024039268493652
166 2.304321050643921
167 2.304321050643921
168 2.301107883453369
169 2.3032023906707764
170 2.296783447265625
171 2.3019299507141113
172 2.301999092102051
173 2.299144744873047
174 2.299144744873047
175 2.299144744873047
176 2.3034510612487793
177 2.3016247749328613
178 2.3016247749328613
179 2.3016247749328613
180 2.3016247749328613
181 2.3016247749328613
182 2.3016586303710938
183 2.30037522315979
184 2.3039989471435547
185 2.300309658050537
186 2.300309658050537
187 2.3038341999053955
188 2.298642635345459
189 2.3045599460601807
190 2.298839569091797
191 2.300926923751831
192 2.3002572059631348
193 2.303967237472534
194 2.303967237472534
195 2.3033323287963867
196 2.3036510944366455
197 2.3049187660217285
198 2.301593065261841
199 2.29797101020813
200 2.29797101020813
201 2.3020169734954834
202 2.29972767829895
203 2.301791191101074
204 2.3023035526275635
205 2.3023035526275635
206 2.302915096282959
207 2.300752878189087
208 2.301961898803711
209 2.3043618202209473
210 2.300960063934326
211 2.300960063934326
212 2.302442789077759
213 2.301074266433716
214 2.3064281940460205
215 2.3064281940460205
216 2.300173044204712
217 2.300173044204712
218 2.300173044204712
219 2.300173044204712
220 2.305863380432129
221 2.305863380432129
222 2.305863380432129
223 2.3026301860809326
224 2.3060474395751953
225 2.3006808757781982
226 2.3006484508514404
227 2.303217649459839
228 2.303217649459839
229 2.303217649459839
230 2.2994627952575684
231 2.301334857940674
232 2.298029661178589
233 2.298029661178589
234 2.301405906677246
235 2.3018786907196045
236 2.3018786907196045
237 2.3018786907196045
238 2.297870635986328
239 2.302713632583618
240 2.296774387359619
241 2.3019111156463623
242 2.3021788597106934
243 2.3020448684692383
244 2.30216646194458
245 2.3026325702667236
246 2.301316738128662
247 2.3036108016967773
248 2.3006229400634766
249 2.3013477325439453
250 2.2996933460235596
251 2.2996933460235596
252 2.2993736267089844
253 2.2982304096221924
254 2.2982304096221924
255 2.296983242034912
256 2.3012001514434814
257 2.3026158809661865
258 2.3021864891052246
259 2.3054075241088867
260 2.3008627891540527
261 2.3008370399475098
262 2.302846670150757
263 2.302846670150757
264 2.2959816455841064
265 2.3025107383728027
266 2.3025107383728027
267 2.2995381355285645
268 2.300161838531494
269 2.300161838531494
270 2.300161838531494
271 2.300652265548706
272 2.300652265548706
273 2.3025872707366943
274 2.3025872707366943
275 2.3025872707366943
276 2.3009328842163086
277 2.3009328842163086
278 2.2989656925201416
279 2.2989656925201416
280 2.3013203144073486
281 2.3020060062408447
282 2.3020060062408447
283 2.2996511459350586
284 2.3012845516204834
285 2.301513195037842
286 2.2993102073669434
287 2.301917791366577
288 2.301917791366577
289 2.3016161918640137
290 2.3016161918640137
291 2.3016161918640137
292 2.29770827293396
293 2.29770827293396
294 2.304441213607788
295 2.3033499717712402
296 2.307159900665283
297 2.307159900665283
298 2.2993810176849365
299 2.301785707473755
300 2.3010761737823486
301 2.3010761737823486
302 2.3001046180725098
303 2.2942373752593994
304 2.3017876148223877
305 2.3017876148223877
306 2.3003697395324707
307 2.2979705333709717
308 2.301227569580078
309 2.29959774017334
310 2.2994871139526367
311 2.3010952472686768
312 2.3033061027526855
313 2.3008806705474854
314 2.302140235900879
315 2.302140235900879
316 2.303617000579834
317 2.300095558166504
318 2.3034913539886475
319 2.297171115875244
320 2.299677848815918
321 2.299534559249878
322 2.299534559249878
323 2.3012545108795166
324 2.302371025085449
325 2.30061936378479
326 2.2984728813171387
327 2.2984728813171387
328 2.301419734954834
329 2.2980213165283203
330 2.2980213165283203
331 2.300771713256836
332 2.300729751586914
333 2.300729751586914
334 2.3037168979644775
335 2.3014888763427734
336 2.301673650741577
337 2.3055574893951416
338 2.3055574893951416
339 2.3055574893951416
340 2.3017995357513428
341 2.297996997833252
342 2.297996997833252
343 2.2994775772094727
344 2.2994775772094727
345 2.300809860229492
346 2.3009302616119385
347 2.3009302616119385
348 2.3009302616119385
349 2.3009302616119385
350 2.301237106323242
351 2.299839496612549
352 2.299839496612549
353 2.3043606281280518
354 2.2993643283843994
355 2.295323610305786
356 2.3024561405181885
357 2.29830265045166
358 2.29830265045166
359 2.29830265045166
360 2.29830265045166
361 2.29830265045166
362 2.3026092052459717
363 2.2988593578338623
364 2.2988593578338623
365 2.302265167236328
366 2.303499460220337
367 2.302095890045166
368 2.3020029067993164
369 2.3020029067993164
370 2.29754900932312
371 2.297473192214966
372 2.3000590801239014
373 2.3000590801239014
374 2.3009839057922363
375 2.3009839057922363
376 2.298769950866699
377 2.296340227127075
378 2.303589105606079
379 2.301668167114258
380 2.3036859035491943
381 2.3024110794067383
382 2.3017477989196777
383 2.3004631996154785
384 2.3004631996154785
385 2.303776502609253
386 2.303776502609253
387 2.301401138305664
388 2.301401138305664
389 2.3011374473571777
390 2.3004274368286133
391 2.3037140369415283
392 2.2991700172424316
393 2.2991700172424316
394 2.3014464378356934
395 2.30094051361084
396 2.295438766479492
397 2.302408218383789
398 2.2999298572540283
399 2.2999298572540283
400 2.301753282546997
401 2.301753282546997
402 2.304612159729004
403 2.2980127334594727
404 2.302814483642578
405 2.299669027328491
406 2.2977092266082764
407 2.2977092266082764
408 2.2993240356445312
409 2.3022117614746094
410 2.2983925342559814
411 2.2983925342559814
412 2.2983925342559814
413 2.302762269973755
414 2.302762269973755
415 2.301244020462036
416 2.301244020462036
417 2.2989096641540527
418 2.2989096641540527
419 2.2989096641540527
420 2.2989096641540527
421 2.2989096641540527
422 2.303208351135254
423 2.3011136054992676
424 2.2998197078704834
425 2.300647258758545
426 2.299253225326538
427 2.299253225326538
428 2.299253225326538
429 2.301910638809204
430 2.2998061180114746
431 2.2998061180114746
432 2.3010263442993164
433 2.298560380935669
434 2.301564931869507
435 2.301564931869507
436 2.301564931869507
437 2.296665668487549
438 2.296665668487549
439 2.2979090213775635
440 2.2979090213775635
441 2.2979090213775635
442 2.3018765449523926
443 2.295747995376587
444 2.295747995376587
445 2.2982239723205566
446 2.3026180267333984
447 2.3018808364868164
448 2.2987749576568604
449 2.2987749576568604
450 2.299257755279541
451 2.3018810749053955
452 2.3018810749053955
453 2.301307201385498
454 2.301307201385498
455 2.301307201385498
456 2.301307201385498
457 2.294299602508545
458 2.297351121902466
459 2.297351121902466
460 2.2963292598724365
461 2.300572395324707
462 2.300572395324707
463 2.300734758377075
464 2.306143045425415
465 2.306143045425415
466 2.3024027347564697
467 2.298860549926758
468 2.298860549926758
469 2.3000452518463135
470 2.3000452518463135
471 2.3004367351531982
472 2.3017098903656006
473 2.2996973991394043
474 2.2998037338256836
475 2.3010568618774414
476 2.3007049560546875
477 2.3004865646362305
478 2.3030993938446045
479 2.3002028465270996
480 2.2956058979034424
481 2.2956058979034424
482 2.300726890563965
483 2.294802188873291
484 2.302935838699341
485 2.2962865829467773
486 2.2962865829467773
487 2.299744129180908
488 2.2977218627929688
489 2.3010494709014893
490 2.3010494709014893
491 2.3010494709014893
492 2.3039498329162598
493 2.30023455619812
494 2.2992100715637207
495 2.2992100715637207
496 2.3013930320739746
497 2.3003883361816406
498 2.2990293502807617
499 2.299474000930786
500 2.299474000930786
501 2.2993314266204834
502 2.296649217605591
503 2.297804594039917
504 2.297367811203003
505 2.303546905517578
506 2.3002538681030273
507 2.29512619972229
508 2.298848867416382
509 2.29886531829834
510 2.29886531829834
511 2.3012545108795166
512 2.296001434326172
513 2.3005781173706055
514 2.3009698390960693
515 2.298560619354248
516 2.3011181354522705
517 2.298074722290039
518 2.298074722290039
519 2.298074722290039
520 2.300668954849243
521 2.300668954849243
522 2.2993152141571045
523 2.2993152141571045
524 2.2993152141571045
525 2.3001813888549805
526 2.302403450012207
527 2.302403450012207
528 2.302403450012207
529 2.302403450012207
530 2.302403450012207
531 2.3001224994659424
532 2.300318479537964
533 2.301358938217163
534 2.296412944793701
535 2.3011586666107178
536 2.2990224361419678
537 2.299527645111084
538 2.299527645111084
539 2.2986347675323486
540 2.301896810531616
541 2.301896810531616
542 2.3022987842559814
543 2.3022987842559814
544 2.2979869842529297
545 2.3037807941436768
546 2.2990875244140625
547 2.301020383834839
548 2.3015189170837402
549 2.30012845993042
550 2.30012845993042
551 2.2980852127075195
552 2.3012571334838867
553 2.2996082305908203
554 2.2996082305908203
555 2.2996082305908203
556 2.296001434326172
557 2.2949767112731934
558 2.3014018535614014
559 2.300746202468872
560 2.300746202468872
561 2.297452688217163
562 2.297452688217163
563 2.302628993988037
564 2.3034842014312744
565 2.294914960861206
566 2.2971129417419434
567 2.2971129417419434
568 2.2971129417419434
569 2.2976720333099365
570 2.3002004623413086
571 2.2954559326171875
572 2.298124313354492
573 2.2919399738311768
574 2.302894115447998
575 2.2971584796905518
576 2.2971584796905518
577 2.297581911087036
578 2.29672908782959
579 2.29672908782959
580 2.2968132495880127
581 2.301804304122925
582 2.301215171813965
583 2.297206401824951
584 2.297206401824951
585 2.302130937576294
586 2.2964577674865723
587 2.2964577674865723
588 2.2964577674865723
589 2.2993416786193848
590 2.298569917678833
591 2.3004958629608154
592 2.301652431488037
593 2.301652431488037
594 2.303192377090454
595 2.294121503829956
596 2.294121503829956
597 2.2989492416381836
598 2.2989492416381836
599 2.2989492416381836
600 2.2989492416381836
601 2.297881603240967
602 2.2989144325256348
603 2.302783966064453
604 2.302783966064453
605 2.296027660369873
606 2.296626091003418
607 2.3020448684692383
608 2.3020448684692383
609 2.2938663959503174
610 2.3023838996887207
611 2.3023838996887207
612 2.3001348972320557
613 2.3001348972320557
614 2.297384738922119
615 2.297384738922119
616 2.2926807403564453
617 2.299340009689331
618 2.298858165740967
619 2.2996790409088135
620 2.2996790409088135
621 2.29718017578125
622 2.29718017578125
623 2.29718017578125
624 2.29718017578125
625 2.3004915714263916
626 2.29783296585083
627 2.301449775695801
628 2.301449775695801
629 2.3016302585601807
630 2.2963738441467285
631 2.299536943435669
632 2.3009393215179443
633 2.3009393215179443
634 2.3009393215179443
635 2.30167555809021
636 2.300678014755249
637 2.2992541790008545
638 2.3032472133636475
639 2.3017354011535645
640 2.2988452911376953
641 2.2999935150146484
642 2.3011958599090576
643 2.3016810417175293
644 2.3016810417175293
645 2.299147844314575
646 2.2947356700897217
647 2.2986021041870117
648 2.2953402996063232
649 2.3005928993225098
650 2.3005928993225098
651 2.2945539951324463
652 2.3012406826019287
653 2.297722339630127
654 2.297722339630127
655 2.297722339630127
656 2.2985284328460693
657 2.2947499752044678
658 2.2959768772125244
659 2.3018455505371094
660 2.295043468475342
661 2.298379421234131
662 2.297334909439087
663 2.298158645629883
664 2.298158645629883
665 2.2997190952301025
666 2.299931764602661
667 2.300952672958374
668 2.299839496612549
669 2.302478551864624
670 2.302478551864624
671 2.297257423400879
672 2.297257423400879
673 2.297257423400879
674 2.297257423400879
675 2.301377058029175
676 2.3020076751708984
677 2.3016958236694336
678 2.3016958236694336
679 2.3003110885620117
680 2.3022730350494385
681 2.3022730350494385
682 2.2909507751464844
683 2.2980401515960693
684 2.2980401515960693
685 2.3003156185150146
686 2.2992513179779053
687 2.295140504837036
688 2.295140504837036
689 2.301217555999756
690 2.2976415157318115
691 2.2976415157318115
692 2.2964484691619873
693 2.2971034049987793
694 2.2992870807647705
695 2.296204090118408
696 2.2978649139404297
697 2.298706293106079
698 2.298706293106079
699 2.298567533493042
700 2.3034121990203857
701 2.2991814613342285
702 2.2991814613342285
703 2.2991814613342285
704 2.2961506843566895
705 2.2962188720703125
706 2.2962188720703125
707 2.2962188720703125
708 2.2962188720703125
709 2.2962188720703125
710 2.2939398288726807
711 2.2939398288726807
712 2.2939398288726807
713 2.2982513904571533
714 2.2982513904571533
715 2.2983129024505615
716 2.2983129024505615
717 2.2983129024505615
718 2.303844928741455
719 2.2933106422424316
720 2.3017430305480957
721 2.3017430305480957
722 2.3026247024536133
723 2.302154064178467
724 2.302154064178467
725 2.3041281700134277
726 2.3041281700134277
727 2.3041281700134277
728 2.3041281700134277
729 2.295367956161499
730 2.295367956161499
731 2.295367956161499
732 2.295367956161499
733 2.2943034172058105
734 2.3009891510009766
735 2.3009891510009766
736 2.2947587966918945
737 2.2969553470611572
738 2.295135259628296
739 2.299268960952759
740 2.299268960952759
741 2.2972869873046875
742 2.2972869873046875
743 2.2987101078033447
744 2.298149347305298
745 2.2983782291412354
746 2.2983782291412354
747 2.2983782291412354
748 2.2983782291412354
749 2.2943270206451416
750 2.292860984802246
751 2.2987146377563477
752 2.2975432872772217
753 2.2975432872772217
754 2.296997308731079
755 2.296997308731079
756 2.296997308731079
757 2.300884485244751
758 2.290851593017578
759 2.2910008430480957
760 2.292548656463623
761 2.2970781326293945
762 2.296004056930542
763 2.296004056930542
764 2.296004056930542
765 2.2920150756835938
766 2.2920150756835938
767 2.2920150756835938
768 2.2953977584838867
769 2.2953977584838867
770 2.2953977584838867
771 2.2952616214752197
772 2.2967216968536377
773 2.2983999252319336
774 2.2983999252319336
775 2.2944860458374023
776 2.2944860458374023
777 2.297372341156006
778 2.297372341156006
779 2.300063371658325
780 2.303346633911133
781 2.303346633911133
782 2.2950823307037354
783 2.297086000442505
784 2.297086000442505
785 2.295931339263916
786 2.299118995666504
787 2.299118995666504
788 2.300387382507324
789 2.300387382507324
790 2.2935752868652344
791 2.2912580966949463
792 2.2934234142303467
793 2.299227237701416
794 2.297961473464966
795 2.297961473464966
796 2.297961473464966
797 2.2964162826538086
798 2.296356678009033
799 2.295092821121216
800 2.2954087257385254
801 2.2970447540283203
802 2.2970447540283203
803 2.290449619293213
804 2.2961509227752686
805 2.299109697341919
806 2.299109697341919
807 2.299109697341919
808 2.298327922821045
809 2.298327922821045
810 2.288236618041992
811 2.298788070678711
812 2.295841932296753
813 2.2976090908050537
814 2.297651767730713
815 2.297651767730713
816 2.297651767730713
817 2.29427170753479
818 2.2960031032562256
819 2.2968266010284424
820 2.295196771621704
821 2.295196771621704
822 2.297682046890259
823 2.2928013801574707
824 2.2928013801574707
825 2.29524827003479
826 2.2938108444213867
827 2.2971889972686768
828 2.30173397064209
829 2.2893946170806885
830 2.2893946170806885
831 2.2960500717163086
832 2.2910971641540527
833 2.2910971641540527
834 2.2910971641540527
835 2.2910971641540527
836 2.300488233566284
837 2.294182062149048
838 2.298159599304199
839 2.298159599304199
840 2.298159599304199
841 2.297733783721924
842 2.2905895709991455
843 2.298851490020752
844 2.2965614795684814
845 2.2965614795684814
846 2.293390989303589
847 2.2919323444366455
848 2.301091194152832
849 2.2930736541748047
850 2.2967073917388916
851 2.2967073917388916
852 2.300079107284546
853 2.300079107284546
854 2.3017070293426514
855 2.295650005340576
856 2.3007493019104004
857 2.295184373855591
858 2.295184373855591
859 2.296387195587158
860 2.2973873615264893
861 2.2973873615264893
862 2.2973873615264893
863 2.2945899963378906
864 2.2945899963378906
865 2.2935097217559814
866 2.2935097217559814
867 2.2945265769958496
868 2.297987222671509
869 2.29004168510437
870 2.291278839111328
871 2.294969081878662
872 2.2917041778564453
873 2.2917041778564453
874 2.293992042541504
875 2.293992042541504
876 2.299783706665039
877 2.3007500171661377
878 2.2937750816345215
879 2.2937750816345215
880 2.3002936840057373
881 2.288705587387085
882 2.288705587387085
883 2.2944302558898926
884 2.2942543029785156
885 2.2985713481903076
886 2.3002967834472656
887 2.2925126552581787
888 2.2986199855804443
889 2.296170711517334
890 2.2952404022216797
891 2.2952404022216797
892 2.294332981109619
893 2.294332981109619
894 2.294332981109619
895 2.2924392223358154
896 2.2924392223358154
897 2.291686534881592
898 2.2971348762512207
899 2.2980782985687256
900 2.2980782985687256
901 2.2980782985687256
902 2.2959065437316895
903 2.2959065437316895
904 2.2959065437316895
905 2.290408134460449
906 2.2952847480773926
907 2.290862560272217
908 2.2976715564727783
909 2.2976715564727783
910 2.290618896484375
911 2.29052734375
912 2.29052734375
913 2.294109582901001
914 2.2912182807922363
915 2.2912182807922363
916 2.2978923320770264
917 2.2969770431518555
918 2.2957210540771484
919 2.2890100479125977
920 2.2890100479125977
921 2.2935359477996826
922 2.2935359477996826
923 2.2935359477996826
924 2.2977027893066406
925 2.2938263416290283
926 2.294351577758789
927 2.294351577758789
928 2.296138048171997
929 2.2938954830169678
930 2.2901318073272705
931 2.2901318073272705
932 2.2933168411254883
933 2.2933168411254883
934 2.294188976287842
935 2.292492628097534
936 2.2933874130249023
937 2.2964227199554443
938 2.2918477058410645
939 2.2988381385803223
940 2.300097942352295
941 2.295401096343994
942 2.294327974319458
943 2.2941954135894775
944 2.2953386306762695
945 2.290652275085449
946 2.294109582901001
947 2.294109582901001
948 2.297849655151367
949 2.292147159576416
950 2.292147159576416
951 2.292147159576416
952 2.2929229736328125
953 2.293823719024658
954 2.292999267578125
955 2.2935473918914795
956 2.2935473918914795
957 2.289900064468384
958 2.288742780685425
959 2.290985345840454
960 2.2844395637512207
961 2.2942237854003906
962 2.2924201488494873
963 2.2952005863189697
964 2.2952005863189697
965 2.2952005863189697
966 2.2952005863189697
967 2.2952005863189697
968 2.2952005863189697
969 2.2952005863189697
970 2.2952005863189697
971 2.2952005863189697
972 2.2952005863189697
973 2.2952005863189697
974 2.2952005863189697
975 2.289522171020508
976 2.2939400672912598
977 2.295558214187622
978 2.295558214187622
979 2.2956953048706055
980 2.2956953048706055
981 2.291353225708008
982 2.291353225708008
983 2.288997173309326
984 2.293592929840088
985 2.2868549823760986
986 2.290679931640625
987 2.290679931640625
988 2.290679931640625
989 2.295342445373535
990 2.295342445373535
991 2.2939510345458984
992 2.2939510345458984
993 2.2894394397735596
994 2.2894394397735596
995 2.2894394397735596
996 2.2844603061676025
997 2.291409969329834
998 2.290006160736084
999 2.298020362854004
1000 2.295217514038086
1001 2.2938613891601562
1002 2.2938613891601562
1003 2.2979936599731445
1004 2.2979936599731445
1005 2.289456844329834
1006 2.286297559738159
1007 2.287365674972534
1008 2.2917983531951904
1009 2.2917983531951904
1010 2.2917051315307617
1011 2.294245958328247
1012 2.288921356201172
1013 2.291604518890381
1014 2.2861413955688477
1015 2.296231746673584
1016 2.296231746673584
1017 2.296231746673584
1018 2.2894601821899414
1019 2.2894601821899414
1020 2.2872817516326904
1021 2.293473958969116
1022 2.290752410888672
1023 2.287991762161255
1024 2.2931079864501953
1025 2.2931079864501953
1026 2.290461778640747
1027 2.2951226234436035
1028 2.289846897125244
1029 2.289846897125244
1030 2.289846897125244
1031 2.297214984893799
1032 2.294766664505005
1033 2.2893505096435547
1034 2.2893505096435547
1035 2.289064884185791
1036 2.2920548915863037
1037 2.2920548915863037
1038 2.2905514240264893
1039 2.2905514240264893
1040 2.296356439590454
1041 2.287755250930786
1042 2.2930002212524414
1043 2.288564920425415
1044 2.288564920425415
1045 2.288564920425415
1046 2.288564920425415
1047 2.290717124938965
1048 2.2900187969207764
1049 2.283337354660034
1050 2.2896087169647217
1051 2.2896087169647217
1052 2.2896087169647217
1053 2.2896087169647217
1054 2.2947311401367188
1055 2.289402723312378
1056 2.289402723312378
1057 2.2882144451141357
1058 2.2882144451141357
1059 2.2882373332977295
1060 2.2922310829162598
1061 2.2922310829162598
1062 2.288464307785034
1063 2.290048122406006
1064 2.293159008026123
1065 2.288292169570923
1066 2.288292169570923
1067 2.2894136905670166
1068 2.2894136905670166
1069 2.284008026123047
1070 2.284005641937256
1071 2.2862682342529297
1072 2.296135425567627
1073 2.281341314315796
1074 2.292045831680298
1075 2.292045831680298
1076 2.2881791591644287
1077 2.286724090576172
1078 2.2921042442321777
1079 2.2921042442321777
1080 2.2921042442321777
1081 2.289854049682617
1082 2.2938756942749023
1083 2.2932260036468506
1084 2.285351037979126
1085 2.285351037979126
1086 2.2867941856384277
1087 2.289656162261963
1088 2.2903923988342285
1089 2.2903923988342285
1090 2.28043794631958
1091 2.284806966781616
1092 2.284806966781616
1093 2.29075026512146
1094 2.285203695297241
1095 2.291956901550293
1096 2.291956901550293
1097 2.291956901550293
1098 2.286370277404785
1099 2.295664072036743
1100 2.295664072036743
1101 2.295664072036743
1102 2.28560471534729
1103 2.28560471534729
1104 2.283839702606201
1105 2.2874093055725098
1106 2.286519765853882
1107 2.2851665019989014
1108 2.2851665019989014
1109 2.295238971710205
1110 2.295238971710205
1111 2.2884607315063477
1112 2.28691029548645
1113 2.293087959289551
1114 2.2862002849578857
1115 2.2862002849578857
1116 2.288686513900757
1117 2.289177656173706
1118 2.2915971279144287
1119 2.2865872383117676
1120 2.2896385192871094
1121 2.2929699420928955
1122 2.2877559661865234
1123 2.2861452102661133
1124 2.287917137145996
1125 2.285271644592285
1126 2.286916971206665
1127 2.281214475631714
1128 2.281214475631714
1129 2.2893388271331787
1130 2.2805447578430176
1131 2.289267063140869
1132 2.286105155944824
1133 2.288167715072632
1134 2.288167715072632
1135 2.2900946140289307
1136 2.2900946140289307
1137 2.2880868911743164
1138 2.2880868911743164
1139 2.284884214401245
1140 2.2860238552093506
1141 2.2865219116210938
1142 2.2865219116210938
1143 2.28529691696167
1144 2.28529691696167
1145 2.28529691696167
1146 2.282935857772827
1147 2.282935857772827
1148 2.279827356338501
1149 2.2893218994140625
1150 2.2893218994140625
1151 2.282804489135742
1152 2.282841444015503
1153 2.2878170013427734
1154 2.280924081802368
1155 2.283025026321411
1156 2.280574083328247
1157 2.280574083328247
1158 2.28775691986084
1159 2.28775691986084
1160 2.2898106575012207
1161 2.2833759784698486
1162 2.2848405838012695
1163 2.2848405838012695
1164 2.285142183303833
1165 2.2802839279174805
1166 2.2869760990142822
1167 2.279388666152954
1168 2.279388666152954
1169 2.285332441329956
1170 2.285332441329956
1171 2.279334306716919
1172 2.2876033782958984
1173 2.2853407859802246
1174 2.2844369411468506
1175 2.283003091812134
1176 2.2842676639556885
1177 2.29335355758667
1178 2.279430627822876
1179 2.2800722122192383
1180 2.2800722122192383
1181 2.2871217727661133
1182 2.286648750305176
1183 2.286648750305176
1184 2.2852535247802734
1185 2.285639762878418
1186 2.2835934162139893
1187 2.287538766860962
1188 2.275630235671997
1189 2.275630235671997
1190 2.2779812812805176
1191 2.2779812812805176
1192 2.278240442276001
1193 2.278240442276001
1194 2.282895088195801
1195 2.2897090911865234
1196 2.2897090911865234
1197 2.2786483764648438
1198 2.2786483764648438
1199 2.2871012687683105
1200 2.2746829986572266
1201 2.277916193008423
1202 2.289200782775879
1203 2.289200782775879
1204 2.289200782775879
1205 2.2850418090820312
1206 2.2850418090820312
1207 2.2850418090820312
1208 2.2850418090820312
1209 2.284844398498535
1210 2.275738000869751
1211 2.2846293449401855
1212 2.2846293449401855
1213 2.283188819885254
1214 2.278308629989624
1215 2.2853498458862305
1216 2.2762932777404785
1217 2.280029058456421
1218 2.279642105102539
1219 2.285106897354126
1220 2.285106897354126
1221 2.285106897354126
1222 2.280179738998413
1223 2.280179738998413
1224 2.2806570529937744
1225 2.2809653282165527
1226 2.281421184539795
1227 2.283982992172241
1228 2.2774243354797363
1229 2.2774243354797363
1230 2.281256914138794
1231 2.279198408126831
1232 2.279198408126831
1233 2.2886478900909424
1234 2.2698001861572266
1235 2.2839300632476807
1236 2.2774035930633545
1237 2.2774035930633545
1238 2.2774035930633545
1239 2.2715401649475098
1240 2.2715401649475098
1241 2.2885029315948486
1242 2.2733399868011475
1243 2.2806854248046875
1244 2.2798209190368652
1245 2.2798209190368652
1246 2.2798209190368652
1247 2.288968563079834
1248 2.275984525680542
1249 2.2717671394348145
1250 2.2717671394348145
1251 2.2717671394348145
1252 2.2718429565429688
1253 2.2801737785339355
1254 2.2827186584472656
1255 2.2755990028381348
1256 2.2754099369049072
1257 2.2754099369049072
1258 2.282803535461426
1259 2.27894926071167
1260 2.2765493392944336
1261 2.2774441242218018
1262 2.2774441242218018
1263 2.2739758491516113
1264 2.2739758491516113
1265 2.2825515270233154
1266 2.2744626998901367
1267 2.2744626998901367
1268 2.268624782562256
1269 2.274399995803833
1270 2.274399995803833
1271 2.274399995803833
1272 2.274399995803833
1273 2.2679734230041504
1274 2.2723498344421387
1275 2.27838134765625
1276 2.267484664916992
1277 2.286238670349121
1278 2.2751781940460205
1279 2.2720468044281006
1280 2.279802083969116
1281 2.273054361343384
1282 2.2717576026916504
1283 2.2717576026916504
1284 2.2699790000915527
1285 2.2789127826690674
1286 2.2770304679870605
1287 2.2620856761932373
1288 2.273991823196411
1289 2.275587558746338
1290 2.269064426422119
1291 2.2784290313720703
1292 2.2784290313720703
1293 2.2784290313720703
1294 2.274257183074951
1295 2.2726588249206543
1296 2.2726588249206543
1297 2.2693562507629395
1298 2.273193359375
1299 2.2773492336273193
1300 2.2773492336273193
1301 2.271489381790161
1302 2.271489381790161
1303 2.272367000579834
1304 2.278320789337158
1305 2.278320789337158
1306 2.2725331783294678
1307 2.2765660285949707
1308 2.2765660285949707
1309 2.2765660285949707
1310 2.2765660285949707
1311 2.268679618835449
1312 2.2648632526397705
1313 2.2713568210601807
1314 2.278663396835327
1315 2.266756534576416
1316 2.265536069869995
1317 2.2710933685302734
1318 2.276033878326416
1319 2.2693734169006348
1320 2.2693734169006348
1321 2.273191452026367
1322 2.2613580226898193
1323 2.265979528427124
1324 2.2781805992126465
1325 2.2781805992126465
1326 2.2697651386260986
1327 2.2682387828826904
1328 2.2682387828826904
1329 2.2729082107543945
1330 2.2556021213531494
1331 2.2556021213531494
1332 2.26759934425354
1333 2.252368450164795
1334 2.252368450164795
1335 2.2679643630981445
1336 2.2679643630981445
1337 2.2649171352386475
1338 2.261953115463257
1339 2.261953115463257
1340 2.266186475753784
1341 2.26865553855896
1342 2.263338565826416
1343 2.263338565826416
1344 2.263338565826416
1345 2.2593681812286377
1346 2.251483917236328
1347 2.270646095275879
1348 2.254004716873169
1349 2.257131338119507
1350 2.2517428398132324
1351 2.266716957092285
1352 2.266716957092285
1353 2.253293752670288
1354 2.2576744556427
1355 2.264312982559204
1356 2.264921188354492
1357 2.266073226928711
1358 2.2715399265289307
1359 2.253497362136841
1360 2.2668066024780273
1361 2.256028175354004
1362 2.272106170654297
1363 2.272106170654297
1364 2.253406524658203
1365 2.262164354324341
1366 2.2472422122955322
1367 2.2580666542053223
1368 2.264986038208008
1369 2.2518723011016846
1370 2.2518723011016846
1371 2.2518723011016846
1372 2.260732650756836
1373 2.2497406005859375
1374 2.2497406005859375
1375 2.2497406005859375
1376 2.2497406005859375
1377 2.273787260055542
1378 2.2681336402893066
1379 2.2522711753845215
1380 2.2622482776641846
1381 2.2477805614471436
1382 2.2591521739959717
1383 2.2591521739959717
1384 2.2591521739959717
1385 2.260655403137207
1386 2.2622179985046387
1387 2.2622179985046387
1388 2.2506446838378906
1389 2.2549984455108643
1390 2.2560601234436035
1391 2.2564454078674316
1392 2.25374174118042
1393 2.253096580505371
1394 2.2323169708251953
1395 2.2323169708251953
1396 2.2595033645629883
1397 2.238279342651367
1398 2.25659441947937
1399 2.2430808544158936
1400 2.2430808544158936
1401 2.266427516937256
1402 2.256385087966919
1403 2.256385087966919
1404 2.2428715229034424
1405 2.2439663410186768
1406 2.254615545272827
1407 2.2593510150909424
1408 2.2593510150909424
1409 2.2593510150909424
1410 2.250809907913208
1411 2.250809907913208
1412 2.250809907913208
1413 2.262037515640259
1414 2.262037515640259
1415 2.262037515640259
1416 2.2539496421813965
1417 2.2510931491851807
1418 2.2631473541259766
1419 2.2509214878082275
1420 2.2509214878082275
1421 2.2509214878082275
1422 2.259920597076416
1423 2.226855516433716
1424 2.2465343475341797
1425 2.249239921569824
1426 2.2489633560180664
1427 2.2498364448547363
1428 2.2498364448547363
1429 2.2498364448547363
1430 2.239187717437744
1431 2.239187717437744
1432 2.2435219287872314
1433 2.2366819381713867
1434 2.242885112762451
1435 2.242885112762451
1436 2.241037130355835
1437 2.252638578414917
1438 2.239729642868042
1439 2.239570140838623
1440 2.239570140838623
1441 2.2422614097595215
1442 2.2325165271759033
1443 2.2325165271759033
1444 2.2360992431640625
1445 2.2360992431640625
1446 2.2291038036346436
1447 2.2424542903900146
1448 2.2424542903900146
1449 2.218045711517334
1450 2.216569662094116
1451 2.216569662094116
1452 2.2309508323669434
1453 2.2334694862365723
1454 2.2415761947631836
1455 2.2339465618133545
1456 2.2339465618133545
1457 2.2339465618133545
1458 2.2339465618133545
1459 2.2339465618133545
1460 2.2339465618133545
1461 2.2339465618133545
1462 2.24261474609375
1463 2.24261474609375
1464 2.2268552780151367
1465 2.2216391563415527
1466 2.2216391563415527
1467 2.2216391563415527
1468 2.2216391563415527
1469 2.2349231243133545
1470 2.233515501022339
1471 2.233515501022339
1472 2.2195773124694824
1473 2.2195773124694824
1474 2.235185384750366
1475 2.2178947925567627
1476 2.2178947925567627
1477 2.2178947925567627
1478 2.2484376430511475
1479 2.225613832473755
1480 2.2164855003356934
1481 2.2230193614959717
1482 2.2272160053253174
1483 2.2151777744293213
1484 2.2214407920837402
1485 2.2214407920837402
1486 2.2214407920837402
1487 2.214858293533325
1488 2.2238199710845947
1489 2.2155075073242188
1490 2.2028274536132812
1491 2.2028274536132812
1492 2.218463659286499
1493 2.218463659286499
1494 2.218463659286499
1495 2.2220442295074463
1496 2.2162466049194336
1497 2.213783025741577
1498 2.2064313888549805
1499 2.2222490310668945
