0 2.302090644836426
1 2.3022828102111816
2 2.3025686740875244
3 2.303370475769043
4 2.305527448654175
5 2.3021912574768066
6 2.3021912574768066
7 2.303459882736206
8 2.3023149967193604
9 2.298915386199951
10 2.298915386199951
11 2.298915386199951
12 2.2990264892578125
13 2.303463935852051
14 2.3007147312164307
15 2.3007147312164307
16 2.3006527423858643
17 2.3014183044433594
18 2.3014183044433594
19 2.29880952835083
20 2.3041069507598877
21 2.3041069507598877
22 2.2995026111602783
23 2.2995026111602783
24 2.3002865314483643
25 2.301395893096924
26 2.301395893096924
27 2.301395893096924
28 2.302365303039551
29 2.3026959896087646
30 2.3026959896087646
31 2.3026959896087646
32 2.3020431995391846
33 2.3018808364868164
34 2.3036611080169678
35 2.3047749996185303
36 2.3011634349823
37 2.3011634349823
38 2.3011634349823
39 2.3011634349823
40 2.3011634349823
41 2.3042938709259033
42 2.3021726608276367
43 2.303341865539551
44 2.303341865539551
45 2.303341865539551
46 2.3005173206329346
47 2.3022968769073486
48 2.2998414039611816
49 2.2998414039611816
50 2.2998414039611816
51 2.2998414039611816
52 2.2998414039611816
53 2.3012564182281494
54 2.3007609844207764
55 2.3046956062316895
56 2.302159309387207
57 2.302159309387207
58 2.302185297012329
59 2.302185297012329
60 2.302931785583496
61 2.302931785583496
62 2.301363468170166
63 2.3008265495300293
64 2.3017024993896484
65 2.3017024993896484
66 2.3011462688446045
67 2.3011462688446045
68 2.3010315895080566
69 2.298110246658325
70 2.302844524383545
71 2.2992122173309326
72 2.301758050918579
73 2.297720432281494
74 2.297720432281494
75 2.297720432281494
76 2.3000943660736084
77 2.301903247833252
78 2.30360746383667
79 2.2994837760925293
80 2.2998180389404297
81 2.2998180389404297
82 2.2998180389404297
83 2.2998180389404297
84 2.2998180389404297
85 2.297699213027954
86 2.3026957511901855
87 2.303224802017212
88 2.30513334274292
89 2.302997350692749
90 2.300149917602539
91 2.302257776260376
92 2.3052732944488525
93 2.300388813018799
94 2.300388813018799
95 2.299398899078369
96 2.299398899078369
97 2.299398899078369
98 2.3003461360931396
99 2.300363063812256
100 2.300363063812256
101 2.301651954650879
102 2.3039474487304688
103 2.302603244781494
104 2.2997899055480957
105 2.2997899055480957
106 2.2997899055480957
107 2.301050901412964
108 2.302935838699341
109 2.302935838699341
110 2.3028252124786377
111 2.3028252124786377
112 2.3028252124786377
113 2.3028252124786377
114 2.301858425140381
115 2.301858425140381
116 2.300334930419922
117 2.2993345260620117
118 2.3043606281280518
119 2.3043606281280518
120 2.300682544708252
121 2.3037753105163574
122 2.3029189109802246
123 2.3018510341644287
124 2.3018510341644287
125 2.3018510341644287
126 2.3014793395996094
127 2.3014793395996094
128 2.2992146015167236
129 2.301473379135132
130 2.301473379135132
131 2.3010671138763428
132 2.3010671138763428
133 2.3010671138763428
134 2.3044137954711914
135 2.3060059547424316
136 2.301367998123169
137 2.300388813018799
138 2.299704074859619
139 2.299704074859619
140 2.299704074859619
141 2.299704074859619
142 2.299704074859619
143 2.299704074859619
144 2.3036084175109863
145 2.3017139434814453
146 2.2984132766723633
147 2.2984132766723633
148 2.3021950721740723
149 2.303147315979004
150 2.3026440143585205
151 2.3018410205841064
152 2.301426887512207
153 2.3048031330108643
154 2.29919695854187
155 2.3011863231658936
156 2.3011863231658936
157 2.3011863231658936
158 2.303192138671875
159 2.303192138671875
160 2.300339937210083
161 2.300339937210083
162 2.2975103855133057
163 2.299999475479126
164 2.302607536315918
165 2.301163911819458
166 2.303373098373413
167 2.303373098373413
168 2.29537034034729
169 2.29537034034729
170 2.298583745956421
171 2.302793502807617
172 2.302793502807617
173 2.302793502807617
174 2.304555654525757
175 2.304555654525757
176 2.30047607421875
177 2.30047607421875
178 2.3019967079162598
179 2.3009870052337646
180 2.3009870052337646
181 2.302072763442993
182 2.301908493041992
183 2.303325891494751
184 2.3003737926483154
185 2.303428888320923
186 2.303428888320923
187 2.302204132080078
188 2.2992630004882812
189 2.2992630004882812
190 2.298434257507324
191 2.301528215408325
192 2.2968859672546387
193 2.300675392150879
194 2.301018238067627
195 2.301018238067627
196 2.303013563156128
197 2.299250364303589
198 2.2984402179718018
199 2.2984402179718018
200 2.300739049911499
201 2.3011181354522705
202 2.3025107383728027
203 2.2987148761749268
204 2.3001480102539062
205 2.3022069931030273
206 2.302098512649536
207 2.3043203353881836
208 2.3016738891601562
209 2.3011906147003174
210 2.3023383617401123
211 2.3023383617401123
212 2.3023383617401123
213 2.302396059036255
214 2.2992637157440186
215 2.2995100021362305
216 2.2995100021362305
217 2.2995100021362305
218 2.302635431289673
219 2.302320957183838
220 2.301837921142578
221 2.3042964935302734
222 2.301739454269409
223 2.301739454269409
224 2.300382614135742
225 2.300382614135742
226 2.300382614135742
227 2.3021469116210938
228 2.3021469116210938
229 2.3016555309295654
230 2.3036389350891113
231 2.3036389350891113
232 2.3036389350891113
233 2.299661159515381
234 2.299661159515381
235 2.299661159515381
236 2.30259370803833
237 2.3051917552948
238 2.3009936809539795
239 2.302854061126709
240 2.298598289489746
241 2.298598289489746
242 2.3025898933410645
243 2.300067663192749
244 2.301135778427124
245 2.301135778427124
246 2.3024439811706543
247 2.3016936779022217
248 2.3016936779022217
249 2.299407482147217
250 2.303802728652954
251 2.2973830699920654
252 2.302800416946411
253 2.302800416946411
254 2.2980997562408447
255 2.3007261753082275
256 2.2975947856903076
257 2.3054988384246826
258 2.2945973873138428
259 2.2970216274261475
260 2.30370831489563
261 2.30370831489563
262 2.293806791305542
263 2.2973318099975586
264 2.2973318099975586
265 2.3034825325012207
266 2.303986072540283
267 2.303986072540283
268 2.303986072540283
269 2.3015296459198
270 2.3015296459198
271 2.303758382797241
272 2.3024144172668457
273 2.3044698238372803
274 2.3044698238372803
275 2.3042569160461426
276 2.3039870262145996
277 2.3045685291290283
278 2.3022923469543457
279 2.299811601638794
280 2.299811601638794
281 2.303311347961426
282 2.3013885021209717
283 2.302325963973999
284 2.3028974533081055
285 2.297224283218384
286 2.302001953125
287 2.300365686416626
288 2.3028438091278076
289 2.3027453422546387
290 2.3027453422546387
291 2.2968642711639404
292 2.3021786212921143
293 2.2994258403778076
294 2.2995336055755615
295 2.3017356395721436
296 2.2996017932891846
297 2.2996017932891846
298 2.301453113555908
299 2.3007493019104004
300 2.3007493019104004
301 2.3020741939544678
302 2.3023595809936523
303 2.3023595809936523
304 2.3023595809936523
305 2.3004257678985596
306 2.303104877471924
307 2.3026020526885986
308 2.300910234451294
309 2.2963366508483887
310 2.299111843109131
311 2.30185866355896
312 2.299913167953491
313 2.3025214672088623
314 2.2999422550201416
315 2.3013713359832764
316 2.3013713359832764
317 2.301304340362549
318 2.301304340362549
319 2.3028738498687744
320 2.2999300956726074
321 2.302506685256958
322 2.301185131072998
323 2.2967824935913086
324 2.2987897396087646
325 2.2987897396087646
326 2.2987897396087646
327 2.3026022911071777
328 2.3026022911071777
329 2.303532361984253
330 2.301464319229126
331 2.2995688915252686
332 2.3012375831604004
333 2.3022689819335938
334 2.3018150329589844
335 2.3064863681793213
336 2.3024888038635254
337 2.2982354164123535
338 2.3005826473236084
339 2.2995119094848633
340 2.2995119094848633
341 2.2995119094848633
342 2.3029978275299072
343 2.3050589561462402
344 2.3025639057159424
345 2.29848313331604
346 2.29848313331604
347 2.2983615398406982
348 2.2990028858184814
349 2.296762466430664
350 2.296762466430664
351 2.2988665103912354
352 2.301602840423584
353 2.3014349937438965
354 2.303119659423828
355 2.298914909362793
356 2.2982096672058105
357 2.303541660308838
358 2.30308198928833
359 2.301649570465088
360 2.299274206161499
361 2.2970032691955566
362 2.3007655143737793
363 2.3007655143737793
364 2.298964023590088
365 2.301215410232544
366 2.301215410232544
367 2.3018267154693604
368 2.3018267154693604
369 2.297945261001587
370 2.2979896068573
371 2.300042152404785
372 2.2993557453155518
373 2.2993557453155518
374 2.3019661903381348
375 2.3011839389801025
376 2.3041348457336426
377 2.3041348457336426
378 2.3041348457336426
379 2.2966370582580566
380 2.3006725311279297
381 2.3006725311279297
382 2.2995567321777344
383 2.304625988006592
384 2.303178071975708
385 2.2993106842041016
386 2.301604986190796
387 2.301604986190796
388 2.301604986190796
389 2.301604986190796
390 2.3025004863739014
391 2.3011608123779297
392 2.302493095397949
393 2.298828125
394 2.298828125
395 2.3014631271362305
396 2.2985713481903076
397 2.2985713481903076
398 2.300816774368286
399 2.2959225177764893
400 2.2959225177764893
401 2.298983335494995
402 2.3008480072021484
403 2.299166202545166
404 2.301044464111328
405 2.2997817993164062
406 2.302912950515747
407 2.3004400730133057
408 2.3004400730133057
409 2.294959306716919
410 2.298687696456909
411 2.3030951023101807
412 2.3030951023101807
413 2.302340507507324
414 2.298452138900757
415 2.2985448837280273
416 2.303884267807007
417 2.2967724800109863
418 2.2999982833862305
419 2.304269313812256
420 2.2956717014312744
421 2.299239158630371
422 2.2979555130004883
423 2.3035595417022705
424 2.297279119491577
425 2.297279119491577
426 2.297279119491577
427 2.297279119491577
428 2.297393560409546
429 2.301034927368164
430 2.3024027347564697
431 2.2985968589782715
432 2.3003690242767334
433 2.3025636672973633
434 2.3003273010253906
435 2.2995128631591797
436 2.300791025161743
437 2.2989110946655273
438 2.2987220287323
439 2.2987220287323
440 2.3033995628356934
441 2.2973246574401855
442 2.2973246574401855
443 2.2973246574401855
444 2.300462245941162
445 2.3000388145446777
446 2.3000388145446777
447 2.300313711166382
448 2.299184799194336
449 2.294245481491089
450 2.3006792068481445
451 2.29695463180542
452 2.3001184463500977
453 2.2946274280548096
454 2.298999786376953
455 2.2984485626220703
456 2.2984485626220703
457 2.2967398166656494
458 2.2967398166656494
459 2.297330856323242
460 2.3021748065948486
461 2.3021748065948486
462 2.3042967319488525
463 2.3010246753692627
464 2.2988436222076416
465 2.297271966934204
466 2.297271966934204
467 2.297941207885742
468 2.302203416824341
469 2.2996349334716797
470 2.2996349334716797
471 2.3010640144348145
472 2.297260046005249
473 2.297260046005249
474 2.2949740886688232
475 2.2949740886688232
476 2.2949740886688232
477 2.2949740886688232
478 2.298212766647339
479 2.3014440536499023
480 2.299544095993042
481 2.299544095993042
482 2.2981154918670654
483 2.297048568725586
484 2.297048568725586
485 2.297048568725586
486 2.297048568725586
487 2.302739381790161
488 2.302739381790161
489 2.304180860519409
490 2.304180860519409
491 2.3022453784942627
492 2.3022453784942627
493 2.3022453784942627
494 2.3022453784942627
495 2.301370620727539
496 2.301024913787842
497 2.301024913787842
498 2.29577898979187
499 2.2987136840820312
500 2.29606032371521
501 2.29606032371521
502 2.2983624935150146
503 2.2988221645355225
504 2.2995200157165527
505 2.3021607398986816
506 2.299919605255127
507 2.3028459548950195
508 2.301042318344116
509 2.300642967224121
510 2.300642967224121
511 2.3010318279266357
512 2.3033833503723145
513 2.3033833503723145
514 2.3008062839508057
515 2.2984566688537598
516 2.2984566688537598
517 2.2972283363342285
518 2.299016237258911
519 2.3008155822753906
520 2.301117181777954
521 2.299074172973633
522 2.299074172973633
523 2.297947883605957
524 2.2980899810791016
525 2.2980899810791016
526 2.2981815338134766
527 2.2987632751464844
528 2.298372983932495
529 2.296243906021118
530 2.2965800762176514
531 2.2978925704956055
532 2.2992403507232666
533 2.2992403507232666
534 2.2992403507232666
535 2.2974679470062256
536 2.2974679470062256
537 2.2974679470062256
538 2.3004536628723145
539 2.3004536628723145
540 2.3004536628723145
541 2.2969062328338623
542 2.2995717525482178
543 2.2995717525482178
544 2.3020334243774414
545 2.3007638454437256
546 2.3007638454437256
547 2.2959229946136475
548 2.2959229946136475
549 2.300185441970825
550 2.3025009632110596
551 2.298628568649292
552 2.2946484088897705
553 2.300400733947754
554 2.300400733947754
555 2.3019986152648926
556 2.3019986152648926
557 2.3019986152648926
558 2.300355911254883
559 2.292804718017578
560 2.293829917907715
561 2.2986960411071777
562 2.2975945472717285
563 2.296360492706299
564 2.296360492706299
565 2.296360492706299
566 2.297895669937134
567 2.296647787094116
568 2.2951204776763916
569 2.2951204776763916
570 2.29971981048584
571 2.294023275375366
572 2.3017375469207764
573 2.3017375469207764
574 2.296823740005493
575 2.2966928482055664
576 2.296262741088867
577 2.299407958984375
578 2.2967236042022705
579 2.2967236042022705
580 2.2988831996917725
581 2.2994325160980225
582 2.2994325160980225
583 2.2994325160980225
584 2.2994325160980225
585 2.2998692989349365
586 2.295804977416992
587 2.295804977416992
588 2.3008854389190674
589 2.3008854389190674
590 2.2983174324035645
591 2.299544095993042
592 2.299544095993042
593 2.2978367805480957
594 2.2998838424682617
595 2.2998838424682617
596 2.302567720413208
597 2.2968406677246094
598 2.2968406677246094
599 2.294837474822998
600 2.3020143508911133
601 2.297079563140869
602 2.2974278926849365
603 2.2974278926849365
604 2.2986948490142822
605 2.298069953918457
606 2.301544427871704
607 2.301544427871704
608 2.299159526824951
609 2.2960660457611084
610 2.2960660457611084
611 2.293212413787842
612 2.293212413787842
613 2.2989931106567383
614 2.291901111602783
615 2.302210807800293
616 2.302210807800293
617 2.2952096462249756
618 2.2952096462249756
619 2.2964463233947754
620 2.299166202545166
621 2.300382614135742
622 2.2957208156585693
623 2.2994229793548584
624 2.2954444885253906
625 2.2936460971832275
626 2.291759490966797
627 2.300784111022949
628 2.293131113052368
629 2.3019585609436035
630 2.3019585609436035
631 2.2975282669067383
632 2.299381971359253
633 2.2998945713043213
634 2.3003463745117188
635 2.3003463745117188
636 2.293971538543701
637 2.293971538543701
638 2.293971538543701
639 2.293971538543701
640 2.29789137840271
641 2.29789137840271
642 2.29789137840271
643 2.29789137840271
644 2.293621301651001
645 2.2955095767974854
646 2.299881935119629
647 2.297466993331909
648 2.297466993331909
649 2.296706438064575
650 2.298447608947754
651 2.298447608947754
652 2.2976887226104736
653 2.3014893531799316
654 2.3014893531799316
655 2.2919085025787354
656 2.2984395027160645
657 2.2956929206848145
658 2.2966601848602295
659 2.2966601848602295
660 2.2966601848602295
661 2.3002636432647705
662 2.3002636432647705
663 2.3002636432647705
664 2.3002636432647705
665 2.3002636432647705
666 2.301246166229248
667 2.2988641262054443
668 2.29794979095459
669 2.295996904373169
670 2.3007712364196777
671 2.3007712364196777
672 2.3007712364196777
673 2.300832986831665
674 2.300832986831665
675 2.296915292739868
676 2.296529769897461
677 2.296529769897461
678 2.296529769897461
679 2.2988765239715576
680 2.2988765239715576
681 2.2988765239715576
682 2.2988765239715576
683 2.2988765239715576
684 2.2967677116394043
685 2.2967677116394043
686 2.294617176055908
687 2.3030598163604736
688 2.299365997314453
689 2.302107810974121
690 2.294137477874756
691 2.297464370727539
692 2.297464370727539
693 2.297464370727539
694 2.297464370727539
695 2.297783613204956
696 2.2978246212005615
697 2.2978246212005615
698 2.2998180389404297
699 2.2998180389404297
700 2.2998180389404297
701 2.30076003074646
702 2.293550729751587
703 2.2977101802825928
704 2.2977101802825928
705 2.2977101802825928
706 2.2968738079071045
707 2.2954812049865723
708 2.2954812049865723
709 2.297234296798706
710 2.295825958251953
711 2.2972919940948486
712 2.30206561088562
713 2.295795202255249
714 2.2980732917785645
715 2.2973368167877197
716 2.300645351409912
717 2.299328327178955
718 2.299837589263916
719 2.299837589263916
720 2.295563220977783
721 2.2946155071258545
722 2.2980120182037354
723 2.296041488647461
724 2.299456834793091
725 2.2988812923431396
726 2.297720432281494
727 2.297449827194214
728 2.294814109802246
729 2.2984673976898193
730 2.2984673976898193
731 2.300471305847168
732 2.296454429626465
733 2.2962279319763184
734 2.2962279319763184
735 2.292135238647461
736 2.3014602661132812
737 2.3008580207824707
738 2.3008580207824707
739 2.3008580207824707
740 2.3008580207824707
741 2.297480821609497
742 2.293015956878662
743 2.301173448562622
744 2.301173448562622
745 2.301173448562622
746 2.2980968952178955
747 2.29724383354187
748 2.298563241958618
749 2.289790153503418
750 2.294321298599243
751 2.30179762840271
752 2.29408860206604
753 2.29408860206604
754 2.300912380218506
755 2.296083927154541
756 2.2908029556274414
757 2.2908029556274414
758 2.300494909286499
759 2.2982969284057617
760 2.2878942489624023
761 2.2878942489624023
762 2.2960269451141357
763 2.29738712310791
764 2.29738712310791
765 2.29903507232666
766 2.2932639122009277
767 2.2932639122009277
768 2.2932639122009277
769 2.294534921646118
770 2.2950220108032227
771 2.2950220108032227
772 2.2953922748565674
773 2.2953922748565674
774 2.2955377101898193
775 2.2999460697174072
776 2.2983975410461426
777 2.2958638668060303
778 2.2958638668060303
779 2.2958638668060303
780 2.2955286502838135
781 2.2987422943115234
782 2.298323392868042
783 2.298323392868042
784 2.2984423637390137
785 2.296644687652588
786 2.296644687652588
787 2.2995283603668213
788 2.2995283603668213
789 2.2995283603668213
790 2.2995283603668213
791 2.2940833568573
792 2.298156976699829
793 2.298156976699829
794 2.298156976699829
795 2.296344757080078
796 2.2905354499816895
797 2.2905616760253906
798 2.2936410903930664
799 2.2936410903930664
800 2.2936410903930664
801 2.2987327575683594
802 2.297258138656616
803 2.295419931411743
804 2.295419931411743
805 2.292142629623413
806 2.294729232788086
807 2.293940782546997
808 2.297549247741699
809 2.297549247741699
810 2.2953646183013916
811 2.2953646183013916
812 2.2973222732543945
813 2.296753406524658
814 2.2957630157470703
815 2.292775869369507
816 2.2941436767578125
817 2.2941436767578125
818 2.2941436767578125
819 2.2999141216278076
820 2.2999141216278076
821 2.2955334186553955
822 2.2946345806121826
823 2.2990291118621826
824 2.2966020107269287
825 2.2966020107269287
826 2.2966020107269287
827 2.2966020107269287
828 2.2966020107269287
829 2.2966020107269287
830 2.291558027267456
831 2.291558027267456
832 2.292923927307129
833 2.296553134918213
834 2.2963972091674805
835 2.296478748321533
836 2.296478748321533
837 2.2952332496643066
838 2.2952332496643066
839 2.297511577606201
840 2.2960150241851807
841 2.2960150241851807
842 2.2960150241851807
843 2.29003643989563
844 2.29003643989563
845 2.297245979309082
846 2.297245979309082
847 2.297245979309082
848 2.297245979309082
849 2.2961084842681885
850 2.2963063716888428
851 2.29984974861145
852 2.29984974861145
853 2.2928953170776367
854 2.297431468963623
855 2.2934412956237793
856 2.2934412956237793
857 2.2923049926757812
858 2.2923049926757812
859 2.290675401687622
860 2.290675401687622
861 2.290675401687622
862 2.290675401687622
863 2.2925939559936523
864 2.2953097820281982
865 2.2961723804473877
866 2.2943758964538574
867 2.2943758964538574
868 2.297373056411743
869 2.295163154602051
870 2.295163154602051
871 2.2952725887298584
872 2.2965850830078125
873 2.2962422370910645
874 2.292206287384033
875 2.293627977371216
876 2.2995476722717285
877 2.2954397201538086
878 2.2954397201538086
879 2.2931113243103027
880 2.2931113243103027
881 2.288806915283203
882 2.2901666164398193
883 2.2956149578094482
884 2.296886920928955
885 2.298604965209961
886 2.2903926372528076
887 2.293405294418335
888 2.2941975593566895
889 2.296774387359619
890 2.293738842010498
891 2.29117751121521
892 2.2888779640197754
893 2.294351100921631
894 2.294351100921631
895 2.296135663986206
896 2.2980284690856934
897 2.292188882827759
898 2.2918834686279297
899 2.2918834686279297
900 2.2924866676330566
901 2.2924866676330566
902 2.29172945022583
903 2.29172945022583
904 2.29095458984375
905 2.29095458984375
906 2.29095458984375
907 2.2958059310913086
908 2.2939724922180176
909 2.2943215370178223
910 2.29440975189209
911 2.2919721603393555
912 2.2866015434265137
913 2.2866015434265137
914 2.2995429039001465
915 2.2995429039001465
916 2.2995429039001465
917 2.2995429039001465
918 2.291656255722046
919 2.291656255722046
920 2.291656255722046
921 2.2977194786071777
922 2.2977194786071777
923 2.2947165966033936
924 2.2962772846221924
925 2.2981157302856445
926 2.2979817390441895
927 2.295578718185425
928 2.2952699661254883
929 2.285611152648926
930 2.2922074794769287
931 2.2922074794769287
932 2.2937357425689697
933 2.2905313968658447
934 2.293971300125122
935 2.294330596923828
936 2.294330596923828
937 2.294330596923828
938 2.294330596923828
939 2.294330596923828
940 2.2874081134796143
941 2.2874081134796143
942 2.2874081134796143
943 2.2954373359680176
944 2.2954373359680176
945 2.29785418510437
946 2.29785418510437
947 2.29785418510437
948 2.29785418510437
949 2.29785418510437
950 2.2932279109954834
951 2.2932279109954834
952 2.2984156608581543
953 2.2942934036254883
954 2.2893848419189453
955 2.293086051940918
956 2.293086051940918
957 2.2943365573883057
958 2.293670654296875
959 2.293670654296875
960 2.293670654296875
961 2.293670654296875
962 2.293670654296875
963 2.2958712577819824
964 2.2902042865753174
965 2.2914488315582275
966 2.291386365890503
967 2.290717124938965
968 2.2865989208221436
969 2.2865989208221436
970 2.28997802734375
971 2.2927825450897217
972 2.295121192932129
973 2.2910149097442627
974 2.2922186851501465
975 2.2922186851501465
976 2.287320137023926
977 2.298398017883301
978 2.2919695377349854
979 2.2866227626800537
980 2.2950851917266846
981 2.289818525314331
982 2.2918801307678223
983 2.287343740463257
984 2.290558338165283
985 2.2917068004608154
986 2.2906527519226074
987 2.2906527519226074
988 2.2881147861480713
989 2.2931766510009766
990 2.2911248207092285
991 2.2931087017059326
992 2.296329975128174
993 2.2913928031921387
994 2.2913928031921387
995 2.2882657051086426
996 2.289787530899048
997 2.289856433868408
998 2.2960779666900635
999 2.289755344390869
1000 2.289755344390869
1001 2.2891924381256104
1002 2.2891924381256104
1003 2.294034242630005
1004 2.289797067642212
1005 2.289797067642212
1006 2.289797067642212
1007 2.289797067642212
1008 2.2941548824310303
1009 2.2941548824310303
1010 2.2941548824310303
1011 2.2928011417388916
1012 2.2928011417388916
1013 2.2928011417388916
1014 2.2928011417388916
1015 2.284587860107422
1016 2.2902112007141113
1017 2.290372848510742
1018 2.2906463146209717
1019 2.2957003116607666
1020 2.2948358058929443
1021 2.2905263900756836
1022 2.2905263900756836
1023 2.2905263900756836
1024 2.288682699203491
1025 2.288682699203491
1026 2.288682699203491
1027 2.2881038188934326
1028 2.291008472442627
1029 2.291151523590088
1030 2.2903027534484863
1031 2.287590503692627
1032 2.2887978553771973
1033 2.2955267429351807
1034 2.2936205863952637
1035 2.294267416000366
1036 2.28946590423584
1037 2.28946590423584
1038 2.28946590423584
1039 2.2913711071014404
1040 2.2913711071014404
1041 2.2919113636016846
1042 2.28574800491333
1043 2.293470859527588
1044 2.2951581478118896
1045 2.2971668243408203
1046 2.294642210006714
1047 2.2846333980560303
1048 2.295133590698242
1049 2.2929458618164062
1050 2.287879467010498
1051 2.288759708404541
1052 2.293023109436035
1053 2.290788412094116
1054 2.2889139652252197
1055 2.2889139652252197
1056 2.289527416229248
1057 2.2875468730926514
1058 2.2916359901428223
1059 2.2916359901428223
1060 2.2886435985565186
1061 2.2886435985565186
1062 2.2929508686065674
1063 2.2858028411865234
1064 2.2899386882781982
1065 2.289599895477295
1066 2.291797637939453
1067 2.291797637939453
1068 2.286708354949951
1069 2.2896573543548584
1070 2.2843940258026123
1071 2.2843940258026123
1072 2.2843940258026123
1073 2.2843940258026123
1074 2.2843940258026123
1075 2.2933084964752197
1076 2.2868926525115967
1077 2.286991596221924
1078 2.2914881706237793
1079 2.2895925045013428
1080 2.2929184436798096
1081 2.28839111328125
1082 2.2892110347747803
1083 2.285069227218628
1084 2.285069227218628
1085 2.285069227218628
1086 2.29390025138855
1087 2.29390025138855
1088 2.29390025138855
1089 2.283886432647705
1090 2.283886432647705
1091 2.283886432647705
1092 2.291731595993042
1093 2.291731595993042
1094 2.289777994155884
1095 2.2915127277374268
1096 2.2915127277374268
1097 2.2878522872924805
1098 2.291093587875366
1099 2.2877066135406494
1100 2.2929623126983643
1101 2.2929623126983643
1102 2.286886692047119
1103 2.286886692047119
1104 2.2915756702423096
1105 2.285876512527466
1106 2.286123752593994
1107 2.2895586490631104
1108 2.2897446155548096
1109 2.2791333198547363
1110 2.286306142807007
1111 2.286306142807007
1112 2.2926650047302246
1113 2.28369140625
1114 2.284125328063965
1115 2.2867960929870605
1116 2.2867960929870605
1117 2.286221742630005
1118 2.2917582988739014
1119 2.2917582988739014
1120 2.2844290733337402
1121 2.289994716644287
1122 2.2813000679016113
1123 2.282707691192627
1124 2.282707691192627
1125 2.2868452072143555
1126 2.281716823577881
1127 2.28766131401062
1128 2.287263870239258
1129 2.281872510910034
1130 2.285646438598633
1131 2.285646438598633
1132 2.285646438598633
1133 2.2877302169799805
1134 2.2918879985809326
1135 2.2918879985809326
1136 2.2854342460632324
1137 2.2854342460632324
1138 2.2854342460632324
1139 2.2850165367126465
1140 2.2806954383850098
1141 2.2806954383850098
1142 2.2806954383850098
1143 2.284655809402466
1144 2.284655809402466
1145 2.283891439437866
1146 2.283891439437866
1147 2.283891439437866
1148 2.283891439437866
1149 2.2917518615722656
1150 2.2861061096191406
1151 2.2861061096191406
1152 2.2858200073242188
1153 2.2858200073242188
1154 2.283273696899414
1155 2.283273696899414
1156 2.27828049659729
1157 2.2841899394989014
1158 2.2843103408813477
1159 2.2874255180358887
1160 2.2874255180358887
1161 2.2890191078186035
1162 2.2890191078186035
1163 2.282405138015747
1164 2.279909133911133
1165 2.2920126914978027
1166 2.283665895462036
1167 2.2822463512420654
1168 2.2822463512420654
1169 2.282438278198242
1170 2.282438278198242
1171 2.2812914848327637
1172 2.283726930618286
1173 2.283726930618286
1174 2.2848153114318848
1175 2.2848153114318848
1176 2.2826755046844482
1177 2.2811965942382812
1178 2.2842698097229004
1179 2.2820186614990234
1180 2.2779057025909424
1181 2.286728620529175
1182 2.286728620529175
1183 2.286728620529175
1184 2.286728620529175
1185 2.280438184738159
1186 2.290426015853882
1187 2.280673027038574
1188 2.289576292037964
1189 2.2831180095672607
1190 2.2831180095672607
1191 2.280367851257324
1192 2.2759616374969482
1193 2.280076026916504
1194 2.280076026916504
1195 2.280076026916504
1196 2.2830724716186523
1197 2.2830724716186523
1198 2.2823779582977295
1199 2.281583309173584
1200 2.281503200531006
1201 2.281503200531006
1202 2.2786014080047607
1203 2.2761013507843018
1204 2.2761013507843018
1205 2.2761013507843018
1206 2.2805404663085938
1207 2.2833993434906006
1208 2.2821052074432373
1209 2.2821052074432373
1210 2.2821052074432373
1211 2.2841548919677734
1212 2.276271343231201
1213 2.2826123237609863
1214 2.2826123237609863
1215 2.2826123237609863
1216 2.2826123237609863
1217 2.285250186920166
1218 2.285250186920166
1219 2.279723644256592
1220 2.279170274734497
1221 2.279170274734497
1222 2.279170274734497
1223 2.279170274734497
1224 2.2738239765167236
1225 2.2784926891326904
1226 2.2784926891326904
1227 2.2884135246276855
1228 2.2884135246276855
1229 2.2744028568267822
1230 2.278871774673462
1231 2.2808170318603516
1232 2.2768495082855225
1233 2.2768495082855225
1234 2.2883362770080566
1235 2.2880475521087646
1236 2.27687668800354
1237 2.277632236480713
1238 2.277632236480713
1239 2.273432493209839
1240 2.2818682193756104
1241 2.2767996788024902
1242 2.2767996788024902
1243 2.2682344913482666
1244 2.2825748920440674
1245 2.279500961303711
1246 2.2783188819885254
1247 2.279965877532959
1248 2.279965877532959
1249 2.277923345565796
1250 2.285902261734009
1251 2.2803962230682373
1252 2.276756525039673
1253 2.276362419128418
1254 2.276362419128418
1255 2.276362419128418
1256 2.2803568840026855
1257 2.276524066925049
1258 2.274890184402466
1259 2.2737109661102295
1260 2.2737109661102295
1261 2.2785165309906006
1262 2.2760469913482666
1263 2.2812490463256836
1264 2.2741639614105225
1265 2.2741639614105225
1266 2.2701783180236816
1267 2.275979518890381
1268 2.275979518890381
1269 2.275979518890381
1270 2.2745532989501953
1271 2.2737393379211426
1272 2.267658233642578
1273 2.267658233642578
1274 2.267658233642578
1275 2.2752435207366943
1276 2.271733045578003
1277 2.271733045578003
1278 2.2673380374908447
1279 2.274664878845215
1280 2.279895782470703
1281 2.2832391262054443
1282 2.2832391262054443
1283 2.269226551055908
1284 2.280651330947876
1285 2.280651330947876
1286 2.279750347137451
1287 2.275526762008667
1288 2.275526762008667
1289 2.275526762008667
1290 2.2770309448242188
1291 2.2770309448242188
1292 2.274415969848633
1293 2.2765774726867676
1294 2.2702245712280273
1295 2.2702245712280273
1296 2.273244619369507
1297 2.2684082984924316
1298 2.272326707839966
1299 2.2767441272735596
1300 2.2685937881469727
1301 2.270443916320801
1302 2.2742080688476562
1303 2.272263288497925
1304 2.267897129058838
1305 2.2745816707611084
1306 2.2745816707611084
1307 2.270388126373291
1308 2.2625391483306885
1309 2.2625391483306885
1310 2.268249750137329
1311 2.264939546585083
1312 2.264939546585083
1313 2.2700459957122803
1314 2.2680275440216064
1315 2.2632899284362793
1316 2.2632899284362793
1317 2.268113613128662
1318 2.26668643951416
1319 2.26668643951416
1320 2.26668643951416
1321 2.2721383571624756
1322 2.2721383571624756
1323 2.2642343044281006
1324 2.2642343044281006
1325 2.2727725505828857
1326 2.269089937210083
1327 2.2547411918640137
1328 2.2547411918640137
1329 2.2704665660858154
1330 2.262066125869751
1331 2.259699821472168
1332 2.2613115310668945
1333 2.2613115310668945
1334 2.2710530757904053
1335 2.259387254714966
1336 2.2703938484191895
1337 2.260942220687866
1338 2.2676291465759277
1339 2.2624478340148926
1340 2.2624478340148926
1341 2.266934633255005
1342 2.266934633255005
1343 2.261953353881836
1344 2.2580223083496094
1345 2.2580223083496094
1346 2.2615952491760254
1347 2.2615952491760254
1348 2.2714569568634033
1349 2.265101194381714
1350 2.262462854385376
1351 2.262462854385376
1352 2.262462854385376
1353 2.262462854385376
1354 2.2643954753875732
1355 2.2660207748413086
1356 2.257690906524658
1357 2.2535903453826904
1358 2.2727088928222656
1359 2.273833751678467
1360 2.2584729194641113
1361 2.2584729194641113
1362 2.2634875774383545
1363 2.2658681869506836
1364 2.267350673675537
1365 2.267350673675537
1366 2.267350673675537
1367 2.2774903774261475
1368 2.2606992721557617
1369 2.256082773208618
1370 2.2590980529785156
1371 2.263174057006836
1372 2.263174057006836
1373 2.263174057006836
1374 2.2591500282287598
1375 2.256707191467285
1376 2.256707191467285
1377 2.256707191467285
1378 2.263509750366211
1379 2.2727208137512207
1380 2.2727208137512207
1381 2.2727208137512207
1382 2.2727208137512207
1383 2.2727208137512207
1384 2.24922251701355
1385 2.2551305294036865
1386 2.2558305263519287
1387 2.2613515853881836
1388 2.2613515853881836
1389 2.2625389099121094
1390 2.2479519844055176
1391 2.2571871280670166
1392 2.247387170791626
1393 2.2485544681549072
1394 2.259732484817505
1395 2.2497308254241943
1396 2.2497308254241943
1397 2.2496397495269775
1398 2.2496397495269775
1399 2.2528560161590576
1400 2.2528560161590576
1401 2.2528560161590576
1402 2.260134220123291
1403 2.246910572052002
1404 2.243600845336914
1405 2.2437753677368164
1406 2.2437753677368164
1407 2.257852792739868
1408 2.2353270053863525
1409 2.2542080879211426
1410 2.2492587566375732
1411 2.2509143352508545
1412 2.2490556240081787
1413 2.2504987716674805
1414 2.2551429271698
1415 2.2576653957366943
1416 2.2576653957366943
1417 2.2593209743499756
1418 2.2449791431427
1419 2.2449791431427
1420 2.2449791431427
1421 2.2572083473205566
1422 2.2376747131347656
1423 2.2376747131347656
1424 2.24123215675354
1425 2.246290922164917
1426 2.233485221862793
1427 2.2452876567840576
1428 2.2433128356933594
1429 2.2433128356933594
1430 2.2182092666625977
1431 2.2456305027008057
1432 2.2456305027008057
1433 2.244802474975586
1434 2.244802474975586
1435 2.2530770301818848
1436 2.250880479812622
1437 2.2522034645080566
1438 2.2522034645080566
1439 2.2563724517822266
1440 2.2563724517822266
1441 2.227064609527588
1442 2.227064609527588
1443 2.2502591609954834
1444 2.232860565185547
1445 2.243509531021118
1446 2.253035545349121
1447 2.253035545349121
1448 2.253035545349121
1449 2.2503552436828613
1450 2.2379915714263916
1451 2.2379915714263916
1452 2.2379915714263916
1453 2.2464869022369385
1454 2.2464869022369385
1455 2.230128288269043
1456 2.230128288269043
1457 2.250967264175415
1458 2.250967264175415
1459 2.254847764968872
1460 2.228525400161743
1461 2.2331576347351074
1462 2.229003667831421
1463 2.225891590118408
1464 2.232825756072998
1465 2.2299256324768066
1466 2.224968433380127
1467 2.2117276191711426
1468 2.229398012161255
1469 2.229398012161255
1470 2.216914653778076
1471 2.24233078956604
1472 2.215101718902588
1473 2.233341693878174
1474 2.2180473804473877
1475 2.227020263671875
1476 2.227020263671875
1477 2.2316086292266846
1478 2.236257314682007
1479 2.232888698577881
1480 2.232888698577881
1481 2.2362422943115234
1482 2.210735321044922
1483 2.211988687515259
1484 2.227855682373047
1485 2.226985216140747
1486 2.226985216140747
1487 2.2276031970977783
1488 2.203967571258545
1489 2.2179481983184814
1490 2.2179481983184814
1491 2.2313363552093506
1492 2.2092432975769043
1493 2.23256516456604
1494 2.217297315597534
1495 2.2213387489318848
1496 2.2213387489318848
1497 2.2213387489318848
1498 2.2115604877471924
1499 2.22865891456604
