0 1.0
1 1.0
2 1.1
3 1.2000000000000002
4 1.3000000000000003
5 1.4000000000000004
6 1.4951147168195784
7 1.4951147168195784
8 1.5951147168195785
9 1.694299594063673
10 1.694299594063673
11 1.794299594063673
12 1.894299594063673
13 1.98625617334896
14 2.0843511685734883
15 2.1843511685734884
16 2.2760580040022065
17 2.2760580040022065
18 2.372578016509258
19 2.472578016509258
20 2.5710095993222892
21 2.5710095993222892
22 2.5710095993222892
23 2.661517352186422
24 2.7593679260360933
25 2.8593679260360934
26 2.9593679260360934
27 2.9593679260360934
28 3.0519517917817556
29 3.139754684645119
30 3.239465731153223
31 3.339465731153223
32 3.339465731153223
33 3.437839962827595
34 3.5344075172083422
35 3.6344075172083423
36 3.6344075172083423
37 3.7331531287771185
38 3.832258452700791
39 3.9295426059819896
40 4.029542605981989
41 4.129542605981989
42 4.2295426059819885
43 4.323306256529688
44 4.413246381875643
45 4.413246381875643
46 4.507010486037004
47 4.507010486037004
48 4.507010486037004
49 4.507010486037004
