0 9997
1 9997
2 9997
3 9997
4 9997
5 9997
7 9997
8 9997
11 9997
13 9997
14 9997
16 9997
17 9997
20 9997
21 9997
22 9997
24 9997
25 9997
26 9997
27 9997
28 9997
30 9997
31 9997
35 9652
36 9997
37 9997
38 9997
39 9997
41 9997
42 9997
44 9997
45 9997
46 9997
48 9997
49 9997
50 9997
51 9997
52 9997
53 9997
54 9997
55 9198
59 8280
61 9997
63 9997
64 9997
65 9997
66 9997
67 9997
68 9997
69 9997
71 7658
73 9996
76 9997
77 7520
78 9997
79 9997
81 9997
82 9997
83 9997
85 9997
87 9997
89 9997
93 6878
95 9997
97 9997
99 9997
