0 9997
1 9997
2 9997
3 9997
4 9997
5 9997
6 9997
7 9997
9 9997
10 9997
12 9997
13 9997
14 9997
15 9997
17 9997
18 9997
20 9997
21 9997
22 9997
24 9997
25 9997
27 9997
28 9997
30 9997
32 9997
33 9997
34 9997
35 9997
36 9997
37 9997
38 9997
39 9997
40 9997
41 9997
46 9997
47 9997
48 9997
49 9997
50 9997
52 9997
53 9997
54 9997
55 9586
56 9997
58 9997
59 9925
60 9997
61 9997
62 9997
63 9997
65 9997
66 9997
67 9997
68 9997
70 9997
71 8433
72 9997
74 9997
75 9997
76 9997
77 8448
79 9997
80 9997
86 9997
87 9997
88 7237
89 9997
90 9997
91 9997
92 9997
94 9997
95 9997
96 9997
97 9997
