0 1.0006555648105182
1 1.0309605838499039
2 1.084784399105547
3 1.1626262899597588
4 1.1626262899597588
5 1.262626289959759
6 1.362626289959759
7 1.362626289959759
8 1.462626289959759
9 1.5626262899597592
10 1.5626262899597592
11 1.6626262899597593
12 1.7626262899597593
13 1.8626262899597594
14 1.8626262899597594
15 1.9626262899597595
16 2.0626262899597596
17 2.1626262899597597
18 2.26262628995976
19 2.36262628995976
20 2.46262628995976
21 2.46262628995976
22 2.46262628995976
23 2.56262628995976
24 2.66262628995976
25 2.66262628995976
26 2.7626262899597602
27 2.8626262899597603
28 2.9626262899597604
29 3.0626262899597605
30 3.1626262899597606
31 3.2626262899597607
32 3.3626262899597608
33 3.3626262899597608
34 3.462626289959761
35 3.562626289959761
36 3.662626289959761
37 3.662626289959761
38 3.762626289959761
39 3.862626289959761
40 3.9626262899597613
41 3.9626262899597613
42 4.062626289959761
43 4.162626289959761
44 4.26262628995976
45 4.26262628995976
46 4.26262628995976
47 4.36262628995976
48 4.36262628995976
49 4.36262628995976
