0 0.0002876417193818787
1 0.0
2 0.0
3 0.0
4 -0.0003841176930740948
5 -0.00011159087869262964
6 -0.0005821129144720318
7 0.0
8 0.001417572849351481
9 0.0
10 0.0
11 0.00023469596195535615
12 -0.0026651640655472875
13 0.0
14 -0.0013698940358789508
15 -0.0007689930718209855
16 0.0
17 -0.0006294459763334982
18 -0.0006645159545063921
19 0.0
20 -0.0009186370450588382
21 0.0
22 0.0
23 0.0
24 -0.000830631814581742
25 -7.219448064327446e-05
26 0.0
27 0.0
28 -0.0003561284870714223
29 0.0
30 0.0
31 -0.0003000196041915127
32 -9.594250478006665e-05
33 0.0
34 -0.0004718440083435921
35 -0.000452456564183843
36 0.0
37 -0.0014006196584638113
38 -0.0002372369075406699
39 -0.002674661634955555
40 -0.0003104936156613281
41 -0.0008498074794503076
42 -8.861676979098957e-05
43 0.0
44 -0.0007062931384256609
45 0.0
46 0.0
47 -7.152937840925261e-05
48 -0.0026383219519630075
49 -0.0007614867830511684
