0 0.0
1 0.0
2 -0.0009028220047065844
3 -8.376294157379765e-05
4 0.0
5 0.0
6 0.0
7 0.0022304953573537814
8 0.0015958025413835828
9 0.0008906565928730696
10 3.664015155380493e-05
11 -0.00045058126365390185
12 0.0
13 -0.0004729305765789934
14 -0.001180955130599741
15 0.0
16 -0.0006388279511028248
17 0.0013774497947159673
18 0.0
19 -0.0026248574489727617
20 -0.0014006016347328416
21 0.0023945959660679646
22 0.0013877481777721742
23 1.2303447719568512e-07
24 -0.00025551003214522374
25 0.0002604724159232537
26 0.0
27 0.0006053978714513361
28 5.7289938185898794e-05
29 0.0
30 0.0
31 -7.45100146367455e-05
32 4.337453961084794e-05
33 0.0
34 -0.00022430100715520483
35 0.0
36 -0.002773401269223541
37 -0.0018374883871388192
38 -0.0005654101923872504
39 0.0
40 3.7491469330978714e-05
41 0.0
42 0.00020269140227459855
43 0.0015552669773744433
44 0.0004924823996774991
45 0.00025428553227470704
46 0.0
47 0.0
48 0.0
49 0.0
