0 0.0
1 7.594279375901456e-05
2 0.0005227731762238119
3 -0.0003133897199507572
4 -8.885040071628247e-06
5 0.0004532276551814992
6 0.0003578685924529817
7 0.0006278630517067864
8 0.0
9 0.001950122120935453
10 0.0
11 0.00024047019057908323
12 0.0
13 0.0033036872796897796
14 0.0
15 0.0005968936939966263
16 0.0008096507295732985
17 0.0
18 -7.800400913398291e-05
19 0.0008585051231511653
20 0.0
21 -0.0014169578173747937
22 -0.000990504552796785
23 0.0
24 -0.00041767502131154476
25 4.635275670665951e-05
26 0.0003352492430563846
27 0.0
28 -0.00011384027886568032
29 -9.363257259790369e-05
30 0.00022512265978342266
31 -0.00016293088615776432
32 0.0
33 0.00027048744661350863
34 -4.687489934194818e-05
35 -0.00010791273451332749
36 0.003209203441320871
37 0.0014806796580707057
38 -5.0868495852600865e-06
39 0.0023455048503930823
40 0.0002799954799091103
41 0.00018030830161342131
42 0.0005892952268506995
43 0.0006769651538012668
44 0.0
45 0.0009704730194675791
46 0.00029134155977594795
47 0.0
48 0.0006528940351020536
49 0.0004140708960553375
