0 0.00029223609033645584
1 0.0
2 0.0008064001346098872
3 -0.000269684513933345
4 -8.491314728318308e-05
5 0.0
6 0.00014136141077197327
7 0.0008277317798188284
8 0.000770477255634765
9 0.0015877369660464522
10 0.0011371889063056231
11 0.0005585807483790281
12 0.0011732379678264832
13 0.0008270444545844022
14 -0.0006278162569996244
15 0.0009634553845680802
16 0.0005707137463651316
17 0.000867729721720836
18 0.0003255980255828944
19 0.0
20 0.0
21 0.0018339400637891476
22 0.001085178165305851
23 1.5299370612087787e-07
24 0.0
25 0.0
26 0.00022273077130066624
27 0.00039124741518219527
28 9.746914080027288e-06
29 0.0
30 0.0
31 0.0
32 -1.8430759521016035e-05
33 0.0003282941443099578
34 0.0
35 -9.990340850900196e-05
36 0.0
37 0.0
38 0.0
39 0.0
40 -0.00016227880627685742
41 0.0
42 0.0
43 -0.0007997671755683182
44 -0.0007035306166327676
45 -0.0011175220525246404
46 -0.0009752760556746345
47 -7.68848721161275e-05
48 0.0
49 0.0
