0 0.00029770140790239783
1 0.0004146521481996961
2 0.0
3 0.00036973859498020957
4 0.0
5 0.0010050087835380126
6 -1.4273965529203636e-05
7 0.0009501861460250603
8 0.0007382349567017498
9 0.00022135786007376198
10 0.0015030674914784854
11 4.686855306903614e-05
12 0.0006448950026523145
13 0.0005064229617474512
14 0.0
15 0.0003442727890264825
16 0.0
17 0.0004394300957114635
18 0.0
19 0.0
20 0.0009719222039193495
21 0.00041096560294532535
22 0.0
23 1.1479547822306393e-07
24 -0.0001398081720771466
25 0.0
26 0.00046582042518529066
27 0.00029650023733851657
28 0.0
29 -0.00017132779236710274
30 5.030422983855047e-05
31 0.0
32 -8.234532041342555e-05
33 0.00030452874550981565
34 -3.8118002520051984e-06
35 0.0
36 0.0
37 0.0
38 0.0
39 0.0002773350315081339
40 -9.575303590495505e-06
41 0.00018221738764992007
42 -0.00020902996719356778
43 -3.0648320697748646e-05
44 0.00013071199632264094
45 1.8591241519606135e-05
46 0.0
47 -0.00013212390319930506
48 0.006749124174072661
49 1.0591049453801887e-05
