0 1.198462090741686
1 1.3264248216374055
2 1.5264248216374054
3 1.554996250208834
4 1.6079057204449452
5 1.6079057204449452
6 1.6079057204449452
7 1.6364771490163736
8 1.6650485775878021
9 1.6936200061592306
10 1.6936200061592306
11 1.6936200061592306
12 1.6936200061592306
13 1.6936200061592306
14 1.722191434730659
15 1.7507628633020875
16 1.7507628633020875
17 1.7507628633020875
18 1.7507628633020875
19 1.7507628633020875
20 1.7507628633020875
21 1.779334291873516
22 1.779334291873516
23 1.779334291873516
24 1.779334291873516
25 1.8079057204449445
26 1.836477149016373
27 1.8650485775878014
28 1.8650485775878014
29 1.8650485775878014
30 1.8650485775878014
31 1.8650485775878014
32 1.8650485775878014
33 1.8650485775878014
34 1.8650485775878014
35 1.8650485775878014
36 1.8650485775878014
37 1.8650485775878014
38 1.8650485775878014
39 1.8650485775878014
40 1.8650485775878014
41 1.8650485775878014
42 1.8650485775878014
43 1.8650485775878014
44 1.8650485775878014
45 1.8650485775878014
46 1.8650485775878014
47 1.8650485775878014
48 1.8650485775878014
49 1.8650485775878014
