0 1.1984443807203995
1 1.3765539868776535
2 1.5629798583659062
3 1.5629798583659062
4 1.5629798583659062
5 1.5915512869373347
6 1.5915512869373347
7 1.6201227155087632
8 1.6201227155087632
9 1.6486941440801917
10 1.6486941440801917
11 1.6772655726516201
12 1.6772655726516201
13 1.6772655726516201
14 1.7058370012230486
15 1.7058370012230486
16 1.7058370012230486
17 1.7058370012230486
18 1.7058370012230486
19 1.7058370012230486
20 1.734408429794477
21 1.7629798583659055
22 1.7629798583659055
23 1.7629798583659055
24 1.791551286937334
25 1.791551286937334
26 1.791551286937334
27 1.791551286937334
28 1.8201227155087625
29 1.8201227155087625
30 1.8201227155087625
31 1.8201227155087625
32 1.8201227155087625
33 1.8201227155087625
34 1.848694144080191
35 1.8772655726516194
36 1.8772655726516194
37 1.9058370012230479
38 1.9344084297944764
39 1.9344084297944764
40 1.9344084297944764
41 1.9344084297944764
42 1.9344084297944764
43 1.9344084297944764
44 1.9344084297944764
45 1.9344084297944764
46 1.9344084297944764
47 1.9344084297944764
48 1.9344084297944764
49 1.9344084297944764
