0 1.19663160476915
1 1.3689425647695155
2 1.5670267315173145
3 1.595598160088743
4 1.597788158776944
5 1.597788158776944
6 1.597788158776944
7 1.597788158776944
8 1.597788158776944
9 1.597788158776944
10 1.597788158776944
11 1.597788158776944
12 1.597788158776944
13 1.6263595873483725
14 1.6263595873483725
15 1.6263595873483725
16 1.6263595873483725
17 1.654931015919801
18 1.654931015919801
19 1.654931015919801
20 1.654931015919801
21 1.654931015919801
22 1.654931015919801
23 1.654931015919801
24 1.654931015919801
25 1.654931015919801
26 1.654931015919801
27 1.654931015919801
28 1.654931015919801
29 1.654931015919801
30 1.654931015919801
31 1.654931015919801
32 1.654931015919801
33 1.654931015919801
34 1.654931015919801
35 1.654931015919801
36 1.654931015919801
37 1.6835024444912294
38 1.6835024444912294
39 1.6835024444912294
40 1.6835024444912294
41 1.6835024444912294
42 1.6835024444912294
43 1.6835024444912294
44 1.6835024444912294
45 1.6835024444912294
46 1.6835024444912294
47 1.6835024444912294
48 1.6835024444912294
49 1.6835024444912294
