1 1.730687
2 1.716271
3 1.725465
4 1.778755
5 1.783041
6 1.798384
7 1.798890
8 1.793560
9 1.811326
10 1.837178
11 1.842813
12 1.864964
13 1.825111
14 1.817897
15 1.789796
16 1.842985
17 1.823973
18 1.817054
19 1.780543
20 1.790847
21 1.817992
22 1.803854
23 1.809720
24 1.799039
25 1.800578
26 1.835432
27 1.848163
28 1.820823
29 1.868910
30 1.882687
31 1.893689
32 1.881538
33 1.902159
34 1.936278
35 1.903866
36 1.909157
37 1.955791
38 1.934137
39 1.899309
40 1.910694
41 1.940826
42 1.897145
43 1.876686
44 1.924015
45 1.880730
46 1.913481
47 1.876273
48 1.878021
49 1.880812
50 1.879520
51 1.845763
52 1.845690
53 1.891584
54 1.866974
55 1.861448
56 1.874005
57 1.865943
58 1.882045
59 1.835269
60 1.873974
61 1.882961
62 1.893917
63 1.868250
64 1.911903
65 1.892505
66 1.899160
67 1.940488
68 1.903930
69 1.927349
70 1.930029
71 1.948600
72 1.949213
73 1.941202
74 1.922211
75 1.906690
76 1.928660
77 1.910435
78 1.920255
79 1.891394
80 1.864100
81 1.888139
82 1.868173
83 1.906253
84 1.873069
85 1.883808
86 1.828828
87 1.901611
88 1.841979
89 1.876306
90 1.891573
91 1.896880
92 1.917907
93 1.914459
94 1.926987
95 1.900054
96 1.915912
97 1.926334
98 1.920150
99 1.951088
100 1.900391
