0 18.109455085742944
1 18.109455085742944
2 970.8464247993137
3 12.058555551503169
4 13.885460331178773
5 6.596182397152556
6 7.704736991069387
7 4.991834697513475
8 42.371462409289975
9 4.8058202680556175
10 4.294786049163956
11 3.6602699249729387
12 3.6637639784705587
13 3.6110431304748443
14 3.341390231420184
15 3.0177275966321786
16 3.114863237063249
17 3.848343701527201
18 2.8207786039091935
19 2.752114186709138
20 2.6221556646815536
21 2.3428181745360903
22 2.3048630670764076
23 2.5825415016592235
24 2.6344233370232786
25 2.209301126665208
26 1.9962743985289153
27 2.474635040658662
28 2.0817643532519226
29 1.9541146774301534
30 2.031820539655299
31 2.112093746214248
32 1.8711862819322411
33 2.309928361405658
34 1.9082805601003607
35 2.012615694291237
36 2.1491321986648306
37 2.07004926501661
38 1.9032756570817948
39 2.1656181676319806
40 1.9933186217270356
41 1.9696229656915059
42 2.296627175515744
43 1.9392760475019386
44 2.254754942139725
45 2.1034172949879215
46 2.0142738777974536
47 1.876234747637147
48 1.9586031734794305
49 1.999565060374855
