0 2.3021693229675293
1 2.3021693229675293
2 2.3018269538879395
3 2.3025145530700684
4 2.3025145530700684
5 2.3025145530700684
6 2.302109956741333
7 2.302584648132324
8 2.3015389442443848
9 2.3021247386932373
10 2.3021247386932373
11 2.301738977432251
12 2.302475929260254
13 2.302475929260254
14 2.3021321296691895
15 2.302168846130371
16 2.301947593688965
17 2.3013548851013184
18 2.301588535308838
19 2.3020143508911133
20 2.301785469055176
21 2.3012752532958984
22 2.301868438720703
23 2.301440954208374
24 2.302041530609131
25 2.3014917373657227
26 2.3014416694641113
27 2.302243709564209
28 2.302243709564209
29 2.3006386756896973
30 2.3006386756896973
31 2.3009612560272217
32 2.3009612560272217
33 2.3008415699005127
34 2.3007113933563232
35 2.301835060119629
36 2.299640417098999
37 2.3015730381011963
38 2.3023250102996826
39 2.3005855083465576
40 2.3008244037628174
41 2.2995522022247314
42 2.300119161605835
43 2.301459550857544
44 2.2999110221862793
45 2.300229549407959
46 2.298274278640747
47 2.2983968257904053
48 2.300208330154419
49 2.300208330154419
50 2.302973747253418
51 2.298100471496582
52 2.299551486968994
53 2.299914598464966
54 2.2996537685394287
55 2.2999908924102783
56 2.299851417541504
57 2.2996721267700195
58 2.2998204231262207
59 2.2980422973632812
60 2.298466682434082
61 2.298466682434082
62 2.298535108566284
63 2.2993133068084717
64 2.3003926277160645
65 2.2967398166656494
66 2.2967398166656494
67 2.2963669300079346
68 2.296862840652466
69 2.296862840652466
70 2.297976493835449
71 2.2998690605163574
72 2.2967679500579834
73 2.2967679500579834
74 2.2967679500579834
75 2.2985548973083496
76 2.2979748249053955
77 2.295992851257324
78 2.295182704925537
79 2.2962915897369385
80 2.293609857559204
81 2.298851490020752
82 2.298851490020752
83 2.298851490020752
84 2.2974562644958496
85 2.29447078704834
86 2.29447078704834
87 2.29447078704834
88 2.2938456535339355
89 2.2976901531219482
90 2.2976901531219482
91 2.294377088546753
92 2.2947170734405518
93 2.2984375953674316
94 2.2960426807403564
95 2.295487403869629
96 2.295487403869629
97 2.2934556007385254
98 2.2949092388153076
99 2.295642614364624
100 2.295642614364624
101 2.2935585975646973
102 2.2935585975646973
103 2.2932868003845215
104 2.2910807132720947
105 2.2910807132720947
106 2.289712429046631
107 2.293238401412964
108 2.2950243949890137
109 2.286630630493164
110 2.289604902267456
111 2.292152166366577
112 2.2884521484375
113 2.2890660762786865
114 2.291181802749634
115 2.2914440631866455
116 2.289759874343872
117 2.2880120277404785
118 2.2888686656951904
119 2.288562536239624
120 2.288562536239624
121 2.2853548526763916
122 2.281670570373535
123 2.281670570373535
124 2.281148672103882
125 2.2855210304260254
126 2.2792532444000244
127 2.2792532444000244
128 2.2792532444000244
129 2.275439739227295
130 2.2778611183166504
131 2.2778611183166504
132 2.279423475265503
133 2.2725934982299805
134 2.2725934982299805
135 2.2730891704559326
136 2.2707090377807617
137 2.2716000080108643
138 2.264315366744995
139 2.2676312923431396
140 2.262418746948242
141 2.264667510986328
142 2.266366481781006
143 2.2652297019958496
144 2.258030891418457
145 2.258030891418457
146 2.2607030868530273
147 2.259536027908325
148 2.261101007461548
149 2.2492737770080566
150 2.2474658489227295
151 2.25097918510437
152 2.2440314292907715
153 2.2440314292907715
154 2.2440314292907715
155 2.2356152534484863
156 2.227905750274658
157 2.2300188541412354
158 2.2161407470703125
159 2.2178609371185303
160 2.218482255935669
161 2.1935696601867676
162 2.1935696601867676
163 2.2030086517333984
164 2.2030086517333984
165 2.2030086517333984
166 2.2030086517333984
167 2.2030086517333984
168 2.2030086517333984
169 2.126451015472412
170 2.126451015472412
171 2.101973533630371
172 2.0869596004486084
173 2.0869596004486084
174 2.0869596004486084
175 2.0152106285095215
176 2.0152106285095215
177 1.9874377250671387
178 1.947937250137329
179 1.909711480140686
180 1.8815947771072388
181 1.910764217376709
182 1.910764217376709
183 1.7811850309371948
184 1.7811850309371948
185 1.7811850309371948
186 1.7186957597732544
187 1.6496297121047974
188 1.6203312873840332
189 1.4461807012557983
190 1.4353344440460205
191 1.3243125677108765
192 1.3243125677108765
193 1.2241554260253906
194 1.2241554260253906
195 1.2241554260253906
196 1.0971401929855347
197 1.0971401929855347
198 0.9785619974136353
199 0.9006809592247009
200 1.0505355596542358
201 1.0505355596542358
202 1.0505355596542358
203 1.0505355596542358
204 0.8100848197937012
205 0.8100848197937012
206 0.9003157615661621
207 0.8046815991401672
208 0.7312813401222229
209 0.6465404033660889
210 0.7481940984725952
211 0.7013025879859924
212 0.6314033269882202
213 0.6673316955566406
214 0.6673316955566406
215 0.6311815977096558
216 0.7006139159202576
217 0.7006139159202576
218 0.7006139159202576
219 0.6111747026443481
220 0.6544126272201538
221 0.6544126272201538
222 0.6655813455581665
223 0.6108054518699646
224 0.6108054518699646
225 0.6509660482406616
226 0.6991779804229736
227 0.743147075176239
228 0.5322489738464355
229 0.586301326751709
230 0.586301326751709
231 0.6544566750526428
232 0.6161251068115234
233 0.4979594349861145
234 0.4979594349861145
235 0.4288860857486725
236 0.3966445326805115
237 0.44209998846054077
238 0.44209998846054077
239 0.4361053705215454
240 0.5167683959007263
241 0.5167683959007263
242 0.4733179211616516
243 0.5592418909072876
244 0.5592418909072876
245 0.4818800389766693
246 0.4468666911125183
247 0.4603482484817505
248 0.4674011468887329
249 0.4635903537273407
250 0.38970786333084106
251 0.409132719039917
252 0.3855299949645996
253 0.3855299949645996
254 0.4427070915699005
255 0.5775769948959351
256 0.4640665650367737
257 0.4111943542957306
258 0.4111943542957306
259 0.4111943542957306
260 0.46893709897994995
261 0.4735131859779358
262 0.4803832173347473
263 0.4803832173347473
264 0.3853340446949005
265 0.3853340446949005
266 0.2915343642234802
267 0.2915343642234802
268 0.2915343642234802
269 0.380435973405838
270 0.5086820125579834
271 0.5086820125579834
272 0.39947235584259033
273 0.39947235584259033
274 0.22874227166175842
275 0.29523801803588867
276 0.29523801803588867
277 0.33834245800971985
278 0.3641601502895355
279 0.3865530788898468
280 0.3865530788898468
281 0.28673186898231506
282 0.5164156556129456
283 0.4364740550518036
284 0.4364740550518036
285 0.3367268741130829
286 0.3367268741130829
287 0.2868387997150421
288 0.2674330174922943
289 0.38276615738868713
290 0.3741488456726074
291 0.43760621547698975
292 0.3939090073108673
293 0.4341850280761719
294 0.4694567918777466
295 0.3152259886264801
296 0.47571632266044617
297 0.4091598689556122
298 0.4405674934387207
299 0.4405674934387207
300 0.3946820795536041
301 0.3270120620727539
302 0.3270120620727539
303 0.3270120620727539
304 0.3182193636894226
305 0.43129634857177734
306 0.43129634857177734
307 0.5020638108253479
308 0.5020638108253479
309 0.3575727343559265
310 0.48125776648521423
311 0.4444104731082916
312 0.23261681199073792
313 0.37914711236953735
314 0.37914711236953735
315 0.37914711236953735
316 0.3573424816131592
317 0.34174978733062744
318 0.34174978733062744
319 0.34174978733062744
320 0.29549652338027954
321 0.29549652338027954
322 0.2594186067581177
323 0.3646402657032013
324 0.3646402657032013
325 0.3646402657032013
326 0.2154407650232315
327 0.2154407650232315
328 0.2341902107000351
329 0.4244912266731262
330 0.4216611683368683
331 0.30350255966186523
332 0.30350255966186523
333 0.1702297478914261
334 0.3557263910770416
335 0.2482079267501831
336 0.5426222681999207
337 0.5426222681999207
338 0.5426222681999207
339 0.5426222681999207
340 0.28676727414131165
341 0.28676727414131165
342 0.23280629515647888
343 0.18648311495780945
344 0.18648311495780945
345 0.2998444437980652
346 0.29986441135406494
347 0.30799850821495056
348 0.4000244438648224
349 0.304639995098114
350 0.3207285702228546
351 0.26297277212142944
352 0.28241825103759766
353 0.17640751600265503
354 0.3050650358200073
355 0.3050650358200073
356 0.4321315586566925
357 0.37438303232192993
358 0.3890896737575531
359 0.22632811963558197
360 0.27479252219200134
361 0.23242151737213135
362 0.23242151737213135
363 0.2051088511943817
364 0.2658978998661041
365 0.24667006731033325
366 0.3696819543838501
367 0.3696819543838501
368 0.20945464074611664
369 0.3024955987930298
370 0.3024955987930298
371 0.4138913154602051
372 0.4138913154602051
373 0.4138913154602051
374 0.35891538858413696
375 0.25322678685188293
376 0.202755868434906
377 0.202755868434906
378 0.325558602809906
379 0.2943311035633087
380 0.4513034522533417
381 0.4513034522533417
382 0.35177192091941833
383 0.24983245134353638
384 0.23267605900764465
385 0.23267605900764465
386 0.23267605900764465
387 0.23267605900764465
388 0.3914324641227722
389 0.31970447301864624
390 0.309363454580307
391 0.24595320224761963
392 0.24595320224761963
393 0.23129819333553314
394 0.2821810841560364
395 0.2821810841560364
396 0.2159760296344757
397 0.2460712492465973
398 0.2460712492465973
399 0.283827006816864
400 0.18705964088439941
401 0.41812703013420105
402 0.41812703013420105
403 0.39256900548934937
404 0.2651520371437073
405 0.3285544514656067
406 0.3285544514656067
407 0.3285544514656067
408 0.2915443778038025
409 0.2686859667301178
410 0.27708467841148376
411 0.3257635533809662
412 0.2778085172176361
413 0.19903744757175446
414 0.2575661838054657
415 0.2575661838054657
416 0.21363896131515503
417 0.37050116062164307
418 0.2771444320678711
419 0.2621954679489136
420 0.2621954679489136
421 0.2989165186882019
422 0.2131151556968689
423 0.27416473627090454
424 0.27416473627090454
425 0.14333908259868622
426 0.16596375405788422
427 0.3632568418979645
428 0.35274428129196167
429 0.35274428129196167
430 0.2166813313961029
431 0.2166813313961029
432 0.19629807770252228
433 0.2750564217567444
434 0.19422049820423126
435 0.3758464753627777
436 0.3758464753627777
437 0.2600994408130646
438 0.249117910861969
439 0.249117910861969
440 0.2152499258518219
441 0.2638489305973053
442 0.16795411705970764
443 0.16795411705970764
444 0.2658390998840332
445 0.2277052402496338
446 0.15626917779445648
447 0.4238741993904114
448 0.15224747359752655
449 0.15224747359752655
450 0.31815817952156067
451 0.21004441380500793
452 0.21004441380500793
453 0.21004441380500793
454 0.21029601991176605
455 0.2367609739303589
456 0.22680239379405975
457 0.19882813096046448
458 0.19882813096046448
459 0.2013738602399826
460 0.2990676760673523
461 0.23311442136764526
462 0.23861922323703766
463 0.20968924462795258
464 0.27667197585105896
465 0.1485072374343872
466 0.1953800618648529
467 0.1953800618648529
468 0.2684149444103241
469 0.19113729894161224
470 0.1658632457256317
471 0.24768005311489105
472 0.3287450075149536
473 0.3287450075149536
474 0.19508740305900574
475 0.1727539747953415
476 0.1727539747953415
477 0.1673978567123413
478 0.19114911556243896
479 0.19114911556243896
480 0.2821792662143707
481 0.14625854790210724
482 0.3000562787055969
483 0.3000562787055969
484 0.3000562787055969
485 0.3000562787055969
486 0.17661359906196594
487 0.22084327042102814
488 0.11844627559185028
489 0.10955020040273666
490 0.10955020040273666
491 0.10955020040273666
492 0.2092076539993286
493 0.1762680858373642
494 0.1762680858373642
495 0.27770209312438965
496 0.22013038396835327
497 0.22013038396835327
498 0.25802215933799744
499 0.18329548835754395
