0 2.303274393081665
1 2.3033668994903564
2 2.303030252456665
3 2.3028619289398193
4 2.302649736404419
5 2.302649736404419
6 2.302649736404419
7 2.3038434982299805
8 2.3030903339385986
9 2.3030917644500732
10 2.3026299476623535
11 2.3026299476623535
12 2.301849126815796
13 2.3018174171447754
14 2.3018174171447754
15 2.302366256713867
16 2.302581310272217
17 2.3018221855163574
18 2.302341938018799
19 2.302718162536621
20 2.302718162536621
21 2.302767038345337
22 2.302767038345337
23 2.302767038345337
24 2.302767038345337
25 2.302767038345337
26 2.302767038345337
27 2.301579475402832
28 2.3002424240112305
29 2.3002424240112305
30 2.301048994064331
31 2.301922082901001
32 2.301922082901001
33 2.3004841804504395
34 2.3016409873962402
35 2.300292491912842
36 2.3002607822418213
37 2.300550937652588
38 2.3007853031158447
39 2.3015553951263428
40 2.301222801208496
41 2.299757242202759
42 2.299757242202759
43 2.299757242202759
44 2.3010668754577637
45 2.3010668754577637
46 2.301384210586548
47 2.299769878387451
48 2.299325466156006
49 2.299468994140625
50 2.3010644912719727
51 2.298271656036377
52 2.301088571548462
53 2.2983388900756836
54 2.3003008365631104
55 2.3003008365631104
56 2.2993006706237793
57 2.298798084259033
58 2.299086093902588
59 2.300004482269287
60 2.2978639602661133
61 2.2985453605651855
62 2.3008368015289307
63 2.298804521560669
64 2.2965147495269775
65 2.2965147495269775
66 2.2981674671173096
67 2.2981674671173096
68 2.29947829246521
69 2.299837589263916
70 2.299837589263916
71 2.299837589263916
72 2.2991840839385986
73 2.2968862056732178
74 2.2998416423797607
75 2.2998416423797607
76 2.2998416423797607
77 2.2998416423797607
78 2.2954771518707275
79 2.297304630279541
80 2.294262170791626
81 2.294262170791626
82 2.2979350090026855
83 2.294156074523926
84 2.294156074523926
85 2.294332504272461
86 2.295433521270752
87 2.2971434593200684
88 2.2973358631134033
89 2.2973358631134033
90 2.296034812927246
91 2.296034812927246
92 2.2968506813049316
93 2.2955269813537598
94 2.2938313484191895
95 2.2938313484191895
96 2.2915265560150146
97 2.2968647480010986
98 2.2968647480010986
99 2.2968647480010986
100 2.2934584617614746
101 2.2925055027008057
102 2.2925055027008057
103 2.2913873195648193
104 2.289079427719116
105 2.2896854877471924
106 2.289950370788574
107 2.294952869415283
108 2.294952869415283
109 2.2898318767547607
110 2.2898318767547607
111 2.2940754890441895
112 2.2940754890441895
113 2.287317991256714
114 2.2923061847686768
115 2.2876906394958496
116 2.2856857776641846
117 2.287372589111328
118 2.288245916366577
119 2.288487195968628
120 2.288487195968628
121 2.2866744995117188
122 2.2861602306365967
123 2.2866010665893555
124 2.289634943008423
125 2.2822115421295166
126 2.2842938899993896
127 2.2836945056915283
128 2.275853157043457
129 2.2884700298309326
130 2.2884700298309326
131 2.2884700298309326
132 2.280471086502075
133 2.284254312515259
134 2.274158000946045
135 2.2751407623291016
136 2.2751407623291016
137 2.2751407623291016
138 2.269841194152832
139 2.269841194152832
140 2.266334056854248
141 2.272096633911133
142 2.268838882446289
143 2.261579990386963
144 2.2670347690582275
145 2.258382797241211
146 2.261219024658203
147 2.258530616760254
148 2.258530616760254
149 2.258530616760254
150 2.2579848766326904
151 2.2579848766326904
152 2.2579848766326904
153 2.229538917541504
154 2.2328155040740967
155 2.2328155040740967
156 2.2352242469787598
157 2.223315954208374
158 2.221688747406006
159 2.220820665359497
160 2.220820665359497
161 2.2083864212036133
162 2.2083864212036133
163 2.2083864212036133
164 2.1831114292144775
165 2.1803696155548096
166 2.1803696155548096
167 2.1664812564849854
168 2.145763874053955
169 2.111891269683838
170 2.0909743309020996
171 2.1176517009735107
172 2.0612518787384033
173 2.0612518787384033
174 2.057011365890503
175 2.057011365890503
176 2.057011365890503
177 2.057011365890503
178 2.057011365890503
179 1.9269546270370483
180 1.9269546270370483
181 1.8537014722824097
182 1.8537014722824097
183 1.7393265962600708
184 1.7370827198028564
185 1.615332841873169
186 1.6728194952011108
187 1.5631285905838013
188 1.5107173919677734
189 1.4748600721359253
190 1.5013798475265503
191 1.4178097248077393
192 1.2908505201339722
193 1.323077917098999
194 1.323077917098999
195 1.1542106866836548
196 1.0520941019058228
197 1.112295150756836
198 0.9942531585693359
199 0.9752848744392395
200 0.9752848744392395
201 1.0459885597229004
202 0.8155122995376587
203 0.927623450756073
204 0.9015840888023376
205 0.6908831000328064
206 0.7609707117080688
207 0.7299562096595764
208 0.7730535864830017
209 0.68902188539505
210 0.6221088767051697
211 0.6537245512008667
212 0.6201567649841309
213 0.6201567649841309
214 0.570444643497467
215 0.570444643497467
216 0.570444643497467
217 0.5865212082862854
218 0.45595842599868774
219 0.497756689786911
220 0.5611082315444946
221 0.5338662266731262
222 0.5309109687805176
223 0.4881051182746887
224 0.4215242564678192
225 0.6253178715705872
226 0.6253178715705872
227 0.5970578789710999
228 0.5970578789710999
229 0.6030382513999939
230 0.6030382513999939
231 0.6030382513999939
232 0.6030382513999939
233 0.6030382513999939
234 0.48866525292396545
235 0.520085334777832
236 0.520085334777832
237 0.4683466851711273
238 0.3610556423664093
239 0.4541172385215759
240 0.48789528012275696
241 0.5260863304138184
242 0.38436657190322876
243 0.38436657190322876
244 0.4168033003807068
245 0.4168033003807068
246 0.38690194487571716
247 0.3692062199115753
248 0.3096008896827698
249 0.5053872466087341
250 0.5053872466087341
251 0.6148127913475037
252 0.5974250435829163
253 0.5348238348960876
254 0.3599974811077118
255 0.3599974811077118
256 0.4854148328304291
257 0.4854148328304291
258 0.4854148328304291
259 0.4854148328304291
260 0.39519619941711426
261 0.39519619941711426
262 0.4401640295982361
263 0.4401640295982361
264 0.4401640295982361
265 0.415189653635025
266 0.415189653635025
267 0.3104066848754883
268 0.5509291291236877
269 0.39825937151908875
270 0.38956111669540405
271 0.4675220847129822
272 0.4407484829425812
273 0.45046213269233704
274 0.522529125213623
275 0.3953939974308014
276 0.3953939974308014
277 0.3953939974308014
278 0.3503871560096741
279 0.5357019305229187
280 0.5357019305229187
281 0.34811559319496155
282 0.34811559319496155
283 0.34811559319496155
284 0.32370859384536743
285 0.32370859384536743
286 0.29679185152053833
287 0.29679185152053833
288 0.48426464200019836
289 0.48426464200019836
290 0.3271028995513916
291 0.2995658814907074
292 0.3290368318557739
293 0.4020299017429352
294 0.4154606759548187
295 0.4154606759548187
296 0.4154606759548187
297 0.3084123730659485
298 0.43247276544570923
299 0.3269416391849518
300 0.35479187965393066
301 0.33350661396980286
302 0.2877148389816284
303 0.32961320877075195
304 0.30503877997398376
305 0.30503877997398376
306 0.25438955426216125
307 0.28822994232177734
308 0.39537858963012695
309 0.39537858963012695
310 0.3064328134059906
311 0.2520523965358734
312 0.3699807822704315
313 0.3699807822704315
314 0.2782483696937561
315 0.37448957562446594
316 0.37448957562446594
317 0.37448957562446594
318 0.3733089566230774
319 0.34913408756256104
320 0.4105493724346161
321 0.37938159704208374
322 0.37938159704208374
323 0.2532442808151245
324 0.3858935832977295
325 0.36729755997657776
326 0.36729755997657776
327 0.25288766622543335
328 0.27038243412971497
329 0.2067284882068634
330 0.2904999554157257
331 0.3580563962459564
332 0.2800823450088501
333 0.3182239532470703
334 0.3182239532470703
335 0.31683406233787537
336 0.26478636264801025
337 0.28854048252105713
338 0.40439414978027344
339 0.19256691634655
340 0.37211331725120544
341 0.28603795170783997
342 0.44647470116615295
343 0.44647470116615295
344 0.44647470116615295
345 0.20393569767475128
346 0.20393569767475128
347 0.2337190806865692
348 0.30422091484069824
349 0.2369650900363922
350 0.20422348380088806
351 0.31770965456962585
352 0.31770965456962585
353 0.2768019735813141
354 0.1699254959821701
355 0.30710113048553467
356 0.28343459963798523
357 0.3361070156097412
358 0.3357577919960022
359 0.31846383213996887
360 0.2398969680070877
361 0.2398969680070877
362 0.38544461131095886
363 0.38544461131095886
364 0.24054200947284698
365 0.3651186525821686
366 0.26813986897468567
367 0.3726733922958374
368 0.3375680446624756
369 0.2901105284690857
370 0.2901105284690857
371 0.41090044379234314
372 0.38244569301605225
373 0.38244569301605225
374 0.4229394197463989
375 0.21446160972118378
376 0.21446160972118378
377 0.4263690412044525
378 0.4263690412044525
379 0.2824054956436157
380 0.2824054956436157
381 0.2824054956436157
382 0.2824054956436157
383 0.2824054956436157
384 0.2283516377210617
385 0.3224719762802124
386 0.22306843101978302
387 0.33748894929885864
388 0.33748894929885864
389 0.31140121817588806
390 0.2537737190723419
391 0.16785283386707306
392 0.16785283386707306
393 0.34283509850502014
394 0.34283509850502014
395 0.2000790685415268
396 0.18473923206329346
397 0.18473923206329346
398 0.3440302312374115
399 0.3509480953216553
400 0.3509480953216553
401 0.4403979778289795
402 0.22460587322711945
403 0.22460587322711945
404 0.27047285437583923
405 0.40053853392601013
406 0.1848810613155365
407 0.3833810091018677
408 0.2882479727268219
409 0.1680547147989273
410 0.3977018892765045
411 0.29982995986938477
412 0.2662530839443207
413 0.2662530839443207
414 0.31170547008514404
415 0.19552192091941833
416 0.3107199966907501
417 0.3107199966907501
418 0.38356998562812805
419 0.18408256769180298
420 0.18408256769180298
421 0.26464971899986267
422 0.23949751257896423
423 0.23949751257896423
424 0.32923924922943115
425 0.32923924922943115
426 0.32923924922943115
427 0.3305021822452545
428 0.3305021822452545
429 0.20655295252799988
430 0.22009150683879852
431 0.285441130399704
432 0.24409136176109314
433 0.32139483094215393
434 0.24181176722049713
435 0.24181176722049713
436 0.24181176722049713
437 0.23651434481143951
438 0.18600881099700928
439 0.308757483959198
440 0.308757483959198
441 0.22003602981567383
442 0.2486731857061386
443 0.2486731857061386
444 0.2486731857061386
445 0.2486731857061386
446 0.3410296142101288
447 0.3410296142101288
448 0.20652782917022705
449 0.20652782917022705
450 0.2204943746328354
451 0.23727835714817047
452 0.2291966676712036
453 0.2215222418308258
454 0.2215222418308258
455 0.18893781304359436
456 0.17761822044849396
457 0.29427194595336914
458 0.27077019214630127
459 0.27077019214630127
460 0.28699642419815063
461 0.14569684863090515
462 0.13602393865585327
463 0.16192030906677246
464 0.2256321758031845
465 0.17478856444358826
466 0.17478856444358826
467 0.22427484393119812
468 0.2205110639333725
469 0.18694809079170227
470 0.18694809079170227
471 0.3202591836452484
472 0.2029511034488678
473 0.2644781172275543
474 0.29138749837875366
475 0.21149706840515137
476 0.21149706840515137
477 0.18815675377845764
478 0.25385990738868713
479 0.21347969770431519
480 0.29541048407554626
481 0.2561257779598236
482 0.2561257779598236
483 0.40053895115852356
484 0.40053895115852356
485 0.40053895115852356
486 0.40053895115852356
487 0.2585918605327606
488 0.20575639605522156
489 0.20575639605522156
490 0.2282698005437851
491 0.2282698005437851
492 0.2282698005437851
493 0.2282698005437851
494 0.1650153398513794
495 0.16447971761226654
496 0.21388433873653412
497 0.23555481433868408
498 0.23555481433868408
499 0.25629040598869324
