0 2.303342580795288
1 2.3034727573394775
2 2.3024511337280273
3 2.3024511337280273
4 2.3024141788482666
5 2.302724599838257
6 2.302724599838257
7 2.302724599838257
8 2.3013193607330322
9 2.3020377159118652
10 2.302790641784668
11 2.302790641784668
12 2.301513671875
13 2.301513671875
14 2.3030388355255127
15 2.3023366928100586
16 2.300352096557617
17 2.301910877227783
18 2.3017985820770264
19 2.3017985820770264
20 2.3017985820770264
21 2.302424192428589
22 2.30086612701416
23 2.3004019260406494
24 2.3014309406280518
25 2.3008673191070557
26 2.302105188369751
27 2.3006796836853027
28 2.3006796836853027
29 2.299952983856201
30 2.2998313903808594
31 2.2998313903808594
32 2.300612211227417
33 2.300612211227417
34 2.299421548843384
35 2.299421548843384
36 2.2994916439056396
37 2.2994916439056396
38 2.2994916439056396
39 2.2994916439056396
40 2.29947829246521
41 2.297734260559082
42 2.297734260559082
43 2.297734260559082
44 2.297734260559082
45 2.299264907836914
46 2.299811363220215
47 2.299811363220215
48 2.299811363220215
49 2.298234224319458
50 2.298234224319458
51 2.299924850463867
52 2.299823760986328
53 2.2992539405822754
54 2.2976529598236084
55 2.2978336811065674
56 2.2947020530700684
57 2.2980875968933105
58 2.297804594039917
59 2.2988438606262207
60 2.297686815261841
61 2.297682523727417
62 2.297700881958008
63 2.2973787784576416
64 2.2947819232940674
65 2.298419952392578
66 2.2977025508880615
67 2.2977025508880615
68 2.2977025508880615
69 2.2977025508880615
70 2.2977025508880615
71 2.2970685958862305
72 2.2970685958862305
73 2.300431251525879
74 2.2988550662994385
75 2.298149347305298
76 2.296100378036499
77 2.296100378036499
78 2.2974750995635986
79 2.2974750995635986
80 2.2972419261932373
81 2.296466588973999
82 2.296466588973999
83 2.296466588973999
84 2.295396566390991
85 2.295396566390991
86 2.2968876361846924
87 2.294553518295288
88 2.2941739559173584
89 2.294869899749756
90 2.2939727306365967
91 2.296762466430664
92 2.294114828109741
93 2.294114828109741
94 2.294114828109741
95 2.298560857772827
96 2.2932629585266113
97 2.2932629585266113
98 2.292896270751953
99 2.2922611236572266
100 2.292081117630005
101 2.290849208831787
102 2.2927277088165283
103 2.2927277088165283
104 2.2906434535980225
105 2.2906434535980225
106 2.290889024734497
107 2.290889024734497
108 2.288161039352417
109 2.288161039352417
110 2.288161039352417
111 2.288161039352417
112 2.2892017364501953
113 2.2854418754577637
114 2.2854418754577637
115 2.2854418754577637
116 2.2893922328948975
117 2.291471004486084
118 2.290127754211426
119 2.290127754211426
120 2.285539150238037
121 2.281083345413208
122 2.280848741531372
123 2.2814037799835205
124 2.2814037799835205
125 2.2830216884613037
126 2.2830216884613037
127 2.2779362201690674
128 2.280320644378662
129 2.2748005390167236
130 2.275134801864624
131 2.2785706520080566
132 2.2785706520080566
133 2.280345916748047
134 2.280345916748047
135 2.27002215385437
136 2.27002215385437
137 2.2666831016540527
138 2.273590326309204
139 2.272331476211548
140 2.2718186378479004
141 2.2718186378479004
142 2.261491298675537
143 2.261491298675537
144 2.2537646293640137
145 2.2544047832489014
146 2.257335662841797
147 2.2538559436798096
148 2.2538559436798096
149 2.246788501739502
150 2.246788501739502
151 2.242919921875
152 2.237031936645508
153 2.2505083084106445
154 2.2397537231445312
155 2.237122058868408
156 2.2287745475769043
157 2.2287745475769043
158 2.2287745475769043
159 2.2160933017730713
160 2.2160933017730713
161 2.1932406425476074
162 2.1975860595703125
163 2.1967720985412598
164 2.1967720985412598
165 2.1792585849761963
166 2.1579153537750244
167 2.1579153537750244
168 2.143928289413452
169 2.143928289413452
170 2.143928289413452
171 2.143928289413452
172 2.0536794662475586
173 2.0788424015045166
174 2.0517053604125977
175 2.0638129711151123
176 2.0508971214294434
177 1.9558395147323608
178 1.9386894702911377
179 1.914207935333252
180 1.914207935333252
181 1.914207935333252
182 1.8418495655059814
183 1.8347138166427612
184 1.7409145832061768
185 1.7125569581985474
186 1.6783356666564941
187 1.6783356666564941
188 1.5320813655853271
189 1.4646000862121582
190 1.3683401346206665
191 1.2754344940185547
192 1.3471362590789795
193 1.3471362590789795
194 1.246005892753601
195 1.246005892753601
196 1.1365376710891724
197 0.9862654805183411
198 0.984980046749115
199 0.984980046749115
200 1.072447657585144
201 1.072447657585144
202 0.8617913126945496
203 0.8622013330459595
204 0.7250264286994934
205 0.7250264286994934
206 0.7250264286994934
207 0.7079950571060181
208 0.6275389790534973
209 0.6991803050041199
210 0.6593140363693237
211 0.6593140363693237
212 0.6593140363693237
213 0.6431509852409363
214 0.6431509852409363
215 0.8053976893424988
216 0.5115594267845154
217 0.6112714409828186
218 0.6600097417831421
219 0.6600097417831421
220 0.6157748699188232
221 0.5333104133605957
222 0.5333104133605957
223 0.6434616446495056
224 0.5047606825828552
225 0.5047606825828552
226 0.5047606825828552
227 0.5047606825828552
228 0.35850653052330017
229 0.6741439700126648
230 0.6041910648345947
231 0.5580952167510986
232 0.5161099433898926
233 0.4581910967826843
234 0.5026038885116577
235 0.48896324634552
236 0.6081403493881226
237 0.5474913120269775
238 0.5474913120269775
239 0.4048362672328949
240 0.6093060970306396
241 0.47296905517578125
242 0.47296905517578125
243 0.47296905517578125
244 0.47296905517578125
245 0.5162311792373657
246 0.5387296676635742
247 0.3522762954235077
248 0.5874302983283997
249 0.5181658267974854
250 0.5181658267974854
251 0.5181658267974854
252 0.4860629141330719
253 0.4049112796783447
254 0.5171920657157898
255 0.4586259126663208
256 0.47760018706321716
257 0.5070200562477112
258 0.3655521869659424
259 0.42374107241630554
260 0.42374107241630554
261 0.42374107241630554
262 0.5117539167404175
263 0.5450859665870667
264 0.3428688049316406
265 0.4270297884941101
266 0.38668933510780334
267 0.38668933510780334
268 0.4075939357280731
269 0.40034523606300354
270 0.40034523606300354
271 0.46189892292022705
272 0.4567863643169403
273 0.4600932002067566
274 0.4271887242794037
275 0.4271887242794037
276 0.44558656215667725
277 0.40210241079330444
278 0.40210241079330444
279 0.39996689558029175
280 0.33323994278907776
281 0.4643388092517853
282 0.4643388092517853
283 0.2618296146392822
284 0.2618296146392822
285 0.37394943833351135
286 0.3220735192298889
287 0.27106139063835144
288 0.27106139063835144
289 0.27106139063835144
290 0.5334254503250122
291 0.5348556041717529
292 0.5348556041717529
293 0.4363892078399658
294 0.25096938014030457
295 0.43276160955429077
296 0.42918649315834045
297 0.344849556684494
298 0.34063202142715454
299 0.34063202142715454
300 0.34063202142715454
301 0.34063202142715454
302 0.5316238403320312
303 0.5316238403320312
304 0.5316238403320312
305 0.3417530953884125
306 0.3417530953884125
307 0.3701847195625305
308 0.2647044360637665
309 0.3352039158344269
310 0.3352039158344269
311 0.38494813442230225
312 0.38494813442230225
313 0.38494813442230225
314 0.38494813442230225
315 0.36126524209976196
316 0.32659003138542175
317 0.3258720934391022
318 0.31756991147994995
319 0.3421006202697754
320 0.3421006202697754
321 0.3421006202697754
322 0.3540757894515991
323 0.4152924418449402
324 0.4152924418449402
325 0.4152924418449402
326 0.380391389131546
327 0.19753919541835785
328 0.19753919541835785
329 0.32604464888572693
330 0.32604464888572693
331 0.39587870240211487
332 0.39587870240211487
333 0.39587870240211487
334 0.39053213596343994
335 0.39053213596343994
336 0.3625272214412689
337 0.3216586709022522
338 0.3556913137435913
339 0.3556913137435913
340 0.2963257431983948
341 0.2963257431983948
342 0.2963257431983948
343 0.2557302415370941
344 0.2557302415370941
345 0.3184676766395569
346 0.20318979024887085
347 0.20318979024887085
348 0.22728288173675537
349 0.22728288173675537
350 0.31622007489204407
351 0.31622007489204407
352 0.3163575828075409
353 0.3163575828075409
354 0.359783798456192
355 0.34578776359558105
356 0.2263745218515396
357 0.16573400795459747
358 0.16573400795459747
359 0.5131268501281738
360 0.22929789125919342
361 0.22929789125919342
362 0.27034446597099304
363 0.268081933259964
364 0.2585126459598541
365 0.2612644135951996
366 0.38826850056648254
367 0.23621615767478943
368 0.23621615767478943
369 0.25257793068885803
370 0.16952191293239594
371 0.2018117755651474
372 0.2018117755651474
373 0.22198283672332764
374 0.22498728334903717
375 0.22498728334903717
376 0.36611059308052063
377 0.350924551486969
378 0.21863797307014465
379 0.21863797307014465
380 0.2591947913169861
381 0.20227551460266113
382 0.21838738024234772
383 0.21303680539131165
384 0.2624686360359192
385 0.2629707455635071
386 0.17896853387355804
387 0.228021502494812
388 0.2153187245130539
389 0.3325978219509125
390 0.3325978219509125
391 0.3325978219509125
392 0.23398533463478088
393 0.20097485184669495
394 0.25429728627204895
395 0.2830476462841034
396 0.2830476462841034
397 0.2820017635822296
398 0.2820017635822296
399 0.3321197032928467
400 0.25391820073127747
401 0.25391820073127747
402 0.22133368253707886
403 0.17424283921718597
404 0.17424283921718597
405 0.17424283921718597
406 0.23250074684619904
407 0.23250074684619904
408 0.1328277289867401
409 0.2372341901063919
410 0.32711291313171387
411 0.36039969325065613
412 0.29595762491226196
413 0.24891048669815063
414 0.24891048669815063
415 0.18719129264354706
416 0.2656569182872772
417 0.1932813972234726
418 0.23356439173221588
419 0.23031607270240784
420 0.3831665813922882
421 0.22252006828784943
422 0.2093459665775299
423 0.14134015142917633
424 0.2345060557126999
425 0.20815593004226685
426 0.20815593004226685
427 0.20815593004226685
428 0.2354126274585724
429 0.2632743716239929
430 0.26354867219924927
431 0.26354867219924927
432 0.14730006456375122
433 0.14730006456375122
434 0.20065540075302124
435 0.20065540075302124
436 0.151424840092659
437 0.151424840092659
438 0.151424840092659
439 0.16120140254497528
440 0.19756434857845306
441 0.19756434857845306
442 0.19756434857845306
443 0.21416062116622925
444 0.21416062116622925
445 0.21416062116622925
446 0.2254570573568344
447 0.2254570573568344
448 0.2254570573568344
449 0.18479646742343903
450 0.16815991699695587
451 0.16815991699695587
452 0.25400596857070923
453 0.25400596857070923
454 0.18084825575351715
455 0.2159779816865921
456 0.23104529082775116
457 0.26364821195602417
458 0.26364821195602417
459 0.26364821195602417
460 0.26364821195602417
461 0.14048407971858978
462 0.14048407971858978
463 0.16078045964241028
464 0.16078045964241028
465 0.16078045964241028
466 0.22483380138874054
467 0.22535628080368042
468 0.22535628080368042
469 0.21175841987133026
470 0.21175841987133026
471 0.2050732970237732
472 0.2050732970237732
473 0.13819560408592224
474 0.26599249243736267
475 0.21276144683361053
476 0.17401418089866638
477 0.17421312630176544
478 0.28291964530944824
479 0.21137724816799164
480 0.21137724816799164
481 0.14206074178218842
482 0.19654889404773712
483 0.19955787062644958
484 0.3551464080810547
485 0.3551464080810547
486 0.18801076710224152
487 0.18801076710224152
488 0.18801076710224152
489 0.3146369159221649
490 0.19642630219459534
491 0.2270027995109558
492 0.2137855738401413
493 0.24389225244522095
494 0.2517666816711426
495 0.2517666816711426
496 0.24983328580856323
497 0.1629825085401535
498 0.27707231044769287
499 0.27707231044769287
