0 2.3030388355255127
1 2.3021655082702637
2 2.3032755851745605
3 2.301976203918457
4 2.3022994995117188
5 2.30256986618042
6 2.302950143814087
7 2.302950143814087
8 2.3031105995178223
9 2.3022336959838867
10 2.3017778396606445
11 2.3008158206939697
12 2.302501678466797
13 2.302018404006958
14 2.301253080368042
15 2.301253080368042
16 2.3026719093322754
17 2.300454616546631
18 2.3022706508636475
19 2.3030848503112793
20 2.3030848503112793
21 2.3030848503112793
22 2.3030848503112793
23 2.3030848503112793
24 2.3014187812805176
25 2.3004817962646484
26 2.3004817962646484
27 2.3010237216949463
28 2.300846576690674
29 2.3012986183166504
30 2.299750566482544
31 2.301656723022461
32 2.3012399673461914
33 2.300896406173706
34 2.300896406173706
35 2.300896406173706
36 2.300896406173706
37 2.300896406173706
38 2.300896406173706
39 2.299410104751587
40 2.299410104751587
41 2.3007848262786865
42 2.3011603355407715
43 2.3011603355407715
44 2.2996506690979004
45 2.2996506690979004
46 2.2996506690979004
47 2.2996506690979004
48 2.299649238586426
49 2.3001205921173096
50 2.3001205921173096
51 2.3001205921173096
52 2.3009109497070312
53 2.298706531524658
54 2.298680305480957
55 2.2989790439605713
56 2.2989790439605713
57 2.2989790439605713
58 2.297902822494507
59 2.297902822494507
60 2.297902822494507
61 2.2985916137695312
62 2.2993011474609375
63 2.2993011474609375
64 2.2983510494232178
65 2.2983510494232178
66 2.3000640869140625
67 2.297088384628296
68 2.299346685409546
69 2.2971599102020264
70 2.295628309249878
71 2.298023223876953
72 2.299867630004883
73 2.299867630004883
74 2.299884557723999
75 2.2953877449035645
76 2.299556255340576
77 2.293832302093506
78 2.2957420349121094
79 2.295841693878174
80 2.295841693878174
81 2.295841693878174
82 2.2989559173583984
83 2.2936084270477295
84 2.2986373901367188
85 2.2973337173461914
86 2.296602964401245
87 2.294792413711548
88 2.2968802452087402
89 2.2985963821411133
90 2.2951152324676514
91 2.29253888130188
92 2.296156167984009
93 2.2944767475128174
94 2.2909295558929443
95 2.29410982131958
96 2.29410982131958
97 2.296353578567505
98 2.293134927749634
99 2.293134927749634
100 2.2933263778686523
101 2.292738676071167
102 2.293694019317627
103 2.2941951751708984
104 2.2941951751708984
105 2.2930119037628174
106 2.2930119037628174
107 2.291548013687134
108 2.291548013687134
109 2.291548013687134
110 2.291548013687134
111 2.284783124923706
112 2.284783124923706
113 2.284783124923706
114 2.284783124923706
115 2.284783124923706
116 2.2857186794281006
117 2.288424491882324
118 2.2892489433288574
119 2.286517858505249
120 2.281827211380005
121 2.2854995727539062
122 2.2870707511901855
123 2.2870707511901855
124 2.28163743019104
125 2.2800793647766113
126 2.2800793647766113
127 2.285968780517578
128 2.2806832790374756
129 2.2801244258880615
130 2.2801244258880615
131 2.2791757583618164
132 2.2791855335235596
133 2.275667667388916
134 2.2759923934936523
135 2.2759923934936523
136 2.2759923934936523
137 2.2721776962280273
138 2.2703428268432617
139 2.2745940685272217
140 2.2745940685272217
141 2.2690675258636475
142 2.2690675258636475
143 2.266517162322998
144 2.266517162322998
145 2.2636237144470215
146 2.2722175121307373
147 2.254772663116455
148 2.2592766284942627
149 2.2488298416137695
150 2.247668504714966
151 2.245905637741089
152 2.245905637741089
153 2.245905637741089
154 2.245905637741089
155 2.2375969886779785
156 2.2375969886779785
157 2.2375969886779785
158 2.2042312622070312
159 2.2042312622070312
160 2.197003126144409
161 2.197003126144409
162 2.2054216861724854
163 2.203578472137451
164 2.203578472137451
165 2.1873769760131836
166 2.172736167907715
167 2.175260066986084
168 2.163088321685791
169 2.140230417251587
170 2.1589064598083496
171 2.1030499935150146
172 2.1030499935150146
173 2.0829882621765137
174 2.0665643215179443
175 2.0665643215179443
176 1.9871562719345093
177 1.9871562719345093
178 1.9822099208831787
179 1.959678053855896
180 1.8942490816116333
181 1.8695147037506104
182 1.829761266708374
183 1.8676015138626099
184 1.7579704523086548
185 1.662455677986145
186 1.6833453178405762
187 1.5917317867279053
188 1.5058835744857788
189 1.5507563352584839
190 1.4461687803268433
191 1.4461687803268433
192 1.2612794637680054
193 1.2612794637680054
194 1.2612794637680054
195 1.221646785736084
196 1.096136212348938
197 1.10895836353302
198 1.10895836353302
199 0.95615553855896
200 0.9779760241508484
201 0.8638765811920166
202 0.8051659464836121
203 0.8051659464836121
204 0.8051659464836121
205 0.6906468272209167
206 0.7972218990325928
207 0.8950102925300598
208 0.7518755793571472
209 0.7518755793571472
210 0.678032398223877
211 0.6257562637329102
212 0.7089677453041077
213 0.7043711543083191
214 0.5871161818504333
215 0.6579769253730774
216 0.5689366459846497
217 0.5689366459846497
218 0.56851726770401
219 0.48653796315193176
220 0.5649827718734741
221 0.5356638431549072
222 0.43565940856933594
223 0.4368964433670044
224 0.5358334183692932
225 0.5358334183692932
226 0.5149108171463013
227 0.36098146438598633
228 0.4274078905582428
229 0.4274078905582428
230 0.6212413907051086
231 0.4946262836456299
232 0.4937196969985962
233 0.4774838984012604
234 0.552895188331604
235 0.552895188331604
236 0.552895188331604
237 0.4824330806732178
238 0.4151945412158966
239 0.4163556694984436
240 0.4163556694984436
241 0.4163556694984436
242 0.4163556694984436
243 0.5346493721008301
244 0.3923949897289276
245 0.3311012387275696
246 0.4014168083667755
247 0.4014168083667755
248 0.4014168083667755
249 0.4014168083667755
250 0.4014168083667755
251 0.45832639932632446
252 0.45832639932632446
253 0.44128018617630005
254 0.44128018617630005
255 0.4917791187763214
256 0.4917791187763214
257 0.4987438917160034
258 0.44801604747772217
259 0.33814841508865356
260 0.5119326114654541
261 0.40386176109313965
262 0.36269664764404297
263 0.44145667552948
264 0.4087240397930145
265 0.4087240397930145
266 0.3800121545791626
267 0.35480421781539917
268 0.5178775191307068
269 0.5178775191307068
270 0.3339162766933441
271 0.26004812121391296
272 0.32423272728919983
273 0.29055869579315186
274 0.40002965927124023
275 0.4221646785736084
276 0.3466072976589203
277 0.40341469645500183
278 0.40341469645500183
279 0.3650211691856384
280 0.362572580575943
281 0.362572580575943
282 0.3423958718776703
283 0.26433610916137695
284 0.28775033354759216
285 0.28775033354759216
286 0.37910526990890503
287 0.37910526990890503
288 0.3054778277873993
289 0.34552398324012756
290 0.3304405212402344
291 0.304922491312027
292 0.304922491312027
293 0.304922491312027
294 0.37646540999412537
295 0.35009413957595825
296 0.40074947476387024
297 0.26760488748550415
298 0.26760488748550415
299 0.293326199054718
300 0.293326199054718
301 0.293326199054718
302 0.3520650267601013
303 0.296863853931427
304 0.296863853931427
305 0.3901132643222809
306 0.3901132643222809
307 0.3901132643222809
308 0.2745433449745178
309 0.2444520890712738
310 0.3885139226913452
311 0.3885139226913452
312 0.29526594281196594
313 0.29526594281196594
314 0.4031382203102112
315 0.44283053278923035
316 0.44283053278923035
317 0.26791420578956604
318 0.26791420578956604
319 0.24187377095222473
320 0.24187377095222473
321 0.3099222481250763
322 0.3455827832221985
323 0.31205400824546814
324 0.24108794331550598
325 0.3103395998477936
326 0.32140663266181946
327 0.3169035315513611
328 0.3464057147502899
329 0.29559656977653503
330 0.29559656977653503
331 0.29559656977653503
332 0.38593414425849915
333 0.33942848443984985
334 0.33942848443984985
335 0.3304256200790405
336 0.3304256200790405
337 0.21544277667999268
338 0.31795498728752136
339 0.40738335251808167
340 0.19942790269851685
341 0.21226917207241058
342 0.21226917207241058
343 0.3255403935909271
344 0.24214588105678558
345 0.24214588105678558
346 0.32626068592071533
347 0.301772803068161
348 0.301772803068161
349 0.2850417196750641
350 0.19369718432426453
351 0.24083900451660156
352 0.20509079098701477
353 0.3991115391254425
354 0.3991115391254425
355 0.1877356618642807
356 0.3114519715309143
357 0.32943394780158997
358 0.32943394780158997
359 0.2634987533092499
360 0.373692125082016
361 0.3230260908603668
362 0.3032815754413605
363 0.2518756687641144
364 0.2518756687641144
365 0.2518756687641144
366 0.29259905219078064
367 0.3124059736728668
368 0.24177399277687073
369 0.3643524646759033
370 0.36207115650177
371 0.3743633031845093
372 0.3743633031845093
373 0.2549750506877899
374 0.2574974596500397
375 0.3014175295829773
376 0.2388876974582672
377 0.2388876974582672
378 0.23384292423725128
379 0.23384292423725128
380 0.20700612664222717
381 0.31017613410949707
382 0.3751790225505829
383 0.30490970611572266
384 0.30490970611572266
385 0.2797892093658447
386 0.28131207823753357
387 0.28131207823753357
388 0.2922680974006653
389 0.2922680974006653
390 0.1904137134552002
391 0.327901154756546
392 0.30823424458503723
393 0.26605963706970215
394 0.26605963706970215
395 0.2950880825519562
396 0.21789886057376862
397 0.2905243933200836
398 0.23146377503871918
399 0.23146377503871918
400 0.1416020393371582
401 0.1416020393371582
402 0.23345203697681427
403 0.16712382435798645
404 0.16712382435798645
405 0.22767432034015656
406 0.22767432034015656
407 0.28041741251945496
408 0.28041741251945496
409 0.2542040944099426
410 0.2542040944099426
411 0.2542040944099426
412 0.2077261358499527
413 0.26516905426979065
414 0.17177365720272064
415 0.17177365720272064
416 0.1977013647556305
417 0.24414938688278198
418 0.24414938688278198
419 0.25170573592185974
420 0.21207033097743988
421 0.24479015171527863
422 0.16025319695472717
423 0.30226486921310425
424 0.23861995339393616
425 0.23861995339393616
426 0.24703408777713776
427 0.3121260404586792
428 0.2139783352613449
429 0.15598341822624207
430 0.16961993277072906
431 0.2814573645591736
432 0.1658158153295517
433 0.23230943083763123
434 0.23230943083763123
435 0.2673502266407013
436 0.2300034761428833
437 0.2300034761428833
438 0.2300034761428833
439 0.19113436341285706
440 0.19113436341285706
441 0.24107223749160767
442 0.24107223749160767
443 0.18342459201812744
444 0.24920552968978882
445 0.24920552968978882
446 0.15793055295944214
447 0.12488233298063278
448 0.12488233298063278
449 0.16594482958316803
450 0.27413323521614075
451 0.21391665935516357
452 0.1405610889196396
453 0.1405610889196396
454 0.1405610889196396
455 0.1405610889196396
456 0.22865189611911774
457 0.22865189611911774
458 0.2947329580783844
459 0.11502163112163544
460 0.11502163112163544
461 0.11502163112163544
462 0.30852264165878296
463 0.21368958055973053
464 0.2573719322681427
465 0.19702501595020294
466 0.2591537535190582
467 0.10886406153440475
468 0.1467505842447281
469 0.21766868233680725
470 0.2255527526140213
471 0.2255527526140213
472 0.14152483642101288
473 0.2685245871543884
474 0.2685245871543884
475 0.09218818694353104
476 0.09218818694353104
477 0.09218818694353104
478 0.21980136632919312
479 0.29535478353500366
480 0.1312257945537567
481 0.26639050245285034
482 0.26639050245285034
483 0.20440474152565002
484 0.3182480037212372
485 0.16357003152370453
486 0.16357003152370453
487 0.21218281984329224
488 0.21218281984329224
489 0.21218281984329224
490 0.18901938199996948
491 0.24344024062156677
492 0.24344024062156677
493 0.19658783078193665
494 0.14218345284461975
495 0.22605487704277039
496 0.20301112532615662
497 0.20958860218524933
498 0.07531402260065079
499 0.33281180262565613
