0 2.302389144897461
1 2.302917718887329
2 2.3025403022766113
3 2.3025403022766113
4 2.3025403022766113
5 2.303846836090088
6 2.3012313842773438
7 2.301908493041992
8 2.303628921508789
9 2.303628921508789
10 2.303628921508789
11 2.302419662475586
12 2.3011748790740967
13 2.3011748790740967
14 2.3011748790740967
15 2.30206298828125
16 2.302774667739868
17 2.302774667739868
18 2.302774667739868
19 2.3014957904815674
20 2.300743341445923
21 2.300370216369629
22 2.3019421100616455
23 2.3019421100616455
24 2.300966262817383
25 2.300966262817383
26 2.300966262817383
27 2.3020663261413574
28 2.300788640975952
29 2.3013546466827393
30 2.300663471221924
31 2.300663471221924
32 2.3010056018829346
33 2.3010056018829346
34 2.300330877304077
35 2.3029468059539795
36 2.301248073577881
37 2.301431179046631
38 2.300128936767578
39 2.300128936767578
40 2.300722599029541
41 2.300722599029541
42 2.300722599029541
43 2.3012259006500244
44 2.3006811141967773
45 2.3007495403289795
46 2.3007495403289795
47 2.298074245452881
48 2.2995412349700928
49 2.299414873123169
50 2.3002772331237793
51 2.2998545169830322
52 2.2989730834960938
53 2.299776315689087
54 2.298788070678711
55 2.298788070678711
56 2.2999298572540283
57 2.2999298572540283
58 2.2999298572540283
59 2.2999298572540283
60 2.2999298572540283
61 2.2966489791870117
62 2.2977936267852783
63 2.300025463104248
64 2.2959351539611816
65 2.2960004806518555
66 2.2960004806518555
67 2.296651840209961
68 2.2986884117126465
69 2.298577308654785
70 2.298577308654785
71 2.3008246421813965
72 2.298082113265991
73 2.297236204147339
74 2.297236204147339
75 2.2969412803649902
76 2.2969412803649902
77 2.29705810546875
78 2.29705810546875
79 2.29913067817688
80 2.298626661300659
81 2.299365758895874
82 2.299365758895874
83 2.294699192047119
84 2.295571804046631
85 2.295571804046631
86 2.295571804046631
87 2.294426679611206
88 2.294426679611206
89 2.2985472679138184
90 2.29630970954895
91 2.29630970954895
92 2.29630970954895
93 2.291368246078491
94 2.291368246078491
95 2.2984437942504883
96 2.294034719467163
97 2.2936673164367676
98 2.292917251586914
99 2.2944424152374268
100 2.288264751434326
101 2.288264751434326
102 2.2911593914031982
103 2.2911593914031982
104 2.2911593914031982
105 2.295104503631592
106 2.290709972381592
107 2.290709972381592
108 2.288705825805664
109 2.289910316467285
110 2.2926676273345947
111 2.2926676273345947
112 2.2901625633239746
113 2.2901031970977783
114 2.2889130115509033
115 2.2889130115509033
116 2.2889130115509033
117 2.2889130115509033
118 2.2889130115509033
119 2.2838213443756104
120 2.283672571182251
121 2.283672571182251
122 2.2827792167663574
123 2.2885661125183105
124 2.2850186824798584
125 2.282100200653076
126 2.2842421531677246
127 2.28232741355896
128 2.2735228538513184
129 2.2787749767303467
130 2.2799909114837646
131 2.2770392894744873
132 2.276857376098633
133 2.276618003845215
134 2.2738523483276367
135 2.2738523483276367
136 2.2756876945495605
137 2.265479803085327
138 2.265479803085327
139 2.2651991844177246
140 2.2651991844177246
141 2.2737033367156982
142 2.2737033367156982
143 2.2737033367156982
144 2.2737033367156982
145 2.2737033367156982
146 2.2737033367156982
147 2.2737033367156982
148 2.2737033367156982
149 2.2630951404571533
150 2.2498817443847656
151 2.2498817443847656
152 2.2361934185028076
153 2.2361934185028076
154 2.245105743408203
155 2.245105743408203
156 2.238529682159424
157 2.2214410305023193
158 2.2098448276519775
159 2.220524311065674
160 2.220524311065674
161 2.2130117416381836
162 2.2130539417266846
163 2.2063534259796143
164 2.186415672302246
165 2.175921678543091
166 2.189034938812256
167 2.1754708290100098
168 2.1754708290100098
169 2.1754708290100098
170 2.113123655319214
171 2.113123655319214
172 2.113123655319214
173 2.082482099533081
174 2.036255121231079
175 2.074544668197632
176 2.0192391872406006
177 2.000321865081787
178 1.9608538150787354
179 1.9608538150787354
180 1.9319864511489868
181 1.8718760013580322
182 1.8610340356826782
183 1.8610340356826782
184 1.7703986167907715
185 1.698180079460144
186 1.698180079460144
187 1.603905200958252
188 1.603905200958252
189 1.4840179681777954
190 1.4840179681777954
191 1.4840179681777954
192 1.2092156410217285
193 1.2626184225082397
194 1.2750440835952759
195 1.0682207345962524
196 1.0682207345962524
197 1.0682207345962524
198 1.0682207345962524
199 0.9121342897415161
200 0.9105114936828613
201 0.8297421932220459
202 0.8297421932220459
203 0.8297421932220459
204 0.8297421932220459
205 0.8297421932220459
206 0.7917665839195251
207 0.7917665839195251
208 0.7917665839195251
209 0.70516437292099
210 0.70516437292099
211 0.6627331972122192
212 0.667941689491272
213 0.6310724020004272
214 0.6460062861442566
215 0.6460062861442566
216 0.6460062861442566
217 0.5028964281082153
218 0.5672948360443115
219 0.5408658981323242
220 0.6583455801010132
221 0.5376881957054138
222 0.5406095385551453
223 0.5406095385551453
224 0.5513348579406738
225 0.6336881518363953
226 0.5103221535682678
227 0.5164557099342346
228 0.5787476301193237
229 0.6969297528266907
230 0.42270442843437195
231 0.4796653389930725
232 0.4725761413574219
233 0.4725761413574219
234 0.39583706855773926
235 0.4397921562194824
236 0.5293375849723816
237 0.5293375849723816
238 0.657690167427063
239 0.4621982276439667
240 0.3443908393383026
241 0.34940871596336365
242 0.38901978731155396
243 0.38901978731155396
244 0.3453604280948639
245 0.5181553959846497
246 0.34336304664611816
247 0.34336304664611816
248 0.34336304664611816
249 0.34336304664611816
250 0.4404391944408417
251 0.4481237828731537
252 0.4404914379119873
253 0.5882708430290222
254 0.5882708430290222
255 0.5882708430290222
256 0.41361647844314575
257 0.3695524334907532
258 0.2872651517391205
259 0.49715548753738403
260 0.496500164270401
261 0.3882347345352173
262 0.36631038784980774
263 0.4990972578525543
264 0.39765721559524536
265 0.3302806615829468
266 0.5859271883964539
267 0.5250988006591797
268 0.4561736285686493
269 0.2579285502433777
270 0.2579285502433777
271 0.2579285502433777
272 0.2579285502433777
273 0.34936827421188354
274 0.34936827421188354
275 0.34936827421188354
276 0.4493236243724823
277 0.33453190326690674
278 0.417667955160141
279 0.417667955160141
280 0.35832446813583374
281 0.34076598286628723
282 0.514434278011322
283 0.4032045900821686
284 0.33409544825553894
285 0.3917293846607208
286 0.42980191111564636
287 0.4400440454483032
288 0.4400440454483032
289 0.2822178304195404
290 0.343081533908844
291 0.343081533908844
292 0.30983561277389526
293 0.3059273958206177
294 0.42738643288612366
295 0.42738643288612366
296 0.28909507393836975
297 0.31431350111961365
298 0.31431350111961365
299 0.16956062614917755
300 0.16956062614917755
301 0.22220250964164734
302 0.42150822281837463
303 0.42150822281837463
304 0.5160400867462158
305 0.5068281888961792
306 0.2857504189014435
307 0.26973551511764526
308 0.2186165750026703
309 0.2186165750026703
310 0.4635111689567566
311 0.45971089601516724
312 0.3121458888053894
313 0.22605715692043304
314 0.31284090876579285
315 0.4055270850658417
316 0.3222600221633911
317 0.3222600221633911
318 0.27545735239982605
319 0.27545735239982605
320 0.3042529225349426
321 0.3398253619670868
322 0.29538190364837646
323 0.3228755295276642
324 0.3840506970882416
325 0.3840506970882416
326 0.2916647493839264
327 0.2916647493839264
328 0.38409262895584106
329 0.38409262895584106
330 0.29874980449676514
331 0.29874980449676514
332 0.36044272780418396
333 0.2705472707748413
334 0.35413122177124023
335 0.35413122177124023
336 0.3550249934196472
337 0.39971423149108887
338 0.34307339787483215
339 0.34307339787483215
340 0.34307339787483215
341 0.347980260848999
342 0.4641176760196686
343 0.4641176760196686
344 0.3509429395198822
345 0.28852835297584534
346 0.28852835297584534
347 0.28852835297584534
348 0.2733607888221741
349 0.31279391050338745
350 0.31279391050338745
351 0.27315399050712585
352 0.3134114742279053
353 0.21328088641166687
354 0.20006322860717773
355 0.20006322860717773
356 0.20006322860717773
357 0.190321147441864
358 0.16910484433174133
359 0.16910484433174133
360 0.16910484433174133
361 0.184591606259346
362 0.184591606259346
363 0.184591606259346
364 0.184591606259346
365 0.24351157248020172
366 0.39046064019203186
367 0.18440431356430054
368 0.2277504801750183
369 0.2277504801750183
370 0.3395213186740875
371 0.3395213186740875
372 0.2631828486919403
373 0.2799204885959625
374 0.2416907548904419
375 0.39218869805336
376 0.39218869805336
377 0.39218869805336
378 0.2815976142883301
379 0.2815976142883301
380 0.3140507936477661
381 0.33131837844848633
382 0.33131837844848633
383 0.33131837844848633
384 0.33131837844848633
385 0.33131837844848633
386 0.2964648902416229
387 0.2964648902416229
388 0.20009484887123108
389 0.20009484887123108
390 0.2733036279678345
391 0.24757637083530426
392 0.24757637083530426
393 0.22659069299697876
394 0.23083367943763733
395 0.18017806112766266
396 0.2752356231212616
397 0.2752356231212616
398 0.18712548911571503
399 0.24041743576526642
400 0.37499845027923584
401 0.20657697319984436
402 0.20657697319984436
403 0.2198646515607834
404 0.18753044307231903
405 0.18753044307231903
406 0.23181231319904327
407 0.3283749520778656
408 0.25301632285118103
409 0.25301632285118103
410 0.24944445490837097
411 0.33271917700767517
412 0.24488528072834015
413 0.20471803843975067
414 0.28152185678482056
415 0.212360680103302
416 0.212360680103302
417 0.15748292207717896
418 0.268351674079895
419 0.3043404221534729
420 0.17111337184906006
421 0.32407331466674805
422 0.32407331466674805
423 0.32407331466674805
424 0.32407331466674805
425 0.22867818176746368
426 0.22867818176746368
427 0.22867818176746368
428 0.22867818176746368
429 0.19058218598365784
430 0.2476099580526352
431 0.2779137194156647
432 0.16734351217746735
433 0.3457110822200775
434 0.22986263036727905
435 0.22986263036727905
436 0.1354774683713913
437 0.1354774683713913
438 0.23336640000343323
439 0.2888023257255554
440 0.15125910937786102
441 0.20772281289100647
442 0.18882377445697784
443 0.1935773491859436
444 0.24167528748512268
445 0.22636522352695465
446 0.240524560213089
447 0.29716143012046814
448 0.1684730499982834
449 0.264666885137558
450 0.264666885137558
451 0.317706823348999
452 0.25360995531082153
453 0.2606900632381439
454 0.19939826428890228
455 0.20804135501384735
456 0.20804135501384735
457 0.20804135501384735
458 0.2268485724925995
459 0.3568137288093567
460 0.21950188279151917
461 0.1519937366247177
462 0.2152453362941742
463 0.2152453362941742
464 0.2152453362941742
465 0.2152453362941742
466 0.2152453362941742
467 0.25907665491104126
468 0.28618520498275757
469 0.18931815028190613
470 0.15421538054943085
471 0.15421538054943085
472 0.16115762293338776
473 0.14893096685409546
474 0.13801833987236023
475 0.16444624960422516
476 0.26186403632164
477 0.2531295120716095
478 0.19806160032749176
479 0.19806160032749176
480 0.16840362548828125
481 0.12375205755233765
482 0.2509186267852783
483 0.22582869231700897
484 0.17861267924308777
485 0.11774478107690811
486 0.1877336949110031
487 0.20495525002479553
488 0.18832047283649445
489 0.23824948072433472
490 0.1495206505060196
491 0.15749585628509521
492 0.07720009237527847
493 0.07720009237527847
494 0.14567877352237701
495 0.14567877352237701
496 0.2017481029033661
497 0.2017481029033661
498 0.2017481029033661
499 0.2017481029033661
