0 18.109455085742944
1 18.109455085742944
2 1014.7667034200695
3 374.6259012379725
4 227.6809743525327
5 49.54036554257353
6 20.965077236570554
7 8.848919078908962
8 96.33247903324832
9 5.607606436026699
10 4.396495050522851
11 5.484103803815932
12 3.9666477540184584
13 3.6593373583936284
14 3.523530914522279
15 3.9569981037347897
16 3.399638671168928
17 2.947808775120881
18 2.861052709916283
19 2.85237212447061
20 2.930806889660422
21 3.1152323450769237
22 2.852594609317808
23 3.596162716961983
24 4.243616103850226
25 2.931549478734118
26 3.8562054989515633
27 3.035740827548021
28 3.526372071800976
29 2.9713048143587213
30 3.7599650280901407
31 3.2711374851511144
32 3.2998521570088326
33 2.573013085016553
34 2.998189408579965
35 2.836215569294352
36 2.958811216559513
37 2.909207451635745
38 2.5617574632247333
39 2.3947465065540583
40 2.5592719448274703
41 2.9290524292373847
42 2.718027995311361
43 2.4131256850616163
44 2.482497182114235
45 2.552751766078886
46 2.3543350172973145
47 2.1093560761214976
48 2.599715340906766
49 1.9826023071154528
