0 0.0005094928036690568
1 0.0
2 0.0006441048252755748
3 0.0
4 0.0
5 0.001273186313606251
6 -0.001497563441991275
7 0.00035342873645313635
8 0.00017406401890616475
9 0.0008849594297628354
10 0.0008974761186915282
11 0.0
12 9.5237767642267e-05
13 0.0017483871418039
14 0.0
15 0.0019560589802312275
16 0.0
17 0.00046678320519719384
18 0.0
19 0.0007065456018469923
20 0.0
21 -0.0009119919697812984
22 -0.000584324252521722
23 0.0005168102605222943
24 -0.0005871854944971141
25 0.0
26 -0.002554894673175201
27 -8.804847179177871e-05
28 0.0
29 0.0
30 -0.002647040529274149
31 0.0
32 -0.0007850977796207174
33 -0.0010750107654413335
34 0.0
35 -0.00017268294090125303
36 0.0
37 -0.00014304409846303348
38 0.0
39 0.0
40 8.821305241783037e-05
41 -0.00020914094335651258
42 8.640954178204892e-05
43 0.0
44 -0.0004516957048781197
45 -0.00014954425112675978
46 -2.2536651201940213e-05
47 0.0
48 -6.881652279433239e-05
49 0.0001939595434940292
