0 2.301478556479854
1 2.301478556479854
2 4.6727254062727015
3 1.5154694634834012
4 1.999368667602539
5 0.4981201345500736
6 0.45183701136369836
7 0.2852510218846315
8 0.2431923929544137
9 0.1913858042203408
10 0.1799735640543231
11 0.13950473908754274
12 0.10974876096601663
13 0.09972457501994425
14 0.10235800374562053
15 0.0933509919421562
16 0.08115485603136084
17 0.0763903574821441
18 0.06993065554165971
19 0.0741064459171189
20 0.05348116190374464
21 0.061597010668641095
22 0.055096725928594825
23 0.054394079736150194
24 0.05233461122490231
25 0.042965592611478594
26 0.04234217329469303
27 0.04176701824068967
28 0.04197402839039197
29 0.04288017781141059
30 0.04826586461416807
31 0.04421911019263039
32 0.049062609668528046
33 0.07001893825059372
34 0.07519605221704818
35 0.05037921388634015
36 0.05179373543591179
37 0.04434883054355164
38 0.03691090134975536
39 0.038155946221280414
40 0.0449967273931928
41 0.03820987140661755
42 0.03635570622296662
43 0.03745300220245222
44 0.03522393586737881
45 0.03288114520788925
46 0.031013845423797426
47 0.03213778628665803
48 0.03220640920996414
49 0.030649469444371448
