0 2.301478556479854
1 2.301478556479854
2 4.6727254062727015
3 1.5154694472031929
4 1.99936867803857
5 0.4981196868443501
6 0.45183709015573126
7 0.2852510305390828
8 0.24319235502689585
9 0.1913858066355365
10 0.17997359934301602
11 0.13950467565511096
12 0.10974874842228026
13 0.09972457772213081
14 0.10235792028346379
15 0.09335090325080257
16 0.08115482385111428
17 0.07639032034478288
18 0.06993062861483654
19 0.0741063875908879
20 0.053481169399982875
21 0.06159701006297859
22 0.05509671575626011
23 0.05439406144607434
24 0.052334624561590666
25 0.04296563477117965
26 0.04234218089995051
27 0.041767014316346066
28 0.041974048628371625
29 0.04288017545887765
30 0.048265810635662064
31 0.04421911930936524
32 0.04906261134388372
33 0.07001897210386647
34 0.07519608364254608
35 0.05037923985714835
36 0.05179373138635911
37 0.044348846362757426
38 0.036910909110737994
39 0.03815594410041339
40 0.04499673329514096
41 0.038209873089427526
42 0.036355716985764036
43 0.03745300725740467
44 0.035223937583383755
45 0.032881148026083475
46 0.031013860869821927
47 0.03213778800673954
48 0.03220640321180882
49 0.030649457871325718
