1 1.000000
2 1.040650
3 1.073272
4 1.103422
5 1.132073
6 1.159656
7 1.186419
8 1.212518
9 1.238061
10 1.263128
11 1.287781
12 1.312065
13 1.336020
14 1.359678
15 1.383063
16 1.406199
17 1.429105
18 1.451797
19 1.474289
20 1.496595
21 1.518725
22 1.540689
23 1.562498
24 1.584158
25 1.605677
26 1.627062
27 1.648319
28 1.669454
29 1.690472
30 1.711377
31 1.732174
32 1.752868
33 1.773462
34 1.793959
35 1.814364
36 1.834679
37 1.854906
38 1.875050
39 1.895112
40 1.915095
41 1.935002
42 1.954834
43 1.974593
44 1.994282
45 2.013903
46 2.033456
47 2.052945
48 2.072370
49 2.091733
50 2.111036
51 2.130280
52 2.149466
53 2.168596
54 2.187670
55 2.206691
56 2.225659
57 2.244576
58 2.263441
59 2.282258
60 2.301025
61 2.319745
62 2.338418
63 2.357045
64 2.375628
65 2.394166
66 2.412661
67 2.431113
68 2.449523
69 2.467892
70 2.486220
71 2.504509
72 2.522759
73 2.540970
74 2.559143
75 2.577279
76 2.595378
77 2.613441
78 2.631468
79 2.649460
80 2.667418
81 2.685342
82 2.703232
83 2.721089
84 2.738913
85 2.756705
86 2.774465
87 2.792194
88 2.809893
89 2.827560
90 2.845198
91 2.862806
92 2.880384
93 2.897934
94 2.915455
95 2.932948
96 2.950413
97 2.967850
98 2.985260
99 3.002643
100 3.020000
