1 1.000000
2 1.006440
3 1.011607
4 1.016384
5 1.020922
6 1.025292
7 1.029532
8 1.033666
9 1.037713
10 1.041684
11 1.045589
12 1.049436
13 1.053231
14 1.056979
15 1.060683
16 1.064348
17 1.067977
18 1.071572
19 1.075135
20 1.078668
21 1.082174
22 1.085654
23 1.089109
24 1.092540
25 1.095949
26 1.099337
27 1.102704
28 1.106052
29 1.109382
30 1.112693
31 1.115988
32 1.119266
33 1.122529
34 1.125776
35 1.129008
36 1.132226
37 1.135431
38 1.138622
39 1.141800
40 1.144966
41 1.148119
42 1.151261
43 1.154391
44 1.157510
45 1.160618
46 1.163716
47 1.166803
48 1.169880
49 1.172948
50 1.176006
51 1.179054
52 1.182094
53 1.185124
54 1.188146
55 1.191159
56 1.194164
57 1.197160
58 1.200149
59 1.203130
60 1.206103
61 1.209069
62 1.212027
63 1.214977
64 1.217921
65 1.220858
66 1.223788
67 1.226711
68 1.229627
69 1.232537
70 1.235441
71 1.238338
72 1.241229
73 1.244114
74 1.246993
75 1.249866
76 1.252733
77 1.255595
78 1.258450
79 1.261301
80 1.264145
81 1.266985
82 1.269819
83 1.272648
84 1.275471
85 1.278290
86 1.281103
87 1.283912
88 1.286716
89 1.289515
90 1.292309
91 1.295098
92 1.297883
93 1.300663
94 1.303438
95 1.306210
96 1.308976
97 1.311739
98 1.314497
99 1.317250
100 1.320000
