1 1.000000
2 1.041053
3 1.073997
4 1.104446
5 1.133380
6 1.161237
7 1.188265
8 1.214622
9 1.240418
10 1.265734
11 1.290630
12 1.315155
13 1.339347
14 1.363239
15 1.386856
16 1.410221
17 1.433353
18 1.456270
19 1.478985
20 1.501511
21 1.523861
22 1.546043
23 1.568067
24 1.589941
25 1.611674
26 1.633271
27 1.654738
28 1.676082
29 1.697308
30 1.718420
31 1.739424
32 1.760322
33 1.781120
34 1.801820
35 1.822427
36 1.842943
37 1.863371
38 1.883714
39 1.903975
40 1.924156
41 1.944259
42 1.964287
43 1.984243
44 2.004127
45 2.023941
46 2.043688
47 2.063370
48 2.082987
49 2.102542
50 2.122036
51 2.141471
52 2.160847
53 2.180166
54 2.199430
55 2.218639
56 2.237794
57 2.256898
58 2.275951
59 2.294953
60 2.313907
61 2.332812
62 2.351670
63 2.370482
64 2.389248
65 2.407969
66 2.426647
67 2.445282
68 2.463874
69 2.482425
70 2.500935
71 2.519405
72 2.537835
73 2.556227
74 2.574580
75 2.592895
76 2.611174
77 2.629415
78 2.647621
79 2.665792
80 2.683927
81 2.702028
82 2.720095
83 2.738129
84 2.756130
85 2.774098
86 2.792034
87 2.809939
88 2.827812
89 2.845655
90 2.863467
91 2.881249
92 2.899002
93 2.916725
94 2.934420
95 2.952086
96 2.969724
97 2.987334
98 3.004916
99 3.022472
100 3.040000
