0 1.0211612079974428
1 1.0414557331245045
2 1.0414557331245045
3 1.0414557331245045
4 1.0414557331245045
5 1.077308367531951
6 1.077308367531951
7 1.077308367531951
8 1.111414846054845
9 1.111414846054845
10 1.1326862220755542
11 1.1595239740557177
12 1.1797554200353129
13 1.1797554200353129
14 1.2111709615656878
15 1.229940114839578
16 1.249965980609301
17 1.2692591407931753
18 1.2692591407931753
19 1.2927743355390766
20 1.307822269680852
21 1.3245125229744767
22 1.3245125229744767
23 1.342306913182793
24 1.3741846244471894
25 1.392678035496778
26 1.4103560290751582
27 1.4103560290751582
28 1.4318093026294743
29 1.4318093026294743
30 1.4556866277010063
31 1.4665491859471982
32 1.4942270568901823
33 1.5162761478355289
34 1.5292943683311224
35 1.5292943683311224
36 1.5585288038848504
37 1.5738505607401183
38 1.5920226726748277
39 1.6107526299838169
40 1.6107526299838169
41 1.633382869925649
42 1.6474827021117133
43 1.6568639524445168
44 1.6837475628968668
45 1.7003135369963518
46 1.7003135369963518
47 1.729100487753816
48 1.7413269407482697
49 1.7413269407482697
