0 1.021409638551456
1 1.041401814010872
2 1.041401814010872
3 1.065250034070831
4 1.0909889392241214
5 1.1118747687357926
6 1.1347670321955494
7 1.1590215056958026
8 1.1590215056958026
9 1.1590215056958026
10 1.1832584151492398
11 1.2049832872439987
12 1.2253196707550615
13 1.2253196707550615
14 1.2253196707550615
15 1.2412968146097194
16 1.2601922049363328
17 1.2802356140037932
18 1.2953406668625216
19 1.3209868494089196
20 1.3209868494089196
21 1.34105741312539
22 1.3535403038317726
23 1.3535403038317726
24 1.3535403038317726
25 1.3535403038317726
26 1.3535403038317726
27 1.3847688224761214
28 1.4042125832553254
29 1.4226341366685051
30 1.4450485809761442
31 1.4615929626155515
32 1.4813355468587164
33 1.5024828049257652
34 1.5214544590383214
35 1.533906843837239
36 1.533906843837239
37 1.557263143200286
38 1.580588139190819
39 1.6020392859021555
40 1.6112811818910682
41 1.63225858877914
42 1.6411830847704831
43 1.65361547301203
44 1.6740340437418466
45 1.682514813885693
46 1.682514813885693
47 1.705761053741058
48 1.705761053741058
49 1.7225331840220603
