0 1.084992881161508
1 1.1871107027944567
2 1.369279256446054
3 1.476183218754112
4 1.489475112185608
5 1.5993665652895737
6 1.7944276372787589
7 1.8967593084245107
8 1.989308313924461
9 2.1344284669850793
10 2.2076398152154124
11 2.225409990674735
12 2.4254099906747353
13 2.4254099906747353
14 2.5579127997555653
15 2.616713679937147
16 2.816713679937147
17 2.816713679937147
18 2.9995624439006754
19 3.0902707541053593
20 3.0998426990266563
21 3.2998426990266565
22 3.4645942700035888
23 3.664594270003589
24 3.7950963446502075
25 3.7950963446502075
26 3.9950963446502077
27 4.02747498579094
28 4.056046414362369
29 4.056046414362369
30 4.094553425592195
31 4.225025413085503
32 4.253596841656932
33 4.453596841656932
34 4.48216827022836
35 4.6821682702283605
36 4.6821682702283605
37 4.714464853038904
38 4.722496425684681
39 4.758647715902595
40 4.899714238985854
41 4.928285667557282
42 5.128285667557282
43 5.1893394988164285
44 5.389339498816429
45 5.417910927387857
46 5.556366217011978
47 5.556366217011978
48 5.556366217011978
49 5.608560291373938
50 5.808560291373938
51 6.008560291373938
52 6.208560291373939
53 6.208560291373939
54 6.208560291373939
55 6.408560291373939
56 6.572764095316237
57 6.772764095316237
58 6.801335523887666
59 6.958394515225419
60 6.958394515225419
61 6.986965943796847
62 7.186965943796848
63 7.3193323370878725
64 7.519332337087873
65 7.519332337087873
66 7.719332337087873
67 7.766191995067228
68 7.766191995067228
69 7.966191995067228
70 8.051735094057902
71 8.251735094057901
72 8.251735094057901
73 8.346307193655734
74 8.346307193655734
75 8.346307193655734
76 8.546307193655734
77 8.574878622227162
78 8.708667935024527
79 8.708667935024527
80 8.908667935024527
81 9.108667935024526
82 9.137239363595954
83 9.137239363595954
84 9.137239363595954
85 9.165810792167383
86 9.291821759419737
87 9.320393187991165
88 9.447631039031277
89 9.647631039031277
90 9.735191918847882
91 9.735191918847882
92 9.7961857067188
93 9.7961857067188
94 9.824757135290229
95 9.824757135290229
96 10.001624597382595
97 10.001624597382595
98 10.114133302107435
99 10.114133302107435
