0 1.0834652760544736
1 1.0834652760544736
2 1.0834652760544736
3 1.1197343733919667
4 1.1895007794799681
5 1.2803284684082685
6 1.2823935247693545
7 1.3618852095924785
8 1.3618852095924785
9 1.4457006844753517
10 1.4457006844753517
11 1.483148745230516
12 1.5373277240982586
13 1.5742126503654585
14 1.62171305166272
15 1.62171305166272
16 1.62171305166272
17 1.62171305166272
18 1.7035394200635687
19 1.8810662591333251
20 1.9370676301522805
21 1.9815110007599388
22 1.9815110007599388
23 1.9815110007599388
24 1.994616807934737
25 1.994616807934737
26 1.994616807934737
27 1.994616807934737
28 1.994616807934737
29 2.0359667690062464
30 2.066732551425638
31 2.1365492733830815
32 2.1365492733830815
33 2.2939540405505334
34 2.2939540405505334
35 2.3700156822260667
36 2.3700156822260667
37 2.3855573831717574
38 2.415276179264011
39 2.4432353220581784
40 2.4919591110700723
41 2.4919591110700723
42 2.526254245254714
43 2.5672804539599765
44 2.5672804539599765
45 2.5672804539599765
46 2.5672804539599765
47 2.5672804539599765
48 2.5672804539599765
49 2.6194745283219363
50 2.6194745283219363
51 2.6194745283219363
52 2.6194745283219363
53 2.6194745283219363
54 2.6194745283219363
55 2.6194745283219363
56 2.6194745283219363
57 2.6194745283219363
58 2.6480459568933647
59 2.6554077459124406
60 2.6554077459124406
61 2.6554077459124406
62 2.683979174483869
63 2.7314600878111586
64 2.7932284557358833
65 2.7932284557358833
66 2.7932284557358833
67 2.7932284557358833
68 2.8217998843073118
69 2.8217998843073118
70 2.835077746850407
71 2.9840760501414327
72 3.012647478712861
73 3.012647478712861
74 3.012647478712861
75 3.012647478712861
76 3.012647478712861
77 3.2126474787128614
78 3.2126474787128614
79 3.2126474787128614
80 3.233467216043307
81 3.2834135002933946
82 3.2834135002933946
83 3.2834135002933946
84 3.311984928864823
85 3.311984928864823
86 3.5119849288648233
87 3.5405563574362517
88 3.740556357436252
89 3.7691277860076804
90 3.8336271150101178
91 3.8336271150101178
92 3.8709119418488203
93 3.8709119418488203
94 3.8709119418488203
95 3.8709119418488203
96 3.8709119418488203
97 3.8709119418488203
98 4.07091194184882
99 4.07091194184882
