0 1.1650191524869322
1 1.2563736795498286
2 1.4548594204647394
3 1.6548594204647393
4 1.7671720560144797
5 1.9459813422008414
6 2.1128265949850746
7 2.144359457217107
8 2.2811299870276383
9 2.3369600475019614
10 2.4101713957322946
11 2.4839897410562766
12 2.597315463741269
13 2.6337016214118276
14 2.6337016214118276
15 2.7545938397973204
16 2.847683159408643
17 2.847683159408643
18 2.9295095278094916
19 3.0202178380141755
20 3.076219209033131
21 3.1206625796407894
22 3.2085404946218192
23 3.2085404946218192
24 3.293836053964964
25 3.293836053964964
26 3.293836053964964
27 3.3262146951056963
28 3.3262146951056963
29 3.3759789734410046
30 3.39354312230142
31 3.4432362543251402
32 3.4432362543251402
33 3.5183467017311663
34 3.5183467017311663
35 3.5982591186793362
36 3.5982591186793362
37 3.5982591186793362
38 3.5982591186793362
39 3.63441040889725
40 3.63441040889725
41 3.6629818374686787
42 3.6629818374686787
43 3.704008046173941
44 3.7325794747453696
45 3.761150903316798
46 3.761150903316798
47 3.761150903316798
48 3.761150903316798
49 3.8632141176435844
50 3.8632141176435844
51 3.891785546215013
52 3.9288565470618577
53 3.9288565470618577
54 3.9288565470618577
55 3.9288565470618577
56 3.9288565470618577
57 3.957427975633286
58 3.957427975633286
59 3.957427975633286
60 3.957427975633286
61 3.957427975633286
62 3.957427975633286
63 3.957427975633286
64 3.9948234567653897
65 3.9948234567653897
66 4.023394885336819
67 4.023394885336819
68 4.023394885336819
69 4.023394885336819
70 4.023394885336819
71 4.023394885336819
72 4.051966313908247
73 4.051966313908247
74 4.051966313908247
75 4.051966313908247
76 4.051966313908247
77 4.051966313908247
78 4.051966313908247
79 4.051966313908247
80 4.051966313908247
81 4.051966313908247
82 4.051966313908247
83 4.051966313908247
84 4.051966313908247
85 4.051966313908247
86 4.051966313908247
87 4.080537742479676
88 4.080537742479676
89 4.109109171051104
90 4.159403486596681
91 4.159403486596681
92 4.159403486596681
93 4.159403486596681
94 4.159403486596681
95 4.159403486596681
96 4.159403486596681
97 4.159403486596681
98 4.204047587271658
99 4.204047587271658
