1 1.087951412712
2 1.087951412712
3 1.151061536948
4 1.172644368091
5 1.172644368091
6 1.172644368091
7 1.314152100171
8 1.314152100171
9 1.335792932090
10 1.335792932090
11 1.335792932090
12 1.335792932090
13 1.335792932090
14 1.335792932090
15 1.335792932090
16 1.335792932090
17 1.335792932090
18 1.335792932090
19 1.335792932090
20 1.351264514797
21 1.351264514797
22 1.351264514797
23 1.351264514797
24 1.351264514797
25 1.351264514797
26 1.380148421919
27 1.380148421919
28 1.380148421919
29 1.398802807294
30 1.398802807294
31 1.398802807294
32 1.398802807294
33 1.398802807294
34 1.398802807294
35 1.398802807294
36 1.398802807294
37 1.398802807294
38 1.398802807294
39 1.398802807294
40 1.398802807294
41 1.429514515538
42 1.429514515538
43 1.429514515538
44 1.429514515538
45 1.429514515538
46 1.429514515538
47 1.429514515538
48 1.429514515538
49 1.429514515538
50 1.429514515538
51 1.429514515538
52 1.479059401653
53 1.479059401653
54 1.479059401653
55 1.479059401653
56 1.479059401653
57 1.479059401653
58 1.479059401653
59 1.479059401653
60 1.479059401653
61 1.479059401653
62 1.479059401653
63 1.479059401653
64 1.479059401653
65 1.479059401653
66 1.479059401653
67 1.479059401653
68 1.479059401653
69 1.479059401653
70 1.479059401653
71 1.498167619742
72 1.498167619742
73 1.498167619742
74 1.498167619742
75 1.506331694784
76 1.506331694784
77 1.506331694784
78 1.506331694784
79 1.506331694784
80 1.506331694784
81 1.506331694784
82 1.506331694784
83 1.506331694784
84 1.512153294528
85 1.512153294528
86 1.512153294528
87 1.512153294528
88 1.512153294528
89 1.512153294528
90 1.528075848099
91 1.538963202595
92 1.538963202595
93 1.538963202595
94 1.538963202595
95 1.538963202595
96 1.538963202595
97 1.538963202595
98 1.574468516057
99 1.574468516057
100 1.574468516057
