1 0.909081430883
2 0.931045921931
3 1.036250651130
4 1.168794223903
5 1.189017025977
6 1.412485047553
7 1.412485047553
8 1.614707143390
9 1.753674833821
10 1.753674833821
11 1.839376141919
12 1.839376141919
13 1.896408052698
14 1.912497339230
15 2.084276052015
16 2.084276052015
17 2.146004644362
18 2.146004644362
19 2.263065966284
20 2.267998277798
21 2.267998277798
22 2.311906454333
23 2.358221519611
24 2.480879714711
25 2.684717006890
26 2.697790474845
27 2.768719743724
28 2.833940561331
29 2.958145999784
30 3.040594462656
31 3.040594462656
32 3.040594462656
33 3.166880523353
34 3.295245783209
35 3.295245783209
36 3.333675243420
37 3.333675243420
38 3.470398835841
39 3.470398835841
40 3.534189056054
41 3.669868500195
42 3.853616519396
43 3.908875285352
44 4.011609100548
45 4.011609100548
46 4.011609100548
47 4.011609100548
48 4.011609100548
49 4.091167346883
50 4.194001490422
51 4.236834364586
52 4.379682440094
53 4.487380684707
54 4.622526939106
55 4.622526939106
56 4.709730201273
57 4.709730201273
58 4.891016536412
59 4.970198244270
60 5.038305953434
61 5.063132300024
62 5.168913400264
63 5.168913400264
64 5.169766456089
65 5.169766456089
66 5.342482094819
67 5.420234048925
68 5.553169528366
69 5.553169528366
70 5.715016257325
71 5.715016257325
72 5.725037143664
73 5.725037143664
74 5.725037143664
75 5.742636762783
76 5.893485893784
77 5.949087296390
78 6.180327644688
79 6.180327644688
80 6.191043894733
81 6.231627743295
82 6.231627743295
83 6.367663527282
84 6.636978777859
85 6.708089985339
86 6.708089985339
87 6.756118267793
88 6.780541186947
89 6.780541186947
90 6.862622284975
91 6.957583137205
92 6.957583137205
93 7.081959188530
94 7.184714689372
95 7.241278798124
96 7.241278798124
97 7.311500553435
98 7.413800518797
99 7.543253749261
100 7.543253749261
