1 1.186778492912
2 1.186778492912
3 1.229963412384
4 1.229963412384
5 1.229963412384
6 1.229963412384
7 1.286706497996
8 1.368826954584
9 1.368826954584
10 1.368826954584
11 1.368826954584
12 1.368826954584
13 1.368826954584
14 1.462327015740
15 1.462327015740
16 1.462327015740
17 1.462327015740
18 1.527631646330
19 1.527631646330
20 1.527631646330
21 1.558060314238
22 1.560029803896
23 1.685048117214
24 1.685048117214
25 1.685048117214
26 1.706607424760
27 1.818275972360
28 1.818275972360
29 1.818275972360
30 1.818275972360
31 1.818275972360
32 1.818275972360
33 1.865879488289
34 1.882145670213
35 1.882145670213
36 1.882145670213
37 1.940023774733
38 1.940023774733
39 1.940023774733
40 1.958953421132
41 1.964910381314
42 1.964910381314
43 1.964910381314
44 1.964910381314
45 1.964910381314
46 2.029493506785
47 2.029493506785
48 2.029493506785
49 2.029493506785
50 2.064489327108
51 2.162950692709
52 2.162950692709
53 2.316448487860
54 2.316448487860
55 2.316448487860
56 2.316448487860
57 2.316448487860
58 2.316448487860
59 2.392235900098
60 2.437182524507
61 2.437182524507
62 2.437182524507
63 2.437182524507
64 2.437182524507
65 2.437182524507
66 2.495112553216
67 2.518500750149
68 2.518500750149
69 2.518500750149
70 2.518500750149
71 2.518500750149
72 2.518500750149
73 2.676514563560
74 2.676514563560
75 2.676514563560
76 2.676514563560
77 2.814411224797
78 2.814411224797
79 2.814411224797
80 2.814411224797
81 2.840009711063
82 2.840009711063
83 2.840009711063
84 2.840009711063
85 2.982661407737
86 2.991347564216
87 2.991347564216
88 2.991347564216
89 2.991347564216
90 2.991347564216
91 3.075577375022
92 3.075577375022
93 3.075577375022
94 3.090577486984
95 3.125034848513
96 3.128542119430
97 3.128542119430
98 3.203228753193
99 3.203228753193
100 3.203228753193
