1 1.017438453795
2 1.163964612394
3 1.163964612394
4 1.183279582960
5 1.183279582960
6 1.183279582960
7 1.183279582960
8 1.316795718763
9 1.459725420428
10 1.459725420428
11 1.459725420428
12 1.459725420428
13 1.459725420428
14 1.476139466524
15 1.476139466524
16 1.476139466524
17 1.518251140992
18 1.518251140992
19 1.518251140992
20 1.518251140992
21 1.582112279612
22 1.582112279612
23 1.626076878363
24 1.626076878363
25 1.691937941289
26 1.714428611752
27 1.714428611752
28 1.714428611752
29 1.714428611752
30 1.725644170163
31 1.853280392605
32 1.857001533260
33 1.857001533260
34 1.857001533260
35 1.857001533260
36 1.949328719362
37 1.949328719362
38 1.949328719362
39 1.949328719362
40 1.993356028095
41 1.993356028095
42 2.041343841377
43 2.041343841377
44 2.041343841377
45 2.041343841377
46 2.041343841377
47 2.161634357764
48 2.195013787117
49 2.195013787117
50 2.195013787117
51 2.213937754788
52 2.213937754788
53 2.213937754788
54 2.213937754788
55 2.213937754788
56 2.238375762874
57 2.300071924759
58 2.300071924759
59 2.300071924759
60 2.397494786552
61 2.397494786552
62 2.397494786552
63 2.397494786552
64 2.401251893426
65 2.401251893426
66 2.401251893426
67 2.401251893426
68 2.401251893426
69 2.481978039824
70 2.546971676097
71 2.597035136094
72 2.638503628482
73 2.642710929139
74 2.642710929139
75 2.696586795878
76 2.696586795878
77 2.696586795878
78 2.747432836843
79 2.747432836843
80 2.747432836843
81 2.747432836843
82 2.753366078036
83 2.865935155878
84 2.868448628809
85 2.927198745223
86 2.996833094855
87 2.996833094855
88 2.996833094855
89 2.996833094855
90 2.996833094855
91 2.996833094855
92 2.996833094855
93 3.126623483033
94 3.126623483033
95 3.126623483033
96 3.126623483033
97 3.154901210504
98 3.154901210504
99 3.154901210504
100 3.220026059391
