1 1.037419366765
2 1.214926350520
3 1.214926350520
4 1.252800571491
5 1.252800571491
6 1.252800571491
7 1.307765220930
8 1.355278711034
9 1.355278711034
10 1.444557680786
11 1.444557680786
12 1.444557680786
13 1.444557680786
14 1.444557680786
15 1.517355531174
16 1.538601317358
17 1.538601317358
18 1.552206963571
19 1.582614657087
20 1.588202940138
21 1.588202940138
22 1.588202940138
23 1.588202940138
24 1.615496101143
25 1.713073048162
26 1.713073048162
27 1.713073048162
28 1.761562978000
29 1.761562978000
30 1.780140507295
31 1.780140507295
32 1.782636809335
33 1.925731502769
34 1.925731502769
35 1.925731502769
36 1.946373357380
37 1.946373357380
38 1.946373357380
39 1.946373357380
40 1.947006192609
41 1.983841724412
42 1.983841724412
43 1.983841724412
44 1.983841724412
45 2.136948280338
46 2.136948280338
47 2.136948280338
48 2.136948280338
49 2.136948280338
50 2.194226858684
51 2.194226858684
52 2.311498081512
53 2.311498081512
54 2.311498081512
55 2.311498081512
56 2.330846084431
57 2.330846084431
58 2.330846084431
59 2.330846084431
60 2.330846084431
61 2.394665285783
62 2.394665285783
63 2.394665285783
64 2.394665285783
65 2.424255346964
66 2.424255346964
67 2.442769345263
68 2.442769345263
69 2.567840488629
70 2.567840488629
71 2.594855925465
72 2.594855925465
73 2.594855925465
74 2.605616611098
75 2.696906586685
76 2.696906586685
77 2.767096437990
78 2.770849690491
79 2.770849690491
80 2.770849690491
81 2.805761334508
82 2.805761334508
83 2.805761334508
84 2.843073783946
85 2.843073783946
86 2.843073783946
87 2.843073783946
88 2.843073783946
89 2.922251715033
90 2.975985683024
91 2.975985683024
92 2.975985683024
93 2.975985683024
94 2.979051450931
95 2.991566113241
96 3.122120574770
97 3.122120574770
98 3.130294513163
99 3.143787560440
100 3.143787560440
