1 0.813482637121
2 1.100879415427
3 1.121279090889
4 1.251284763095
5 1.251284763095
6 1.373867472382
7 1.373867472382
8 1.373867472382
9 1.409251303254
10 1.409251303254
11 1.409251303254
12 1.409251303254
13 1.520183692572
14 1.520183692572
15 1.520183692572
16 1.542473726736
17 1.542473726736
18 1.542473726736
19 1.565675081470
20 1.565675081470
21 1.565675081470
22 1.565675081470
23 1.565675081470
24 1.572337725069
25 1.712271839221
26 1.712271839221
27 1.773620528181
28 1.773620528181
29 1.773620528181
30 1.773620528181
31 1.773620528181
32 1.773620528181
33 1.773620528181
34 1.858758793227
35 1.858758793227
36 1.858758793227
37 1.858758793227
38 1.858758793227
39 1.858758793227
40 1.858758793227
41 1.990122882396
42 1.990122882396
43 2.105790532142
44 2.105790532142
45 2.105790532142
46 2.105790532142
47 2.105790532142
48 2.134274849291
49 2.134274849291
50 2.134274849291
51 2.210577566084
52 2.210577566084
53 2.210577566084
54 2.216149918915
55 2.216149918915
56 2.257641847373
57 2.257641847373
58 2.257641847373
59 2.257641847373
60 2.429071237354
61 2.429071237354
62 2.429071237354
63 2.429071237354
64 2.429071237354
65 2.429071237354
66 2.429071237354
67 2.510275387011
68 2.510275387011
69 2.510275387011
70 2.510275387011
71 2.510275387011
72 2.510275387011
73 2.584981475302
74 2.584981475302
75 2.658679929176
76 2.658679929176
77 2.687064361179
78 2.687064361179
79 2.718222763699
80 2.719906465290
81 2.719906465290
82 2.793582467211
83 2.793582467211
84 2.793582467211
85 2.793582467211
86 2.793582467211
87 2.823993574229
88 2.903448493567
89 2.903448493567
90 2.903448493567
91 2.989399813790
92 2.989399813790
93 2.989399813790
94 2.989399813790
95 3.001523795581
96 3.001523795581
97 3.044122679355
98 3.066223460143
99 3.070775490797
100 3.089000895800
