1 0.953388797660
2 1.080005168204
3 1.080005168204
4 1.080005168204
5 1.142171481717
6 1.142171481717
7 1.142171481717
8 1.142171481717
9 1.277324171369
10 1.277324171369
11 1.277324171369
12 1.277324171369
13 1.277324171369
14 1.277324171369
15 1.341685495810
16 1.341685495810
17 1.341685495810
18 1.341685495810
19 1.341685495810
20 1.341685495810
21 1.367162852313
22 1.367162852313
23 1.367162852313
24 1.367162852313
25 1.367162852313
26 1.367162852313
27 1.367162852313
28 1.380779022771
29 1.380779022771
30 1.380779022771
31 1.380779022771
32 1.380779022771
33 1.380779022771
34 1.380779022771
35 1.380779022771
36 1.380779022771
37 1.380779022771
38 1.380779022771
39 1.380779022771
40 1.392656021338
41 1.392656021338
42 1.392656021338
43 1.401605443639
44 1.413053239057
45 1.413053239057
46 1.413053239057
47 1.413053239057
48 1.413053239057
49 1.413926148891
50 1.413926148891
51 1.413926148891
52 1.413926148891
53 1.413926148891
54 1.436533564576
55 1.436533564576
56 1.436533564576
57 1.452103989522
58 1.452103989522
59 1.452103989522
60 1.452103989522
61 1.452959551987
62 1.477692255791
63 1.477692255791
64 1.477692255791
65 1.477692255791
66 1.477692255791
67 1.477692255791
68 1.489241216068
69 1.489241216068
70 1.489241216068
71 1.489241216068
72 1.514075681451
73 1.514075681451
74 1.514075681451
75 1.514075681451
76 1.514075681451
77 1.514075681451
78 1.514075681451
79 1.514075681451
80 1.514075681451
81 1.514075681451
82 1.514075681451
83 1.514075681451
84 1.514075681451
85 1.514075681451
86 1.514075681451
87 1.514075681451
88 1.514075681451
89 1.514075681451
90 1.514075681451
91 1.514075681451
92 1.514075681451
93 1.514075681451
94 1.514075681451
95 1.514075681451
96 1.561864967728
97 1.561864967728
98 1.577903065246
99 1.577903065246
100 1.577903065246
