1 1.195153569505
2 1.254575177606
3 1.254575177606
4 1.260475623979
5 1.319675552353
6 1.472381337417
7 1.550046086643
8 1.550046086643
9 1.713736217515
10 1.713736217515
11 1.713736217515
12 1.828287978728
13 1.828287978728
14 1.828287978728
15 2.059785559955
16 2.059785559955
17 2.059785559955
18 2.247773395605
19 2.335817781950
20 2.353819373443
21 2.353819373443
22 2.514875197685
23 2.631944447082
24 2.631944447082
25 2.631944447082
26 2.648106950929
27 2.648106950929
28 2.709321139115
29 2.936547309804
30 2.936547309804
31 3.054462804707
32 3.073996158383
33 3.264201631717
34 3.287700991776
35 3.287700991776
36 3.438724167195
37 3.438724167195
38 3.530177412667
39 3.564888809216
40 3.564888809216
41 3.566142120664
42 3.786089276807
43 3.786089276807
44 3.841618771620
45 3.985426035628
46 3.985426035628
47 4.066483408861
48 4.142882240180
49 4.319739659973
50 4.319739659973
51 4.319739659973
52 4.371384798723
53 4.530107564824
54 4.538283677970
55 4.538283677970
56 4.571572852706
57 4.675622852695
58 4.803069596116
59 4.803069596116
60 5.028069387443
61 5.028069387443
62 5.028069387443
63 5.054431347298
64 5.054431347298
65 5.173674543650
66 5.321352186942
67 5.321352186942
68 5.361734644750
69 5.459083733878
70 5.471297203762
71 5.471297203762
72 5.667449692252
73 5.717992895960
74 5.717992895960
75 5.820243958155
76 5.913451319294
77 5.959047344063
78 6.061465796596
79 6.061465796596
80 6.278560613575
81 6.278560613575
82 6.278560613575
83 6.322275373192
84 6.478154436570
85 6.522013059965
86 6.734369781412
87 6.734369781412
88 6.790907303949
89 6.790907303949
90 6.790907303949
91 6.975848074264
92 6.975848074264
93 7.180005163545
94 7.204748971441
95 7.240245551082
96 7.240245551082
97 7.336445346869
98 7.336445346869
99 7.454858069217
100 7.454858069217
