1 1.158015188292
2 1.158015188292
3 1.292340458152
4 1.292340458152
5 1.325485970991
6 1.325485970991
7 1.391424219224
8 1.415564017831
9 1.415564017831
10 1.415564017831
11 1.415564017831
12 1.415564017831
13 1.415564017831
14 1.415564017831
15 1.415564017831
16 1.415564017831
17 1.457076345006
18 1.528952950863
19 1.528952950863
20 1.615420458336
21 1.615420458336
22 1.615420458336
23 1.615420458336
24 1.616585935468
25 1.653776137344
26 1.653776137344
27 1.653776137344
28 1.653776137344
29 1.692935887742
30 1.692935887742
31 1.833701746828
32 1.833701746828
33 1.833701746828
34 1.833701746828
35 1.900801768110
36 1.900801768110
37 1.913174314424
38 1.976262592258
39 1.976262592258
40 1.976262592258
41 1.976262592258
42 1.976262592258
43 2.040306557359
44 2.040306557359
45 2.043739531761
46 2.043739531761
47 2.095371166081
48 2.095371166081
49 2.095371166081
50 2.153390079080
51 2.252733985765
52 2.252733985765
53 2.252733985765
54 2.252733985765
55 2.252733985765
56 2.252733985765
57 2.252733985765
58 2.324556959484
59 2.324556959484
60 2.324556959484
61 2.339910024771
62 2.339910024771
63 2.417784642857
64 2.417784642857
65 2.417784642857
66 2.423384417549
67 2.585124918951
68 2.611203284890
69 2.611203284890
70 2.611203284890
71 2.611203284890
72 2.611203284890
73 2.677454650716
74 2.677454650716
75 2.677454650716
76 2.677454650716
77 2.779019745218
78 2.779019745218
79 2.779019745218
80 2.779019745218
81 2.853670962708
82 2.853670962708
83 2.853670962708
84 2.853670962708
85 2.898296979819
86 2.898296979819
87 2.898296979819
88 2.898296979819
89 2.898296979819
90 2.898296979819
91 2.934685137778
92 3.010024169521
93 3.010024169521
94 3.010024169521
95 3.010024169521
96 3.079023347635
97 3.079023347635
98 3.079023347635
99 3.093798394646
100 3.093798394646
