1 1.024667056030
2 1.167011812050
3 1.167011812050
4 1.167011812050
5 1.167011812050
6 1.334420257843
7 1.334420257843
8 1.334420257843
9 1.427751697938
10 1.427751697938
11 1.427751697938
12 1.427751697938
13 1.427751697938
14 1.427751697938
15 1.427751697938
16 1.427751697938
17 1.427751697938
18 1.427751697938
19 1.579546165149
20 1.579546165149
21 1.579546165149
22 1.579546165149
23 1.579546165149
24 1.587276235477
25 1.587276235477
26 1.587276235477
27 1.751610228909
28 1.751610228909
29 1.751610228909
30 1.751610228909
31 1.751610228909
32 1.795397603447
33 1.795397603447
34 1.801655969029
35 1.801655969029
36 1.819323757558
37 1.819323757558
38 1.834270975294
39 1.897176321767
40 1.897176321767
41 1.947089004289
42 1.947089004289
43 1.947089004289
44 1.998862106555
45 1.998862106555
46 2.100411029060
47 2.100411029060
48 2.100411029060
49 2.121411704343
50 2.121411704343
51 2.121411704343
52 2.227512723829
53 2.250475376477
54 2.265853339694
55 2.265853339694
56 2.265853339694
57 2.265853339694
58 2.265853339694
59 2.265853339694
60 2.265853339694
61 2.382471661571
62 2.387042423351
63 2.439450759603
64 2.439450759603
65 2.493388768528
66 2.493388768528
67 2.493388768528
68 2.576191892073
69 2.576191892073
70 2.576191892073
71 2.638621478212
72 2.638621478212
73 2.638621478212
74 2.638621478212
75 2.638621478212
76 2.638621478212
77 2.638621478212
78 2.738030899763
79 2.738030899763
80 2.799724452334
81 2.799724452334
82 2.799724452334
83 2.815107316878
84 2.815107316878
85 2.815107316878
86 2.815107316878
87 2.815107316878
88 2.905171583491
89 2.933601774656
90 2.933601774656
91 2.934863576804
92 2.996256663926
93 2.996256663926
94 3.014852645664
95 3.014852645664
96 3.051693258383
97 3.051693258383
98 3.086807781616
99 3.086807781616
100 3.086807781616
