1 1.069379452525
2 1.073784402466
3 1.114634224809
4 1.126228652732
5 1.126228652732
6 1.179552743634
7 1.385142893795
8 1.385142893795
9 1.385142893795
10 1.469296286795
11 1.469296286795
12 1.469296286795
13 1.469296286795
14 1.469296286795
15 1.521719770257
16 1.554703507544
17 1.554703507544
18 1.598688719607
19 1.598688719607
20 1.598688719607
21 1.607972556832
22 1.607972556832
23 1.640006701584
24 1.640006701584
25 1.640006701584
26 1.640006701584
27 1.704448027905
28 1.704448027905
29 1.777405002673
30 1.796061477500
31 1.796061477500
32 1.899626583791
33 1.921331889938
34 1.921331889938
35 1.921331889938
36 1.936473266618
37 1.936473266618
38 1.936473266618
39 1.936473266618
40 1.980797004025
41 1.980797004025
42 2.059547834874
43 2.095338856681
44 2.095338856681
45 2.095338856681
46 2.095338856681
47 2.095338856681
48 2.095338856681
49 2.095338856681
50 2.100299177560
51 2.297936507087
52 2.297936507087
53 2.297936507087
54 2.297936507087
55 2.314416723581
56 2.361247003377
57 2.361247003377
58 2.361247003377
59 2.361247003377
60 2.361247003377
61 2.403686491923
62 2.403686491923
63 2.403686491923
64 2.454920797172
65 2.454920797172
66 2.560613135622
67 2.560613135622
68 2.560613135622
69 2.560613135622
70 2.563466560801
71 2.563466560801
72 2.575857765477
73 2.575857765477
74 2.606282432309
75 2.715903297083
76 2.715903297083
77 2.721271333148
78 2.721271333148
79 2.721271333148
80 2.721271333148
81 2.721271333148
82 2.790820915144
83 2.879577811157
84 2.899325123323
85 2.899325123323
86 2.916178833773
87 2.922834402709
88 3.006670124190
89 3.006670124190
90 3.031952446202
91 3.031952446202
92 3.031952446202
93 3.109668254436
94 3.109668254436
95 3.109668254436
96 3.109668254436
97 3.122708062639
98 3.122708062639
99 3.154398468610
100 3.154398468610
