1 1.029185983620
2 1.034997615773
3 1.153367631941
4 1.199421694605
5 1.199421694605
6 1.238189576880
7 1.238189576880
8 1.362159954587
9 1.453751756590
10 1.453751756590
11 1.453751756590
12 1.453751756590
13 1.453751756590
14 1.453751756590
15 1.453751756590
16 1.539040307736
17 1.539040307736
18 1.539040307736
19 1.539040307736
20 1.579111058707
21 1.579111058707
22 1.579111058707
23 1.653735468166
24 1.653735468166
25 1.653735468166
26 1.653735468166
27 1.653735468166
28 1.653735468166
29 1.724676302574
30 1.773206458351
31 1.773206458351
32 1.872680354572
33 1.872680354572
34 1.872680354572
35 1.872680354572
36 1.872680354572
37 1.872680354572
38 1.872680354572
39 1.872680354572
40 1.964907761487
41 1.964907761487
42 1.976737816305
43 1.993771718067
44 2.061035119624
45 2.061035119624
46 2.061035119624
47 2.061035119624
48 2.061035119624
49 2.061035119624
50 2.272189033849
51 2.272189033849
52 2.272189033849
53 2.299121955095
54 2.299121955095
55 2.299121955095
56 2.299121955095
57 2.299121955095
58 2.299121955095
59 2.317420585249
60 2.379467724493
61 2.379467724493
62 2.431659467573
63 2.431659467573
64 2.431659467573
65 2.431659467573
66 2.431659467573
67 2.450903971199
68 2.450903971199
69 2.497052423445
70 2.497052423445
71 2.554810241647
72 2.580650010673
73 2.580650010673
74 2.646683146837
75 2.646683146837
76 2.663566352955
77 2.789117866405
78 2.789117866405
79 2.789117866405
80 2.789117866405
81 2.789117866405
82 2.854136073893
83 2.854136073893
84 2.854136073893
85 2.884146027456
86 2.985619870494
87 3.010886528034
88 3.010886528034
89 3.010886528034
90 3.010886528034
91 3.010886528034
92 3.010886528034
93 3.019647784744
94 3.133934470297
95 3.133934470297
96 3.133934470297
97 3.133934470297
98 3.133934470297
99 3.133934470297
100 3.158884747695
