1 1.106666749485
2 1.106666749485
3 1.134530881964
4 1.212111212454
5 1.212111212454
6 1.212111212454
7 1.212111212454
8 1.319294547079
9 1.319294547079
10 1.319294547079
11 1.319294547079
12 1.319294547079
13 1.329493511590
14 1.329493511590
15 1.329493511590
16 1.329493511590
17 1.329493511590
18 1.329493511590
19 1.329493511590
20 1.329519032511
21 1.329519032511
22 1.329519032511
23 1.329519032511
24 1.329519032511
25 1.364908033682
26 1.364908033682
27 1.364908033682
28 1.364908033682
29 1.364908033682
30 1.364908033682
31 1.368873254471
32 1.368873254471
33 1.368873254471
34 1.380374747804
35 1.380374747804
36 1.380374747804
37 1.380374747804
38 1.380374747804
39 1.380374747804
40 1.380374747804
41 1.380374747804
42 1.380374747804
43 1.380374747804
44 1.380374747804
45 1.380374747804
46 1.380374747804
47 1.380374747804
48 1.380374747804
49 1.380374747804
50 1.380374747804
51 1.380374747804
52 1.380374747804
53 1.380374747804
54 1.380374747804
55 1.380374747804
56 1.380374747804
57 1.380374747804
58 1.407188319541
59 1.409639547079
60 1.409639547079
61 1.409639547079
62 1.409639547079
63 1.442364600290
64 1.442364600290
65 1.442364600290
66 1.442364600290
67 1.442364600290
68 1.498513787873
69 1.498513787873
70 1.498513787873
71 1.498513787873
72 1.498513787873
73 1.498513787873
74 1.501267078009
75 1.501267078009
76 1.501267078009
77 1.501267078009
78 1.501267078009
79 1.501267078009
80 1.501267078009
81 1.501267078009
82 1.501267078009
83 1.503500261897
84 1.503500261897
85 1.503500261897
86 1.503500261897
87 1.503500261897
88 1.503500261897
89 1.503500261897
90 1.503500261897
91 1.503500261897
92 1.503500261897
93 1.503500261897
94 1.503500261897
95 1.503500261897
96 1.503500261897
97 1.503500261897
98 1.503500261897
99 1.503500261897
100 1.572903215723
