1 1.157793861334
2 1.157793861334
3 1.264827066369
4 1.281360353432
5 1.281360353432
6 1.503851993999
7 1.503851993999
8 1.508245254139
9 1.751615925202
10 1.761439904041
11 1.805545462812
12 1.805545462812
13 1.805545462812
14 1.893510163999
15 1.893527717436
16 2.061614122428
17 2.219904683113
18 2.219904683113
19 2.219904683113
20 2.219904683113
21 2.219904683113
22 2.349259344267
23 2.364929208844
24 2.489221290199
25 2.584718505957
26 2.584718505957
27 2.712066002068
28 2.712066002068
29 2.768837907830
30 2.865237541569
31 3.051609424345
32 3.051609424345
33 3.160257437333
34 3.160257437333
35 3.301251704666
36 3.309400734422
37 3.354032646087
38 3.354032646087
39 3.484392169392
40 3.664423896678
41 3.744641557654
42 3.744641557654
43 3.789098232649
44 3.789098232649
45 3.966978350400
46 3.975639413054
47 4.000861115679
48 4.000861115679
49 4.000861115679
50 4.329520515841
51 4.329520515841
52 4.416987736575
53 4.416987736575
54 4.426343397178
55 4.437005984980
56 4.611880171720
57 4.611880171720
58 4.751428567543
59 4.751428567543
60 4.959049557915
61 4.959049557915
62 4.959049557915
63 5.065488012589
64 5.131342014565
65 5.208381350462
66 5.279505668752
67 5.408551202068
68 5.408593145298
69 5.550939692740
70 5.550939692740
71 5.688536751749
72 5.688536751749
73 5.784855547949
74 5.784855547949
75 5.784855547949
76 5.871654876922
77 6.092568268405
78 6.093062418715
79 6.093062418715
80 6.093062418715
81 6.167859058749
82 6.167859058749
83 6.348531335340
84 6.529462913428
85 6.573659347656
86 6.629474398808
87 6.629474398808
88 6.629474398808
89 6.660021040310
90 6.689529079043
91 6.700662210432
92 6.812797798711
93 7.040360265109
94 7.061311708890
95 7.095741907289
96 7.138342600777
97 7.279012918983
98 7.279012918983
99 7.279012918983
100 7.336110817461
