0 0.00011285934327528631
1 1.1555781462063397e-08
2 -1.2178881693829669e-08
3 -3.953310497253313e-09
4 -4.899860813554627e-09
5 -5.046821205598748e-06
6 0.0
7 1.3005455194295494e-08
8 0.0
9 -2.092860364944004e-06
10 4.518288878215085e-09
11 6.354528155817083e-08
12 0.0
13 0.0
14 6.386435276012583e-09
15 -9.517137324168759e-07
16 2.2290210843254724e-06
17 -1.3181777309161722e-08
18 -5.511797728959832e-06
19 -1.6336081763797365e-07
20 -1.5134824672232557e-06
21 -1.639476459993601e-08
22 -2.3771658580859447e-05
23 -2.8308736377328994e-05
24 -2.9156235842678906e-05
25 0.0
26 8.018689193068639e-08
27 -2.6427017707960673e-08
28 5.377366304007196e-06
29 -2.991974002208804e-08
30 -3.4026745016397646e-06
31 -2.2348750984611046e-05
32 -7.990009974831507e-06
33 -3.477661204626913e-08
34 0.0
35 -9.796072206450814e-06
36 -1.6731094057303392e-06
37 -1.585306369655978e-05
38 -2.2191566960574068e-05
39 -2.8883686506128865e-05
40 -1.176180296948017e-05
41 0.0
42 0.01214380050586766
43 0.0007905029273856855
44 5.0184606339108025e-05
45 -9.32688243184541e-05
46 5.918717781085772e-05
47 0.0003113124254703238
48 -5.8137900521804935e-05
49 0.0
50 0.0
51 0.0
52 0.0
53 0.0013570550227819708
54 0.0008013484273727056
55 0.0
56 0.0006690331313559488
57 0.0
58 0.00047748690187136784
59 0.0013177912386774153
60 0.0
61 0.00037075556117570005
62 0.0
63 0.0
64 0.0
65 0.003178586572187137
66 0.0
67 0.0
68 0.02893775701813527
69 0.00035683182143612615
70 -0.004846354830078781
71 0.00012919904329218
72 0.0033529688761669285
73 -0.0003941888375715568
74 -0.0002725333506868333
75 -0.004749931744299829
76 0.0
77 -0.00043444700078929986
78 0.0
79 -0.00029020212688395233
80 -0.0018745524374157811
81 0.0
82 0.0
83 -0.00040433150132342983
84 -0.04746989634934701
85 -0.008594097270728032
86 0.0
87 -1.7316559559423318e-07
