0 -1.0951118013833148e-05
1 -9.142200996644781e-09
2 2.5537038109959716e-09
3 0.0
4 -2.867420579239716e-09
5 0.0
6 0.0
7 0.0
8 1.3633399078736162e-09
9 9.652391643816958e-06
10 0.0
11 0.0
12 4.853269892233106e-09
13 0.0
14 1.0245230728386573e-08
15 -6.60075691289061e-07
16 -1.8418065226116624e-05
17 -8.821627408545366e-09
18 0.0
19 6.025215902524499e-06
20 0.0
21 0.0
22 1.5101653400665828e-05
23 0.0
24 0.0
25 0.0
26 0.0
27 3.4558993202216834e-08
28 0.0
29 2.450908566902716e-08
30 2.5971865328567405e-06
31 0.0
32 0.0
33 4.496735278752584e-08
34 7.999414048495807e-09
35 2.3419610605786954e-06
36 5.825758827328258e-06
37 -1.2700877772756636e-05
38 1.4424510520725295e-05
39 4.675436769263255e-06
40 -3.070871974896646e-06
41 -2.8501695460615377e-08
42 0.0
43 0.001540384146922085
44 0.00037834604601517724
45 0.00016570989305141303
46 0.00016421907799907403
47 0.0003420349512761122
48 4.482501382252958e-05
49 1.3066842507484894e-07
50 3.131156774057281e-07
51 -0.0001376026679894785
52 0.0
53 0.0
54 0.0007301559537267467
55 2.462192994789996e-07
56 0.0003638736748488883
57 -5.488351100810275e-08
58 -0.0001280697003384278
59 0.00011292029174048197
60 -1.1968862761942742e-07
61 -0.00010743749355822968
62 -2.2022454819479884e-07
63 -0.0002588376191221216
64 0.0001025286139018674
65 -0.0005851226019066963
66 2.509786014752375e-07
67 0.00049262307501879
68 -0.004109463012667579
69 -0.0004779316433294547
70 0.008863958368288596
71 0.005379116985416967
72 0.02115914533489701
73 0.0
74 0.0010608546451417653
75 0.014144708454679241
76 0.08481502867829187
77 0.0019493800277901104
78 0.002813119685099637
79 0.0009744492259855782
80 0.0019903324656960447
81 0.0010770884268814615
82 0.0017650892998421594
83 0.0013435776479134944
84 0.026553577406995738
85 0.006781616386715888
86 -0.0019025614379521044
87 0.0
