0 0.0
1 0.0
2 0.0
3 -1.5452577061992062e-08
4 9.224939669884773e-09
5 0.0
6 -7.146539127712544e-09
7 1.4533966956372295e-08
8 5.092050849115459e-09
9 0.0
10 0.0
11 0.0
12 3.776123854923329e-09
13 -3.53757476336666e-06
14 -7.026858479227764e-09
15 -1.6117457486175051e-06
16 0.0
17 5.77921065393136e-09
18 -2.7689736281751276e-06
19 0.0
20 1.9696271349466988e-06
21 -1.0436616493966086e-09
22 -6.764120433591796e-06
23 6.76132165479905e-06
24 0.0
25 0.0
26 1.3506558915720835e-07
27 1.557873199288289e-08
28 -7.455460648114866e-06
29 -1.7891802831960772e-08
30 -3.911589781838056e-06
31 0.0
32 0.0
33 0.0
34 3.3636492787237916e-08
35 8.884098650383384e-06
36 0.0
37 0.0
38 0.0
39 0.0
40 2.0105385407615322e-05
41 4.1533005181003923e-08
42 -0.004844327922910452
43 -0.0013798981553065914
44 0.0
45 0.0
46 -0.00022633410140453632
47 -0.0002690604325081298
48 0.0
49 -2.3277718959263787e-07
50 -2.1644768333761295e-07
51 -0.0004402803552060375
52 0.0
53 -0.0005400767243393166
54 -0.0003112918445208229
55 -1.9234326619468626e-07
56 -0.0006271325185820901
57 -2.1777284476344339e-07
58 -0.00025205521240104727
59 -0.0004078531080029445
60 -1.9168964366067084e-07
61 -0.000165486732085382
62 -2.0599859998564978e-07
63 0.0
64 -6.467121206834864e-05
65 0.0
66 -2.974704426542448e-07
67 -0.00045441626157735566
68 -0.0049656531773507595
69 -0.0007182556463760648
70 0.0
71 -0.0011449206852736406
72 0.0
73 -0.00032366729690909245
74 -0.00031271018027971564
75 0.0
76 0.0
77 -0.00048073834224437106
78 -0.0011646249181553824
79 -2.9024558972844128e-05
80 0.0
81 2.207523959268999e-05
82 -0.0023617890018073013
83 -6.284781803220299e-05
84 0.004183264565654099
85 0.002574860323818484
86 0.0
87 0.0
