0 -4.312924670396987e-05
1 1.3441059936195677e-08
2 0.0
3 -3.900460757786321e-09
4 -1.1575150202414425e-08
5 1.9991170032802773e-06
6 -7.701969577209116e-09
7 0.0
8 0.0
9 1.6050259355550058e-05
10 5.943242065244436e-09
11 1.6508311211421578e-07
12 4.288785510533673e-09
13 -1.7280319062612118e-06
14 7.459617519177518e-09
15 0.0
16 1.925134338576552e-05
17 2.477036908889509e-08
18 -8.347133097425657e-06
19 -5.864606526125387e-06
20 -1.4500582076997572e-06
21 -1.9186353003784977e-08
22 0.0
23 0.0
24 0.0
25 3.807984070507931e-08
26 6.469192252868118e-09
27 1.2764594096649704e-08
28 -3.4294844451511693e-06
29 0.0
30 2.159487111090571e-06
31 -5.258264652995957e-06
32 2.9661633217548524e-06
33 0.0
34 -2.952958035735561e-09
35 0.0
36 7.181327326062262e-06
37 1.534040917176776e-05
38 0.0
39 0.0
40 0.0
41 4.848931185087449e-08
42 -0.004844327922910452
43 0.0
44 -0.00039642597409333524
45 0.0
46 -0.00023200151304056252
47 -0.00026152905396207454
48 -0.00048165501090012027
49 -2.216903895540933e-07
50 -2.17024098090212e-07
51 0.0
52 -0.00012714818912954327
53 -0.0005308775327580107
54 -0.00030220097735912167
55 -1.8424231095474166e-07
56 0.0
57 -2.1771763800702177e-07
58 -0.00024819113909048374
59 -0.00043768436791519503
60 0.0
61 0.0
62 -2.0726217828933666e-07
63 0.0
64 -8.472140227784963e-05
65 -0.0004586092582892742
66 -3.0148596122038463e-07
67 0.0
68 -0.0049656531773507595
69 0.0
70 0.0
71 -0.0012162603822945962
72 -0.0056418468345378935
73 -0.0002750277390571094
74 0.0
75 -0.004749931744299829
76 -0.0018391388174734402
77 -0.0003574267055548264
78 0.0
79 0.0
80 -0.0005044805795470624
81 0.0
82 0.0
83 -9.635975755656784e-05
84 0.004183264565654099
85 0.002574860323818484
86 -0.0018940103645093131
87 0.0
