0 1.4158261237681412e-05
1 2.7050757128414325e-09
2 3.868935876053665e-09
3 1.1856237716836353e-08
4 0.0
5 -6.202943193122647e-07
6 2.5658476715326717e-09
7 4.14598014299892e-09
8 4.881364735244318e-09
9 2.4230225456557275e-06
10 5.8907942900022784e-09
11 -6.49844167360195e-08
12 -7.2959468357617335e-09
13 1.6843277069585728e-06
14 0.0
15 2.0906711127331214e-06
16 1.5814137312249534e-05
17 0.0
18 5.912739469385902e-06
19 -8.883265534467714e-08
20 8.509219746395014e-07
21 0.0
22 -1.4880445888818479e-05
23 -8.773388820845855e-06
24 1.7319129450207164e-05
25 -1.4670317577300341e-08
26 0.0
27 2.604345698906912e-09
28 5.036104812070282e-06
29 -1.8627046725768455e-08
30 0.0
31 1.590255065236949e-05
32 -2.01932696127331e-06
33 0.0
34 1.4580405704732152e-08
35 1.2850115153814212e-05
36 0.0
37 3.574028137468403e-05
38 1.651028572447302e-06
39 1.3704285677781046e-05
40 -9.126723777719197e-06
41 -1.1033851873426426e-08
42 0.012077870503827392
43 0.00037204424975016985
44 0.0
45 0.0002714689714503342
46 0.0
47 0.0
48 0.00043419982170164793
49 4.0634677932818863e-07
50 0.0
51 0.0005861375713423649
52 0.00018753413962569154
53 0.0
54 0.0
55 3.1945531998491714e-07
56 0.0
57 4.0592478488612443e-07
58 0.0004402685828575914
59 0.0
60 0.0
61 0.0
62 9.063668554124471e-07
63 0.0015455824481550068
64 0.0
65 0.0
66 0.0
67 0.0
68 0.0
69 0.0025464212877472294
70 -0.004846354830078781
71 -0.0014350129149360744
72 0.0
73 -0.0004907042818155857
74 -0.0004046102895422951
75 -0.004749931744299829
76 -0.0018391388174734402
77 0.0
78 0.0
79 -0.00022089223501629238
80 -0.0018559570259155062
81 -0.0003586560040787086
82 0.0
83 -0.0004922067376625213
84 0.0
85 0.0
86 -0.0008885848058433894
87 -1.649211798666608e-07
