0 2.4197101472514384e-05
1 0.0
2 -8.564183858463677e-09
3 6.8773682865059695e-09
4 -8.363506629269844e-10
5 -7.093486940852626e-08
6 -1.634089679436439e-08
7 0.0
8 0.0
9 0.0
10 0.0
11 -1.337651873336083e-07
12 -1.8463462513693226e-09
13 0.0
14 0.0
15 -1.0796281812553301e-07
16 3.6980466714952443e-07
17 1.3162082487559403e-08
18 2.7814721890191245e-06
19 0.0
20 0.0
21 2.0846321019452767e-08
22 0.0
23 5.4147966812571e-05
24 1.2060666505413606e-05
25 5.035433851900549e-09
26 0.0
27 0.0
28 0.0
29 3.02028761646428e-08
30 3.2647764652448926e-06
31 -9.528642746987013e-06
32 0.0
33 3.009355691913385e-08
34 3.155025354811861e-09
35 -2.4476164923870307e-05
36 -9.785103913548412e-06
37 -1.3896275080997374e-05
38 -1.3711490124150747e-05
39 0.0
40 4.933332272215337e-06
41 0.0
42 -0.004844327922910452
43 -0.0013798981553065914
44 -0.0004034769832313067
45 -0.0005101724390105823
46 0.0
47 -0.00025179172738547793
48 0.0
49 -2.2511962741111474e-07
50 -2.0231632008271377e-07
51 -0.00042776433405927066
52 -0.00012513556876390624
53 0.0
54 -0.0003042375498320337
55 -1.823683450254505e-07
56 -0.0006749532551816257
57 -2.1217330652519068e-07
58 -0.00024010844590860008
59 -0.0003664734765603464
60 -1.8767113938244746e-07
61 0.0
62 -2.1227330506092314e-07
63 -0.0003385299669016227
64 -0.00010025883186167853
65 -0.0004965935610603653
66 -2.759125622817891e-07
67 -0.0005373564624912247
68 -0.0049656531773507595
69 0.0
70 0.0
71 -0.0008205629545317008
72 -0.008168281397058039
73 0.0
74 -0.0004193073842485034
75 -0.004749931744299829
76 0.0
77 -0.0001360745676832511
78 -0.0011792802991751352
79 -1.5801545958274388e-05
80 0.0
81 -5.587956399254862e-05
82 -0.0031589515073611155
83 0.0
84 0.004183264565654099
85 0.002574860323818484
86 0.0
87 -1.555697125932181e-07
