1 9996
2 9997
3 9997
4 9997
6 9567
7 9997
9 9997
11 9997
12 7720
13 9997
14 6488
16 9997
17 9997
19 9997
21 9424
22 9997
23 9111
24 9997
25 8845
27 5918
29 9996
30 9997
31 8913
32 9997
34 9997
35 9997
36 9997
37 9968
38 9018
40 8598
41 9997
44 9997
45 9997
46 9997
47 9997
49 9997
50 9533
52 6245
55 9996
56 9976
57 9249
58 9997
60 9270
61 9997
62 9997
65 9997
66 5998
67 9997
69 9997
73 9997
74 8456
75 9997
76 8844
78 9997
79 7316
80 9997
81 9997
82 5998
83 7009
84 9997
85 8645
86 9997
87 9997
88 9997
89 7312
95 4812
96 2545
97 9997
98 9997
99 6722
