0 9996
1 9997
2 9997
3 9997
4 9997
5 9997
6 9997
7 9997
8 9997
9 9997
10 9997
11 9997
12 9070
13 9997
14 7779
15 9997
17 9997
18 9997
19 9997
20 8283
21 9997
23 9997
27 7878
28 9997
29 9997
30 9997
31 9904
33 7824
34 9997
36 9997
37 9997
38 9833
39 9997
40 9997
41 9997
43 9997
44 9997
45 9997
48 9997
49 9997
52 7596
55 9997
56 9997
59 9997
60 9997
61 9997
62 9997
64 9997
66 6065
67 9997
70 9997
71 9997
72 9997
74 9518
76 9203
78 9997
79 8359
82 5015
83 8797
86 9997
87 9997
88 9997
89 9335
91 9997
94 9997
97 9997
98 9997
99 7978
