4 9996
5 9997
6 8663
8 8549
10 9997
11 9997
12 6925
13 9997
14 5998
15 9996
16 9997
17 9997
18 9997
19 9997
20 6693
21 9997
23 8946
24 9997
25 8685
28 9997
29 9997
30 9997
32 9997
33 6768
34 9997
35 9997
37 9688
38 8481
39 9997
41 9996
42 9997
43 9997
45 9997
48 9997
49 9997
50 9307
51 9997
52 6639
53 9997
54 9997
55 9997
56 9997
57 9301
58 9997
59 9997
60 9190
63 9997
64 9997
65 9997
66 5998
68 5572
69 9996
71 7133
72 6736
73 9997
76 8221
79 4932
80 5736
81 4335
85 2656
87 9997
90 9997
91 9997
92 9997
93 9997
94 9997
95 9029
96 9997
97 9997
98 9997
99 6871
