0 9996
2 9997
3 9997
5 9997
7 9997
8 9997
9 9997
10 9997
11 9997
12 8123
15 9997
16 9997
17 9997
18 9997
19 9997
20 7094
21 9997
22 9997
25 8744
26 9997
27 7294
28 9997
29 9997
31 9084
32 9997
34 9997
35 9997
37 9997
39 9997
40 9747
41 9997
42 9997
43 9997
44 9997
46 9997
47 9997
48 9997
50 9779
51 9997
52 7203
53 9997
54 9997
56 9997
57 9763
58 9997
59 9997
60 9806
61 9997
62 9997
63 9997
64 9997
65 9997
66 5998
67 9997
68 9997
69 9997
70 9997
71 9997
72 9859
73 9997
74 8214
77 9997
78 9997
79 6721
80 9997
82 5998
83 5855
84 9997
85 8705
87 9997
89 7379
90 9997
92 9899
93 9997
94 9997
95 8178
97 9997
99 5998
