5 9996
6 8248
7 9997
9 9997
10 9997
12 6489
13 9996
14 5997
15 9996
16 8335
18 9997
21 2
22 9997
23 8143
24 7427
25 5326
26 9997
27 6341
28 7322
30 7103
31 5355
32 9997
33 6387
34 7279
36 7565
37 6918
38 5339
39 7857
40 7061
42 9997
44 9997
46 9997
47 9997
49 9997
50 9016
51 9997
53 8551
54 9996
55 9997
61 4669
62 6006
63 9997
64 9997
66 5998
67 9997
68 9552
69 9997
70 5604
71 9996
72 9591
73 6751
75 5130
77 5218
78 4743
79 2845
80 9996
83 6995
84 4137
85 2482
86 4757
87 3486
88 4211
90 0
92 0
93 0
94 404
98 1069
99 641
