0 5.792068657929274e-07
1 5.351171171706434e-07
2 4.994377703144554e-07
3 4.7449401733868615e-07
4 4.395163501584129e-07
5 3.938537189399601e-07
6 4.0801749008093233e-07
7 3.697520025578118e-07
8 3.050911118127141e-07
9 3.6560207017843864e-07
10 3.358204266804948e-07
11 3.1789561014349825e-07
12 3.3416317138414605e-07
13 3.1749547763397804e-07
14 2.498163265312048e-07
15 2.3458673139054515e-07
16 2.662327426208718e-07
17 2.352692834034838e-07
18 2.552280846113766e-07
19 2.895261062665821e-07
20 2.565358991006203e-07
21 2.374252628952911e-07
22 2.39335456733386e-07
23 2.577261586496439e-07
24 2.5434326256491837e-07
25 2.2487590768574206e-07
26 2.422330110172327e-07
27 2.215280323832115e-07
28 2.178795034434118e-07
29 2.0934063121155128e-07
30 2.456767938696189e-07
31 2.325975800396736e-07
32 2.401084560080521e-07
33 1.9991067099885015e-07
34 2.144177729450383e-07
35 2.100474059382552e-07
36 1.990426146482865e-07
37 1.7441706949478842e-07
38 2.2683908593508089e-07
39 1.979623710780489e-07
40 1.6586431284623475e-07
41 2.2623617742781802e-07
42 2.212418941396326e-07
43 1.959231795020812e-07
44 1.8860358498666258e-07
45 1.8818139030123445e-07
46 1.6207638069912096e-07
47 1.9366556542030123e-07
48 2.11608477582946e-07
49 2.167552046278877e-07
50 1.8298679121963284e-07
51 1.3233496481569704e-07
52 1.8129453006878762e-07
53 2.1269938294226002e-07
54 1.8661891406119452e-07
55 2.0343827315308411e-07
56 1.2742909642881421e-07
57 2.126838233512895e-07
58 1.504781737095954e-07
59 1.774752626478197e-07
60 2.0851394354334987e-07
61 1.720010783617812e-07
62 1.7651640266244276e-07
63 1.7397802503354222e-07
64 2.0535458972843088e-07
65 1.6893250894255985e-07
66 1.5722914277507284e-07
67 1.9859671634967028e-07
68 1.664972305982939e-07
69 1.6616812075766723e-07
70 1.8302048104711108e-07
71 1.9741479119137024e-07
72 2.0833096789435996e-07
73 1.810722662117335e-07
74 1.731119340208033e-07
75 1.707894738318917e-07
76 1.5814905698847582e-07
77 1.7769009227823964e-07
78 1.737492575928582e-07
79 1.6500275393843316e-07
80 1.4384247974513294e-07
81 1.6122480790259368e-07
82 1.9326967095958923e-07
83 1.7805696157925482e-07
84 1.8711803632229873e-07
85 1.7429803184689816e-07
86 1.7349040854273477e-07
87 1.9210432052414728e-07
88 1.5216631204670908e-07
89 1.4632284318110157e-07
90 1.6621450831951965e-07
91 1.8798920789934384e-07
92 1.7040120453957853e-07
93 1.6605022493950036e-07
94 1.443566695668348e-07
95 1.752153036825072e-07
96 1.6545444490557316e-07
97 1.9221947929991375e-07
98 1.408138520858973e-07
99 1.6627140486368228e-07
