4 639
5 1161
6 1185
7 1499
9 1566
10 1205
11 1451
12 1504
15 1575
16 1355
18 1358
19 1472
21 1419
22 1531
24 1780
27 1590
28 1545
29 1690
30 1521
32 1573
33 1340
34 1474
35 1580
36 1489
37 1533
38 1446
39 1899
40 1825
42 1635
43 1651
44 1551
46 1319
47 1897
49 2225
51 1563
52 1289
53 2012
54 1615
55 1542
56 1501
57 1739
58 1774
60 1609
61 1540
62 1521
65 1766
66 1059
67 1248
68 1353
70 1977
73 3111
75 1866
77 2145
78 1287
80 2268
81 2008
82 1464
83 1589
84 1967
85 1984
87 2727
88 2760
89 1656
91 2254
93 2164
95 0
96 0
97 210
98 126
99 2445
