0 2400
1 3093
2 2825
3 2576
4 2227
5 2151
6 1822
7 1915
10 1641
11 1738
13 1529
14 1574
15 1652
16 1441
17 1630
18 1568
21 1512
22 1620
23 1442
25 1306
28 1404
29 1631
30 1516
32 1599
33 1389
34 1532
35 1642
36 1557
38 1485
41 1781
43 1752
44 1626
45 1785
46 1493
49 1993
50 2430
51 1835
53 2350
54 2000
55 2015
58 2079
60 1966
61 1771
63 1875
64 2399
65 2801
68 2321
69 2193
70 2500
71 0
72 0
73 2399
74 1439
75 863
76 1443
77 1903
78 1141
79 1200
80 2217
82 1661
83 1704
84 2036
85 2064
86 0
87 1540
88 1613
90 967
91 1834
92 1100
95 0
96 0
99 2399
