0 2400
1 3093
2 2813
4 2356
5 2218
10 1810
11 1815
12 1723
13 1500
14 1539
16 1345
17 1550
18 1495
19 1572
20 1506
21 1467
22 1585
23 1412
26 1629
28 1589
29 1734
30 1569
31 1660
34 1681
35 1720
36 1591
37 1611
38 1509
39 1949
40 1961
42 1858
43 1801
44 1657
46 1401
47 1957
48 2042
50 2459
51 1859
52 1644
53 2238
54 1890
55 1901
56 1936
57 2011
59 1985
61 1776
63 1870
64 2390
65 2758
66 2021
67 1851
68 1735
72 1041
73 2774
77 2682
78 1609
79 1612
80 2469
84 2505
85 2631
86 2882
87 3282
88 3528
90 2116
91 2543
92 1570
93 1556
94 1612
97 1745
98 1047
99 2776
