0 2.3041706761018492
1 2.3041706761018492
2 2.3890512682576492
3 2.294166621076367
4 2.1059031126665624
5 1.790527082820205
6 1.6673278541273058
7 1.6678794122595957
8 1.5767876078400953
9 1.4601980115108715
10 1.6801665434958482
11 1.4371908780788751
12 1.371832829543318
13 1.513072666990254
14 1.3117751666941053
15 1.3966658979588733
16 1.2894618491884182
17 1.298344963453941
18 1.2693208582426554
19 1.3495430189219684
20 1.2339277400997166
21 1.378708762010352
22 1.223715386716908
23 1.1725480528587484
24 1.2962973348782953
25 1.2090595782601994
26 1.2101200492197477
27 1.1546494754392354
28 1.2101540149963244
29 1.1846503296072994
30 1.1520085140785519
31 1.131207270845458
32 1.2186578698314698
33 1.148970798447886
34 1.2558294030088595
35 1.168117775240286
36 1.149342352854154
37 1.1860770848565731
38 1.1597221440781496
39 1.3376866599206185
40 1.1775194159935274
41 1.212875025502251
42 1.1762814801152788
43 1.247467811190145
44 1.2849236042124197
45 1.2522776722550322
46 1.210156620323813
47 1.3015248478114736
48 1.2868391011185254
49 1.2691208163746168
50 1.232591455269871
51 1.2775779766758864
52 1.3643758473789294
53 1.3083666171233972
54 1.2959123796213863
55 1.3034958559218635
56 1.3880542297319403
57 1.3058058626772429
58 1.3524054538538324
59 1.4323074537698066
60 1.4324999734815966
61 1.2929497329824853
62 1.3575164506997697
63 1.374148141744018
64 1.3710990555168605
65 1.4027234672617737
66 1.4965801334400182
67 1.4180975451090736
68 1.3819557778905405
69 1.5120453969267136
70 1.4546004617230897
71 1.4326241171391016
72 1.4167374679388391
73 1.566228944841779
74 1.489362514312326
75 1.598017710737048
76 1.486068511109372
77 1.5678102256393738
78 1.5685064319515973
79 1.5680548760575708
80 1.5395275690145886
81 1.587951711712658
82 1.5301070180409526
83 1.6899628331480467
84 1.6322428530563138
85 1.6956281550623555
86 1.6713080244270366
87 1.6789976077738893
88 1.6303241001794184
89 1.709514990618859
90 1.67216543353398
91 1.62323199841804
92 1.6499220621922084
93 1.655729613177274
94 1.7415243479031806
95 1.775812192591793
96 1.7693900897469992
97 1.8808603337774947
98 1.7965060803241124
99 1.708306575493947
