0 -0.00010519597378088804
1 -0.00034756562312395666
2 -0.0013726168453016094
3 -0.001643115682169634
4 0.0
5 -0.002145424341401019
6 -0.002521341508592674
7 -0.0015675272427262865
8 -0.001558640602308597
9 -0.002018680449512941
10 -0.001967503119622832
11 -0.001898526014940947
12 -0.0018478515573103237
13 -0.002260469203929377
14 0.0
15 -0.0018403848585354797
16 -0.001423047111144779
17 -0.0009197888958124145
18 -0.0004769605910546475
19 -0.00028378399501377
20 -0.000451802401411574
21 -0.00024029008798597904
22 -0.0004415664596461732
23 0.0
24 -0.00039057906849246723
25 -0.00028533500559613413
26 -0.00031560521070511617
27 0.0
28 -0.00014212139028703936
29 0.0
30 0.0
31 0.0
32 0.0
33 -0.00032322970228193033
34 -0.0006087233196528686
35 0.0
36 0.0
37 -5.2924795054390443e-05
38 -0.0005309632034457374
39 -9.802700343765447e-05
40 0.0
41 -1.1942961143859187e-05
42 -0.000405431207169325
43 -0.0005042779522241121
44 -0.00011850309872404528
45 0.0
46 -0.0002466013393078189
47 -0.00024037701816991607
48 0.0
49 0.0
50 -0.00023126137103023607
51 0.0
52 3.4252036169096048e-06
53 0.0
54 -0.00041400217493347543
55 1.7101189143368222e-06
56 0.0
57 -0.0001840524392130131
58 -0.00021068679465914596
59 -0.00010213044503426394
60 0.0
61 0.00015414366374848213
62 0.0006293229400741665
63 0.00039108707272262505
64 -0.0001130480273765866
65 -5.4486527366583745e-05
66 0.0
67 0.0
68 0.00015183042482229314
69 -8.12955013665556e-05
70 0.0
71 0.000276612874430679
72 -0.00016296556131641335
73 0.0003260223317694111
74 0.0
75 0.0
76 0.00012338406177025166
77 -0.00010028545962061095
78 -0.00013723209843083606
79 6.07791307701339e-05
80 -9.690778683239615e-05
81 0.00022890113763111576
82 0.0
83 0.0
84 8.617658164717591e-05
85 0.0006664327161522058
86 5.15410748087904e-05
87 0.0004590525187489886
88 0.00020801479124014788
89 8.279010800384029e-05
90 0.0
91 0.0
92 0.00012249663499712047
93 0.0001586589750730101
94 0.0
95 0.00024991692171911307
96 0.0002657392000570059
97 0.00017601065314167756
98 0.00017590201222144198
99 0.00017590201222144198
