0 1.0
1 1.0
2 1.0061580969936317
3 1.0097755355973628
4 1.0165813700458521
5 1.0365626595913853
6 1.0478201432565541
7 1.0759766932681791
8 1.0759766932681791
9 1.0833394593420371
10 1.1143476087286095
11 1.1143476087286095
12 1.1315918579856188
13 1.1315918579856188
14 1.1315918579856188
15 1.1520309578682606
16 1.190898268815791
17 1.190898268815791
18 1.2083266695782773
19 1.2414086773368826
20 1.268338849296004
21 1.2980870991979605
22 1.327527212192737
23 1.327527212192737
24 1.345497919920459
25 1.345497919920459
26 1.3613966538023141
27 1.3613966538023141
28 1.3775390168038144
29 1.3775390168038144
30 1.3775390168038144
31 1.3775390168038144
32 1.3775390168038144
33 1.4043783012388817
34 1.4043783012388817
35 1.4278698645255676
36 1.4595136436700584
37 1.4595136436700584
38 1.4595136436700584
39 1.4768099998080035
40 1.5078661910342077
41 1.5447902492278403
