0 1787
1 5955
3 5955
5 5955
7 5955
8 5955
12 5955
13 5955
14 5955
15 5955
16 5955
18 5955
19 5955
21 5955
22 5955
24 5955
27 5955
29 5955
31 5955
32 5955
35 5955
36 5955
37 5955
38 5955
39 5955
41 5955
42 5955
43 5955
44 5955
46 5955
47 5955
48 5955
49 5955
50 5955
53 5955
54 5955
55 5955
56 5955
57 5955
58 5955
59 5955
60 5955
62 5955
63 5955
65 5664
66 5955
67 5955
68 5955
69 5421
70 5955
71 5955
72 5955
74 4391
75 5955
76 5955
77 5955
78 5955
79 5955
81 5955
82 5955
83 5955
85 5955
86 5955
87 5955
88 5955
89 5955
90 5955
91 5955
92 5955
93 415
95 249
97 0
98 0
100 0
102 5954
104 5955
106 5955
107 5955
109 4927
112 5955
114 4538
115 5954
116 5955
117 5955
118 5955
120 4907
121 0
122 5955
124 3573
125 0
127 0
128 0
130 0
132 5955
133 5955
134 5955
135 5955
136 5955
137 5955
138 5955
139 5955
142 1740
144 1044
145 0
146 0
147 5955
148 2
149 5955
153 3573
155 369
158 2715
160 5955
161 5955
162 4088
165 254
166 152
167 5954
169 5955
171 5559
172 0
173 5954
174 3572
178 2143
179 5955
180 3883
181 5954
182 1
183 5955
184 4374
187 0
190 5954
192 507
193 5955
194 0
195 3740
197 5955
198 3573
199 0
200 0
201 2607
203 0
205 0
206 2482
210 0
211 4920
212 5955
214 3911
215 2936
216 0
218 5955
220 3670
221 5955
222 5955
224 5564
225 465
227 0
228 0
232 0
233 3781
234 5955
235 5739
236 0
237 0
238 5431
240 3258
241 0
243 0
244 0
246 0
248 0
250 0
253 5955
255 5955
260 5955
261 5955
262 1
265 5954
266 5955
268 5955
269 5955
270 5955
271 5955
272 3573
273 5955
275 0
277 0
278 0
279 0
282 0
283 0
287 2164
288 1298
291 5955
293 5955
296 5955
297 3573
298 5955
299 4481
300 5954
301 5955
302 5955
305 3739
306 2243
308 1345
309 0
310 0
311 0
313 0
316 5955
318 3573
319 1
320 0
321 5954
322 5955
323 5955
324 5041
325 0
326 0
327 5954
328 3572
329 0
332 0
333 0
334 0
335 3919
336 3001
338 1
340 0
341 770
342 5954
345 3572
347 5955
348 5955
351 5955
352 5949
353 5955
354 5955
355 2398
356 5954
358 3850
359 2310
363 0
364 0
365 0
366 0
367 0
368 5954
369 5955
370 3573
372 2143
373 1285
375 1112
377 5955
379 3573
380 5955
382 4995
383 0
385 0
386 5955
387 1638
388 1175
389 0
390 0
391 0
392 0
394 860
395 5955
396 0
397 2332
399 1095
400 5954
403 4901
406 3299
408 1979
409 5955
410 3013
411 0
412 0
413 5954
414 5955
415 1
416 1613
418 0
422 0
423 2429
425 0
426 5955
427 3573
428 0
429 0
430 5649
431 0
434 0
435 5955
436 0
437 5955
438 3871
440 0
442 5955
443 3573
444 0
445 5466
446 3643
447 5955
449 5955
450 1537
451 922
454 553
457 331
460 198
464 5955
465 5955
467 0
468 5955
469 0
470 0
471 3020
472 1981
475 0
476 5384
477 5955
480 4879
481 0
483 0
484 0
485 3334
486 0
487 5955
491 3801
492 5954
493 5955
494 5955
498 3573
499 3530
