0 1879
2 6262
3 6262
4 6262
5 6262
6 6262
12 6262
14 6262
16 6262
17 6262
18 6262
20 6262
22 6262
23 6262
26 6262
27 6262
30 6262
31 6262
33 6262
36 6262
37 6262
39 6262
40 6262
41 3757
43 6261
44 6262
45 6262
46 6262
48 6210
49 6262
50 6262
51 6262
52 6262
55 6262
57 4811
60 2060
61 6262
62 6262
64 6262
65 6262
67 6262
68 6262
69 4488
70 0
71 6261
73 4346
74 2607
76 479
78 4556
79 6262
80 5694
81 67
83 6261
85 6262
86 3757
87 6262
88 6262
89 0
90 0
92 0
93 6262
95 5087
96 6262
97 456
98 2378
99 1426
102 0
103 0
104 0
105 6262
106 3757
107 5378
109 3226
110 0
112 0
113 6262
115 5805
116 2479
117 1487
118 6262
119 1287
120 772
121 0
122 6262
123 5335
125 6262
127 0
128 0
129 6262
130 3757
132 0
133 2342
134 6261
135 6262
138 6262
140 3757
141 6262
142 6262
143 3757
147 0
149 480
150 6261
151 5365
152 6262
153 6262
154 6262
155 0
156 6261
157 1
158 0
159 0
161 0
162 0
163 0
166 0
167 0
168 6261
169 0
170 0
171 0
172 0
173 0
175 0
176 0
177 5337
178 3202
179 0
180 6262
181 1
182 6262
183 0
185 6262
186 6262
188 6262
189 0
190 0
192 6261
194 6262
196 0
197 0
198 0
199 6261
200 3756
202 0
203 0
204 0
207 0
208 0
209 0
210 6262
211 0
213 5747
214 3448
215 1
217 0
218 0
221 0
223 0
225 0
226 0
227 6261
229 3756
230 2253
231 6262
232 4620
235 5053
237 6186
238 6262
239 3757
240 2254
241 0
242 0
243 6262
244 3757
245 0
247 0
248 0
249 0
250 0
251 0
252 0
254 2877
256 6262
257 3757
258 0
260 0
261 0
262 0
263 0
264 0
265 0
266 0
267 6261
268 3756
269 0
270 0
271 0
272 0
274 0
276 0
277 6262
278 3757
280 6262
281 0
282 0
284 6262
285 0
286 6262
289 3757
291 6262
292 1
294 0
295 6261
297 3756
299 2253
303 0
304 1175
306 705
307 423
309 0
310 6262
311 521
312 312
313 6262
314 0
315 0
317 6261
318 3756
319 6262
320 6262
321 1
322 0
323 0
324 0
325 0
327 0
328 0
329 0
330 0
332 0
333 0
335 0
336 0
337 0
339 0
340 0
342 0
343 0
344 0
346 0
347 0
349 0
350 0
351 0
352 0
353 5067
354 1647
355 0
362 6261
363 5660
364 4114
365 2468
366 1605
371 0
372 0
376 884
377 2450
378 5863
379 3517
380 669
381 0
383 0
384 0
386 6262
387 0
388 0
389 0
390 6262
392 0
393 0
396 6262
398 6121
399 0
400 6262
401 43
402 0
403 0
404 0
405 0
408 0
409 0
411 0
412 0
413 0
414 0
416 694
418 6262
419 4447
420 2668
421 0
423 0
424 0
426 0
428 6262
429 5286
431 0
432 0
435 6262
436 6262
438 4726
442 6262
443 6262
444 6262
447 1
448 0
449 0
450 6261
451 3756
452 0
453 6262
454 3757
457 2254
458 3462
459 536
460 417
462 0
464 0
465 0
466 0
468 0
469 0
471 0
472 0
474 0
477 0
478 0
480 0
483 6262
484 0
486 0
487 0
488 5091
489 3054
490 0
491 0
492 0
493 0
494 0
495 0
496 0
497 0
498 0
