1 0
2 5847
3 5848
4 5848
5 5848
6 5848
7 5848
8 5848
9 5848
11 5848
12 5848
13 5848
15 5848
17 5848
18 5848
19 5848
20 5848
21 5848
22 5848
23 5848
25 5848
26 5848
27 5848
28 5848
30 5848
32 5848
33 5848
36 5848
38 5848
40 5848
41 5848
42 5848
44 5848
45 5848
47 5848
48 5848
49 5848
51 5848
52 5848
54 5848
56 5848
59 5848
62 5848
63 5848
64 5848
65 5848
66 5848
67 3
68 1
69 0
70 5848
73 5848
74 5848
75 5848
77 5848
78 5848
79 5848
80 5848
81 1
82 0
84 0
85 5847
86 3558
87 5848
89 5848
90 5848
91 3508
93 0
94 5848
95 3508
96 5847
98 5848
99 5848
100 5848
101 5848
103 5848
105 0
106 0
107 5848
108 5848
109 3508
111 0
112 0
113 5848
114 0
116 5847
117 3508
118 0
119 5847
121 5176
124 3105
125 5848
127 5848
128 5848
129 5848
130 3508
131 0
132 5848
133 5848
135 0
136 0
137 5847
139 0
141 5848
144 5848
145 5848
148 5848
149 5848
151 5848
154 5848
155 5848
156 5848
157 5848
158 5848
159 3508
160 1843
161 3691
162 2214
163 1
166 0
168 0
169 5848
171 5848
173 5848
175 5848
176 5848
177 5848
178 5848
179 0
181 5847
184 3508
185 0
186 5847
189 5848
190 1
191 5848
192 0
193 0
194 5848
195 5848
196 5848
198 3508
199 1
200 0
201 0
202 0
203 0
204 845
205 5848
206 0
207 0
208 353
209 0
210 0
212 0
213 5848
214 3508
215 5848
216 2
218 1906
219 4
221 0
223 5848
224 0
225 5848
226 3508
227 5848
229 5848
230 3508
231 0
234 0
235 1978
236 0
237 0
238 0
239 0
245 5848
246 5848
247 5848
248 5848
249 3508
250 5848
251 5848
252 0
254 5848
255 2025
256 1
258 0
259 5848
260 5434
262 5848
263 3508
264 0
265 0
266 0
267 1341
269 5848
272 3508
273 0
275 5848
276 1
277 0
278 0
279 4209
280 5848
282 5848
284 5681
285 1
286 1246
287 5848
288 3508
289 2104
290 5848
292 5848
295 0
296 0
298 5847
299 5132
300 5848
301 5848
303 1316
305 5847
306 3508
308 2104
309 5848
314 5848
315 5848
318 3508
319 5848
321 5848
324 3508
325 5848
326 5848
327 5848
328 3724
329 5848
330 5848
331 5848
332 5848
334 2
336 5848
337 0
338 0
339 0
340 0
343 0
344 0
345 0
347 5847
350 3508
351 4580
352 2748
353 5848
355 0
357 5848
358 3576
360 5848
361 511
363 5848
366 5848
367 3508
368 0
369 0
371 5847
373 5848
374 5848
379 3508
380 5848
381 3
383 3839
384 2303
385 5848
386 4866
388 4689
389 5848
390 3227
391 5848
392 5848
393 3508
394 4236
397 0
398 0
399 5848
400 0
401 0
402 0
403 0
404 0
405 0
407 0
408 0
410 0
411 2253
414 1674
415 5847
416 5848
417 1
419 0
420 0
422 0
423 5848
424 3508
426 0
427 0
428 5848
429 5848
430 0
431 5848
432 5848
434 4516
435 0
438 0
439 1404
440 5848
441 5847
443 4049
446 2429
447 0
449 5847
451 3508
452 0
453 0
454 0
455 0
459 0
462 526
463 315
464 0
465 5847
466 5848
471 5848
472 3508
473 5848
474 2173
475 1964
476 0
478 0
479 1457
481 5563
482 3545
484 5848
487 3
488 0
490 5847
492 1437
493 862
494 517
495 5848
496 0
497 3106
498 1863
499 1117
