0 1775
1 5915
2 5915
3 5915
4 5915
5 5915
6 5915
8 5915
10 5915
11 5915
13 5915
15 5915
16 5915
17 5915
18 5915
19 5915
20 5915
21 5915
22 5915
23 5915
24 5915
25 5915
27 5915
28 3549
29 2129
30 5914
31 5915
34 5915
35 1733
36 5914
37 3548
38 2128
39 5915
40 3549
43 338
45 202
46 5914
47 5149
49 5915
50 5915
51 4401
53 5915
54 5915
55 5915
56 0
57 0
58 0
59 0
60 0
62 0
63 0
64 2120
65 1272
66 0
70 2536
71 1126
72 675
73 405
75 5176
76 5914
77 3548
78 0
79 0
82 0
84 0
85 0
86 0
88 0
90 0
91 0
94 5915
95 5915
96 7
97 0
98 0
99 0
101 0
102 0
103 5121
104 3072
105 0
107 0
108 0
109 0
110 0
113 0
114 0
115 0
116 0
119 3
120 1
122 0
123 5915
124 3549
125 5814
126 2
129 0
131 0
134 0
136 0
137 0
140 0
141 0
143 0
145 987
146 0
148 0
149 0
151 0
152 0
153 0
155 0
156 0
157 0
159 0
160 0
161 0
164 0
165 0
168 0
170 0
171 0
172 0
173 0
174 0
175 0
176 0
178 0
180 0
181 0
182 0
183 0
184 0
185 0
186 0
187 5914
189 0
191 0
193 0
194 0
195 0
196 5915
197 0
199 0
201 0
202 0
205 0
206 0
207 0
208 0
209 0
210 0
211 0
212 0
213 0
215 0
216 0
217 0
218 0
220 0
221 0
223 0
224 0
226 0
227 0
228 0
229 0
230 0
231 0
232 0
233 0
234 0
235 1688
236 0
237 0
238 0
239 0
240 0
241 0
242 0
243 0
247 0
250 0
252 0
253 0
255 0
256 0
257 0
259 5915
260 3549
261 5915
263 3549
264 0
265 0
266 0
267 0
268 0
269 4920
270 2952
271 0
272 0
273 0
274 0
275 0
276 0
278 0
279 0
280 0
281 0
283 0
284 0
285 0
287 0
288 0
289 0
290 0
291 0
292 0
293 0
294 0
296 0
297 0
298 0
300 509
301 0
302 0
304 0
305 0
307 0
308 0
310 0
311 0
312 0
314 0
315 0
316 0
317 0
318 0
319 0
320 0
323 226
324 135
326 0
328 0
329 0
331 0
332 0
334 0
336 0
338 0
339 0
341 0
342 0
343 0
345 0
346 0
347 0
348 0
349 0
351 0
353 0
356 2951
357 0
358 0
359 0
360 0
361 0
362 0
363 0
365 0
366 0
368 0
369 0
370 0
371 0
373 0
375 0
376 653
377 0
378 5915
379 3549
381 0
382 0
384 0
385 0
386 0
387 0
388 0
390 0
391 0
392 0
393 0
394 472
396 0
401 0
402 5915
404 4324
406 2594
408 1556
409 0
411 0
412 0
413 1047
415 0
417 0
418 0
419 0
421 5914
422 3548
424 2128
425 0
426 0
428 0
431 0
432 0
433 0
435 0
437 5914
440 0
441 5915
442 0
444 1425
445 0
446 0
447 0
448 0
449 0
450 0
453 0
454 0
455 0
456 0
458 0
459 0
460 0
461 0
463 0
466 0
467 0
468 0
470 0
471 0
472 0
473 0
474 0
475 0
477 0
479 0
480 0
481 0
482 0
488 0
489 0
490 0
491 0
492 0
493 0
496 0
497 0
499 0
