0 0.0004992934505612952
1 0.0012847769937149444
2 0.0
3 0.0
4 0.0004041772795818708
5 0.0003282117371547182
6 0.0
7 0.0
8 0.0
9 -0.0004410775886000486
10 0.0
11 0.0
12 -0.000842700000529981
13 0.0
14 -0.0014697181476788382
15 0.0024728864687636565
16 -0.001081178650979093
17 -0.001326111335564663
18 0.0
19 -0.0007087649099731479
20 0.00172024529817879
21 0.0
22 0.002488671935129526
23 0.0009179384707952816
24 0.0
25 -0.0011045450149879052
26 0.00132847448120385
27 0.0012007528315364734
28 0.0010161133722242394
29 0.0
30 0.0010917661475509557
31 0.0012511908700568255
32 0.0
33 0.0014820108791794154
34 0.0003195478444621598
35 -0.0001923672747675727
36 0.0006868184256196656
37 0.0002430178497899125
38 0.0020927627568670857
39 0.0018230636401976711
40 -0.0010359793688840052
41 0.0011516641821730303
42 0.0013301502635069693
43 0.0
44 0.0022329828048500418
45 0.002382470118431061
46 -4.6049272487866424e-05
47 0.00014674598631534016
48 0.0
49 0.0009855746639804695
50 -4.6259221527048224e-08
