1 1.079550
2 1.079550
3 1.153053
4 1.153053
5 1.153053
6 1.296798
7 1.519648
8 1.519648
9 1.579585
10 1.579585
11 1.579585
12 1.579585
13 1.579585
14 1.579585
15 1.579585
16 1.592447
17 1.683823
18 1.683823
19 1.797977
20 1.886353
21 1.886353
22 1.953222
23 1.960884
24 1.960884
25 1.960884
26 1.960884
27 1.998287
28 1.998287
29 2.103957
30 2.103957
31 2.103957
32 2.103957
33 2.268089
34 2.268089
35 2.268089
36 2.295368
37 2.295368
38 2.382126
39 2.382126
40 2.463425
41 2.463425
42 2.508801
43 2.508801
44 2.508801
45 2.508801
46 2.550253
47 2.580404
48 2.580404
49 2.580404
50 2.718922
51 2.718922
52 2.776328
53 2.806838
54 2.806838
55 2.806838
56 2.806838
57 2.806838
58 2.806838
59 2.806838
60 2.865451
61 2.865451
62 2.921532
63 2.921532
64 2.921532
65 2.921532
66 2.921532
67 2.921532
68 2.924491
69 3.050001
70 3.050001
71 3.050001
72 3.050001
73 3.050001
74 3.050001
75 3.050001
76 3.050001
77 3.050001
78 3.050001
79 3.050001
80 3.050001
81 3.050001
82 3.050001
83 3.050001
84 3.050001
85 3.050001
86 3.050001
87 3.050001
88 3.194573
89 3.194573
90 3.194573
91 3.194573
92 3.194573
93 3.194573
94 3.194573
95 3.194573
96 3.194573
97 3.194573
98 3.194573
99 3.194573
100 3.194573
