1 0.990102
2 0.990102
3 0.990102
4 1.111961
5 1.111961
6 1.118580
7 1.118580
8 1.118580
9 1.554808
10 1.554808
11 1.554808
12 1.554808
13 1.554808
14 1.779120
15 1.779120
16 1.779120
17 1.779120
18 1.825683
19 1.862080
20 1.862080
21 1.862080
22 1.862080
23 1.882328
24 1.882328
25 1.944160
26 2.083844
27 2.083844
28 2.083844
29 2.215674
30 2.215674
31 2.215674
32 2.277055
33 2.277055
34 2.277055
35 2.277055
36 2.277055
37 2.277055
38 2.277055
39 2.277055
40 2.351467
41 2.351467
42 2.351467
43 2.351467
44 2.490447
45 2.490447
46 2.490447
47 2.613497
48 2.613497
49 2.613497
50 2.613497
51 2.613497
52 2.613497
53 2.749249
54 2.749249
55 2.749249
56 2.749249
57 2.749249
58 2.749249
59 2.749249
60 2.749249
61 2.749249
62 2.749249
63 2.749249
64 3.010480
65 3.010480
66 3.010480
67 3.010480
68 3.010480
69 3.010480
70 3.010480
71 3.010480
72 3.010480
73 3.146905
74 3.146905
75 3.146905
76 3.146905
77 3.146905
78 3.146905
79 3.146905
80 3.146905
81 3.146905
82 3.146905
83 3.146905
84 3.146905
85 3.146905
86 3.146905
87 3.146905
88 3.146905
89 3.146905
90 3.146905
91 3.199226
92 3.199226
93 3.199226
94 3.199226
95 3.199226
96 3.199226
97 3.199226
98 3.199226
99 3.199226
100 3.199226
