1 0.854732
2 1.252412
3 1.260303
4 1.260303
5 1.260303
6 1.260303
7 1.260303
8 1.260303
9 1.260303
10 1.275278
11 1.275278
12 1.275278
13 1.275278
14 1.275278
15 1.275278
16 1.275278
17 1.275278
18 1.275278
19 1.361311
20 1.361311
21 1.361311
22 1.361311
23 1.361311
24 1.361311
25 1.361311
26 1.361311
27 1.361311
28 1.361311
29 1.361311
30 1.361311
31 1.361311
32 1.361311
33 1.361311
34 1.361311
35 1.361311
36 1.405460
37 1.405460
38 1.405460
39 1.405460
40 1.439145
41 1.439145
42 1.439145
43 1.439145
44 1.439145
45 1.439145
46 1.439145
47 1.439145
48 1.439145
49 1.439145
50 1.439145
51 1.507264
52 1.507264
53 1.507264
54 1.507264
55 1.507264
56 1.507264
57 1.507264
58 1.507264
59 1.507264
60 1.507264
61 1.507264
62 1.507264
63 1.507264
64 1.507264
65 1.507264
66 1.507264
67 1.507264
68 1.507264
69 1.507264
70 1.507264
71 1.507264
72 1.507264
73 1.507264
74 1.507264
75 1.507264
76 1.507264
77 1.529897
78 1.529897
79 1.529897
80 1.529897
81 1.529897
82 1.529897
83 1.529897
84 1.529897
85 1.529897
86 1.529897
87 1.529897
88 1.529897
89 1.529897
90 1.529897
91 1.529897
92 1.529897
93 1.529897
94 1.529897
95 1.529897
96 1.529897
97 1.529897
98 1.529897
99 1.573921
100 1.573921
