1 0.767423
2 0.860860
3 1.524339
4 1.636548
5 1.725995
6 1.819758
7 1.819758
8 1.985920
9 1.985920
10 2.076442
11 2.076442
12 2.163369
13 2.474594
14 2.474594
15 2.689503
16 2.689503
17 2.883908
18 3.139370
19 3.139370
20 3.331412
21 3.331412
22 3.467503
23 3.616636
24 3.616636
25 3.616636
26 3.683578
27 4.082298
28 4.082298
29 4.082298
30 4.280680
31 4.280680
32 4.300535
33 4.317944
34 4.752917
35 4.752917
36 4.929351
37 4.929351
38 5.095140
39 5.095140
40 5.095140
41 5.095140
42 5.472874
43 5.472874
44 5.472874
45 5.627471
46 5.627471
47 5.627471
48 5.627471
49 5.657988
50 6.004700
51 6.004700
52 6.004700
53 6.004700
54 6.004700
55 6.004700
56 6.004700
57 6.080397
58 6.138765
59 6.356743
60 6.356743
61 6.672622
62 6.672622
63 6.672622
64 6.672622
65 6.805412
66 6.857328
67 6.857328
68 6.857328
69 6.857328
70 6.857328
71 6.857328
72 7.103357
73 7.103357
74 7.103357
75 7.103357
76 7.276707
77 7.276707
78 7.276707
79 7.276707
80 7.276707
81 7.276707
82 7.446578
83 7.446578
84 7.446578
85 7.446578
86 7.446578
87 7.446578
88 7.446578
89 7.476359
90 7.527509
91 7.527509
92 7.527509
93 7.527509
94 7.527509
95 7.656150
96 7.656150
97 7.656150
98 7.656150
99 7.656150
100 7.656150
