1 0.773941
2 0.773941
3 1.137505
4 1.140950
5 1.425589
6 1.425589
7 1.425589
8 1.513320
9 1.513320
10 1.513320
11 1.513320
12 1.513320
13 1.513320
14 1.513320
15 1.723356
16 1.723356
17 1.723356
18 1.803924
19 1.868541
20 1.900680
21 1.981520
22 2.050531
23 2.050531
24 2.050531
25 2.050531
26 2.050531
27 2.050531
28 2.071850
29 2.071850
30 2.071850
31 2.071850
32 2.143368
33 2.143368
34 2.176153
35 2.371087
36 2.371087
37 2.371087
38 2.371087
39 2.371087
40 2.371087
41 2.371087
42 2.371087
43 2.371087
44 2.371087
45 2.371087
46 2.371087
47 2.371087
48 2.583420
49 2.583420
50 2.684975
51 2.684975
52 2.684975
53 2.766665
54 2.766665
55 2.766665
56 2.766665
57 2.766665
58 2.766665
59 2.766665
60 2.868538
61 2.894714
62 2.894714
63 2.894714
64 2.894714
65 2.971326
66 2.971326
67 2.971326
68 2.971326
69 2.971326
70 2.971326
71 2.971326
72 2.971326
73 2.971326
74 3.094665
75 3.094665
76 3.094665
77 3.179937
78 3.179937
79 3.179937
80 3.179937
81 3.179937
82 3.179937
83 3.179937
84 3.179937
85 3.179937
86 3.179937
87 3.179937
88 3.179937
89 3.179937
90 3.179937
91 3.179937
92 3.179937
93 3.179937
94 3.179937
95 3.179937
96 3.179937
97 3.255401
98 3.255401
99 3.268438
100 3.268438
