1 1.282087
2 1.282087
3 1.282087
4 1.282087
5 1.282087
6 1.282087
7 1.282087
8 1.447038
9 1.447038
10 1.552731
11 1.552731
12 1.552731
13 1.552731
14 1.571012
15 1.571012
16 1.571012
17 1.614243
18 1.614243
19 1.614243
20 1.739877
21 1.780462
22 1.780462
23 1.780462
24 1.780462
25 1.934591
26 2.131594
27 2.131594
28 2.131594
29 2.131594
30 2.131594
31 2.131594
32 2.131594
33 2.131594
34 2.178744
35 2.240083
36 2.240083
37 2.317113
38 2.317113
39 2.317113
40 2.432942
41 2.537372
42 2.537372
43 2.537372
44 2.537372
45 2.537372
46 2.537372
47 2.537372
48 2.543576
49 2.566911
50 2.566911
51 2.566911
52 2.566911
53 2.770178
54 2.770178
55 2.770178
56 2.770178
57 2.770178
58 2.770178
59 2.770178
60 2.889315
61 2.889315
62 2.889315
63 2.889315
64 2.889315
65 2.889315
66 2.995481
67 2.995481
68 2.995481
69 2.995481
70 2.995481
71 3.045689
72 3.045689
73 3.045689
74 3.045689
75 3.080220
76 3.080220
77 3.080220
78 3.080220
79 3.080220
80 3.080220
81 3.080220
82 3.117089
83 3.117089
84 3.117089
85 3.194888
86 3.194888
87 3.194888
88 3.194888
89 3.206057
90 3.214379
91 3.214379
92 3.214379
93 3.214379
94 3.214379
95 3.214379
96 3.214379
97 3.214379
98 3.214379
99 3.214379
100 3.214379
