1 0.877211
2 0.877211
3 1.075405
4 1.075405
5 1.413476
6 1.413476
7 1.413476
8 1.413476
9 1.544995
10 1.544995
11 1.544995
12 1.544995
13 1.544995
14 1.544995
15 1.644029
16 1.644029
17 1.644029
18 1.644029
19 1.934522
20 1.934522
21 1.934522
22 1.934522
23 1.934522
24 1.934522
25 1.934522
26 2.037044
27 2.037044
28 2.057008
29 2.057008
30 2.125021
31 2.125021
32 2.235929
33 2.235929
34 2.235929
35 2.235929
36 2.235929
37 2.235929
38 2.406208
39 2.406208
40 2.416399
41 2.416399
42 2.416399
43 2.574282
44 2.574282
45 2.574282
46 2.574282
47 2.574282
48 2.574282
49 2.603307
50 2.603307
51 2.603307
52 2.603307
53 2.768233
54 2.768233
55 2.768233
56 2.768233
57 2.768233
58 2.768233
59 2.768233
60 2.768233
61 2.768233
62 2.768233
63 2.779700
64 2.886593
65 2.981592
66 2.981592
67 2.981592
68 2.981592
69 2.981592
70 2.981592
71 2.981592
72 2.981592
73 2.981592
74 2.981592
75 2.981592
76 2.981592
77 2.981592
78 3.130935
79 3.130935
80 3.130935
81 3.130935
82 3.130935
83 3.130935
84 3.130935
85 3.130935
86 3.130935
87 3.130935
88 3.130935
89 3.130935
90 3.130935
91 3.216642
92 3.216642
93 3.216642
94 3.216642
95 3.216642
96 3.216642
97 3.216642
98 3.216642
99 3.216642
100 3.216642
