1 0.850049
2 1.244574
3 1.502071
4 1.562580
5 1.641312
6 1.641312
7 1.641312
8 1.848831
9 1.917297
10 2.132844
11 2.166714
12 2.527294
13 2.527294
14 2.851346
15 2.851346
16 2.851346
17 3.075846
18 3.270744
19 3.270744
20 3.332168
21 3.332168
22 3.665538
23 3.665538
24 3.774011
25 3.774011
26 3.774011
27 4.101902
28 4.101902
29 4.205981
30 4.205981
31 4.205981
32 4.226034
33 4.566633
34 4.566633
35 4.641885
36 4.964775
37 4.964775
38 4.964775
39 5.227745
40 5.227745
41 5.227745
42 5.227745
43 5.254594
44 5.254594
45 5.515863
46 5.515863
47 5.626246
48 5.738748
49 5.769148
50 5.996187
51 5.996187
52 5.996187
53 6.084359
54 6.084359
55 6.325686
56 6.325686
57 6.431933
58 6.431933
59 6.591829
60 6.591829
61 6.591829
62 6.591829
63 6.648019
64 6.659423
65 6.754365
66 6.754365
67 6.901274
68 6.901274
69 6.901274
70 6.901274
71 7.150858
72 7.150858
73 7.150858
74 7.150858
75 7.150858
76 7.150858
77 7.150858
78 7.157011
79 7.157011
80 7.157011
81 7.324383
82 7.324383
83 7.324383
84 7.324383
85 7.414541
86 7.414541
87 7.414541
88 7.488145
89 7.488145
90 7.671555
91 7.671555
92 7.671555
93 7.673113
94 7.713094
95 7.713094
96 7.713094
97 7.713094
98 7.713094
99 7.741357
100 7.741357
