1 0.811321
2 0.811321
3 1.296970
4 1.296970
5 1.296970
6 1.336610
7 1.338515
8 1.338515
9 1.338515
10 1.374045
11 1.395974
12 1.465745
13 1.539684
14 1.539684
15 1.629126
16 1.629126
17 1.629537
18 1.629537
19 1.886075
20 1.886075
21 1.976705
22 1.976705
23 1.976705
24 1.976705
25 1.976705
26 2.116115
27 2.116115
28 2.116115
29 2.127085
30 2.127085
31 2.127085
32 2.158026
33 2.158026
34 2.409238
35 2.409238
36 2.409238
37 2.466786
38 2.466786
39 2.466786
40 2.466786
41 2.466786
42 2.623773
43 2.623773
44 2.623773
45 2.623773
46 2.649723
47 2.649723
48 2.649723
49 2.649723
50 2.649723
51 2.831174
52 2.861270
53 2.861270
54 2.861270
55 2.861270
56 2.861270
57 2.861270
58 2.861270
59 2.861270
60 2.861270
61 2.899967
62 2.899967
63 2.899967
64 2.899967
65 2.899967
66 2.899967
67 2.940923
68 3.085213
69 3.085213
70 3.085213
71 3.085213
72 3.085213
73 3.085213
74 3.228149
75 3.228149
76 3.228149
77 3.228149
78 3.264557
79 3.264557
80 3.264557
81 3.264557
82 3.264557
83 3.264557
84 3.264557
85 3.264557
86 3.264557
87 3.264557
88 3.297245
89 3.297245
90 3.327850
91 3.327850
92 3.327850
93 3.327850
94 3.354163
95 3.354163
96 3.354163
97 3.366144
98 3.366144
99 3.366144
100 3.366144
