1 1.022222
2 1.022222
3 1.022222
4 1.022222
5 1.055581
6 1.111035
7 1.111035
8 1.421148
9 1.421148
10 1.640921
11 1.640921
12 1.703396
13 1.703396
14 1.703396
15 1.703396
16 1.796123
17 1.796123
18 1.796123
19 1.928561
20 1.928561
21 1.928561
22 1.998951
23 2.047635
24 2.047635
25 2.047635
26 2.047635
27 2.148411
28 2.148411
29 2.148411
30 2.169791
31 2.169791
32 2.169791
33 2.309932
34 2.309932
35 2.309932
36 2.419124
37 2.419124
38 2.474769
39 2.474769
40 2.474769
41 2.474769
42 2.474769
43 2.485111
44 2.562716
45 2.562716
46 2.562716
47 2.562716
48 2.562716
49 2.737341
50 2.737341
51 2.737341
52 2.775337
53 2.775337
54 2.775337
55 2.775337
56 2.775337
57 2.775337
58 2.775337
59 2.813619
60 2.813619
61 2.813619
62 2.813619
63 2.813619
64 2.813619
65 2.813619
66 2.813619
67 2.813619
68 2.873528
69 2.873528
70 2.879403
71 2.879403
72 2.971512
73 2.971512
74 2.971512
75 2.971512
76 3.116700
77 3.116700
78 3.116700
79 3.116700
80 3.116700
81 3.116700
82 3.116700
83 3.116700
84 3.116700
85 3.116700
86 3.116700
87 3.116700
88 3.116700
89 3.130096
90 3.130096
91 3.235750
92 3.235750
93 3.235750
94 3.235750
95 3.235750
96 3.235750
97 3.235750
98 3.244873
99 3.244873
100 3.244873
