0 2.3042177771138452
1 2.3042177771138452
2 3.92528124234866
3 2.139797214271427
4 1.9409131450376371
5 2.1344292807901066
6 2.122838659009795
7 2.050774190293484
8 2.0170760893595103
9 1.7549278090869622
10 1.6653814900213626
11 1.4188630504569988
12 1.4636006024910726
13 1.7159935543690996
14 1.4508135655690815
15 1.4896281447155348
16 1.332056957879861
17 1.827645054276196
18 1.3470090516750188
19 1.302747895444495
20 1.3715521626140905
21 1.2895701670420057
22 1.3990705781367017
23 1.2335332571237667
24 1.3528791759060645
25 1.1080185793351387
26 1.423954496805879
27 1.4327555257359286
28 1.2483940084556628
29 1.3543242755205767
30 1.2242159186869397
31 1.1935170404668924
32 1.3052201745151102
33 1.358096576798493
34 1.2197525012844976
35 1.2203818218537483
36 1.455332416782026
37 1.2222644082899985
38 1.1580956895211865
39 1.3195310013481472
40 1.416727667393954
41 1.198655333323381
42 1.3211413577772964
43 1.3305499665196865
44 1.4263198001197483
45 1.3130728604496569
46 1.4254786401107467
47 1.447886176500516
48 1.564234450258214
49 1.2988024218312617
50 1.4836186639901219
51 1.4150457661291431
52 1.5303077289257843
53 1.383303022790158
54 1.5245742609406663
55 1.3273213284202907
56 1.649249338519281
57 1.3804184904451546
58 1.3950613370950726
59 1.4736058339886573
60 1.4127772223537955
61 1.4000918116195014
62 1.5904070945189202
63 1.4551491260886371
64 1.6561503665574853
65 1.5087955532341137
66 1.7657944919348598
67 1.5025449310796986
68 1.5915538435163588
69 1.6511086470010938
70 1.6094490261659913
71 1.534130539340696
72 1.5908888760896371
73 1.5772343674202214
74 1.5282139133488672
75 1.7990467152993879
76 1.716896975201449
77 1.570157764910936
78 1.7612578773450827
79 1.5316717655077883
80 1.7820649770810164
81 1.6598140533236398
82 1.842167679520474
83 1.76065001737004
84 1.5689522347610076
85 1.998840531985601
86 1.6757069050281748
87 1.788455900458946
88 1.9344310962658873
89 1.8708235553767216
90 1.6466648476668868
91 1.8506256914425039
92 1.7677708300070025
93 1.753064481600217
94 1.6661764168035633
95 1.770397039817058
96 1.8429538953179059
97 1.8652147336146903
98 1.638940005257107
99 1.90991211712748
