0 0.0
1 2.3017289638519287
2 2.3014676570892334
3 2.3013482093811035
4 2.302830934524536
5 2.302830934524536
6 2.299031972885132
7 2.301661968231201
8 2.2962582111358643
9 2.2962582111358643
10 2.2962582111358643
11 2.2963485717773438
12 2.2942562103271484
13 2.2986602783203125
14 2.2942752838134766
15 2.2942752838134766
16 2.2942752838134766
17 2.2870116233825684
18 2.2870116233825684
19 2.282170534133911
20 2.2687759399414062
21 2.2690045833587646
22 2.258265972137451
23 2.2358357906341553
24 2.2358357906341553
25 2.166752576828003
26 2.091214179992676
27 2.091214179992676
28 1.765242338180542
29 1.4390921592712402
30 1.4519342184066772
31 5.4377217292785645
32 6.567641735076904
33 2.3063607215881348
34 2.302886486053467
35 2.3055238723754883
36 2.308145046234131
37 2.308145046234131
38 2.311760425567627
39 2.299440383911133
40 2.3056282997131348
41 2.30155348777771
42 2.295161724090576
43 2.295161724090576
44 2.247495174407959
45 2.2604944705963135
46 2.2345497608184814
47 2.2345497608184814
48 2.186553716659546
49 2.153999090194702
50 2.118105411529541
51 1.977711796760559
52 1.977711796760559
53 1.6661555767059326
54 1.6661555767059326
55 1.6661555767059326
56 1.517149806022644
57 2.236839532852173
58 1.5034961700439453
59 1.492214560508728
60 1.492214560508728
61 1.3561228513717651
62 0.9138815402984619
63 0.835606038570404
64 0.835606038570404
65 1.9004806280136108
66 1.9004806280136108
67 1.5574082136154175
68 1.4022804498672485
69 1.0628042221069336
70 1.0628042221069336
71 1.0628042221069336
72 0.9853031635284424
73 1.1562734842300415
74 0.958545982837677
75 0.8687953352928162
76 0.6942380666732788
77 0.7258681654930115
78 0.7258681654930115
79 0.7258681654930115
80 0.5484476089477539
81 0.5139775276184082
82 0.5205630660057068
83 0.45220595598220825
84 0.45220595598220825
85 0.40970131754875183
86 0.38568544387817383
87 0.38568544387817383
88 0.4009597897529602
89 0.6102606058120728
90 0.6102606058120728
91 0.6102606058120728
92 0.6102606058120728
93 0.5227864384651184
94 0.3272925317287445
95 0.3447444438934326
96 0.3768979012966156
97 0.3981207311153412
98 0.3981207311153412
99 0.44670161604881287
100 0.44670161604881287
101 0.44670161604881287
102 0.3403353989124298
103 0.2810274064540863
104 0.47584226727485657
105 0.30797290802001953
106 0.27503496408462524
107 0.27503496408462524
108 0.31393611431121826
109 0.33548998832702637
110 0.3080245852470398
111 0.2756374180316925
112 0.2756374180316925
113 0.2756374180316925
114 0.24495799839496613
115 0.43399545550346375
116 0.18780657649040222
117 0.1212330013513565
118 0.3441404700279236
119 0.16693152487277985
120 0.17264482378959656
121 0.17264482378959656
122 0.15947817265987396
123 0.10774966329336166
124 0.10774966329336166
125 0.14582471549510956
126 0.14582471549510956
127 0.14582471549510956
128 0.15301713347434998
129 0.25871092081069946
130 0.17261463403701782
131 0.17261463403701782
132 0.16450288891792297
133 0.16450288891792297
134 0.18605580925941467
135 0.13147993385791779
136 0.1457413285970688
137 0.1457413285970688
138 0.1457413285970688
139 0.1457413285970688
140 0.1148805320262909
141 0.13808029890060425
142 0.13181009888648987
143 0.13181009888648987
144 0.10130173712968826
145 0.10130173712968826
146 0.10130173712968826
147 0.08010648190975189
148 0.1502639502286911
149 0.11823657900094986
150 0.17762917280197144
151 0.1900913268327713
152 0.06896612793207169
153 0.24257326126098633
154 0.24257326126098633
155 0.1017107143998146
156 0.1017107143998146
157 0.1017107143998146
158 0.13055433332920074
159 0.13055433332920074
160 0.1677318960428238
161 0.10427962988615036
162 0.13935889303684235
163 0.1580444723367691
164 0.21138441562652588
165 0.21138441562652588
166 0.159453347325325
167 0.170561283826828
168 0.13961203396320343
169 0.13624350726604462
170 0.20092040300369263
171 0.1718325912952423
172 0.1718325912952423
173 0.03174341097474098
174 0.14284376800060272
175 0.05024922639131546
176 0.05024922639131546
177 0.09508863836526871
178 0.1119544580578804
179 0.11765092611312866
180 0.0977248102426529
181 0.0977248102426529
182 0.0977248102426529
183 0.0977248102426529
184 0.05715204030275345
185 0.10571079701185226
186 0.10571079701185226
187 0.10571079701185226
188 0.10281997919082642
189 0.20037491619586945
190 0.09567326307296753
191 0.07273227721452713
192 0.21788978576660156
193 0.21788978576660156
194 0.21788978576660156
195 0.21788978576660156
196 0.14153985679149628
197 0.10424982756376266
198 0.08603564649820328
199 0.1187044233083725
200 0.1187044233083725
201 0.056878138333559036
202 0.1786309778690338
203 0.10890757292509079
204 0.12707963585853577
205 0.05726824328303337
206 0.012759306468069553
207 0.055081963539123535
208 0.1008547693490982
209 0.1008547693490982
210 0.06570605933666229
211 0.15587332844734192
212 0.20981058478355408
213 0.20981058478355408
214 0.20981058478355408
215 0.20981058478355408
216 0.15593302249908447
217 0.15593302249908447
218 0.0614921897649765
219 0.05167856812477112
220 0.05167856812477112
221 0.08685357868671417
222 0.04614899680018425
223 0.15984557569026947
224 0.15984557569026947
225 0.07321348786354065
226 0.030746648088097572
227 0.030746648088097572
228 0.030746648088097572
229 0.030746648088097572
230 0.05475588142871857
231 0.10046237707138062
232 0.05024931579828262
233 0.1069718599319458
234 0.023621831089258194
235 0.023621831089258194
236 0.0840562954545021
237 0.06860262155532837
238 0.07736703008413315
239 0.09386681765317917
240 0.023161137476563454
241 0.08602065593004227
242 0.08602065593004227
243 0.08602065593004227
244 0.05379284918308258
245 0.12777194380760193
246 0.12777194380760193
247 0.08204962313175201
248 0.08576297760009766
249 0.06750138103961945
250 0.07344396412372589
251 0.05059266835451126
252 0.10123555362224579
253 0.15866585075855255
254 0.025445010513067245
255 0.025445010513067245
256 0.05562949553132057
257 0.04714496433734894
258 0.04714496433734894
259 0.06537965685129166
260 0.06190114468336105
261 0.018489092588424683
262 0.10497667640447617
263 0.05887306481599808
264 0.07949021458625793
265 0.07949021458625793
266 0.07204136252403259
267 0.053840044885873795
268 0.05843686684966087
269 0.09621285647153854
270 0.06207044795155525
271 0.07257062941789627
272 0.036201152950525284
273 0.028205331414937973
274 0.0392569862306118
