0 0.0
1 2.3019723892211914
2 2.3019723892211914
3 2.302441358566284
4 2.301102876663208
5 2.2993226051330566
6 2.2993226051330566
7 2.2993226051330566
8 2.2967443466186523
9 2.2967443466186523
10 2.2982211112976074
11 2.2976133823394775
12 2.294857978820801
13 2.29664945602417
14 2.290980815887451
15 2.2958691120147705
16 2.2909650802612305
17 2.2909650802612305
18 2.2857866287231445
19 2.2857866287231445
20 2.2857866287231445
21 2.268935203552246
22 2.268935203552246
23 2.2329554557800293
24 2.198848247528076
25 2.1805756092071533
26 2.0842549800872803
27 1.962934136390686
28 1.962934136390686
29 1.452650785446167
30 1.2847286462783813
31 5.183671951293945
32 5.183671951293945
33 5.183671951293945
34 5.183671951293945
35 5.183671951293945
36 2.3126962184906006
37 2.3016159534454346
38 2.3016159534454346
39 2.2952396869659424
40 2.3008933067321777
41 2.303738832473755
42 2.286864995956421
43 2.286864995956421
44 2.2814910411834717
45 2.246587038040161
46 2.196167469024658
47 2.196167469024658
48 2.196167469024658
49 2.2016706466674805
50 2.2016706466674805
51 1.9681124687194824
52 1.930058479309082
53 1.930058479309082
54 1.930058479309082
55 1.3994930982589722
56 1.3994930982589722
57 1.9363867044448853
58 1.45657217502594
59 1.45657217502594
60 1.45657217502594
61 1.1315124034881592
62 1.0813931226730347
63 1.0813931226730347
64 1.9385254383087158
65 1.9664838314056396
66 1.300559639930725
67 1.300559639930725
68 1.5366674661636353
69 1.1434234380722046
70 0.9526801109313965
71 1.0258859395980835
72 0.9138953685760498
73 0.7257242202758789
74 0.8072459697723389
75 0.5297309160232544
76 0.6351585984230042
77 0.6351585984230042
78 0.6351585984230042
79 0.5661531686782837
80 0.5661531686782837
81 0.39575228095054626
82 0.39575228095054626
83 0.5158510804176331
84 0.5158510804176331
85 0.5158510804176331
86 0.592995285987854
87 0.592995285987854
88 0.38268885016441345
89 0.38268885016441345
90 0.37787574529647827
91 0.37787574529647827
92 0.22971370816230774
93 0.22971370816230774
94 0.3038146495819092
95 0.44751739501953125
96 0.2518641948699951
97 0.2518641948699951
98 0.412039190530777
99 0.412039190530777
100 0.412039190530777
101 0.31196144223213196
102 0.31196144223213196
103 0.31196144223213196
104 0.2588734030723572
105 0.2588734030723572
106 0.3606773912906647
107 0.22875674068927765
108 0.27806559205055237
109 0.2000332623720169
110 0.21695540845394135
111 0.239609032869339
112 0.25468143820762634
113 0.25468143820762634
114 0.13394638895988464
115 0.2643953561782837
116 0.256584107875824
117 0.2432355284690857
118 0.2432355284690857
119 0.2621399760246277
120 0.18504567444324493
121 0.24836063385009766
122 0.24836063385009766
123 0.2760627865791321
124 0.2524412274360657
125 0.2240893542766571
126 0.2240893542766571
127 0.2822043001651764
128 0.2822043001651764
129 0.2822043001651764
130 0.2822043001651764
131 0.11278311163187027
132 0.11278311163187027
133 0.24341902136802673
134 0.1070251613855362
135 0.1070251613855362
136 0.21006564795970917
137 0.2145705372095108
138 0.1909644454717636
139 0.1768653839826584
140 0.1768653839826584
141 0.18406912684440613
142 0.09641449898481369
143 0.18475441634655
144 0.13875707983970642
145 0.06513572484254837
146 0.06513572484254837
147 0.06513572484254837
148 0.20838773250579834
149 0.10563609004020691
150 0.10563609004020691
151 0.10563609004020691
152 0.10563609004020691
153 0.21439681947231293
154 0.1415400207042694
155 0.1415400207042694
156 0.06313133239746094
157 0.08408396691083908
158 0.08408396691083908
159 0.151956245303154
160 0.12899154424667358
161 0.14041852951049805
162 0.059740547090768814
163 0.14856697618961334
164 0.14856697618961334
165 0.25514575839042664
166 0.18019814789295197
167 0.202178955078125
168 0.202178955078125
169 0.202178955078125
170 0.09909920394420624
171 0.07696110010147095
172 0.0692073330283165
173 0.09696436673402786
174 0.09696436673402786
175 0.09696436673402786
176 0.12629079818725586
177 0.13375571370124817
178 0.08773393929004669
179 0.19240015745162964
180 0.07548058032989502
181 0.07008208334445953
182 0.05968363210558891
183 0.08465410768985748
184 0.06387048959732056
185 0.11759917438030243
186 0.11759917438030243
187 0.10860244184732437
188 0.060747817158699036
189 0.08237701654434204
190 0.054646365344524384
191 0.054646365344524384
192 0.08597944676876068
193 0.10243748128414154
194 0.08723394572734833
195 0.11488650739192963
196 0.11488650739192963
197 0.09242933243513107
198 0.09242933243513107
199 0.09242933243513107
200 0.11453008651733398
201 0.024824421852827072
202 0.024824421852827072
203 0.08691377937793732
204 0.11902344971895218
205 0.11902344971895218
206 0.03743568807840347
207 0.03743568807840347
208 0.050676193088293076
209 0.09206455200910568
210 0.0938539132475853
211 0.05653974786400795
212 0.05653974786400795
213 0.14453913271427155
214 0.14453913271427155
215 0.1019367128610611
216 0.1019367128610611
217 0.09650952368974686
218 0.10820332169532776
219 0.10820332169532776
220 0.06374099850654602
221 0.08196670562028885
222 0.08158095926046371
223 0.08158095926046371
224 0.0776703953742981
225 0.08850856125354767
226 0.08850856125354767
227 0.08381755650043488
228 0.08293905109167099
229 0.08008222281932831
230 0.08008222281932831
231 0.10712849348783493
232 0.10712849348783493
233 0.10712849348783493
234 0.10712849348783493
235 0.10712849348783493
236 0.08721725642681122
237 0.06447891145944595
238 0.07256411761045456
239 0.07461883872747421
240 0.07239001989364624
241 0.07239001989364624
242 0.07239001989364624
243 0.054320186376571655
244 0.10006397217512131
245 0.050749506801366806
246 0.13799437880516052
247 0.13799437880516052
248 0.13799437880516052
249 0.1366826891899109
250 0.03380101919174194
251 0.03380101919174194
252 0.048036400228738785
253 0.048036400228738785
254 0.020639924332499504
255 0.020639924332499504
256 0.15791191160678864
257 0.036787085235118866
258 0.05527409911155701
259 0.05527409911155701
260 0.07570568472146988
261 0.024775439873337746
262 0.06585081666707993
263 0.11076584458351135
264 0.11076584458351135
265 0.11076584458351135
266 0.03010396845638752
267 0.06903076171875
268 0.06862518191337585
269 0.07250664383172989
270 0.04985290765762329
271 0.04985290765762329
272 0.12285033613443375
273 0.041978564113378525
274 0.04954441636800766
