0 2.3021819591522217
1 2.304055690765381
2 2.301511526107788
3 2.301511526107788
4 2.301511526107788
5 2.3022854328155518
6 2.3022115230560303
7 2.301412582397461
8 2.301412582397461
9 2.300015926361084
10 2.2982826232910156
11 2.297973394393921
12 2.297973394393921
13 2.294147491455078
14 2.2935588359832764
15 2.295297622680664
16 2.295297622680664
17 2.295297622680664
18 2.2799723148345947
19 2.278773784637451
20 2.274799346923828
21 2.274799346923828
22 2.2456395626068115
23 2.244866371154785
24 2.2152061462402344
25 2.1720128059387207
26 2.1720128059387207
27 1.9604792594909668
28 1.6891471147537231
29 1.4763330221176147
30 1.3937339782714844
31 1.3937339782714844
32 6.451534748077393
33 2.3032944202423096
34 2.3057498931884766
35 2.3083090782165527
36 2.3013854026794434
37 2.2952046394348145
38 2.3003602027893066
39 2.3029487133026123
40 2.3029487133026123
41 2.3106682300567627
42 2.3106682300567627
43 2.273789882659912
44 2.2779746055603027
45 2.2629449367523193
46 2.1934397220611572
47 2.285054922103882
48 2.1702191829681396
49 2.1679940223693848
50 2.071265459060669
51 1.9571303129196167
52 1.9571303129196167
53 1.9571303129196167
54 1.4617758989334106
55 1.3441431522369385
56 1.7919824123382568
57 1.7940255403518677
58 1.287853479385376
59 1.4427945613861084
60 1.2874422073364258
61 1.3226159811019897
62 1.3226159811019897
63 1.3226159811019897
64 1.3226159811019897
65 2.0195388793945312
66 2.0195388793945312
67 1.5879276990890503
68 1.639406442642212
69 1.639406442642212
70 0.7692822217941284
71 0.9039465188980103
72 0.6708337664604187
73 0.8662937879562378
74 0.6011680364608765
75 0.8184340596199036
76 0.8184340596199036
77 0.8184340596199036
78 0.5572257041931152
79 0.5572257041931152
80 0.5572257041931152
81 0.5304121375083923
82 0.5077433586120605
83 0.5311545729637146
84 0.44467616081237793
85 0.4793917238712311
86 0.5848506689071655
87 0.5786683559417725
88 0.3972335755825043
89 0.3876701891422272
90 0.3876701891422272
91 0.34566086530685425
92 0.34566086530685425
93 0.40651988983154297
94 0.44341737031936646
95 0.2346118688583374
96 0.45164164900779724
97 0.35587963461875916
98 0.5853365063667297
99 0.3501415550708771
100 0.3444819450378418
101 0.2589370310306549
102 0.3602728247642517
103 0.3602728247642517
104 0.36076486110687256
105 0.30246326327323914
106 0.30246326327323914
107 0.1810118556022644
108 0.1810118556022644
109 0.17276190221309662
110 0.2012556791305542
111 0.16947758197784424
112 0.21519140899181366
113 0.21519140899181366
114 0.23096761107444763
115 0.17240044474601746
116 0.17240044474601746
117 0.22407731413841248
118 0.3748606741428375
119 0.3748606741428375
120 0.1990126073360443
121 0.250637948513031
122 0.167133629322052
123 0.167133629322052
124 0.13038630783557892
125 0.257074773311615
126 0.257074773311615
127 0.13760113716125488
128 0.13760113716125488
129 0.12398825585842133
130 0.192495197057724
131 0.13636840879917145
132 0.1986498385667801
133 0.14505881071090698
134 0.18493227660655975
135 0.1311931312084198
136 0.26532673835754395
137 0.13564912974834442
138 0.11343864351511002
139 0.20312687754631042
140 0.2073635756969452
141 0.2073635756969452
142 0.2073635756969452
143 0.22540083527565002
144 0.22311218082904816
145 0.22311218082904816
146 0.18598948419094086
147 0.14078573882579803
148 0.16446712613105774
149 0.16446712613105774
150 0.09972260892391205
151 0.09972260892391205
152 0.13159509003162384
153 0.27304449677467346
154 0.06717052310705185
155 0.13093414902687073
156 0.08196717500686646
157 0.1473679542541504
158 0.1703740507364273
159 0.10771443694829941
160 0.10771443694829941
161 0.14728978276252747
162 0.12803830206394196
163 0.14229455590248108
164 0.14445722103118896
165 0.11855389177799225
166 0.14996226131916046
167 0.14996226131916046
168 0.16128820180892944
169 0.06939638406038284
170 0.08144792914390564
171 0.08144792914390564
172 0.0782976895570755
173 0.1783984750509262
174 0.11055126041173935
175 0.13608893752098083
176 0.0797768086194992
177 0.08107063919305801
178 0.06600119173526764
179 0.05673881247639656
180 0.05673881247639656
181 0.1004445031285286
182 0.1004445031285286
183 0.049318041652441025
184 0.03981282189488411
185 0.03981282189488411
186 0.14070893824100494
187 0.11388101428747177
188 0.10530653595924377
189 0.06532420963048935
190 0.06532420963048935
191 0.1254728138446808
192 0.17749112844467163
193 0.08773064613342285
194 0.07659576088190079
195 0.05801257863640785
196 0.05801257863640785
197 0.05192084237933159
198 0.05682653188705444
199 0.05682653188705444
200 0.0793321281671524
201 0.0793321281671524
202 0.12028489261865616
203 0.153118297457695
204 0.153118297457695
205 0.1295652985572815
206 0.1295652985572815
207 0.16890794038772583
208 0.12012401968240738
209 0.04595773294568062
210 0.08084948360919952
211 0.08084948360919952
212 0.11691641062498093
213 0.12445011734962463
214 0.17856810986995697
215 0.09808442741632462
216 0.15565454959869385
217 0.15565454959869385
218 0.15565454959869385
219 0.15565454959869385
220 0.10308147221803665
221 0.021346157416701317
222 0.08933226019144058
223 0.08933226019144058
224 0.02003159001469612
225 0.0952923446893692
226 0.036122482270002365
227 0.04589398205280304
228 0.045668356120586395
229 0.06271585077047348
230 0.13836540281772614
231 0.04489518702030182
232 0.13635602593421936
233 0.03445392847061157
234 0.10062656551599503
235 0.10062656551599503
236 0.050146520137786865
237 0.050146520137786865
238 0.10811205208301544
239 0.10811205208301544
240 0.10811205208301544
241 0.051701631397008896
242 0.051701631397008896
243 0.051701631397008896
244 0.051701631397008896
245 0.07238315045833588
246 0.13763652741909027
247 0.025568362325429916
248 0.04446311295032501
249 0.12362559884786606
250 0.12362559884786606
251 0.0646732971072197
252 0.0646732971072197
253 0.0646732971072197
254 0.020436596125364304
255 0.03584875166416168
256 0.09451675415039062
257 0.09451675415039062
258 0.09451675415039062
259 0.036770742386579514
260 0.025753766298294067
261 0.11809373646974564
262 0.022610297426581383
263 0.022610297426581383
264 0.08726336061954498
265 0.0365322045981884
266 0.0365322045981884
267 0.0365322045981884
268 0.0365322045981884
269 0.048587970435619354
270 0.048587970435619354
271 0.04170670360326767
272 0.04170670360326767
273 0.04170670360326767
