0 2.2912492752075195
1 2.2942800521850586
2 2.281221389770508
3 2.2534196376800537
4 2.2547898292541504
5 2.2232089042663574
6 2.2070486545562744
7 2.1811559200286865
8 2.148569345474243
9 2.108126401901245
10 2.0638339519500732
11 2.049140691757202
12 1.9740681648254395
13 1.9461028575897217
14 2.0002715587615967
15 1.8663393259048462
16 1.858149766921997
17 1.8127950429916382
18 1.7611987590789795
19 1.6632412672042847
20 1.5538930892944336
21 1.3878958225250244
22 1.3279736042022705
23 1.3101252317428589
24 1.3100230693817139
25 1.1762362718582153
26 1.109849452972412
27 1.0771193504333496
28 0.9168344140052795
29 0.9903200268745422
30 0.7227897047996521
31 0.7487784624099731
32 0.6927002668380737
33 0.6998007893562317
34 0.7258307337760925
35 0.5731860995292664
36 0.7016347050666809
37 0.6233018636703491
38 0.5375462770462036
39 0.6136771440505981
40 0.45507049560546875
41 0.4581168293952942
42 0.6113256216049194
43 0.5586767196655273
44 0.6106952428817749
45 0.601412832736969
46 0.6084649562835693
47 0.4132614731788635
48 0.4771442711353302
49 0.506769597530365
50 0.5204578638076782
51 0.42852333188056946
52 0.547358512878418
53 0.4199187457561493
54 0.4114592671394348
55 0.5669153332710266
56 0.4680899679660797
57 0.48892942070961
58 0.34585899114608765
59 0.43875566124916077
60 0.3513137102127075
61 0.4863901138305664
62 0.3792394995689392
63 0.4173118770122528
64 0.4029856324195862
65 0.3569183051586151
66 0.34335964918136597
67 0.45714205503463745
68 0.33838680386543274
69 0.4804874062538147
70 0.3544306755065918
71 0.3268830180168152
72 0.2827358543872833
73 0.26921918988227844
74 0.32982221245765686
75 0.5493611693382263
76 0.29805734753608704
77 0.4864739179611206
78 0.3441646993160248
79 0.34075576066970825
80 0.40091216564178467
81 0.4415552020072937
82 0.3448335528373718
83 0.34506383538246155
84 0.33703935146331787
85 0.48826417326927185
86 0.3896709084510803
87 0.2938940227031708
88 0.37072455883026123
89 0.39213043451309204
90 0.22972655296325684
91 0.36407792568206787
92 0.26870498061180115
93 0.3602716624736786
94 0.3781781494617462
95 0.3628731966018677
96 0.3812476694583893
97 0.2824397087097168
98 0.263658344745636
99 0.4162817597389221
100 0.38988155126571655
101 0.37076905369758606
102 0.2203548699617386
103 0.3468952476978302
104 0.24545562267303467
105 0.24870750308036804
106 0.2595454454421997
107 0.22570396959781647
108 0.3336035907268524
109 0.2696359157562256
