0 2.3019254207611084
1 2.3023431301116943
2 2.303659439086914
3 2.3019065856933594
4 2.3019065856933594
5 2.3035073280334473
6 2.3006367683410645
7 2.2978312969207764
8 2.299264907836914
9 2.299557685852051
10 2.300901174545288
11 2.300901174545288
12 2.2932941913604736
13 2.297368288040161
14 2.2956490516662598
15 2.292646884918213
16 2.2923381328582764
17 2.296037435531616
18 2.2861900329589844
19 2.2797703742980957
20 2.267000675201416
21 2.267000675201416
22 2.267000675201416
23 2.232219696044922
24 2.232219696044922
25 2.232219696044922
26 2.09055757522583
27 1.9552773237228394
28 1.9552773237228394
29 1.4828310012817383
30 1.4828310012817383
31 6.719039440155029
32 6.665017604827881
33 2.3008177280426025
34 2.306922197341919
35 2.3103456497192383
36 2.300112009048462
37 2.3071835041046143
38 2.3051717281341553
39 2.3051717281341553
40 2.3051717281341553
41 2.303549289703369
42 2.302373170852661
43 2.274186134338379
44 2.260744571685791
45 2.260744571685791
46 2.260744571685791
47 2.1540465354919434
48 2.17022705078125
49 2.1718690395355225
50 2.1718690395355225
51 2.1718690395355225
52 1.8774510622024536
53 1.6620110273361206
54 1.561448574066162
55 1.5080465078353882
56 1.5080465078353882
57 2.09285044670105
58 1.348331332206726
59 1.3134522438049316
60 1.4117279052734375
61 1.4117279052734375
62 1.023053765296936
63 0.8651375770568848
64 1.255312442779541
65 1.255312442779541
66 1.4303860664367676
67 1.655307412147522
68 1.5172784328460693
69 1.0322022438049316
70 0.9246455430984497
71 0.9562957286834717
72 0.9050012230873108
73 0.761227011680603
74 0.761227011680603
75 0.761227011680603
76 0.684451699256897
77 0.8379834294319153
78 0.6197881698608398
79 0.6044782400131226
80 0.4764377772808075
81 0.4764377772808075
82 0.4764377772808075
83 0.4764377772808075
84 0.5611096620559692
85 0.5651084184646606
86 0.43958720564842224
87 0.5132230520248413
88 0.4164719879627228
89 0.38542822003364563
90 0.5700762867927551
91 0.36434781551361084
92 0.39384427666664124
93 0.29172003269195557
94 0.4119952321052551
95 0.4119952321052551
96 0.4110778868198395
97 0.4110778868198395
98 0.47903740406036377
99 0.47903740406036377
100 0.3982628285884857
101 0.27183857560157776
102 0.2679116129875183
103 0.33315789699554443
104 0.2516694962978363
105 0.20492830872535706
106 0.26882052421569824
107 0.24355843663215637
108 0.35289478302001953
109 0.21381545066833496
110 0.2306017428636551
111 0.22798052430152893
112 0.2860271632671356
113 0.17304715514183044
114 0.17304715514183044
115 0.16204959154129028
116 0.18085414171218872
117 0.18085414171218872
118 0.26472511887550354
119 0.26472511887550354
120 0.26472511887550354
121 0.26472511887550354
122 0.1444990038871765
123 0.22182254493236542
124 0.1428254246711731
125 0.1565307229757309
126 0.2823515832424164
127 0.2823515832424164
128 0.15694184601306915
129 0.15694184601306915
130 0.1183856949210167
131 0.1183856949210167
132 0.13779696822166443
133 0.19796130061149597
134 0.1740567535161972
135 0.1740567535161972
136 0.15218201279640198
137 0.13906657695770264
138 0.17343349754810333
139 0.09809053689241409
140 0.18268147110939026
141 0.18268147110939026
142 0.1151072233915329
143 0.14133718609809875
144 0.14133718609809875
145 0.14133718609809875
146 0.15525631606578827
147 0.18154574930667877
148 0.18154574930667877
149 0.1913297176361084
150 0.05914997309446335
151 0.07227208465337753
152 0.10576657950878143
153 0.10576657950878143
154 0.1442832052707672
155 0.1442832052707672
156 0.1271725296974182
157 0.26740849018096924
158 0.1323869526386261
159 0.08094143867492676
160 0.14469820261001587
161 0.2811571955680847
162 0.08224811404943466
163 0.27490267157554626
164 0.14270168542861938
165 0.18510445952415466
166 0.18510445952415466
167 0.1956196278333664
168 0.11913954466581345
169 0.13786283135414124
170 0.0352662056684494
171 0.0352662056684494
172 0.1088147759437561
173 0.1088147759437561
174 0.224092498421669
175 0.08967038244009018
176 0.12486562132835388
177 0.06466419994831085
178 0.13142551481723785
179 0.07694052904844284
180 0.07694052904844284
181 0.05869070440530777
182 0.07552485167980194
183 0.07552485167980194
184 0.08185990154743195
185 0.1922621876001358
186 0.20890551805496216
187 0.06124279275536537
188 0.14524982869625092
189 0.14524982869625092
190 0.09350740909576416
191 0.08823870122432709
192 0.06512691080570221
193 0.0918613150715828
194 0.06243972107768059
195 0.06243972107768059
196 0.06049809232354164
197 0.06049809232354164
198 0.11700977385044098
199 0.05239618569612503
200 0.10384497791528702
201 0.09019934386014938
202 0.09019934386014938
203 0.08021081238985062
204 0.07549211382865906
205 0.07132545858621597
206 0.0556587316095829
207 0.13478341698646545
208 0.13478341698646545
209 0.02760227769613266
210 0.12044286727905273
211 0.162481427192688
212 0.162481427192688
213 0.0989348292350769
214 0.11619139462709427
215 0.12016630172729492
216 0.12016630172729492
217 0.08558445423841476
218 0.08558445423841476
219 0.08558445423841476
220 0.06943363696336746
221 0.04497286677360535
222 0.03136461600661278
223 0.03136461600661278
224 0.03844524919986725
225 0.1071302592754364
226 0.07999953627586365
227 0.07999953627586365
228 0.04998740926384926
229 0.06570825725793839
230 0.04385993629693985
231 0.04385993629693985
232 0.04385993629693985
233 0.1543479710817337
234 0.054799728095531464
235 0.033261947333812714
236 0.033261947333812714
237 0.033261947333812714
238 0.1504412740468979
239 0.1504412740468979
240 0.1504412740468979
241 0.1504412740468979
242 0.13545703887939453
243 0.16544389724731445
244 0.05968521907925606
245 0.09500360488891602
246 0.08516523987054825
247 0.08516523987054825
248 0.028171665966510773
249 0.028171665966510773
250 0.028171665966510773
251 0.06817156076431274
252 0.07208581268787384
253 0.04500018060207367
254 0.05637528374791145
255 0.05695528909564018
256 0.14465808868408203
257 0.14465808868408203
258 0.14465808868408203
259 0.08683831244707108
260 0.1916469782590866
261 0.1916469782590866
262 0.1916469782590866
263 0.1916469782590866
264 0.1916469782590866
265 0.1916469782590866
266 0.053516581654548645
267 0.09371914714574814
268 0.09371914714574814
269 0.09371914714574814
270 0.06061692535877228
271 0.06061692535877228
272 0.05989944562315941
273 0.05989944562315941
