0 0.0
1 2.30271053314209
2 2.30271053314209
3 2.30271053314209
4 2.3008382320404053
5 2.3008382320404053
6 2.3008382320404053
7 2.3008382320404053
8 2.297945976257324
9 2.296619415283203
10 2.296947717666626
11 2.2961230278015137
12 2.2953808307647705
13 2.2953808307647705
14 2.2931597232818604
15 2.2932612895965576
16 2.2932612895965576
17 2.2932612895965576
18 2.2822628021240234
19 2.2822628021240234
20 2.273035764694214
21 2.26552152633667
22 2.26552152633667
23 2.237175464630127
24 2.2029449939727783
25 2.2029449939727783
26 2.2029449939727783
27 1.955972671508789
28 1.738884449005127
29 1.5294169187545776
30 1.4212170839309692
31 1.4212170839309692
32 6.491579532623291
33 6.491579532623291
34 2.2911534309387207
35 2.306781530380249
36 2.306781530380249
37 2.3166961669921875
38 2.3045341968536377
39 2.296607494354248
40 2.3035781383514404
41 2.3035781383514404
42 2.3028738498687744
43 2.3028738498687744
44 2.259857177734375
45 2.2435302734375
46 2.18868350982666
47 2.144719123840332
48 2.1592626571655273
49 2.1761889457702637
50 2.0150887966156006
51 1.9279664754867554
52 1.889140009880066
53 1.6068025827407837
54 1.4197137355804443
55 1.3718470335006714
56 1.6906745433807373
57 1.6906745433807373
58 1.6906745433807373
59 1.6906745433807373
60 1.3452471494674683
61 1.117336392402649
62 1.003923773765564
63 0.9428983926773071
64 1.3331120014190674
65 2.492175579071045
66 2.492175579071045
67 1.5524845123291016
68 1.5700359344482422
69 1.18563973903656
70 1.18563973903656
71 1.18563973903656
72 1.18563973903656
73 0.9110885858535767
74 0.6493748426437378
75 0.447488397359848
76 0.6710529923439026
77 0.7314117550849915
78 0.5983440279960632
79 0.6956104636192322
80 0.6413834095001221
81 0.5690183639526367
82 0.5904805660247803
83 0.6239906549453735
84 0.49366018176078796
85 0.647678792476654
86 0.647678792476654
87 0.647678792476654
88 0.647678792476654
89 0.4139164686203003
90 0.5279127359390259
91 0.5279127359390259
92 0.2815985381603241
93 0.5413327813148499
94 0.5413327813148499
95 0.3905518352985382
96 0.3905518352985382
97 0.48848140239715576
98 0.3856693208217621
99 0.3644219934940338
100 0.30352503061294556
101 0.3465701937675476
102 0.4596773087978363
103 0.5163432955741882
104 0.3346560597419739
105 0.30184227228164673
106 0.2629043757915497
107 0.24215124547481537
108 0.21035538613796234
109 0.1698777824640274
110 0.48342207074165344
111 0.48342207074165344
112 0.10824088752269745
113 0.29631730914115906
114 0.22926098108291626
115 0.22926098108291626
116 0.23023511469364166
117 0.23023511469364166
118 0.3143300712108612
119 0.3143300712108612
120 0.1446731686592102
121 0.1446731686592102
122 0.18998301029205322
123 0.21121910214424133
124 0.19315649569034576
125 0.19315649569034576
126 0.14980678260326385
127 0.14980678260326385
128 0.21816228330135345
129 0.20403732359409332
130 0.23630425333976746
131 0.23516713082790375
132 0.09725800156593323
133 0.09725800156593323
134 0.15470103919506073
135 0.35704752802848816
136 0.22593294084072113
137 0.27352002263069153
138 0.1953490674495697
139 0.12301952391862869
140 0.10812656581401825
141 0.18339569866657257
142 0.18775132298469543
143 0.1922329068183899
144 0.12170186638832092
145 0.09597791731357574
146 0.10590589791536331
147 0.12563437223434448
148 0.14137008786201477
149 0.14137008786201477
150 0.18087899684906006
151 0.18087899684906006
152 0.16291211545467377
153 0.1877886950969696
154 0.11140511184930801
155 0.06558886170387268
156 0.14483220875263214
157 0.23298686742782593
158 0.23298686742782593
159 0.1562562733888626
160 0.18594199419021606
161 0.14094749093055725
162 0.14094749093055725
163 0.1319555938243866
164 0.1722087264060974
165 0.1722087264060974
166 0.11508823931217194
167 0.11613250523805618
168 0.11613250523805618
169 0.200580894947052
170 0.200580894947052
171 0.15180650353431702
172 0.06224304065108299
173 0.04763885587453842
174 0.1387479156255722
175 0.16566573083400726
176 0.16566573083400726
177 0.16566573083400726
178 0.16566573083400726
179 0.11464318633079529
180 0.15046465396881104
181 0.11109831929206848
182 0.11109831929206848
183 0.11109831929206848
184 0.08610720187425613
185 0.1776794195175171
186 0.11638998240232468
187 0.11638998240232468
188 0.11638998240232468
189 0.11474532634019852
190 0.1708943098783493
191 0.1708943098783493
192 0.11130544543266296
193 0.11130544543266296
194 0.11130544543266296
195 0.06799519807100296
196 0.06799519807100296
197 0.06799519807100296
198 0.06799519807100296
199 0.06799519807100296
200 0.10944145172834396
201 0.15682575106620789
202 0.09340886026620865
203 0.08492343872785568
204 0.058054521679878235
205 0.058054521679878235
206 0.058054521679878235
207 0.058054521679878235
208 0.058054521679878235
209 0.058054521679878235
210 0.15965110063552856
211 0.15965110063552856
212 0.15965110063552856
213 0.09925710409879684
214 0.07741504162549973
215 0.07741504162549973
216 0.07741504162549973
217 0.05858837440609932
218 0.05858837440609932
219 0.041088297963142395
220 0.11121267825365067
221 0.11121267825365067
222 0.08192279189825058
223 0.11853456497192383
224 0.0775088369846344
225 0.06694748997688293
226 0.06839624047279358
227 0.06839624047279358
228 0.06839624047279358
229 0.06839624047279358
230 0.09861540049314499
231 0.09861540049314499
232 0.02667873725295067
233 0.05133075639605522
234 0.09947625547647476
235 0.04386727884411812
236 0.04386727884411812
237 0.0483466312289238
238 0.09399913251399994
239 0.0665062740445137
240 0.0636381134390831
241 0.0636381134390831
242 0.05064138397574425
243 0.0450795479118824
244 0.048018306493759155
245 0.04088577628135681
246 0.04088577628135681
247 0.04088577628135681
248 0.04088577628135681
249 0.030286673456430435
250 0.07897717505693436
251 0.042721834033727646
252 0.03307562321424484
253 0.035215672105550766
254 0.08555876463651657
255 0.09008059650659561
256 0.09008059650659561
257 0.07877305895090103
258 0.07531829178333282
259 0.13728441298007965
260 0.026775000616908073
261 0.052788954228162766
262 0.18660354614257812
263 0.18660354614257812
264 0.035915762186050415
265 0.07038979977369308
266 0.11066413670778275
267 0.11066413670778275
268 0.08922021836042404
269 0.09043754637241364
270 0.044873081147670746
271 0.06940312683582306
272 0.08159533143043518
273 0.10689905285835266
274 0.1289820522069931
