0 0.0
1 -0.00030235861179441165
2 -9.618934613504128e-05
3 0.0030183001997179464
4 0.0
5 0.0018023133271212806
6 0.0027470418564197996
7 0.0
8 0.0009692306670373707
9 0.0012394456532456063
10 0.0022158455746226075
11 0.0
12 0.0018745327672110416
13 0.0
14 0.0007662121011761873
15 0.0013083026881192483
16 0.000940459963076075
17 0.00015654083976613875
18 0.0020007927865490316
19 0.0034030079737919225
20 0.0
21 0.001735208957037088
22 0.0007857461251733867
23 0.0007312354484233209
24 0.0027980364932088586
25 -0.00018264462101856736
26 0.001407055835892125
27 0.0
28 0.0
29 0.003922315218487696
30 0.0
31 0.0
32 0.0
33 0.0
34 0.001442167817663993
35 0.0007161744172678596
36 0.0
37 0.0
38 0.0015759310556925131
39 0.0
40 0.0025217922077641042
41 0.0012053692178542656
42 0.0
43 0.00139218608476407
44 0.0019442967777579664
45 0.0
46 0.0
47 0.0
48 0.0016310593542468556
49 0.001844242358134373
50 0.0008069523812839671
51 0.0013647406894764505
52 0.0
53 0.0
54 0.0
55 0.0002795135549388649
56 -7.643183438180232e-06
57 0.002011715183846403
58 0.0012777448806712383
59 -0.0006251553969214844
60 0.0
61 0.0010901651120619551
62 0.002672786062135846
63 0.0
64 0.0
65 0.0
66 0.0
67 0.0009747857408966304
68 0.0007411852912547058
69 0.002033714032360653
70 0.0
71 0.0
72 0.0022087242247892046
73 0.0020455564139132357
74 0.0
75 0.0
76 0.0
77 0.00022134264927431757
78 0.0020843569850597307
79 0.002684454651149316
80 0.002874589064073271
81 0.0030467532159128927
82 4.739468376995158e-05
83 0.0012900646146868293
84 0.0014200244394848595
85 0.002962398731008926
86 -0.0006533903135762113
87 0.0
88 0.0001602569866107134
89 0.0
90 0.002572596556798157
91 0.0
92 0.004281238447184757
93 0.00017611364225040023
94 -0.0013421604342169363
95 0.0
96 -0.00013510413750131756
97 0.0013202323850345441
98 0.0
99 0.0011080238727035371
