0 0.0008937705319037997
1 -0.0001009997539717785
2 0.0
3 -0.0006345528560539752
4 -0.00015481578319923104
5 0.0
6 0.0
7 0.0
8 1.444087240599609e-05
9 0.0
10 0.0
11 0.0017723745689306955
12 0.0019049969442746161
13 0.0
14 0.0008830943028913322
15 0.0
16 0.0
17 0.0006014048666757717
18 0.0
19 0.0009025922289012283
20 0.003913258399614914
21 0.0015908366729640642
22 0.0006086964551692217
23 0.0013255930834325585
24 0.0
25 0.0
26 0.0021581212080321864
27 0.0028031029345919737
28 0.0017026756043948146
29 0.004093647792821421
30 0.0
31 0.0025250462022339995
32 0.0024071176036035867
33 0.0022295399415537096
34 0.002091882329367871
35 0.0
36 0.0017914318858035544
37 0.0
38 0.0014317173783706019
39 0.0013292834870305336
40 0.00197568528029411
41 0.0
42 0.002493173419311967
43 0.0004671157969801829
44 0.0002221768275226265
45 0.003067631631889911
46 0.0038335344522944436
47 0.0
48 0.0
49 0.0004504256101328919
50 0.0
51 0.0005567535184544458
52 0.0027025562238649965
53 0.0014237760588866985
54 0.003350302384418612
55 0.0003083680448104715
56 -0.0001643600436201855
57 0.0018960298191878337
58 0.0014209842440332733
59 0.0
60 0.0011882253644608794
61 0.0
62 0.002490406477512692
63 0.0015129406155265882
64 0.0013838219191176708
65 -7.663423325066336e-05
66 0.0026299292883550794
67 0.0016357423357739257
68 0.0
69 0.0007535227115202212
70 0.0017343014511110588
71 3.142609055669767e-05
72 0.0017226368389325244
73 0.0
74 0.0018741478487799485
75 0.0006193300362326357
76 0.0015486559882830647
77 0.0009305266920492274
78 -6.667416579866986e-05
79 0.0
80 0.0
81 0.002105686385043877
82 0.0003220270928729158
83 0.000457511612725574
84 0.003118491775205126
85 0.0
86 0.0017049134479068385
87 0.0006691342700047585
88 0.0006113686241772163
89 0.0009199925184292673
90 0.0009964762099367284
91 0.0011023109714268558
92 0.0009740720888329914
93 0.00028370720876260243
94 0.003998268275902569
95 0.0
96 0.0
97 0.00024067974767086122
98 0.0012402990368273377
99 -0.001031656927974136
