0 0.0
1 1.506587000210925e-05
2 0.0
3 -0.0001461139618147142
4 0.0004599855895789321
5 0.0
6 0.0015657865909587084
7 0.0
8 0.0
9 0.0
10 0.001425243204502836
11 -0.00010824991204310765
12 0.0
13 0.002325274649885422
14 0.0
15 0.0
16 0.0012902009061600498
17 0.00020942317645835393
18 0.0017341432579183584
19 0.0008800842459309384
20 0.002507735142997645
21 0.0
22 -0.0002638820885687683
23 0.0
24 0.0015243521271291105
25 0.0
26 0.0
27 0.0035240082674070027
28 0.0024945545958311136
29 0.0017280368060697952
30 0.0014494413895639506
31 0.0
32 0.0016360503901841946
33 0.0019317301933897075
34 0.0007149607385719765
35 -0.00010630795465147375
36 0.0016795040505691084
37 0.001815678695213899
38 0.0038873440161199453
39 0.0002594717826168362
40 0.0007324231975031342
41 0.0
42 0.0016411478570915819
43 0.0006714397917396313
44 0.0010743992366735408
45 0.00034590822721389204
46 0.001263029993232984
47 0.0009506910212181978
48 0.0009298356758306267
49 0.0
50 0.00011338684863862154
51 0.000821383989142274
52 0.0006107457283101461
53 0.0013683733638350135
54 0.0
55 0.000302056122752657
56 0.002207093633339088
57 0.0
58 0.0
59 0.003414522582810872
60 0.0013206790085318366
61 0.0013499400945902094
62 0.0
63 0.003949915830698805
64 0.0003995880558842901
65 -0.00041301933458188594
66 2.5660275345695668e-05
67 0.003329550208656601
68 0.00023611782229305498
69 0.0
70 0.003420534569271499
71 0.001249485253025858
72 0.0009464787284254891
73 0.0
74 0.001716336396903791
75 0.0007766707604722814
76 0.0
77 0.00036087245437340927
78 -0.00045955700270118046
79 0.0010325556027520734
80 0.0025599076649171167
81 0.0
82 0.003267819656874811
83 0.0
84 0.0023665788099347385
85 0.00019035181471075592
86 0.0
87 0.0010936933248866635
88 -0.00022366735113631822
89 0.0
90 0.0
91 7.984649216036262e-05
92 0.0014413872048778908
93 -0.00011250708110010469
94 0.001072626069344519
95 0.00044352266698047233
96 0.0024632952619109963
97 0.0019702871386325475
98 0.0011092275977465226
99 0.0
