0 0.0013155415691967918
1 -0.00013498453696784423
2 5.6871167144933844e-05
3 8.467284618623717e-05
4 -0.0003443984416209189
5 0.000707990715575839
6 0.000769115322370836
7 0.0007434831123494152
8 0.0
9 0.001977149433294685
10 0.004589016793887611
11 0.0
12 0.0013785204713544297
13 0.002936211307229202
14 -0.00023863497023227667
15 0.0009583175670978967
16 0.0
17 0.0018205849655538158
18 0.0019624864785841955
19 0.0
20 0.0013315232222878095
21 0.002713879899147967
22 0.0010149086794983147
23 0.0
24 0.002121915436912023
25 0.0016171508980467974
26 0.0
27 0.0029957561352833427
28 0.004686684063928699
29 0.0
30 0.0014662205953022377
31 0.0
32 0.002507026611175907
33 0.0008096756563428923
34 0.0009334370619940283
35 0.00022515548660092006
36 0.001761757636965152
37 0.002202182047969412
38 0.001682108159075888
39 0.0019394183232672954
40 0.0002986663918783208
41 0.0005687409194946914
42 0.0
43 0.0
44 0.0
45 0.0
46 0.0009955700191260999
47 0.0015124719282004996
48 0.0009887102426746452
49 1.7149940640682558e-05
50 0.0019503914739872669
51 0.0
52 0.0003530350794749003
53 0.0008060562487096429
54 0.0002793849531782091
55 0.0019189262870334383
56 0.00103707578697923
57 0.0
58 0.0015276316328644588
59 -0.0001572823998346575
60 0.0004961067962799356
61 0.0019187120655811227
62 0.0015382170444618092
63 0.0004140478639612258
64 0.0
65 0.0034959996687806832
66 0.0003244094323218332
67 0.002791521694985264
68 0.0005157879125214647
69 0.0
70 0.0006442451235077759
71 -0.00013390714649345013
72 0.002267783764140422
73 0.0
74 0.0008315071368935627
75 -0.0009931611631047706
76 -6.190220638348252e-05
77 -0.00016860313135050325
78 0.0
79 0.0022436950882174576
80 -0.0003244201203969516
81 0.0
82 0.0
83 0.0
84 0.0
85 0.0
86 0.0002835254245715598
87 0.0032846083437778864
88 6.24611652355275e-05
89 0.0025613569553220427
90 0.002005066799805115
91 0.0016270824621111703
92 0.0018370962843355047
93 0.0
94 -0.00036434803303671764
95 0.001426696948908159
96 0.0001397455929959232
97 0.0011904249098128174
98 0.0
99 0.0
