0 0.0013024017029877758
1 -7.576291396854627e-05
2 0.00110896726520571
3 7.664848932960472e-05
4 -2.28540038364553e-05
5 0.0007814380857155024
6 0.0
7 0.001858237994489565
8 0.0014619553174806902
9 0.0
10 0.0
11 0.003456933199920996
12 0.0
13 0.0019673474206500408
14 -0.00015962225656773692
15 0.0
16 0.0009704444034652019
17 -0.00024115290438818103
18 0.0
19 0.0
20 0.0014299724953287661
21 0.0025350905257784245
22 0.0013658448795508167
23 0.0
24 0.001228354647414927
25 0.0010259075748421192
26 0.0029116206426158097
27 0.0015411289289712197
28 0.003132308714787102
29 0.0
30 0.00092378329772543
31 0.0015250024796680144
32 0.0
33 0.0
34 0.0
35 0.0006689435884432097
36 0.001263986144554495
37 0.0016042934008191816
38 0.0007585896125083157
39 0.0008880495784283707
40 0.0
41 0.001196816879861909
42 0.001187467334079167
43 0.0
44 0.0034803744273963553
45 0.0018790645021711655
46 0.00018169017781516613
47 0.0
48 0.001935021972565564
49 0.002098518847098396
50 0.000683529426429666
51 0.0024276618797003002
52 0.0016731425561207832
53 0.0003809455611256366
54 0.0012850176809139737
55 7.42313067709857e-05
56 0.0
57 0.0
58 0.0
59 0.0004131313325640677
60 0.0
61 0.003891133288081956
62 0.0
63 0.0003303353084902617
64 0.0021091867313965404
65 0.0028174857538787908
66 0.0022750237373705927
67 -0.0005635751886575243
68 0.003388589221168901
69 0.001794248045801686
70 0.0
71 -5.0712889189462355e-05
72 0.0
73 0.00033498572819215387
74 0.0
75 0.0
76 0.003968187144058967
77 -3.664783534603577e-05
78 0.00043314873816167117
79 -0.000238030397800183
80 0.0
81 0.0007424400964648595
82 0.0022865082803055223
83 0.00405347406248406
84 0.0
85 0.0004269274389614647
86 0.0
87 0.0012897061862427125
88 0.0
89 0.0030231495721623467
90 0.0
91 0.0
92 0.0
93 0.0006217075432037175
94 0.0
95 0.0027610050450203754
96 0.0
97 0.0020474592923220548
98 0.0
99 0.0033067520224365006
