0 92.63203928479275
0 -0.0027989527051327026
1 0.0
2 0.0
3 62.91472348024821
3 -0.0010064917653009493
4 57.919694351030145
4 -0.0016973239508131452
5 38.56835146174713
5 -0.002555617063708538
6 40.934940358551124
6 -0.0012529823661010717
7 51.21962254270003
7 -0.0033968023823060215
8 23.149780312588092
8 -0.0015677589485563978
9 0.0
10 0.0
11 42.770647504527524
11 -0.0031505907941273043
12 25.191142552456107
12 -0.0025707779962479567
13 0.0
14 0.0
15 17.53921063491412
15 -0.0005897885199223402
16 0.0
17 20.048735437904956
17 -0.000929541471847153
18 24.05949401845656
18 -0.0030199445846567767
19 25.811693635945172
19 -0.003574898477049366
20 26.414183757249063
20 -0.0010939081598889278
21 0.0
22 16.93400417891611
22 -0.0029127503144544763
23 20.093631272952543
23 -0.0008465726150869234
24 0.0
25 19.52052168644222
25 -0.0009097763291570308
26 17.835732929281722
26 -0.0019287529479420317
27 0.0
28 0.0
29 21.37083473764326
29 -0.0014254223896222329
30 28.247763658926427
30 -0.0024526751406450573
31 21.60826402806592
31 -0.00255208160970985
32 22.734542895697786
32 -0.0023970433491424217
33 34.01335059102575
33 -0.00147260250288584
34 18.272019862372126
34 -0.0026707030971185436
35 0.0
36 26.97677679864767
36 -0.0002455548807011823
37 0.0
38 15.244582639009
38 -0.0016476274257783495
39 19.430808402166484
39 -0.000419279662335384
40 23.837111222862053
40 -0.001297963828321603
41 17.438309168883134
41 -0.00038625474766963095
42 18.55576478858271
42 -0.0038538910157512873
43 12.30184955284277
43 -0.002178936472307669
44 16.129312843231503
44 -0.0045683780529846745
45 24.32343790973976
45 -0.003907835902646184
46 17.37358878078447
46 -0.001109263117466933
47 18.689184097795657
47 -0.0021458256612596096
48 0.0
49 0.0
50 0.0
51 0.0
52 22.747686461993798
52 -0.0006483482204864627
53 25.539377481380807
53 -0.002587764727355053
54 20.95379901586432
54 -0.0006784758276762547
55 0.0
56 0.0
57 24.679840241553475
57 -0.0018706640588104864
58 22.047980700519123
58 -0.0005847521946241234
59 0.0
60 23.644831013558807
60 -0.0005768481163711045
61 0.0
62 29.42869131807067
62 -0.0014092697895928823
63 15.532356232785826
63 -0.0006387506716121398
64 16.28506921514455
64 -0.0028144221869297326
65 18.784425982217208
65 -0.00026533229377638724
66 52.709023835673044
66 -0.0022853869844930916
67 18.465794871507157
67 -0.0005042398133262586
68 0.0
69 0.0
70 29.35425749684753
70 -0.0019658641153251903
71 21.83823700651223
71 -0.00036264731492674913
72 0.0
73 22.08008268588033
73 -0.0023613902068656953
74 0.0
75 21.775340375154297
75 -0.0003559484483163875
76 19.59162874340411
76 -0.0006803586878489662
77 19.43549030378346
77 -0.0006714429906950471
78 21.561428592987447
78 -0.0060804556123912334
79 22.10616013494746
79 -0.0008442238433995313
80 32.30451924218797
80 -0.0007683801069274521
81 31.90907939216675
81 -0.0012064050305750308
82 42.462140752566214
82 -0.0013550734360746072
83 24.082152517452695
83 -0.002659141091042324
84 17.82072080947957
84 -0.0007631389853945484
85 0.0
86 0.0
87 0.0
88 22.84836382870042
88 -0.00035831915547039357
89 0.0
90 16.007279746290266
90 -0.0005853746622307576
91 0.0
92 32.24387326390979
92 -0.0005949837880880234
93 0.0
94 0.0
95 19.457901812815937
95 -0.0004122179012114348
96 31.715928613560862
96 -0.0008688746306783438
97 17.554963300911883
97 -0.0008688746306783438
98 21.821560279526203
98 -0.0008688746306783438
99 28.55671025685917
99 -0.004871256882324815
