0 92.62707081973723
0 0.0021193875852519675
1 92.63866916129494
1 0.002250712461297431
2 93.56741349857474
2 0.002029552613660229
3 62.90975490309262
3 0.0016063950556541942
4 57.91471243079305
4 -0.0008098529291905303
5 0.0
6 40.92996999749779
6 0.0024699662524599463
7 0.0
8 0.0
9 66.8170495607078
9 0.004402376994798739
10 27.895811731647086
10 -0.0005910045525156072
11 42.76567523667882
11 0.0010807444771396787
12 25.186169107749638
12 0.0054135049381862895
13 21.740768877257256
13 -0.0006459163770179445
14 0.0
15 17.534241028124086
15 0.004689932545515164
16 41.14173685092522
16 0.0044907612925900306
17 20.044204186041924
17 -0.001375342146031644
18 24.05452345996548
18 0.004796338963639869
19 25.806726959985617
19 0.0035059059240113316
20 26.40935308404908
20 -0.0018547353859813267
21 29.07368289665164
21 -0.001631825931042305
22 16.929034610830325
22 0.004700247229105033
23 20.089604485049865
23 -0.0010193067679727613
24 0.0
25 19.517607516445082
25 0.00449918567348941
26 17.832869279504337
26 0.0004598998473335962
27 18.516557498836473
27 0.0004797028996568672
28 22.35478205083566
28 0.0003404244404367973
29 21.365869804214565
29 -6.52975759670044e-05
30 0.0
31 21.603297342343033
31 0.005583155487720796
32 22.729567313245283
32 0.003015084313937772
33 34.00853989078911
33 -0.002006234173750951
34 18.267048389251993
34 0.006184155929501405
35 15.191141020245079
35 -0.00025444087107959673
36 26.977219921769056
36 -0.00314200415902751
37 26.26318827947615
37 0.0021552391735698254
38 15.239612552521221
38 0.005076655202426231
39 19.427861641580684
39 -0.0005355344418288547
40 23.838710858559235
40 -0.003438035938112686
41 0.0
42 18.55576544936031
42 -0.0038538910157512873
43 12.3018490291711
43 -0.002178936472307669
44 16.129314121204633
44 -0.0045683780529846745
45 0.0
46 17.373164571348315
46 -0.0016822489971842285
47 18.684207962866303
47 0.005726093612231285
48 0.0
49 18.527025790627295
49 0.0003576604282633926
50 21.711821238499148
50 -0.0034035397926345467
51 0.0
52 22.74880067947189
52 -0.0017506785454391622
53 0.0
54 20.955148497380808
54 -0.0012557255664186566
55 16.939260531730433
55 -0.0009036217220833956
56 0.0
57 24.680710266288663
57 -0.0028705193729933855
58 22.04683374605191
58 0.0007431306789869562
59 0.0
60 23.644329173358184
60 0.00023375608205997554
61 25.237035675034896
61 -0.0006165790401618434
62 29.42860167832942
62 -0.0020211199919028373
63 15.532303211827772
63 -0.0003200060963304025
64 16.285065922517887
64 -0.0028144221869297326
65 18.784682747625748
65 -0.0006503090485864225
66 52.70405615940789
66 0.004482214066586815
67 18.462801052288103
67 0.0007312753456395633
68 20.94956710559402
68 0.006072235341454789
69 23.43545503193411
69 -0.0002919334867419131
70 29.34929230630619
70 0.002540674485017607
71 0.0
72 24.18042361185836
72 0.006455587150073826
73 22.07511244818843
73 0.003445585106211816
74 20.32329681784294
74 -0.0002030199062670789
75 0.0
76 0.0
77 19.433151971099587
77 0.00022969011617580891
78 21.561429313433685
78 -0.0060804556123912334
79 22.10118147468676
79 0.005445411748900799
80 0.0
81 0.0
82 42.45749303631842
82 0.001978670848199695
83 24.077188857971983
83 0.003047307982407539
84 17.81806263607985
84 0.0007044842845185032
85 14.470451006860868
85 -0.0007560050840067368
86 36.45539931275188
86 0.006955034429102197
87 0.0
88 22.845049877825293
88 0.0009240641025423962
89 22.92905842918922
89 0.002534832995282381
90 16.004746233947788
90 0.0007351287681952486
91 0.0
92 0.0
93 0.0
94 20.80361433395004
94 0.007424147897019957
95 19.45502946407461
95 -2.9706239794285008e-05
96 0.0
97 17.55292669480953
97 0.0011500511273901904
98 21.820051122744882
98 -0.000581631089233892
99 0.0
