0 92.62842964118836
0 0.004699817335686271
1 92.64002988430975
1 0.004526044146137436
2 93.56877455752822
2 0.0049829288537325015
3 62.91111660509378
3 0.004385990853858706
4 57.916074341840186
4 0.004179717077094659
5 38.5647431614045
5 0.0046589502982245165
6 40.931334427660275
6 0.004613823480095827
7 0.0
8 23.146173117813568
8 0.0026662513741221843
9 66.81841304143767
9 0.0021559066482949845
10 27.89717410122988
10 0.005225313168671995
11 42.76703849641894
11 0.005561767548384396
12 0.0
13 21.741915012916795
13 0.0038854284062132378
14 24.80434456993609
14 0.00529308238519764
15 0.0
16 41.14310091861115
16 0.007112502084154595
17 20.04487794038645
17 0.0026925124047643433
18 0.0
19 25.80809271896484
19 0.005665456768359551
20 26.410477953991712
20 0.0029101139032391265
21 29.073301299076363
21 0.005204356810190698
22 0.0
23 20.089632736575403
23 0.0032277293042245804
24 33.327499297137024
24 0.005814324691607779
25 19.516912933680988
25 0.006474088164929461
26 17.832078806180615
26 0.0070553791466836935
27 0.0
28 22.355037878378358
28 0.001966296967260715
29 0.0
30 28.24404998594094
30 0.005233499532512606
31 0.0
32 0.0
33 34.009559233624906
33 0.0022284320763137507
34 0.0
35 15.189587469158377
35 0.0018617531068508555
36 26.97317259326945
36 0.005289947415606634
37 0.0
38 0.0
39 19.426501193124015
39 0.001490045362899445
40 23.83350310474906
40 0.009909165872952475
41 17.434320165459543
41 0.0027599518074245158
42 18.550559254829974
42 0.007215207968953128
43 12.296641010153062
43 0.005446699007435547
44 16.124102491091374
44 0.01065129863292962
45 24.318228521717348
45 0.01036061154989726
46 17.368991088662924
46 0.005537002511479316
47 0.0
48 20.45253083262682
48 0.0025411422802340132
49 18.526330680577086
49 0.002434078274884218
50 21.706609388181544
50 0.013334104090449645
51 0.0
52 22.743595114240474
52 0.004012652069156547
53 0.0
54 20.94994064908125
54 0.005044199463542803
55 16.93405693891274
55 0.0021516822974188016
56 18.32504417355815
56 0.009887425089249306
57 24.6755028619488
57 0.006063762030148219
58 22.043662998608344
58 0.0014431935206021074
59 0.0
60 23.64003511454285
60 0.001830602556454422
61 25.23246792886808
61 0.0023459562375633255
62 29.423788233578478
62 0.0028681163586893503
63 15.527329906623425
63 0.002681960770711057
64 16.279867172187814
64 0.013771643194030948
65 18.779659734807375
65 0.0017979013765840788
66 0.0
67 18.461509498948256
67 0.0020796478521961535
68 0.0
69 23.433265834780098
69 0.0014126163518609083
70 0.0
71 21.83376231502175
71 0.0018874203072529719
72 0.0
73 0.0
74 20.3208943297322
74 0.001826638005515538
75 21.771060945141674
75 0.0029656446915102895
76 19.587034311575973
76 0.003733897190147693
77 19.43063753198932
77 0.0021315749267807886
78 21.556221803715285
78 0.009264252214135722
79 0.0
80 32.30045864057144
80 0.003214711285096241
81 31.90454750003517
81 0.0029684743131450663
82 42.45732353513782
82 0.001625732976794661
83 0.0
84 17.816268647803838
84 0.001296749567925553
85 14.466924112286215
85 0.000864746377940046
86 0.0
87 19.870243968012318
87 0.0017074001861434207
88 22.843664578425916
88 0.0014422891351170033
89 0.0
90 16.002296623386417
90 0.001612125763043044
91 30.476214943211573
91 0.000883570591993738
92 32.238936602751075
92 0.0030108626392105226
93 21.286055330992657
93 0.001920416424109098
94 0.0
95 19.452780120579675
95 0.00046930459850498085
96 31.71090872781192
96 0.003003126470043008
97 17.54979215486347
97 0.0016225169650615216
98 21.81637574158012
98 0.0034641262602997445
99 28.551494770472242
99 0.0009870093562532145
