0 1.003172064376486
1 1.0093576903223676
2 1.0164854013369524
3 1.0386984926691358
4 1.0444832877949584
5 1.0761613920015534
6 1.0761613920015534
7 1.0938897408498722
8 1.0938897408498722
9 1.1134315445909602
10 1.151964684963993
11 1.1945556352715938
12 1.236046649979757
13 1.2841164314188125
14 1.3234269289575726
15 1.36754969360053
16 1.36754969360053
17 1.3887399446351423
18 1.3887399446351423
19 1.4171450811576303
20 1.4171450811576303
21 1.4512901432435457
22 1.5077318497841397
23 1.5471951100596937
24 1.6048078208187857
25 1.6048078208187857
26 1.6048078208187857
27 1.6379271388240295
28 1.6379271388240295
29 1.6701675839543624
30 1.6701675839543624
31 1.6701675839543624
32 1.707947989764884
33 1.707947989764884
34 1.707947989764884
35 1.7444709150030377
36 1.7850909859338575
37 1.823537450651975
38 1.823537450651975
39 1.856176704395354
40 1.856176704395354
41 1.8885613601006284
42 1.9415061975120558
43 1.99027774921746
44 2.0369067038596578
45 2.0865080079524025
46 2.140563108343374
47 2.1822639503281294
48 2.2242689377302747
49 2.2242689377302747
