0 1.0969593274756773
1 1.1677096451131592
2 1.2528009022322404
3 1.3434576603965125
4 1.4283251737341982
5 1.5184124223586342
6 1.6181379423323834
7 1.7118686424700242
8 1.8118686424700243
9 1.909528800075839
10 2.005865186955037
11 2.005865186955037
12 2.005865186955037
13 2.005865186955037
14 2.005865186955037
15 2.096524671784475
16 2.19430234682938
17 2.19430234682938
18 2.290386111754565
19 2.390386111754565
20 2.390386111754565
21 2.390386111754565
22 2.490386111754565
23 2.490386111754565
24 2.588375392628367
25 2.6778272403382086
26 2.7778272403382087
27 2.7778272403382087
28 2.8717700930843395
29 2.9582746118692147
30 3.058274611869215
31 3.058274611869215
32 3.146307375443546
33 3.2463073754435463
34 3.3431339384953374
35 3.3431339384953374
36 3.428922375010887
37 3.5203091429864966
38 3.617850702610144
39 3.717850702610144
40 3.812176320568595
41 3.9013991015179714
42 3.982947048509161
43 4.076622611602776
44 4.076622611602776
45 4.170087068765748
46 4.268500102165206
47 4.368500102165205
48 4.463952381417107
49 4.562174563591401
