0 1.0954421715570102
1 1.1804351985734547
2 1.1804351985734547
3 1.2569343695907855
4 1.2569343695907855
5 1.2569343695907855
6 1.2569343695907855
7 1.320723066522789
8 1.320723066522789
9 1.320723066522789
10 1.4102178317408505
11 1.4984644048327727
12 1.4984644048327727
13 1.5925344387270302
14 1.6822928212313109
15 1.769242007396459
16 1.869242007396459
17 1.9569172175429708
18 1.9569172175429708
19 2.0455174365009636
20 2.0455174365009636
21 2.1351033775186483
22 2.2292009153195895
23 2.3120960820035847
24 2.404600306854008
25 2.4826205238130576
26 2.5796123925536927
27 2.66151072414003
28 2.740611424531089
29 2.740611424531089
30 2.818917671402293
31 2.907871568167556
32 2.9810558605110495
33 3.077643092955878
34 3.1581083186859322
35 3.2273820415018086
36 3.3207132288370653
37 3.3987202367309424
38 3.4825980826482943
39 3.4825980826482943
40 3.5688393784328927
41 3.5688393784328927
42 3.5688393784328927
43 3.6360154365990436
44 3.6360154365990436
45 3.7131357736983195
46 3.7991697762201593
47 3.7991697762201593
48 3.8678519288392557
49 3.9334982828668426
