0 2400
1 2517
2 3211
5 2993
6 2331
7 2212
8 2181
9 1798
10 1906
12 1782
13 1894
14 1588
15 1773
20 1759
21 1597
23 1357
24 1661
25 1517
26 1785
27 1537
28 1489
29 1632
30 1597
31 1665
32 1526
33 1666
34 1716
35 1515
36 1789
37 1659
38 1831
39 1589
40 1902
41 1973
42 1941
43 1745
44 2042
45 1831
47 1733
48 1875
50 2124
51 2009
52 2225
54 2086
55 2290
58 2246
60 2152
61 1891
62 2492
63 2915
64 3105
65 3007
67 2713
69 2910
71 2982
72 2573
73 2446
74 2456
75 2351
76 2350
77 2328
79 2366
80 2283
82 2479
84 2761
85 2984
86 3409
87 3743
88 4222
89 3010
90 3496
91 2265
93 3726
94 3642
96 2913
97 2867
98 2849
