0 1200
1 1631
3 1418
4 1117
5 829
7 1273
8 1579
11 1501
13 1661
15 1747
18 1310
19 1018
20 1232
21 1195
22 1549
25 1024
26 1390
27 1161
28 1136
29 1292
30 1255
31 1326
32 1155
33 1288
34 1334
37 973
38 1259
40 1524
41 925
43 656
44 1195
46 1435
47 1000
48 1188
49 801
50 1261
52 1543
54 1389
55 715
56 939
57 988
60 1109
61 739
62 1465
64 748
66 804
67 1050
68 1201
69 599
70 638
71 137
73 643
74 1056
76 1207
78 1117
80 808
81 1435
83 1371
84 295
85 106
86 39
87 13
88 0
89 0
90 0
91 0
93 0
94 0
95 284
97 170
98 61
99 403
