1 1069
2 2336
3 2214
4 1970
6 1718
7 1843
9 1432
11 1460
12 1507
13 1723
14 1479
15 1702
16 1593
18 1524
19 1243
22 1653
24 1836
25 1686
26 1885
27 1596
29 1689
31 1708
32 1538
33 1661
34 1702
35 1495
36 1767
37 1582
38 1776
40 2001
41 2006
43 1712
44 2008
45 1728
47 1552
48 1752
49 1673
50 1996
51 1831
53 1840
55 1954
56 1966
58 1862
59 1638
60 1781
61 1503
64 1589
65 1443
68 1743
70 1693
72 1230
74 1707
75 1633
76 1902
77 1837
78 1895
79 1878
80 1726
82 1848
83 2008
84 2232
88 0
91 0
92 627
93 0
94 0
95 774
97 757
98 797
99 1329
