0 2400
1 2517
2 3210
3 3129
4 2907
6 2289
8 2227
9 1844
12 1737
14 1479
16 1443
17 1946
18 1849
19 1528
20 1620
21 1522
22 1830
23 1666
29 1717
30 1628
32 1473
34 1570
36 1788
37 1482
38 1696
39 1470
40 1802
41 1720
42 1758
43 1403
44 1812
45 1596
46 1864
48 1926
49 1787
53 1673
54 1720
55 1769
56 1842
57 1799
58 1665
59 1510
60 1696
61 1441
65 1247
66 1444
67 1725
69 1795
70 1722
71 1661
72 1199
73 1605
74 1937
76 2082
77 2009
79 1951
80 1766
82 1860
83 2011
84 2191
85 2322
87 2529
88 0
89 0
90 0
92 625
93 0
96 0
98 53
99 852
