0 2.3011856079101562
1 2.3011856079101562
2 2.3011856079101562
3 2.3033907413482666
4 2.3027210235595703
5 2.3027210235595703
6 2.3027210235595703
7 2.3027210235595703
8 2.2999427318573
9 2.2985241413116455
10 2.3033013343811035
11 2.2982289791107178
12 2.2982289791107178
13 2.299389600753784
14 2.3035826683044434
15 2.301398515701294
16 2.298081398010254
17 2.303046226501465
18 2.3024709224700928
19 2.302633285522461
20 2.293712854385376
21 2.293712854385376
22 2.300797700881958
23 2.3037397861480713
24 2.2928624153137207
25 2.2947864532470703
26 2.2947864532470703
27 2.293922185897827
28 2.2970831394195557
29 2.2984540462493896
30 2.296478509902954
31 2.3016602993011475
32 2.3016602993011475
33 2.3016602993011475
34 2.3001556396484375
35 2.3003416061401367
36 2.29803729057312
37 2.2948741912841797
38 2.3026649951934814
39 2.306962728500366
40 2.296923875808716
41 2.296923875808716
42 2.292997360229492
43 2.289402484893799
44 2.292682647705078
45 2.287140369415283
46 2.3123555183410645
47 2.313445806503296
48 2.313445806503296
49 2.313445806503296
50 2.3056344985961914
51 2.3056344985961914
52 2.301792621612549
53 2.299837112426758
54 2.294477939605713
55 2.294477939605713
56 2.2834017276763916
57 2.3087780475616455
58 2.2852108478546143
59 2.2928566932678223
60 2.314331293106079
61 2.2918200492858887
62 2.2918200492858887
63 2.2857754230499268
64 2.3152334690093994
65 2.288128614425659
66 2.2948713302612305
67 2.278615713119507
68 2.278615713119507
69 2.298919677734375
70 2.2962605953216553
71 2.285198926925659
72 2.2768492698669434
73 2.283946990966797
74 2.271935224533081
75 2.271935224533081
76 2.271935224533081
77 2.271935224533081
78 2.2331621646881104
79 2.2807905673980713
80 2.272824764251709
81 2.2672698497772217
82 2.2371268272399902
83 2.2373340129852295
84 2.1920902729034424
85 2.1920902729034424
86 2.1920902729034424
87 2.2000298500061035
88 2.2000298500061035
89 2.2472422122955322
90 2.2472422122955322
91 2.185850143432617
92 2.185850143432617
93 2.144310712814331
94 2.1518115997314453
95 2.11478328704834
96 2.11478328704834
97 2.11478328704834
98 1.9943970441818237
99 1.9943970441818237
100 1.8501605987548828
101 1.8223230838775635
102 1.8223230838775635
103 1.8223230838775635
104 1.6023156642913818
105 1.6023156642913818
106 1.323606014251709
107 1.1715631484985352
108 1.297720193862915
109 1.1222306489944458
110 1.1222306489944458
111 1.0156258344650269
112 1.0156258344650269
113 0.9791426062583923
114 0.977123498916626
115 0.7069349884986877
116 0.7069349884986877
117 0.7069349884986877
118 0.9987637400627136
119 0.9987637400627136
120 0.7819024920463562
121 0.7104515433311462
122 0.8435840606689453
123 0.5434163808822632
124 0.7646220326423645
125 1.1651743650436401
126 1.1651743650436401
127 0.5245996117591858
128 0.5245996117591858
129 0.5839572548866272
130 0.5839572548866272
131 0.4559759497642517
132 0.4559759497642517
133 0.636672854423523
134 0.4331100583076477
135 0.4331100583076477
136 0.4230944812297821
137 0.6847161054611206
138 0.4142559766769409
139 0.5144379138946533
140 0.30862680077552795
141 0.30862680077552795
142 0.4728851318359375
143 0.5050585865974426
144 0.5050585865974426
145 0.5050585865974426
146 0.4589034616947174
147 0.38899651169776917
148 0.38899651169776917
149 0.43436992168426514
150 0.5751450061798096
151 0.4057154953479767
152 0.35282009840011597
153 0.6945870518684387
154 0.397266685962677
155 0.397266685962677
156 0.397266685962677
157 0.3738197982311249
158 0.3367593288421631
159 0.3367593288421631
160 0.48696398735046387
161 0.3686144948005676
162 0.31303879618644714
163 0.5563814640045166
164 0.44661542773246765
165 0.44661542773246765
166 0.40982431173324585
167 0.3661152124404907
168 0.4099709093570709
169 0.37253570556640625
170 0.36340218782424927
171 0.5561731457710266
172 0.5561731457710266
173 0.5561731457710266
174 0.36492106318473816
175 0.36492106318473816
176 0.3732815086841583
177 0.36964812874794006
178 0.2595601975917816
179 0.31035077571868896
180 0.31035077571868896
181 0.31035077571868896
182 0.31035077571868896
183 0.369559109210968
184 0.4919014871120453
185 0.4054972529411316
186 0.2772289216518402
187 0.4426008462905884
188 0.3452931344509125
189 0.3452931344509125
190 0.3452931344509125
191 0.37808990478515625
192 0.31865614652633667
193 0.31865614652633667
194 0.19401949644088745
195 0.24427530169487
196 0.3324524164199829
197 0.415698766708374
198 0.415698766708374
199 0.415698766708374
200 0.3597583472728729
201 0.3597583472728729
202 0.3597583472728729
203 0.361461341381073
204 0.361461341381073
205 0.23823091387748718
206 0.3597327172756195
207 0.3597327172756195
208 0.2920610010623932
209 0.2736114263534546
210 0.2736114263534546
211 0.2736114263534546
212 0.2736114263534546
213 0.2733016312122345
214 0.2577049732208252
215 0.2577049732208252
216 0.2749105393886566
217 0.23691369593143463
218 0.23691369593143463
219 0.23691369593143463
220 0.23691369593143463
221 0.1904192417860031
222 0.313797265291214
223 0.28764960169792175
224 0.2134731560945511
225 0.27151963114738464
226 0.23462983965873718
227 0.18997472524642944
228 0.2938717007637024
229 0.2938717007637024
230 0.2938717007637024
231 0.3241063356399536
232 0.20876391232013702
233 0.20876391232013702
234 0.17476804554462433
235 0.23739154636859894
236 0.13222850859165192
237 0.25326910614967346
238 0.24720416963100433
239 0.16739694774150848
240 0.19264350831508636
241 0.21181754767894745
242 0.18547014892101288
243 0.18547014892101288
244 0.39694297313690186
245 0.2844182848930359
246 0.1757739633321762
247 0.2035614401102066
248 0.2035614401102066
249 0.24011436104774475
250 0.2128949612379074
251 0.24001722037792206
252 0.24001722037792206
253 0.2364581674337387
254 0.28470081090927124
255 0.17132112383842468
256 0.22013318538665771
257 0.1461210995912552
258 0.1461210995912552
259 0.14055821299552917
260 0.14055821299552917
261 0.28610482811927795
262 0.24821870028972626
263 0.2257351577281952
264 0.2257351577281952
265 0.2252071052789688
266 0.2252071052789688
267 0.2252071052789688
268 0.19466376304626465
269 0.11012700200080872
270 0.11012700200080872
271 0.11012700200080872
272 0.1837586909532547
273 0.1837586909532547
274 0.17558833956718445
275 0.16443830728530884
276 0.16443830728530884
277 0.21426327526569366
278 0.33297115564346313
279 0.16835273802280426
280 0.1607040911912918
281 0.11636863648891449
282 0.23629482090473175
283 0.3838883638381958
284 0.3838883638381958
285 0.3838883638381958
286 0.2552778720855713
287 0.19074976444244385
288 0.19074976444244385
289 0.19074976444244385
290 0.1497069150209427
291 0.22811293601989746
292 0.1741749793291092
293 0.28904303908348083
294 0.28904303908348083
295 0.096189945936203
296 0.1117788776755333
297 0.16735824942588806
298 0.09556569904088974
299 0.09556569904088974
300 0.20158419013023376
301 0.20158419013023376
302 0.20158419013023376
303 0.14103560149669647
304 0.1494237184524536
305 0.16783507168293
306 0.16783507168293
307 0.16783507168293
308 0.10835298895835876
309 0.15518730878829956
310 0.15518730878829956
311 0.21025478839874268
312 0.11354769766330719
313 0.14301276206970215
314 0.21098829805850983
315 0.1695774644613266
316 0.1695774644613266
317 0.1695774644613266
318 0.14001764357089996
319 0.10941516607999802
320 0.10941516607999802
321 0.14383648335933685
322 0.12282881885766983
323 0.20661450922489166
324 0.0984017625451088
325 0.0984017625451088
326 0.17068877816200256
327 0.22505389153957367
328 0.17421066761016846
329 0.17421066761016846
330 0.18297643959522247
331 0.10076940059661865
332 0.227756068110466
333 0.227756068110466
334 0.227756068110466
335 0.227756068110466
336 0.19936969876289368
337 0.18741834163665771
338 0.18741834163665771
339 0.10315755009651184
340 0.22428351640701294
341 0.10679622739553452
342 0.11053186655044556
343 0.18100270628929138
344 0.13059696555137634
345 0.13059696555137634
346 0.14270439743995667
347 0.1133662611246109
348 0.10779529809951782
349 0.09784407913684845
350 0.09784407913684845
351 0.1388016641139984
352 0.10733393579721451
353 0.14498016238212585
354 0.18709205090999603
355 0.18709205090999603
356 0.14835575222969055
357 0.14835575222969055
358 0.14835575222969055
359 0.14835575222969055
360 0.1306096315383911
361 0.09606616944074631
362 0.14122021198272705
363 0.09804530441761017
364 0.18742625415325165
365 0.11762569099664688
366 0.06201019883155823
367 0.06201019883155823
368 0.06201019883155823
369 0.20936086773872375
370 0.20936086773872375
371 0.20936086773872375
372 0.17094990611076355
373 0.17094990611076355
374 0.12319815158843994
375 0.0698399767279625
376 0.0698399767279625
377 0.1255178451538086
378 0.1255178451538086
379 0.2279132455587387
380 0.15501098334789276
381 0.1159411296248436
382 0.1159411296248436
383 0.15917368233203888
384 0.15917368233203888
385 0.18534469604492188
386 0.12200640141963959
387 0.12727144360542297
388 0.12727144360542297
389 0.12036790698766708
390 0.12036790698766708
391 0.10393495112657547
392 0.11854130774736404
393 0.11854130774736404
394 0.10491402447223663
395 0.09216266125440598
396 0.11793702840805054
397 0.1871296912431717
398 0.09497305005788803
399 0.1033094972372055
400 0.1033094972372055
401 0.08867297321557999
402 0.11048948764801025
403 0.11048948764801025
404 0.11048948764801025
405 0.1461346596479416
406 0.11223537474870682
407 0.06730717420578003
408 0.11776647716760635
409 0.19141313433647156
410 0.07829653471708298
411 0.13147318363189697
412 0.13147318363189697
413 0.13147318363189697
414 0.13147318363189697
415 0.11822429299354553
416 0.07329334318637848
417 0.18194031715393066
418 0.06253313273191452
419 0.09465567022562027
420 0.087079256772995
421 0.11876877397298813
422 0.09474417567253113
423 0.051031552255153656
424 0.07024801522493362
425 0.11776484549045563
426 0.08132194727659225
427 0.08132194727659225
428 0.12530212104320526
429 0.09232217818498611
430 0.09232217818498611
431 0.09232217818498611
432 0.09687764942646027
433 0.09687764942646027
434 0.09165135771036148
435 0.08549825102090836
436 0.08549825102090836
437 0.06535530835390091
438 0.13434547185897827
439 0.09318582713603973
440 0.07840023934841156
441 0.22142721712589264
442 0.0648120790719986
443 0.0648120790719986
444 0.08500117063522339
445 0.056553591042757034
446 0.056350044906139374
447 0.05280941352248192
448 0.06738817691802979
449 0.034842491149902344
450 0.13218975067138672
451 0.050807151943445206
452 0.06842276453971863
453 0.15520623326301575
454 0.08526228368282318
455 0.07793756574392319
456 0.059729643166065216
457 0.059729643166065216
458 0.08193980157375336
459 0.08193980157375336
460 0.04934360459446907
461 0.04934360459446907
462 0.0547100268304348
463 0.039369504898786545
464 0.039369504898786545
465 0.045544471591711044
466 0.11751178652048111
467 0.11751178652048111
468 0.029462672770023346
469 0.029462672770023346
470 0.0927387923002243
471 0.07860493659973145
472 0.07659511268138885
473 0.03547822684049606
474 0.05519924312829971
475 0.11251965910196304
476 0.07939005643129349
477 0.16712619364261627
478 0.16712619364261627
479 0.0667061135172844
480 0.03612426668405533
481 0.07732520252466202
482 0.08007721602916718
483 0.08007721602916718
484 0.054414160549640656
485 0.054414160549640656
486 0.054414160549640656
487 0.054414160549640656
488 0.061171531677246094
489 0.08772572875022888
490 0.08772572875022888
491 0.0728859156370163
492 0.0728859156370163
493 0.0724233090877533
494 0.05337130278348923
495 0.1256209760904312
496 0.10560454428195953
497 0.037958964705467224
498 0.037958964705467224
499 0.08629313856363297
