0 0.0
1 0.0
2 2.302216053009033
3 2.304654359817505
4 2.299320936203003
5 2.3026957511901855
6 2.3026957511901855
7 2.3021955490112305
8 2.302819013595581
9 2.3036019802093506
10 2.3036019802093506
11 2.30434250831604
12 2.3018550872802734
13 2.3028650283813477
14 2.3028650283813477
15 2.3016059398651123
16 2.3023295402526855
17 2.3024933338165283
18 2.3024933338165283
19 2.300900459289551
20 2.302875280380249
21 2.305570363998413
22 2.2989091873168945
23 2.3020403385162354
24 2.3020403385162354
25 2.3020403385162354
26 2.293131113052368
27 2.293131113052368
28 2.293222665786743
29 2.3041677474975586
30 2.299910545349121
31 2.299910545349121
32 2.3168816566467285
33 2.312849760055542
34 2.312849760055542
35 2.30745267868042
36 2.30745267868042
37 2.310945749282837
38 2.310945749282837
39 2.290919780731201
40 2.290919780731201
41 2.3144893646240234
42 2.3131518363952637
43 2.31024432182312
44 2.31024432182312
45 2.289818525314331
46 2.289818525314331
47 2.297363758087158
48 2.3207273483276367
49 2.294445276260376
50 2.294445276260376
51 2.308255910873413
52 2.308255910873413
53 2.306623697280884
54 2.2846992015838623
55 2.2846992015838623
56 2.299079179763794
57 2.329500198364258
58 2.283768892288208
59 2.3110477924346924
60 2.3110477924346924
61 2.310851812362671
62 2.310075521469116
63 2.310075521469116
64 2.267883062362671
65 2.267883062362671
66 2.267883062362671
67 2.2907004356384277
68 2.2999958992004395
69 2.3060624599456787
70 2.3334343433380127
71 2.3334343433380127
72 2.3334343433380127
73 2.2904462814331055
74 2.3059213161468506
75 2.3059213161468506
76 2.3059213161468506
77 2.3059213161468506
78 2.2863903045654297
79 2.2866973876953125
80 2.2945005893707275
81 2.3010201454162598
82 2.2687366008758545
83 2.2687366008758545
84 2.3001821041107178
85 2.3001821041107178
86 2.254035472869873
87 2.247006416320801
88 2.2328195571899414
89 2.2328195571899414
90 2.2054996490478516
91 2.2335610389709473
92 2.2335610389709473
93 2.073882579803467
94 2.1436502933502197
95 2.1436502933502197
96 2.059475898742676
97 2.059475898742676
98 1.9796979427337646
99 1.9529603719711304
100 1.8544508218765259
101 1.8712289333343506
102 1.840937852859497
103 1.7047237157821655
104 1.7047237157821655
105 1.4990794658660889
106 1.436456561088562
107 1.3631750345230103
108 1.2994213104248047
109 1.0502880811691284
110 1.1354697942733765
111 1.0046966075897217
112 0.9212642908096313
113 0.8104267716407776
114 1.053358793258667
115 1.0987416505813599
116 1.0987416505813599
117 0.6062013506889343
118 0.6062013506889343
119 0.8269413709640503
120 0.4965362846851349
121 1.0352855920791626
122 0.830376923084259
123 0.6388675570487976
124 0.6388675570487976
125 0.5514286756515503
126 0.5514286756515503
127 0.6927093863487244
128 0.7982320785522461
129 0.7466312646865845
130 0.7466312646865845
131 0.5718105435371399
132 0.5718105435371399
133 0.5718105435371399
134 0.4547973573207855
135 0.4547973573207855
136 0.33938485383987427
137 0.5117882490158081
138 0.5117882490158081
139 0.5117882490158081
140 0.5117882490158081
141 0.5117882490158081
142 0.43057289719581604
143 0.49813172221183777
144 0.36971500515937805
145 0.409828782081604
146 0.453246533870697
147 0.5488684773445129
148 0.5927181839942932
149 0.4985264241695404
150 0.4985264241695404
151 0.5556265115737915
152 0.3775143027305603
153 0.3348218500614166
154 0.3244532644748688
155 0.3244532644748688
156 0.5911049842834473
157 0.32711195945739746
158 0.3827809691429138
159 0.4274769425392151
160 0.3480837643146515
161 0.3480837643146515
162 0.48099657893180847
163 0.4031684100627899
164 0.3722158968448639
165 0.3651290535926819
166 0.3651290535926819
167 0.3899824619293213
168 0.36247724294662476
169 0.3585728704929352
170 0.39488285779953003
171 0.43993422389030457
172 0.4101584553718567
173 0.4232335686683655
174 0.3883090615272522
175 0.3883090615272522
176 0.303487092256546
177 0.23593482375144958
178 0.30035895109176636
179 0.33656638860702515
180 0.37736329436302185
181 0.37736329436302185
182 0.33260488510131836
183 0.28389766812324524
184 0.28389766812324524
185 0.23514658212661743
186 0.23071858286857605
187 0.24695615470409393
188 0.3589140474796295
189 0.2710971534252167
190 0.3438035249710083
191 0.3993702828884125
192 0.2566703259944916
193 0.26807907223701477
194 0.26807907223701477
195 0.20862050354480743
196 0.36689984798431396
197 0.3736240863800049
198 0.4220440983772278
199 0.2579626142978668
200 0.29700908064842224
201 0.29294395446777344
202 0.3350890874862671
203 0.3671601116657257
204 0.3671601116657257
205 0.2634725868701935
206 0.33351263403892517
207 0.33351263403892517
208 0.4145679473876953
209 0.41033434867858887
210 0.40848174691200256
211 0.24323058128356934
212 0.2870776653289795
213 0.44286632537841797
214 0.22159044444561005
215 0.21996520459651947
216 0.21605870127677917
217 0.21605870127677917
218 0.2568700611591339
219 0.2568700611591339
220 0.2693575322628021
221 0.2693575322628021
222 0.3252764642238617
223 0.3252764642238617
224 0.3252764642238617
225 0.24328550696372986
226 0.22249151766300201
227 0.2905827462673187
228 0.20400944352149963
229 0.2429373562335968
230 0.2838120758533478
231 0.22563081979751587
232 0.5074028968811035
233 0.22808955609798431
234 0.22808955609798431
235 0.2177278846502304
236 0.2177278846502304
237 0.2280699610710144
238 0.2280699610710144
239 0.1819891780614853
240 0.24350771307945251
241 0.1949564665555954
242 0.1949564665555954
243 0.24915678799152374
244 0.23555272817611694
245 0.23488877713680267
246 0.23488877713680267
247 0.27596190571784973
248 0.27596190571784973
249 0.29534804821014404
250 0.1485300362110138
251 0.1485300362110138
252 0.20461931824684143
253 0.1681555211544037
254 0.1681555211544037
255 0.1681555211544037
256 0.16955099999904633
257 0.27007827162742615
258 0.27007827162742615
259 0.1642240434885025
260 0.25437793135643005
261 0.08460589498281479
262 0.08460589498281479
263 0.11848897486925125
264 0.21953538060188293
265 0.22460724413394928
266 0.19568707048892975
267 0.17646737396717072
268 0.14753682911396027
269 0.14753682911396027
270 0.1574501097202301
271 0.26698511838912964
272 0.26698511838912964
273 0.21589867770671844
274 0.32287776470184326
275 0.181997612118721
276 0.1583886444568634
277 0.2593279778957367
278 0.2593279778957367
279 0.09621798992156982
280 0.1959397941827774
281 0.1959397941827774
282 0.20758122205734253
283 0.20758122205734253
284 0.15051187574863434
285 0.13736024498939514
286 0.22908134758472443
287 0.26244238018989563
288 0.13433589041233063
289 0.19388830661773682
290 0.2676565945148468
291 0.20545093715190887
292 0.20545093715190887
293 0.21351967751979828
294 0.12398620694875717
295 0.12398620694875717
296 0.21534039080142975
297 0.1954161673784256
298 0.13164366781711578
299 0.15953774750232697
300 0.14583155512809753
301 0.081084243953228
302 0.1701425313949585
303 0.1649460345506668
304 0.2066483050584793
305 0.2066483050584793
306 0.1280229389667511
307 0.14576898515224457
308 0.16321797668933868
309 0.16321797668933868
310 0.1416475921869278
311 0.18397395312786102
312 0.15432339906692505
313 0.13822825253009796
314 0.28536054491996765
315 0.28536054491996765
316 0.09316494315862656
317 0.21512818336486816
318 0.21512818336486816
319 0.21512818336486816
320 0.11859233677387238
321 0.11859233677387238
322 0.1423068791627884
323 0.12327825278043747
324 0.12499842047691345
325 0.07267061620950699
326 0.15154026448726654
327 0.11163420975208282
328 0.11163420975208282
329 0.08742257952690125
330 0.08742257952690125
331 0.1712554395198822
332 0.07871251553297043
333 0.18276315927505493
334 0.1812542825937271
335 0.16015413403511047
336 0.12165167927742004
337 0.2259678691625595
338 0.17496946454048157
339 0.17496946454048157
340 0.09951560944318771
341 0.09951560944318771
342 0.09951560944318771
343 0.09951560944318771
344 0.09951560944318771
345 0.1573977917432785
346 0.1577284336090088
347 0.0724773034453392
348 0.19642554223537445
349 0.19642554223537445
350 0.19642554223537445
351 0.19642554223537445
352 0.17835980653762817
353 0.1013389378786087
354 0.15426422655582428
355 0.15426422655582428
356 0.15426422655582428
357 0.07888111472129822
358 0.07888111472129822
359 0.20148460566997528
360 0.20148460566997528
361 0.16248971223831177
362 0.15553687512874603
363 0.12004268169403076
364 0.12004268169403076
365 0.13181698322296143
366 0.13181698322296143
367 0.13181698322296143
368 0.1763654351234436
369 0.09763925522565842
370 0.18693667650222778
371 0.13609252870082855
372 0.13609252870082855
373 0.08461391925811768
374 0.16859394311904907
375 0.12701761722564697
376 0.3470671474933624
377 0.051474299281835556
378 0.08989008516073227
379 0.08989008516073227
380 0.08989008516073227
381 0.1970331370830536
382 0.1779431700706482
383 0.0964445024728775
384 0.15693700313568115
385 0.0838804841041565
386 0.08408326655626297
387 0.08408326655626297
388 0.1065477803349495
389 0.06884273141622543
390 0.15034496784210205
391 0.15034496784210205
392 0.15034496784210205
393 0.15034496784210205
394 0.12497726827859879
395 0.12497726827859879
396 0.14281105995178223
397 0.13534922897815704
398 0.14017151296138763
399 0.1718650609254837
400 0.1718650609254837
401 0.16779640316963196
402 0.14233233034610748
403 0.1354892998933792
404 0.11821666359901428
405 0.11821666359901428
406 0.11821666359901428
407 0.11821666359901428
408 0.11821666359901428
409 0.1081768199801445
410 0.057494089007377625
411 0.11560249328613281
412 0.10128968954086304
413 0.10828141868114471
414 0.14402255415916443
415 0.14402255415916443
416 0.15068131685256958
417 0.15068131685256958
418 0.1602606326341629
419 0.1602606326341629
420 0.12888894975185394
421 0.12888894975185394
422 0.07491619139909744
423 0.05412988364696503
424 0.11803169548511505
425 0.11803169548511505
426 0.06407632678747177
427 0.10486283153295517
428 0.10486283153295517
429 0.1389087736606598
430 0.12263043969869614
431 0.11710481345653534
432 0.11710481345653534
433 0.11710481345653534
434 0.10039249807596207
435 0.0637926533818245
436 0.07746940851211548
437 0.09007290750741959
438 0.15746934711933136
439 0.09314873069524765
440 0.18499106168746948
441 0.12783357501029968
442 0.12783357501029968
443 0.2316664606332779
444 0.045571886003017426
445 0.045571886003017426
446 0.14494825899600983
447 0.10289452970027924
448 0.03868696838617325
449 0.03868696838617325
450 0.09987339377403259
451 0.15925699472427368
452 0.05810274928808212
453 0.10346785187721252
454 0.0754760205745697
455 0.13396884500980377
456 0.13396884500980377
457 0.07514898478984833
458 0.17399877309799194
459 0.17399877309799194
460 0.19230133295059204
461 0.0892811045050621
462 0.0892811045050621
463 0.08110194653272629
464 0.14702390134334564
465 0.09764351695775986
466 0.055205244570970535
467 0.055205244570970535
468 0.055205244570970535
469 0.05800611153244972
470 0.06264346837997437
471 0.06264346837997437
472 0.06965537369251251
473 0.06681182980537415
474 0.16246181726455688
475 0.13670212030410767
476 0.13670212030410767
477 0.12332197278738022
478 0.0761551484465599
479 0.07299745827913284
480 0.07299745827913284
481 0.10069219022989273
482 0.14075034856796265
483 0.14075034856796265
484 0.10767646878957748
485 0.08449175953865051
486 0.13669781386852264
487 0.05503186956048012
488 0.09459361433982849
489 0.09459361433982849
490 0.09459361433982849
491 0.16548167169094086
492 0.16548167169094086
493 0.05442281812429428
494 0.058553535491228104
495 0.058553535491228104
496 0.054557669907808304
497 0.05551408603787422
498 0.07700410485267639
499 0.07700410485267639
