0 2.295073986053467
1 2.295073986053467
2 2.2961909770965576
3 2.2955689430236816
4 2.295922040939331
5 2.2977700233459473
6 2.2977700233459473
7 2.2977700233459473
8 2.295531749725342
9 2.295531749725342
10 2.293638229370117
11 2.2938270568847656
12 2.293832540512085
13 2.2919394969940186
14 2.290644884109497
15 2.2883052825927734
16 2.2851402759552
17 2.288938283920288
18 2.288938283920288
19 2.2856240272521973
20 2.284949541091919
21 2.2810466289520264
22 2.2810466289520264
23 2.2829532623291016
24 2.2837395668029785
25 2.2861406803131104
26 2.2785582542419434
27 2.2785582542419434
28 2.2785582542419434
29 2.2785942554473877
30 2.2785942554473877
31 2.2672548294067383
32 2.2672548294067383
33 2.2672548294067383
34 2.275135040283203
35 2.2674546241760254
36 2.2738747596740723
37 2.2738747596740723
38 2.2690021991729736
39 2.2690021991729736
40 2.281949996948242
41 2.267146348953247
42 2.2693369388580322
43 2.2693369388580322
44 2.2742888927459717
45 2.270287275314331
46 2.269259452819824
47 2.276005744934082
48 2.276005744934082
49 2.275247573852539
50 2.2695248126983643
51 2.2695248126983643
52 2.2695248126983643
53 2.256484270095825
54 2.2540297508239746
55 2.263070583343506
56 2.2683639526367188
57 2.246269464492798
58 2.246269464492798
59 2.247988224029541
60 2.2493183612823486
61 2.2611944675445557
62 2.2435169219970703
63 2.2602639198303223
64 2.235724687576294
65 2.248347282409668
66 2.2488667964935303
67 2.2488667964935303
68 2.2306509017944336
69 2.2306509017944336
70 2.2289538383483887
71 2.220518112182617
72 2.220518112182617
73 2.2193763256073
74 2.2193763256073
75 2.2311058044433594
76 2.2311058044433594
77 2.2311058044433594
78 2.2311058044433594
79 2.192127227783203
80 2.192127227783203
81 2.192127227783203
82 2.189992666244507
83 2.1822094917297363
84 2.1862471103668213
85 2.17299485206604
86 2.175461769104004
87 2.147387981414795
88 2.147387981414795
89 2.1133556365966797
90 2.126377582550049
91 2.126377582550049
92 2.042180299758911
93 2.042180299758911
94 1.9503533840179443
95 1.9503533840179443
96 1.8946373462677002
97 1.9165562391281128
98 1.7795532941818237
99 1.764646053314209
100 1.764646053314209
101 1.619263768196106
102 1.5662903785705566
103 1.48238205909729
104 1.2356868982315063
105 1.2313088178634644
106 1.1879997253417969
107 1.1879997253417969
108 1.2642639875411987
109 1.1669923067092896
110 1.1669923067092896
111 0.9497146010398865
112 0.9968460202217102
113 0.9968460202217102
114 0.7545124292373657
115 0.7545124292373657
116 0.46249380707740784
117 0.4762214124202728
118 0.8562908172607422
119 0.476134717464447
120 0.5898743867874146
121 0.5898743867874146
122 0.9977295994758606
123 0.5093672871589661
124 0.5093672871589661
125 0.974129319190979
126 0.7650311589241028
127 0.4342990517616272
128 0.7314785718917847
129 0.8931965827941895
130 0.3658764064311981
131 0.30191683769226074
132 0.8470799922943115
133 0.9536677598953247
134 0.9536677598953247
135 0.41504108905792236
136 0.42722344398498535
137 0.42722344398498535
138 0.8532651662826538
139 0.6514137387275696
140 0.6514137387275696
141 0.3499261736869812
142 0.3499261736869812
143 0.46993398666381836
144 0.4318316876888275
145 0.27039244771003723
146 0.3250434398651123
147 0.43496692180633545
148 0.3950377106666565
149 0.3950377106666565
150 0.45365530252456665
151 0.5058846473693848
152 0.5836411118507385
153 0.5836411118507385
154 0.3843259811401367
155 0.3843259811401367
156 0.3843259811401367
157 0.3843259811401367
158 0.3888915181159973
159 0.33749204874038696
160 0.33901599049568176
161 0.33901599049568176
162 0.33901599049568176
163 0.33901599049568176
164 0.427369624376297
165 0.39270278811454773
166 0.1942255049943924
167 0.1942255049943924
168 0.3593462109565735
169 0.3502708971500397
170 0.3502708971500397
171 0.25078725814819336
172 0.3306824862957001
173 0.467984676361084
174 0.2774975597858429
175 0.17597176134586334
176 0.17597176134586334
177 0.35182228684425354
178 0.3834632337093353
179 0.3834632337093353
180 0.30624228715896606
181 0.22810477018356323
182 0.2317233681678772
183 0.4708988666534424
184 0.4708988666534424
185 0.4708988666534424
186 0.26308122277259827
187 0.3340114951133728
188 0.24492190778255463
189 0.3690682649612427
190 0.22719091176986694
191 0.22719091176986694
192 0.2964783310890198
193 0.38989830017089844
194 0.298163503408432
195 0.32413971424102783
196 0.5013373494148254
197 0.5013373494148254
198 0.5013373494148254
199 0.3411239981651306
200 0.35309919714927673
201 0.3090648055076599
202 0.3090648055076599
203 0.3090648055076599
204 0.3090648055076599
205 0.38213062286376953
206 0.38213062286376953
207 0.38213062286376953
208 0.38213062286376953
209 0.38213062286376953
210 0.38213062286376953
211 0.2069598287343979
212 0.2069598287343979
213 0.24443933367729187
214 0.21593061089515686
215 0.19232720136642456
216 0.37355712056159973
217 0.25376468896865845
218 0.25376468896865845
219 0.2774227261543274
220 0.1590055525302887
221 0.19949139654636383
222 0.19949139654636383
223 0.3784061074256897
224 0.24505454301834106
225 0.2301732301712036
226 0.07469018548727036
227 0.17255635559558868
228 0.17255635559558868
229 0.26040467619895935
230 0.26040467619895935
231 0.3591288626194
232 0.29624614119529724
233 0.3121556043624878
234 0.12418019026517868
235 0.12418019026517868
236 0.189342200756073
237 0.2713138461112976
238 0.22733691334724426
239 0.22733691334724426
240 0.22733691334724426
241 0.22733691334724426
242 0.2385474294424057
243 0.4009668827056885
244 0.4009668827056885
245 0.17733773589134216
246 0.17733773589134216
247 0.17733773589134216
248 0.17599493265151978
249 0.17990432679653168
250 0.287349134683609
251 0.18095524609088898
252 0.21489857137203217
253 0.18669739365577698
254 0.18669739365577698
255 0.18669739365577698
256 0.1880929321050644
257 0.1855902224779129
258 0.13500113785266876
259 0.12828709185123444
260 0.11972231417894363
261 0.11932922899723053
262 0.2309831976890564
263 0.2309831976890564
264 0.2207239419221878
265 0.2207239419221878
266 0.2207239419221878
267 0.18231813609600067
268 0.1460210680961609
269 0.1460210680961609
270 0.1445949524641037
271 0.1445949524641037
272 0.21841667592525482
273 0.2853773236274719
274 0.18932370841503143
275 0.18932370841503143
276 0.07956846058368683
277 0.07956846058368683
278 0.25380927324295044
279 0.25380927324295044
280 0.200970858335495
281 0.200970858335495
282 0.200970858335495
283 0.24079090356826782
284 0.24079090356826782
285 0.11496615409851074
286 0.12472953647375107
287 0.1657654047012329
288 0.17168964445590973
289 0.08860526233911514
290 0.08860526233911514
291 0.1420803666114807
292 0.1352340430021286
293 0.09237053245306015
294 0.18644249439239502
295 0.1394265741109848
296 0.3587004542350769
297 0.3587004542350769
298 0.21502932906150818
299 0.12985724210739136
300 0.12337873876094818
301 0.12337873876094818
302 0.12337873876094818
303 0.24128831923007965
304 0.20881350338459015
305 0.09520509839057922
306 0.07799404114484787
307 0.11964913457632065
308 0.11964913457632065
309 0.14041517674922943
310 0.14041517674922943
311 0.40116652846336365
312 0.40116652846336365
313 0.1562434881925583
314 0.2124824970960617
315 0.11876319348812103
316 0.18929094076156616
317 0.07367727160453796
318 0.09291524440050125
319 0.1449347734451294
320 0.2361450046300888
321 0.2423599511384964
322 0.24185165762901306
323 0.18264365196228027
324 0.12097553163766861
325 0.10541845113039017
326 0.10541867464780807
327 0.15366312861442566
328 0.15366312861442566
329 0.197443425655365
330 0.197443425655365
331 0.20920833945274353
332 0.10530435293912888
333 0.23336882889270782
334 0.09121494740247726
335 0.10894417017698288
336 0.10894417017698288
337 0.17438764870166779
338 0.11134975403547287
339 0.11069077998399734
340 0.2016671597957611
341 0.09143386036157608
342 0.1052914634346962
343 0.11478404700756073
344 0.11478404700756073
345 0.14879192411899567
346 0.1542176753282547
347 0.11087667942047119
348 0.18510191142559052
349 0.18510191142559052
350 0.08563859015703201
351 0.08563859015703201
352 0.10082817822694778
353 0.10082817822694778
354 0.08922518044710159
355 0.08554349094629288
356 0.172148197889328
357 0.172148197889328
358 0.18128347396850586
359 0.06112654507160187
360 0.10970455408096313
361 0.15822038054466248
362 0.15822038054466248
363 0.1010240763425827
364 0.1623970866203308
365 0.1623970866203308
366 0.12439961731433868
367 0.10516627877950668
368 0.09772928059101105
369 0.09772928059101105
370 0.1058770939707756
371 0.1058770939707756
372 0.1441941261291504
373 0.1441941261291504
374 0.1441941261291504
375 0.1441941261291504
376 0.17934371531009674
377 0.22131852805614471
378 0.09212468564510345
379 0.09212468564510345
380 0.09212468564510345
381 0.09212468564510345
382 0.09212468564510345
383 0.09212468564510345
384 0.09212468564510345
385 0.14183291792869568
386 0.11854282766580582
387 0.0957636833190918
388 0.07244864851236343
389 0.07244864851236343
390 0.09386178851127625
391 0.10630720853805542
392 0.10772067308425903
393 0.2098863124847412
394 0.20754015445709229
395 0.08363708853721619
396 0.1884743720293045
397 0.13585253059864044
398 0.08911286294460297
399 0.08911286294460297
400 0.16593903303146362
401 0.16593903303146362
402 0.14235958456993103
403 0.23828423023223877
404 0.12401210516691208
405 0.12401210516691208
406 0.10625471919775009
407 0.11909805238246918
408 0.11909805238246918
409 0.10051970183849335
410 0.12470325827598572
411 0.034241776913404465
412 0.10353671759366989
413 0.1472425013780594
414 0.15181562304496765
415 0.15181562304496765
416 0.18617577850818634
417 0.18617577850818634
418 0.18617577850818634
419 0.13501444458961487
420 0.09633703529834747
421 0.12477754801511765
422 0.09900464117527008
423 0.12016291916370392
424 0.12016291916370392
425 0.1569257378578186
426 0.03461356833577156
427 0.10350091010332108
428 0.10350091010332108
429 0.10350091010332108
430 0.10350091010332108
431 0.059219807386398315
432 0.118456169962883
433 0.147333025932312
434 0.147333025932312
435 0.10460014641284943
436 0.07860154658555984
437 0.07860154658555984
438 0.07502347975969315
439 0.09889008849859238
440 0.09889008849859238
441 0.09889008849859238
442 0.05244934931397438
443 0.1487368494272232
444 0.05544804036617279
445 0.08545038849115372
446 0.08545038849115372
447 0.06436088681221008
448 0.06436088681221008
449 0.08432011306285858
450 0.11339181661605835
451 0.11339181661605835
452 0.07907482236623764
453 0.07907482236623764
454 0.107985720038414
455 0.107985720038414
456 0.08325843513011932
457 0.09055133908987045
458 0.05277755856513977
459 0.047797709703445435
460 0.11840919405221939
461 0.09037472307682037
462 0.14449870586395264
463 0.10628007352352142
464 0.1603296399116516
465 0.1603296399116516
466 0.039840858429670334
467 0.05132734775543213
468 0.0960564985871315
469 0.033322885632514954
470 0.10422419756650925
471 0.0869072899222374
472 0.0869072899222374
473 0.11085925996303558
474 0.11085925996303558
475 0.11085925996303558
476 0.11085925996303558
477 0.11085925996303558
478 0.11664474010467529
479 0.08413607627153397
480 0.16847483813762665
481 0.16847483813762665
482 0.12178467959165573
483 0.11099312454462051
484 0.11099312454462051
485 0.11099312454462051
486 0.06113198399543762
487 0.06113198399543762
488 0.06113198399543762
489 0.06113198399543762
490 0.16942021250724792
491 0.10726716369390488
492 0.12065722048282623
493 0.12065722048282623
494 0.12065722048282623
495 0.14102548360824585
496 0.14102548360824585
497 0.10010919719934464
498 0.09963898360729218
499 0.08132767677307129
