0 2.309619188308716
1 2.3064255714416504
2 2.308237075805664
3 2.308237075805664
4 2.3068926334381104
5 2.3016843795776367
6 2.302304744720459
7 2.2989213466644287
8 2.297086238861084
9 2.2970147132873535
10 2.292569875717163
11 2.2909538745880127
12 2.2903146743774414
13 2.2903146743774414
14 2.28218936920166
15 2.2817862033843994
16 2.2817862033843994
17 2.273226022720337
18 2.27439546585083
19 2.2705535888671875
20 2.274233341217041
21 2.267861843109131
22 2.2646195888519287
23 2.2699599266052246
24 2.2699599266052246
25 2.2546262741088867
26 2.2546262741088867
27 2.259274482727051
28 2.259274482727051
29 2.250170946121216
30 2.2369048595428467
31 2.2390241622924805
32 2.2390241622924805
33 2.2274882793426514
34 2.2316839694976807
35 2.2316839694976807
36 2.2196710109710693
37 2.224961757659912
38 2.22745418548584
39 2.2232842445373535
40 2.2295167446136475
41 2.2295167446136475
42 2.2144391536712646
43 2.20463228225708
44 2.209003448486328
45 2.1932384967803955
46 2.1852049827575684
47 2.2090790271759033
48 2.204448938369751
49 2.204448938369751
50 2.200894594192505
51 2.2053987979888916
52 2.179530382156372
53 2.179530382156372
54 2.1858534812927246
55 2.1817216873168945
56 2.164541006088257
57 2.1857962608337402
58 2.1857962608337402
59 2.1596951484680176
60 2.164886474609375
61 2.18863582611084
62 2.1636269092559814
63 2.1636269092559814
64 2.147523880004883
65 2.1376099586486816
66 2.1376099586486816
67 2.1376099586486816
68 2.1393399238586426
69 2.1496074199676514
70 2.1313352584838867
71 2.119924783706665
72 2.1372268199920654
73 2.1372268199920654
74 2.1372268199920654
75 2.1069698333740234
76 2.1160171031951904
77 2.0725789070129395
78 2.0725789070129395
79 2.0844194889068604
80 2.0844194889068604
81 2.058901071548462
82 2.058901071548462
83 2.0539567470550537
84 2.0539567470550537
85 2.0383567810058594
86 2.0086209774017334
87 1.987154245376587
88 1.9940805435180664
89 1.924426555633545
90 1.9526623487472534
91 1.9526623487472534
92 1.8740131855010986
93 1.8740131855010986
94 1.8608320951461792
95 1.8608320951461792
96 1.8608320951461792
97 1.6801507472991943
98 1.6801507472991943
99 1.5292320251464844
100 1.5292320251464844
101 1.3882728815078735
102 1.3882728815078735
103 1.344751000404358
104 1.0863425731658936
105 1.0165683031082153
106 1.0165683031082153
107 1.0165683031082153
108 1.0165683031082153
109 1.0165683031082153
110 0.8964342474937439
111 0.8964342474937439
112 0.5179024338722229
113 0.34122732281684875
114 0.5121179223060608
115 0.5121179223060608
116 0.5228792428970337
117 0.38528263568878174
118 0.38528263568878174
119 0.37478503584861755
120 0.37478503584861755
121 0.39629805088043213
122 0.39629805088043213
123 0.7333049774169922
124 0.5409802794456482
125 0.5409802794456482
126 0.5255870819091797
127 0.5255870819091797
128 0.4629208445549011
129 0.4629208445549011
130 0.44868943095207214
131 0.44868943095207214
132 0.2196497917175293
133 0.28056976199150085
134 0.28056976199150085
135 0.37106984853744507
136 0.37106984853744507
137 0.37106984853744507
138 0.4446066915988922
139 0.18763458728790283
140 0.20145505666732788
141 0.3386065661907196
142 0.3386065661907196
143 0.32201647758483887
144 0.29706716537475586
145 0.2371091991662979
146 0.28505998849868774
147 0.22884871065616608
148 0.17485985159873962
149 0.17485985159873962
150 0.22575347125530243
151 0.34201064705848694
152 0.34201064705848694
153 0.28144198656082153
154 0.28144198656082153
155 0.2462873011827469
156 0.2151583731174469
157 0.2763027846813202
158 0.2763027846813202
159 0.2763027846813202
160 0.3133423924446106
161 0.3133423924446106
162 0.18985655903816223
163 0.11346323043107986
164 0.11346323043107986
165 0.1290472000837326
166 0.24806539714336395
167 0.2510661482810974
168 0.19004197418689728
169 0.19004197418689728
170 0.18097639083862305
171 0.1946893334388733
172 0.2273223102092743
173 0.2740127146244049
174 0.16665343940258026
175 0.1785784214735031
176 0.1931248903274536
177 0.27984586358070374
178 0.27984586358070374
179 0.12780413031578064
180 0.26975059509277344
181 0.2040347158908844
182 0.11355483531951904
183 0.11355483531951904
184 0.23765552043914795
185 0.07568177580833435
186 0.07568177580833435
187 0.07568177580833435
188 0.07568177580833435
189 0.07568177580833435
190 0.2950587272644043
191 0.13870558142662048
192 0.21995486319065094
193 0.23301179707050323
194 0.23301179707050323
195 0.1457347422838211
196 0.1457347422838211
197 0.17719006538391113
198 0.17719006538391113
199 0.17719006538391113
200 0.17719006538391113
201 0.17719006538391113
202 0.1305757462978363
203 0.2506069242954254
204 0.1271374523639679
205 0.1271374523639679
206 0.16769614815711975
207 0.24399442970752716
208 0.24399442970752716
209 0.24399442970752716
210 0.25625187158584595
211 0.16273990273475647
212 0.259874165058136
213 0.14799150824546814
214 0.14799150824546814
215 0.1276938021183014
216 0.11190220713615417
217 0.2231571078300476
218 0.09951524436473846
219 0.15112751722335815
220 0.1488146036863327
221 0.2298477292060852
222 0.2298477292060852
223 0.1948554962873459
224 0.19335253536701202
225 0.19335253536701202
226 0.19808544218540192
227 0.11636769026517868
228 0.18234513700008392
229 0.18234513700008392
230 0.10339830815792084
231 0.19940432906150818
232 0.13757871091365814
233 0.14667071402072906
234 0.09449006617069244
235 0.23105326294898987
236 0.08205529302358627
237 0.09150470793247223
238 0.17027375102043152
239 0.1233481913805008
240 0.11501619219779968
241 0.11501619219779968
242 0.19997236132621765
243 0.11946503818035126
244 0.07011785358190536
245 0.07011785358190536
246 0.15658307075500488
247 0.11328958719968796
248 0.14531998336315155
249 0.10148489475250244
250 0.11008428782224655
251 0.05193366855382919
252 0.10940182209014893
253 0.07385362684726715
254 0.08842182904481888
255 0.08842182904481888
256 0.09984574466943741
257 0.09984574466943741
258 0.13793174922466278
259 0.13173560798168182
260 0.05340743437409401
261 0.1589030772447586
262 0.1501017063856125
263 0.1501017063856125
264 0.15590856969356537
265 0.16368414461612701
266 0.13626202940940857
267 0.13626202940940857
268 0.09807965159416199
269 0.10951481759548187
270 0.10951481759548187
271 0.1252080202102661
272 0.06844624131917953
273 0.08359435200691223
274 0.06760836392641068
275 0.13456983864307404
276 0.07442798465490341
277 0.11391886323690414
278 0.08286594599485397
279 0.2303410768508911
280 0.2303410768508911
281 0.2303410768508911
282 0.13343578577041626
283 0.1193036288022995
284 0.12016282975673676
285 0.11913969367742538
286 0.11913969367742538
287 0.11913969367742538
288 0.11520006507635117
289 0.13507317006587982
290 0.0627659261226654
291 0.12043258547782898
292 0.11029578745365143
293 0.11029578745365143
294 0.11029578745365143
295 0.05352597311139107
296 0.12367934733629227
297 0.12367934733629227
298 0.12367934733629227
299 0.12367934733629227
300 0.1505538374185562
301 0.09982606768608093
302 0.09982606768608093
303 0.08148963749408722
304 0.09124016016721725
305 0.1385646015405655
306 0.1225561574101448
307 0.1053248941898346
308 0.10646482557058334
309 0.07157450914382935
310 0.10956108570098877
311 0.1293746829032898
312 0.1293746829032898
313 0.03389088809490204
314 0.04131612554192543
315 0.04869375377893448
316 0.04869375377893448
317 0.2022607922554016
318 0.2022607922554016
319 0.2022607922554016
320 0.09497958421707153
321 0.08508659154176712
322 0.11649321019649506
323 0.11649321019649506
324 0.04857834428548813
325 0.08339782059192657
326 0.058590468019247055
327 0.19870716333389282
328 0.03522748500108719
329 0.05883997678756714
330 0.10096621513366699
331 0.06823835521936417
332 0.06823835521936417
333 0.07026554644107819
334 0.10845138877630234
335 0.05046623945236206
336 0.05805853009223938
337 0.1627969741821289
338 0.1627969741821289
339 0.1627969741821289
340 0.1627969741821289
341 0.05115725100040436
342 0.05115725100040436
343 0.05115725100040436
344 0.05115725100040436
345 0.05115725100040436
346 0.1278633177280426
347 0.04764673486351967
348 0.04764673486351967
349 0.12468776851892471
350 0.12468776851892471
351 0.12468776851892471
352 0.07288768887519836
353 0.033225011080503464
354 0.033225011080503464
355 0.08159669488668442
356 0.08322044461965561
357 0.12948739528656006
358 0.039624184370040894
359 0.039624184370040894
360 0.10138843953609467
361 0.026841728016734123
362 0.026841728016734123
363 0.081574946641922
364 0.06173918396234512
365 0.06173918396234512
366 0.06173918396234512
367 0.06888654083013535
368 0.10470537096261978
369 0.08276300877332687
370 0.028534797951579094
371 0.028534797951579094
372 0.04265018180012703
373 0.025244982913136482
374 0.025735879316926003
375 0.10880748927593231
376 0.047641269862651825
377 0.1729728877544403
378 0.1302684098482132
379 0.056617774069309235
380 0.06898786127567291
381 0.06898786127567291
382 0.066349558532238
383 0.066349558532238
384 0.03616248071193695
385 0.04529738426208496
386 0.025479326024651527
387 0.05208561196923256
388 0.08423825353384018
389 0.05333613231778145
390 0.06182331591844559
391 0.06182331591844559
392 0.06182331591844559
393 0.06250828504562378
394 0.0455707386136055
395 0.05179400369524956
396 0.05179400369524956
397 0.05179400369524956
398 0.05179400369524956
399 0.05179400369524956
400 0.09282594919204712
401 0.03679976239800453
402 0.03679976239800453
403 0.03679976239800453
404 0.03402506932616234
405 0.048278629779815674
406 0.1014852374792099
407 0.05115519464015961
408 0.03186122328042984
409 0.0230705589056015
410 0.027370642870664597
411 0.027370642870664597
412 0.04087863489985466
413 0.04087863489985466
414 0.07562693953514099
415 0.03147315979003906
416 0.03147315979003906
417 0.03147315979003906
418 0.07905779033899307
419 0.04688716679811478
420 0.04688716679811478
421 0.08476848155260086
422 0.09094330668449402
423 0.09094330668449402
424 0.041624199599027634
425 0.07443918287754059
426 0.07467006146907806
427 0.07467006146907806
428 0.09586694091558456
429 0.08619362115859985
430 0.03645659610629082
431 0.0487218052148819
432 0.05621703341603279
433 0.10650823265314102
434 0.04852376505732536
435 0.04852376505732536
436 0.039975058287382126
437 0.032477352768182755
438 0.07073340564966202
439 0.026545651257038116
440 0.05194444954395294
441 0.05194444954395294
442 0.05194444954395294
443 0.03807695582509041
444 0.023844964802265167
445 0.05867038294672966
446 0.05867038294672966
447 0.07579141110181808
448 0.07579141110181808
449 0.06659142673015594
450 0.06659142673015594
451 0.06659142673015594
452 0.06659142673015594
453 0.06659142673015594
454 0.06659142673015594
455 0.06659142673015594
456 0.06659142673015594
457 0.051691073924303055
458 0.10659841448068619
459 0.05991240218281746
460 0.05991240218281746
461 0.0960286557674408
462 0.038405127823352814
463 0.04248809441924095
464 0.06094139441847801
465 0.06094139441847801
466 0.020687365904450417
467 0.030777016654610634
468 0.030777016654610634
469 0.05417899787425995
470 0.021358095109462738
471 0.06758219748735428
472 0.011476111598312855
473 0.01684223860502243
474 0.05349278450012207
475 0.04413926973938942
476 0.02414129674434662
477 0.0557989627122879
478 0.05475102737545967
479 0.05475102737545967
480 0.027874711900949478
481 0.039195481687784195
482 0.039195481687784195
483 0.042811110615730286
484 0.015584423206746578
485 0.02768421731889248
486 0.02768421731889248
487 0.02768421731889248
488 0.01897837221622467
489 0.04300006479024887
490 0.04300006479024887
491 0.04300006479024887
492 0.08324765413999557
493 0.08324765413999557
494 0.08324765413999557
495 0.08324765413999557
496 0.027213361114263535
497 0.016064025461673737
498 0.016064025461673737
499 0.04690731316804886
