0 0.0
1 2.3025717735290527
2 2.3025717735290527
3 2.3025717735290527
4 2.302116632461548
5 2.3026328086853027
6 2.303358793258667
7 2.300895929336548
8 2.300895929336548
9 2.303575277328491
10 2.300046920776367
11 2.300046920776367
12 2.301689386367798
13 2.2989423274993896
14 2.2989423274993896
15 2.301685333251953
16 2.301685333251953
17 2.301685333251953
18 2.298802375793457
19 2.298802375793457
20 2.299776554107666
21 2.2982876300811768
22 2.3044960498809814
23 2.3011646270751953
24 2.3061466217041016
25 2.3001632690429688
26 2.297334671020508
27 2.2986485958099365
28 2.2986485958099365
29 2.303030490875244
30 2.296339750289917
31 2.296339750289917
32 2.297529935836792
33 2.285087823867798
34 2.310056209564209
35 2.307220458984375
36 2.2958855628967285
37 2.294872999191284
38 2.298842191696167
39 2.3074851036071777
40 2.2908413410186768
41 2.2908413410186768
42 2.2930047512054443
43 2.2851710319519043
44 2.3054747581481934
45 2.2997782230377197
46 2.289980173110962
47 2.289980173110962
48 2.2889251708984375
49 2.2889251708984375
50 2.2760045528411865
51 2.293271780014038
52 2.2998197078704834
53 2.2998197078704834
54 2.2930068969726562
55 2.3107404708862305
56 2.30151629447937
57 2.3093950748443604
58 2.293203353881836
59 2.296149730682373
60 2.2856016159057617
61 2.2856016159057617
62 2.2856016159057617
63 2.3064630031585693
64 2.3064630031585693
65 2.3064630031585693
66 2.280510187149048
67 2.3019161224365234
68 2.291736602783203
69 2.3011889457702637
70 2.3011889457702637
71 2.3011889457702637
72 2.2974836826324463
73 2.2974836826324463
74 2.2816977500915527
75 2.287693738937378
76 2.297330617904663
77 2.2791857719421387
78 2.2628848552703857
79 2.296940565109253
80 2.296940565109253
81 2.2338061332702637
82 2.2338061332702637
83 2.2680721282958984
84 2.2680721282958984
85 2.2311065196990967
86 2.285421133041382
87 2.285421133041382
88 2.1664373874664307
89 2.2047085762023926
90 2.232480049133301
91 2.2501535415649414
92 2.1907999515533447
93 2.148009777069092
94 2.148009777069092
95 2.1002259254455566
96 2.1002259254455566
97 2.1002259254455566
98 1.9825838804244995
99 1.9825838804244995
100 1.8670353889465332
101 1.8866804838180542
102 1.8490980863571167
103 1.6976561546325684
104 1.6015651226043701
105 1.6015651226043701
106 1.5408726930618286
107 1.4734145402908325
108 1.4734145402908325
109 1.4734145402908325
110 1.0973386764526367
111 0.9663907289505005
112 0.9512746930122375
113 0.9512746930122375
114 0.9512746930122375
115 1.0344700813293457
116 0.91242516040802
117 0.7032471895217896
118 0.7032471895217896
119 0.7046640515327454
120 0.7046640515327454
121 0.8466165661811829
122 0.8078354597091675
123 0.6032123565673828
124 0.7675179243087769
125 0.7675179243087769
126 0.7765532732009888
127 0.7765532732009888
128 0.49502110481262207
129 0.6579080820083618
130 0.3595564067363739
131 0.8760356903076172
132 0.5591837763786316
133 0.5256982445716858
134 0.5864723324775696
135 0.4686329662799835
136 0.5354659557342529
137 0.45051121711730957
138 0.5137882232666016
139 0.4256288409233093
140 0.4256288409233093
141 0.6810027956962585
142 0.47626015543937683
143 0.4838427007198334
144 0.6988683938980103
145 0.47768184542655945
146 0.553244411945343
147 0.553244411945343
148 0.3620437681674957
149 0.3620437681674957
150 0.43093404173851013
151 0.3906034827232361
152 0.4790012836456299
153 0.4305076003074646
154 0.420543909072876
155 0.5198819637298584
156 0.5057894587516785
157 0.5057894587516785
158 0.44162434339523315
159 0.49720287322998047
160 0.4118324816226959
161 0.35076671838760376
162 0.34756141901016235
163 0.6195276379585266
164 0.3723068833351135
165 0.4246806204319
166 0.4246806204319
167 0.3931870758533478
168 0.2623562216758728
169 0.368134081363678
170 0.31610918045043945
171 0.33063778281211853
172 0.3470735549926758
173 0.3470735549926758
174 0.3470735549926758
175 0.31571897864341736
176 0.31571897864341736
177 0.3803965151309967
178 0.3803965151309967
179 0.20879453420639038
180 0.34981048107147217
181 0.20277029275894165
182 0.30079126358032227
183 0.37332913279533386
184 0.3559012711048126
185 0.2385522723197937
186 0.41507863998413086
187 0.3057359457015991
188 0.2983352243900299
189 0.3375595808029175
190 0.30779320001602173
191 0.26982101798057556
192 0.33148452639579773
193 0.33148452639579773
194 0.2819567322731018
195 0.2819567322731018
196 0.27314436435699463
197 0.22693297266960144
198 0.3692100942134857
199 0.3692100942134857
200 0.5091490149497986
201 0.35518476366996765
202 0.35518476366996765
203 0.33290359377861023
204 0.2856868803501129
205 0.4061427414417267
206 0.31939467787742615
207 0.29239386320114136
208 0.2855854332447052
209 0.31939324736595154
210 0.23289009928703308
211 0.23289009928703308
212 0.13567276298999786
213 0.13567276298999786
214 0.13567276298999786
215 0.13567276298999786
216 0.3361092209815979
217 0.19406642019748688
218 0.2929666042327881
219 0.16683517396450043
220 0.30004456639289856
221 0.30004456639289856
222 0.30355104804039
223 0.19906029105186462
224 0.2636913061141968
225 0.2105286419391632
226 0.2105286419391632
227 0.28752052783966064
228 0.18373313546180725
229 0.24216338992118835
230 0.2484748661518097
231 0.2151324301958084
232 0.2151324301958084
233 0.11418893933296204
234 0.11418893933296204
235 0.3603803515434265
236 0.3603803515434265
237 0.3603803515434265
238 0.3603803515434265
239 0.3603803515434265
240 0.26647046208381653
241 0.27802610397338867
242 0.2686711251735687
243 0.2686711251735687
244 0.26247790455818176
245 0.26247790455818176
246 0.20484194159507751
247 0.35063064098358154
248 0.26388195157051086
249 0.26388195157051086
250 0.13903145492076874
251 0.2794639468193054
252 0.2794639468193054
253 0.30028602480888367
254 0.30028602480888367
255 0.15412496030330658
256 0.15412496030330658
257 0.15412496030330658
258 0.12048155814409256
259 0.1909685581922531
260 0.1909685581922531
261 0.1909685581922531
262 0.17487648129463196
263 0.2002483457326889
264 0.12633441388607025
265 0.15031802654266357
266 0.1440507173538208
267 0.2729204297065735
268 0.13853593170642853
269 0.1740085780620575
270 0.24519754946231842
271 0.18241654336452484
272 0.15485362708568573
273 0.15485362708568573
274 0.25885722041130066
275 0.21620383858680725
276 0.20547358691692352
277 0.23805150389671326
278 0.17394350469112396
279 0.211432084441185
280 0.211432084441185
281 0.13414272665977478
282 0.13414272665977478
283 0.27265051007270813
284 0.17565615475177765
285 0.20012985169887543
286 0.11646955460309982
287 0.2105841189622879
288 0.2105841189622879
289 0.17070694267749786
290 0.17070694267749786
291 0.17070694267749786
292 0.17070694267749786
293 0.23156198859214783
294 0.171522319316864
295 0.17898334562778473
296 0.19777527451515198
297 0.19777527451515198
298 0.24101491272449493
299 0.12450018525123596
300 0.12450018525123596
301 0.24170441925525665
302 0.11785241216421127
303 0.1725374311208725
304 0.13385286927223206
305 0.1131046935915947
306 0.19099847972393036
307 0.1254262626171112
308 0.1254262626171112
309 0.1254262626171112
310 0.0950329452753067
311 0.09355363249778748
312 0.153098002076149
313 0.153098002076149
314 0.153098002076149
315 0.154758483171463
316 0.154758483171463
317 0.154758483171463
318 0.21365448832511902
319 0.11948509514331818
320 0.11948509514331818
321 0.11948509514331818
322 0.16997097432613373
323 0.0754021555185318
324 0.11106844246387482
325 0.11106844246387482
326 0.11106844246387482
327 0.11106844246387482
328 0.14734870195388794
329 0.1623186469078064
330 0.0892326831817627
331 0.1894049048423767
332 0.10186146944761276
333 0.10186146944761276
334 0.08474157750606537
335 0.08412205427885056
336 0.17883357405662537
337 0.17883357405662537
338 0.07495636492967606
339 0.07495636492967606
340 0.07495636492967606
341 0.1945420652627945
342 0.17623865604400635
343 0.10308447480201721
344 0.11190154403448105
345 0.16230180859565735
346 0.16230180859565735
347 0.14515462517738342
348 0.1302802860736847
349 0.1302802860736847
350 0.15592101216316223
351 0.14747311174869537
352 0.13445575535297394
353 0.24199236929416656
354 0.12386574596166611
355 0.12386574596166611
356 0.08651776611804962
357 0.09521804749965668
358 0.18698450922966003
359 0.1005389466881752
360 0.1005389466881752
361 0.1005389466881752
362 0.11742890626192093
363 0.11742890626192093
364 0.12888957560062408
365 0.1731461137533188
366 0.1731461137533188
367 0.13912701606750488
368 0.13912701606750488
369 0.13912701606750488
370 0.04444657638669014
371 0.10627567023038864
372 0.10627567023038864
373 0.10859730839729309
374 0.10859730839729309
375 0.11905964463949203
376 0.13029757142066956
377 0.13029757142066956
378 0.17469608783721924
379 0.08122285455465317
380 0.10461057722568512
381 0.08492345362901688
382 0.13325901329517365
383 0.12512467801570892
384 0.12512467801570892
385 0.047037433832883835
386 0.047037433832883835
387 0.047037433832883835
388 0.14394842088222504
389 0.07599996030330658
390 0.11186402291059494
391 0.09911768138408661
392 0.0897403210401535
393 0.17264437675476074
394 0.17264437675476074
395 0.17264437675476074
396 0.08615829050540924
397 0.1268387883901596
398 0.2266806811094284
399 0.09629514813423157
400 0.09955841302871704
401 0.07000517845153809
402 0.07246210426092148
403 0.07246210426092148
404 0.058748193085193634
405 0.058748193085193634
406 0.09491416811943054
407 0.09491416811943054
408 0.05471545457839966
409 0.11781641095876694
410 0.11781641095876694
411 0.11781641095876694
412 0.11781641095876694
413 0.17943893373012543
414 0.17943893373012543
415 0.08105362951755524
416 0.08105362951755524
417 0.0875842273235321
418 0.08389503508806229
419 0.08389503508806229
420 0.09161736816167831
421 0.1537359356880188
422 0.07193528860807419
423 0.08978111296892166
424 0.1767461895942688
425 0.12602077424526215
426 0.12602077424526215
427 0.07656742632389069
428 0.07656742632389069
429 0.11577669531106949
430 0.036287665367126465
431 0.036287665367126465
432 0.03528117388486862
433 0.09724077582359314
434 0.09260339289903641
435 0.09141074866056442
436 0.10945063084363937
437 0.11455078423023224
438 0.0709228366613388
439 0.0709228366613388
440 0.2397957146167755
441 0.062412433326244354
442 0.08923134952783585
443 0.08749055862426758
444 0.08749055862426758
445 0.1120467558503151
446 0.1120467558503151
447 0.1120467558503151
448 0.16268397867679596
449 0.06015106290578842
450 0.06015106290578842
451 0.07616337388753891
452 0.0865323394536972
453 0.13369351625442505
454 0.022070936858654022
455 0.08642681688070297
456 0.10670372098684311
457 0.14675337076187134
458 0.1499798446893692
459 0.08924925327301025
460 0.11488321423530579
461 0.07960991561412811
462 0.11013491451740265
463 0.11013491451740265
464 0.12492406368255615
465 0.0690021961927414
466 0.07275958359241486
467 0.08556438982486725
468 0.07861857861280441
469 0.06598035246133804
470 0.06598035246133804
471 0.0700717568397522
472 0.03553235903382301
473 0.03553235903382301
474 0.12882152199745178
475 0.12882152199745178
476 0.05988122522830963
477 0.05988122522830963
478 0.05988122522830963
479 0.05988122522830963
480 0.14620520174503326
481 0.07482627034187317
482 0.14697061479091644
483 0.07362297922372818
484 0.058329738676548004
485 0.1434633433818817
486 0.08030810207128525
487 0.08114825934171677
488 0.08114825934171677
489 0.1268552988767624
490 0.14860646426677704
491 0.080612912774086
492 0.04611242190003395
493 0.08212334662675858
494 0.08212334662675858
495 0.06599053740501404
496 0.027841920033097267
497 0.027841920033097267
498 0.025680433958768845
499 0.10641840100288391
