0 2.3121252059936523
1 2.3127288818359375
2 2.3127288818359375
3 2.3122880458831787
4 2.3122880458831787
5 2.3099334239959717
6 2.3105826377868652
7 2.3134372234344482
8 2.3134372234344482
9 2.312765598297119
10 2.311833381652832
11 2.313171148300171
12 2.313171148300171
13 2.313171148300171
14 2.3118224143981934
15 2.3118224143981934
16 2.313295602798462
17 2.3088340759277344
18 2.3118369579315186
19 2.315298318862915
20 2.315298318862915
21 2.314730405807495
22 2.3112192153930664
23 2.3180620670318604
24 2.315169334411621
25 2.3110005855560303
26 2.3198797702789307
27 2.3171167373657227
28 2.3104183673858643
29 2.3104183673858643
30 2.3040642738342285
31 2.319070816040039
32 2.3071787357330322
33 2.3112361431121826
34 2.3112361431121826
35 2.3112361431121826
36 2.3100008964538574
37 2.318687677383423
38 2.3190627098083496
39 2.312973737716675
40 2.312973737716675
41 2.3138298988342285
42 2.3138298988342285
43 2.3114938735961914
44 2.3245441913604736
45 2.3245441913604736
46 2.312420129776001
47 2.312420129776001
48 2.312420129776001
49 2.3194451332092285
50 2.3108620643615723
51 2.3108620643615723
52 2.313187837600708
53 2.3127312660217285
54 2.308354616165161
55 2.3095133304595947
56 2.3147661685943604
57 2.316129446029663
58 2.312739372253418
59 2.312739372253418
60 2.312739372253418
61 2.3108716011047363
62 2.30981183052063
63 2.3057708740234375
64 2.3022732734680176
65 2.3077831268310547
66 2.2970125675201416
67 2.304729700088501
68 2.304729700088501
69 2.315168619155884
70 2.315168619155884
71 2.320603847503662
72 2.30430269241333
73 2.30430269241333
74 2.30430269241333
75 2.30430269241333
76 2.319117784500122
77 2.30841064453125
78 2.30841064453125
79 2.3171684741973877
80 2.3030178546905518
81 2.3118813037872314
82 2.339839458465576
83 2.339839458465576
84 2.2764878273010254
85 2.2764878273010254
86 2.3454911708831787
87 2.3454911708831787
88 2.336437463760376
89 2.2636208534240723
90 2.239165782928467
91 2.2462830543518066
92 2.2454285621643066
93 2.249121904373169
94 2.2124040126800537
95 2.219618082046509
96 2.1090872287750244
97 2.1151812076568604
98 2.1151812076568604
99 2.052640438079834
100 1.9765485525131226
101 1.9765485525131226
102 1.8892041444778442
103 1.7706315517425537
104 1.7706315517425537
105 1.618287205696106
106 1.668837547302246
107 1.668837547302246
108 1.34125554561615
109 1.34125554561615
110 1.1771466732025146
111 1.2222002744674683
112 1.1292754411697388
113 1.1292754411697388
114 0.8150665760040283
115 0.7397335171699524
116 0.7397335171699524
117 0.942443311214447
118 0.6520805358886719
119 0.7923165559768677
120 0.7923165559768677
121 0.7923165559768677
122 0.8808826804161072
123 0.8808826804161072
124 0.767912745475769
125 0.6974486112594604
126 0.8935630917549133
127 0.6784847378730774
128 0.5467818975448608
129 0.5467818975448608
130 0.64076167345047
131 0.690521240234375
132 0.6095104217529297
133 0.5018023252487183
134 0.5093936324119568
135 0.5093936324119568
136 0.5429169535636902
137 0.5098739266395569
138 0.5098739266395569
139 0.49202853441238403
140 0.45472854375839233
141 0.6336050629615784
142 0.3925395905971527
143 0.4505520462989807
144 0.3860310912132263
145 0.320602148771286
146 0.6355982422828674
147 0.3421507775783539
148 0.5737151503562927
149 0.43096497654914856
150 0.43096497654914856
151 0.43096497654914856
152 0.5946384072303772
153 0.5946384072303772
154 0.3026314377784729
155 0.3986685574054718
156 0.42121633887290955
157 0.5399293899536133
158 0.462282657623291
159 0.5005202889442444
160 0.3576682507991791
161 0.3496072292327881
162 0.3496072292327881
163 0.3496072292327881
164 0.3496072292327881
165 0.3496072292327881
166 0.5175082087516785
167 0.5175082087516785
168 0.3336184322834015
169 0.3202340304851532
170 0.3202340304851532
171 0.34532827138900757
172 0.44984549283981323
173 0.2730783224105835
174 0.2730783224105835
175 0.3232097625732422
176 0.2503890097141266
177 0.37473413348197937
178 0.37473413348197937
179 0.3859083354473114
180 0.3859083354473114
181 0.34118008613586426
182 0.34118008613586426
183 0.34118008613586426
184 0.2995079755783081
185 0.23971788585186005
186 0.303636759519577
187 0.2282632440328598
188 0.2282632440328598
189 0.2787269353866577
190 0.3834875226020813
191 0.3834875226020813
192 0.4355097711086273
193 0.2877802848815918
194 0.24914173781871796
195 0.24914173781871796
196 0.2449173629283905
197 0.33546385169029236
198 0.22418929636478424
199 0.3593512773513794
200 0.27162957191467285
201 0.35084375739097595
202 0.2958737909793854
203 0.4365002512931824
204 0.212944895029068
205 0.15695708990097046
206 0.15695708990097046
207 0.25763100385665894
208 0.25763100385665894
209 0.25763100385665894
210 0.2659631073474884
211 0.2565517723560333
212 0.29481372237205505
213 0.29481372237205505
214 0.22695139050483704
215 0.23113687336444855
216 0.23113687336444855
217 0.2416677623987198
218 0.23468579351902008
219 0.23468579351902008
220 0.26154035329818726
221 0.14894360303878784
222 0.15744297206401825
223 0.30899494886398315
224 0.20784220099449158
225 0.20784220099449158
226 0.20784220099449158
227 0.20784220099449158
228 0.3440619707107544
229 0.3440619707107544
230 0.14810508489608765
231 0.14810508489608765
232 0.32104116678237915
233 0.19228194653987885
234 0.32856786251068115
235 0.28507909178733826
236 0.27846813201904297
237 0.24867795407772064
238 0.1615435630083084
239 0.1456422060728073
240 0.1456422060728073
241 0.1431668996810913
242 0.1431668996810913
243 0.1431668996810913
244 0.1431668996810913
245 0.3282315135002136
246 0.12956377863883972
247 0.12956377863883972
248 0.12956377863883972
249 0.14632831513881683
250 0.2217136174440384
251 0.24655087292194366
252 0.15611618757247925
253 0.15611618757247925
254 0.1700102984905243
255 0.18751682341098785
256 0.18751682341098785
257 0.21862825751304626
258 0.12650926411151886
259 0.12650926411151886
260 0.2240244299173355
261 0.2240244299173355
262 0.2240244299173355
263 0.15993382036685944
264 0.15993382036685944
265 0.08258441090583801
266 0.1126396507024765
267 0.12462333589792252
268 0.12462333589792252
269 0.2454299032688141
270 0.1737341284751892
271 0.1737341284751892
272 0.1737341284751892
273 0.12046074867248535
274 0.12412367761135101
275 0.20385463535785675
276 0.15047036111354828
277 0.06747138500213623
278 0.06747138500213623
279 0.13698497414588928
280 0.18615248799324036
281 0.16404923796653748
282 0.10604725033044815
283 0.18782877922058105
284 0.09037283807992935
285 0.09037283807992935
286 0.14232276380062103
287 0.15046876668930054
288 0.12251495569944382
289 0.11948373913764954
290 0.22461293637752533
291 0.22461293637752533
292 0.22461293637752533
293 0.22461293637752533
294 0.14969544112682343
295 0.14969544112682343
296 0.13398247957229614
297 0.13127188384532928
298 0.13127188384532928
299 0.08148526400327682
300 0.08148526400327682
301 0.08148526400327682
302 0.25328320264816284
303 0.25328320264816284
304 0.25328320264816284
305 0.08379845321178436
306 0.1204581931233406
307 0.0907926857471466
308 0.1502559930086136
309 0.09090038388967514
310 0.15499655902385712
311 0.15300481021404266
312 0.14599299430847168
313 0.11394737660884857
314 0.10330255329608917
315 0.15190011262893677
316 0.15788500010967255
317 0.14381133019924164
318 0.06323728710412979
319 0.11501219868659973
320 0.1428007334470749
321 0.1483948826789856
322 0.1483948826789856
323 0.1309451460838318
324 0.24487167596817017
325 0.24487167596817017
326 0.10141842067241669
327 0.16945713758468628
328 0.16945713758468628
329 0.16945713758468628
330 0.13308241963386536
331 0.13308241963386536
332 0.04966599866747856
333 0.11013097316026688
334 0.1733340322971344
335 0.07474450021982193
336 0.07474450021982193
337 0.10161536186933517
338 0.10161536186933517
339 0.082365483045578
340 0.18399609625339508
341 0.18399609625339508
342 0.11436206102371216
343 0.1242571473121643
344 0.10680197924375534
345 0.22127564251422882
346 0.22127564251422882
347 0.22127564251422882
348 0.17575757205486298
349 0.0929669737815857
350 0.08631609380245209
351 0.14114218950271606
352 0.07820127159357071
353 0.1363990604877472
354 0.12468821555376053
355 0.10869015753269196
356 0.043989844620227814
357 0.07730520516633987
358 0.05669981613755226
359 0.1411525309085846
360 0.13280430436134338
361 0.13280430436134338
362 0.13280430436134338
363 0.15987303853034973
364 0.17276526987552643
365 0.1700592041015625
366 0.07810039818286896
367 0.053956300020217896
368 0.0839901715517044
369 0.0839901715517044
370 0.05948222428560257
371 0.0680944100022316
372 0.0680944100022316
373 0.0680944100022316
374 0.20633180439472198
375 0.12065694481134415
376 0.0425083227455616
377 0.09154471009969711
378 0.09154471009969711
379 0.13662712275981903
380 0.10044660419225693
381 0.1519274264574051
382 0.1137927696108818
383 0.05575978383421898
384 0.15089455246925354
385 0.15089455246925354
386 0.0746406689286232
387 0.13719342648983002
388 0.11980834603309631
389 0.11980834603309631
390 0.11980834603309631
391 0.11980834603309631
392 0.0934147909283638
393 0.12919685244560242
394 0.05376191809773445
395 0.05376191809773445
396 0.07866133749485016
397 0.056801412254571915
398 0.0991702750325203
399 0.21755161881446838
400 0.10663633793592453
401 0.07083871215581894
402 0.07083871215581894
403 0.08033093065023422
404 0.10150250792503357
405 0.09785543382167816
406 0.08342217653989792
407 0.14051394164562225
408 0.09036676585674286
409 0.050105128437280655
410 0.10279615968465805
411 0.10279615968465805
412 0.06641527265310287
413 0.06230970844626427
414 0.07551999390125275
415 0.1122782975435257
416 0.09246528893709183
417 0.09073860198259354
418 0.06035199016332626
419 0.11123164743185043
420 0.0835341364145279
421 0.0835341364145279
422 0.07121036946773529
423 0.07039586454629898
424 0.07039586454629898
425 0.0878092348575592
426 0.0878092348575592
427 0.04649607464671135
428 0.0577048659324646
429 0.06703629344701767
430 0.12420209497213364
431 0.0634370818734169
432 0.053591396659612656
433 0.13566412031650543
434 0.0581878125667572
435 0.09153713285923004
436 0.10009834915399551
437 0.10009834915399551
438 0.10009834915399551
439 0.0889725536108017
440 0.1612277328968048
441 0.07982820272445679
442 0.08193111419677734
443 0.08193111419677734
444 0.08193111419677734
445 0.12386143952608109
446 0.05919918790459633
447 0.14981262385845184
448 0.05765453726053238
449 0.041503600776195526
450 0.06912724673748016
451 0.06912724673748016
452 0.13170595467090607
453 0.13170595467090607
454 0.06430710852146149
455 0.06072961166501045
456 0.11164091527462006
457 0.11164091527462006
458 0.11164091527462006
459 0.13124574720859528
460 0.06835494935512543
461 0.11744671314954758
462 0.11744671314954758
463 0.032266050577163696
464 0.10167846828699112
465 0.10167846828699112
466 0.10167846828699112
467 0.10167846828699112
468 0.052259668707847595
469 0.1531388759613037
470 0.06272618472576141
471 0.03314610943198204
472 0.03314610943198204
473 0.03314610943198204
474 0.11386752128601074
475 0.05669618397951126
476 0.04315889626741409
477 0.04315889626741409
478 0.1286548674106598
479 0.09219419956207275
480 0.09543701261281967
481 0.07837700843811035
482 0.07837700843811035
483 0.11809432506561279
484 0.11809432506561279
485 0.06845144182443619
486 0.050036605447530746
487 0.11554042994976044
488 0.06664155423641205
489 0.08401428163051605
490 0.12056945264339447
491 0.027380766347050667
492 0.047119107097387314
493 0.06353887915611267
494 0.06749144196510315
495 0.07212288677692413
496 0.035097748041152954
497 0.035097748041152954
498 0.028951669111847878
499 0.028951669111847878
