0 2.29463267326355
1 2.2950186729431152
2 2.28872013092041
3 2.2918927669525146
4 2.2918927669525146
5 2.2868964672088623
6 2.286458730697632
7 2.283461332321167
8 2.280158281326294
9 2.278939962387085
10 2.278939962387085
11 2.278939962387085
12 2.2682478427886963
13 2.2658560276031494
14 2.2629973888397217
15 2.2629973888397217
16 2.257016181945801
17 2.257016181945801
18 2.2513747215270996
19 2.2490670680999756
20 2.2490670680999756
21 2.240277051925659
22 2.240049123764038
23 2.240049123764038
24 2.240049123764038
25 2.223533868789673
26 2.2267515659332275
27 2.2250077724456787
28 2.2182908058166504
29 2.2182908058166504
30 2.2127909660339355
31 2.212756633758545
32 2.215757131576538
33 2.215757131576538
34 2.215757131576538
35 2.2010509967803955
36 2.1859562397003174
37 2.1859562397003174
38 2.1859562397003174
39 2.1859562397003174
40 2.1859562397003174
41 2.178088665008545
42 2.178088665008545
43 2.1732068061828613
44 2.1732068061828613
45 2.1732068061828613
46 2.1732068061828613
47 2.1732068061828613
48 2.1693081855773926
49 2.155470609664917
50 2.158749580383301
51 2.1620659828186035
52 2.161611557006836
53 2.1514906883239746
54 2.1514906883239746
55 2.142221689224243
56 2.142221689224243
57 2.142221689224243
58 2.142221689224243
59 2.147123336791992
60 2.147123336791992
61 2.1309525966644287
62 2.1293070316314697
63 2.120175838470459
64 2.130096912384033
65 2.1196742057800293
66 2.112837076187134
67 2.1044511795043945
68 2.101349353790283
69 2.101349353790283
70 2.1157541275024414
71 2.092099189758301
72 2.079770803451538
73 2.048158645629883
74 2.057096242904663
75 2.058985471725464
76 2.043592691421509
77 2.0342047214508057
78 2.0306785106658936
79 2.0306785106658936
80 1.9994497299194336
81 1.9825855493545532
82 1.9619534015655518
83 1.9619534015655518
84 1.9298745393753052
85 1.9210724830627441
86 1.87723708152771
87 1.87723708152771
88 1.86016845703125
89 1.86016845703125
90 1.86016845703125
91 1.7798031568527222
92 1.7623839378356934
93 1.7043851613998413
94 1.7043851613998413
95 1.6040657758712769
96 1.5607450008392334
97 1.5404518842697144
98 1.5332870483398438
99 1.4646769762039185
100 1.4646769762039185
101 1.4646769762039185
102 1.0720462799072266
103 1.0749318599700928
104 0.9667757749557495
105 0.8935117721557617
106 0.8935117721557617
107 0.7493299245834351
108 0.7480775117874146
109 0.6725997924804688
110 0.6468963623046875
111 0.41424116492271423
112 0.39494454860687256
113 0.4299589991569519
114 0.4898665249347687
115 0.46034568548202515
116 0.38394248485565186
117 0.38394248485565186
118 0.7007306218147278
119 0.33381187915802
120 0.4112934470176697
121 0.7322636842727661
122 0.23955579102039337
123 0.23955579102039337
124 0.512244701385498
125 0.4659166634082794
126 0.5014795064926147
127 0.36022722721099854
128 0.32952362298965454
129 0.2517786920070648
130 0.31700414419174194
131 0.31700414419174194
132 0.3038913905620575
133 0.3038913905620575
134 0.2761951684951782
135 0.46236076951026917
136 0.26061686873435974
137 0.2979598939418793
138 0.30832958221435547
139 0.30832958221435547
140 0.2203371375799179
141 0.30088427662849426
142 0.30088427662849426
143 0.3231392502784729
144 0.3450630009174347
145 0.3450630009174347
146 0.3450630009174347
147 0.18825459480285645
148 0.18825459480285645
149 0.40560269355773926
150 0.17971782386302948
151 0.22017046809196472
152 0.22017046809196472
153 0.2734168469905853
154 0.3698553740978241
155 0.29670947790145874
156 0.14982981979846954
157 0.17463266849517822
158 0.1610887497663498
159 0.46610498428344727
160 0.46610498428344727
161 0.2741855978965759
162 0.17023475468158722
163 0.17023475468158722
164 0.20956632494926453
165 0.3221801817417145
166 0.36170855164527893
167 0.36170855164527893
168 0.36170855164527893
169 0.1696132868528366
170 0.26808974146842957
171 0.331805944442749
172 0.331805944442749
173 0.331805944442749
174 0.331805944442749
175 0.2157047986984253
176 0.2157047986984253
177 0.16563677787780762
178 0.32549652457237244
179 0.2034502923488617
180 0.3235505223274231
181 0.2486666887998581
182 0.23796655237674713
183 0.12077902257442474
184 0.25633829832077026
185 0.25633829832077026
186 0.15793651342391968
187 0.24660365283489227
188 0.1677888035774231
189 0.15026500821113586
190 0.15026500821113586
191 0.15026500821113586
192 0.15026500821113586
193 0.13129737973213196
194 0.25938689708709717
195 0.11295993626117706
196 0.16193829476833344
197 0.16193829476833344
198 0.2946191728115082
199 0.24059036374092102
200 0.22205740213394165
201 0.26893115043640137
202 0.3493121564388275
203 0.3493121564388275
204 0.2024717479944229
205 0.2024717479944229
206 0.2024717479944229
207 0.2010638415813446
208 0.20500822365283966
209 0.12116008251905441
210 0.23935486376285553
211 0.21652761101722717
212 0.2637041509151459
213 0.3027768135070801
214 0.1596570611000061
215 0.13072413206100464
216 0.2143334150314331
217 0.20165172219276428
218 0.20165172219276428
219 0.24811586737632751
220 0.24811586737632751
221 0.2230139970779419
222 0.16554830968379974
223 0.13510030508041382
224 0.08566980808973312
225 0.2544940710067749
226 0.2544940710067749
227 0.2544940710067749
228 0.2544940710067749
229 0.2853636145591736
230 0.1391565203666687
231 0.10050281882286072
232 0.10050281882286072
233 0.19524669647216797
234 0.30709055066108704
235 0.1899854838848114
236 0.17863249778747559
237 0.10290535539388657
238 0.10290535539388657
239 0.10290535539388657
240 0.27917662262916565
241 0.315436989068985
242 0.23270538449287415
243 0.20935910940170288
244 0.09268122166395187
245 0.09863880276679993
246 0.1720612347126007
247 0.27487215399742126
248 0.33693063259124756
249 0.33693063259124756
250 0.33693063259124756
251 0.33693063259124756
252 0.21701045334339142
253 0.1629047691822052
254 0.15950562059879303
255 0.16054639220237732
256 0.16054639220237732
257 0.13305185735225677
258 0.16720110177993774
259 0.16720110177993774
260 0.2686683237552643
261 0.13698133826255798
262 0.08300730586051941
263 0.04673359915614128
264 0.10765284299850464
265 0.16767440736293793
266 0.08300811052322388
267 0.08300811052322388
268 0.08300811052322388
269 0.15036940574645996
270 0.1070801243185997
271 0.2082604020833969
272 0.14926910400390625
273 0.15757158398628235
274 0.15757158398628235
275 0.15757158398628235
276 0.15757158398628235
277 0.15757158398628235
278 0.15757158398628235
279 0.15757158398628235
280 0.1000981256365776
281 0.07484865933656693
282 0.0901598259806633
283 0.061772629618644714
284 0.1820366531610489
285 0.1820366531610489
286 0.1820366531610489
287 0.1820366531610489
288 0.1820366531610489
289 0.11874900758266449
290 0.17995677888393402
291 0.17995677888393402
292 0.1363404393196106
293 0.1363404393196106
294 0.12453039735555649
295 0.024829162284731865
296 0.024829162284731865
297 0.13649523258209229
298 0.16877080500125885
299 0.13768459856510162
300 0.1586957722902298
301 0.05860346928238869
302 0.1354101151227951
303 0.07035598903894424
304 0.09001994878053665
305 0.09001994878053665
306 0.09001994878053665
307 0.09001994878053665
308 0.1314336061477661
309 0.15672817826271057
310 0.08648023754358292
311 0.08648023754358292
312 0.16302676498889923
313 0.12707780301570892
314 0.1180025264620781
315 0.1180025264620781
316 0.1519276648759842
317 0.1519276648759842
318 0.1519276648759842
319 0.11351582407951355
320 0.12168778479099274
321 0.13236261904239655
322 0.09825040400028229
323 0.09825040400028229
324 0.09825040400028229
325 0.10662782937288284
326 0.10662782937288284
327 0.10662782937288284
328 0.21388016641139984
329 0.21388016641139984
330 0.037019792944192886
331 0.06695132702589035
332 0.07846245169639587
333 0.06264311075210571
334 0.1779881864786148
335 0.1779881864786148
336 0.11918250471353531
337 0.16376453638076782
338 0.11543579399585724
339 0.09290999919176102
340 0.04733095318078995
341 0.1862550675868988
342 0.1862550675868988
343 0.16502778232097626
344 0.081280417740345
345 0.11311955004930496
346 0.1594163179397583
347 0.09227379411458969
348 0.12554362416267395
349 0.1380072832107544
350 0.11771336942911148
351 0.21376650035381317
352 0.21376650035381317
353 0.21376650035381317
354 0.21376650035381317
355 0.10096060484647751
356 0.17329397797584534
357 0.08016620576381683
358 0.08016620576381683
359 0.09742124378681183
360 0.07737188041210175
361 0.07737188041210175
362 0.059334564954042435
363 0.05722946673631668
364 0.05722946673631668
365 0.061907511204481125
366 0.13788260519504547
367 0.13004423677921295
368 0.09229043871164322
369 0.03157994523644447
370 0.06104004755616188
371 0.05343645066022873
372 0.07951581478118896
373 0.19505125284194946
374 0.043576572090387344
375 0.043576572090387344
376 0.19268688559532166
377 0.19268688559532166
378 0.2203475534915924
379 0.27619650959968567
380 0.22335496544837952
381 0.04027373716235161
382 0.10812804847955704
383 0.07844848185777664
384 0.09972778707742691
385 0.09972778707742691
386 0.09972778707742691
387 0.1609119027853012
388 0.1609119027853012
389 0.12409532815217972
390 0.12409532815217972
391 0.06524348258972168
392 0.053046178072690964
393 0.0526600182056427
394 0.04732766002416611
395 0.06940777599811554
396 0.047312382608652115
397 0.047312382608652115
398 0.047312382608652115
399 0.12316500395536423
400 0.1281486302614212
401 0.08090183138847351
402 0.06318368762731552
403 0.06015999987721443
404 0.06015999987721443
405 0.15291151404380798
406 0.19509875774383545
407 0.15471524000167847
408 0.15471524000167847
409 0.15471524000167847
410 0.06152573600411415
411 0.1114332526922226
412 0.1114332526922226
413 0.024025270715355873
414 0.024025270715355873
415 0.10861937701702118
416 0.07607387006282806
417 0.07993120700120926
418 0.16716496646404266
419 0.10857676714658737
420 0.10857676714658737
421 0.039460811764001846
422 0.039460811764001846
423 0.039460811764001846
424 0.07239041477441788
425 0.07239041477441788
426 0.12196817249059677
427 0.0417657233774662
428 0.20192205905914307
429 0.20192205905914307
430 0.20192205905914307
431 0.20192205905914307
432 0.20192205905914307
433 0.0828944742679596
434 0.0828944742679596
435 0.09036730974912643
436 0.09036730974912643
437 0.11773344874382019
438 0.08231595903635025
439 0.054837387055158615
440 0.16860003769397736
441 0.16860003769397736
442 0.08218405395746231
443 0.0648234561085701
444 0.03439515829086304
445 0.11235743016004562
446 0.13335640728473663
447 0.10999312251806259
448 0.10999312251806259
449 0.1380920112133026
450 0.1380920112133026
451 0.029352407902479172
452 0.05897733196616173
453 0.09461624175310135
454 0.09461624175310135
455 0.08958753943443298
456 0.08958753943443298
457 0.08958753943443298
458 0.08958753943443298
459 0.12595121562480927
460 0.12595121562480927
461 0.06350970268249512
462 0.061078883707523346
463 0.07510603964328766
464 0.06685573607683182
465 0.04444181174039841
466 0.06865931302309036
467 0.07889110594987869
468 0.0890311449766159
469 0.0890311449766159
470 0.04370246082544327
471 0.04370246082544327
472 0.12640906870365143
473 0.047080181539058685
474 0.04250478371977806
475 0.04250478371977806
476 0.06256858259439468
477 0.036161355674266815
478 0.036161355674266815
479 0.036161355674266815
480 0.036161355674266815
481 0.036161355674266815
482 0.10206425189971924
483 0.09342585504055023
484 0.15439730882644653
485 0.15439730882644653
486 0.048335958272218704
487 0.050433337688446045
488 0.02012859657406807
489 0.02012859657406807
490 0.04119906574487686
491 0.04119906574487686
492 0.0950503945350647
493 0.11893104761838913
494 0.05740973353385925
495 0.05740973353385925
496 0.06919439882040024
497 0.06734307110309601
498 0.059041328728199005
499 0.07372972369194031
