0 0.0
1 -0.0004599941749672173
2 0.0029117335601612604
3 0.0
4 -0.0003972237774153648
5 0.0007622139621306117
6 0.0
7 0.0010299800968334757
8 0.0
9 -0.0028953056316822767
10 0.0
11 -0.0028369305189698936
12 0.0019834539018321012
13 0.0
14 0.0011834695092041152
15 -0.000362752414191246
16 -0.0002029298969861541
17 0.0
18 -0.0026167497970163824
19 -0.0015672515180015364
20 0.0
21 0.0
22 -0.0026154757244512437
23 -0.0025591854471713306
24 0.0
25 0.0
26 -0.00015535638814811252
27 -1.3254982143254009e-05
28 -7.708046403534222e-05
29 6.82666160140031e-05
30 -2.0476791168835183e-05
31 -1.1233942616330121e-05
32 0.0
33 0.0
34 -1.4964909552905506e-05
35 -5.0951507539290245e-05
36 -0.00022688245642453982
37 -1.7634240397676254e-05
38 -8.357072080635265e-05
39 0.00010938133339867778
40 -1.2480360666274982e-05
41 7.714486388852669e-05
42 2.3506170571499133e-05
43 -6.2615972499431525e-06
44 4.176304131988316e-05
45 1.941321510717353e-05
46 4.301641774891123e-06
47 0.0
48 0.0
49 0.000213762147346625
