0 0.0002856845506835384
1 0.0007148186861855852
2 9.465550002562854e-05
3 0.00012466914611551652
4 -0.00023665144973081397
5 0.000747994726351496
6 0.0
7 0.0007008446155450007
8 7.455341926641827e-05
9 0.000717189490229252
10 0.0003128015084432747
11 0.0011081847323992837
12 0.0006938312558181583
13 0.0009436872012445117
14 0.0006186711301761219
15 0.00032305493495045665
16 0.0007746250471353068
17 0.0
18 0.0
19 0.001471945449628459
20 0.0012171078424118027
21 0.0
22 0.00048455686846429367
23 0.0004726012938334661
24 1.0863823573686107e-07
25 -3.5539627901272274e-06
26 -5.969312349662747e-05
27 -4.050608210671518e-06
28 0.0
29 0.0
30 2.9246160907599877e-05
31 -6.215825897851649e-05
32 -4.229180966509574e-05
33 -5.223273887394621e-05
34 -5.70217491355514e-05
35 0.0
36 -4.29854494611581e-05
37 3.2421414411479254e-05
38 0.0
39 9.258254462289724e-05
40 -1.0448063207381782e-06
41 -7.40699118243922e-05
42 -2.573684331416838e-05
43 3.833332719709061e-05
44 -5.357900648782805e-05
45 -3.453725590891408e-05
46 1.8756311102895098e-05
47 0.0001063085413569657
48 0.0004005147634439468
49 0.00018971032208093034
