0 0.00029222272379644175
1 0.0006973249150981461
2 0.0001085686680606627
3 -2.115786118546202e-05
4 -0.00022969345203754346
5 0.0
6 0.00038722509301214746
7 0.0005384370324353599
8 0.00016211008290134478
9 0.0006141555445414804
10 0.0
11 0.001638350357366929
12 0.0
13 0.0
14 0.0
15 0.0014077748728427697
16 0.0011230591654694142
17 0.0034589020423874284
18 -0.00040816528053471427
19 0.0007637119604001042
20 -0.00010146643905111096
21 0.0005817042823033829
22 0.0
23 0.0
24 1.0159197401024057e-07
25 -0.00011350362266742977
26 0.0
27 0.0
28 -3.103782242361038e-05
29 -0.000311458428579206
30 -5.236215374450705e-05
31 -7.00619185377949e-05
32 -6.440079476017052e-05
33 1.9088942412828694e-05
34 -0.00011343206932199401
35 -4.972445900340313e-05
36 -0.00013204476535287537
37 -5.978644653223748e-05
38 -8.237963843352595e-05
39 8.533265224323509e-05
40 6.980174528218196e-06
41 0.0
42 0.0001640166670086912
43 1.2289716910542818e-05
44 -9.158746651267082e-05
45 -4.949437472702539e-06
46 1.3587057345022157e-05
47 -0.00011170661899726015
48 0.0004445627439609288
49 0.0
