0 0.0002857682290289759
1 0.00045579580684715533
2 0.0
3 0.0010520923607165306
4 0.0
5 0.000925896004794146
6 0.0009214613122468154
7 0.0
8 0.0
9 0.0
10 5.7756835423805656e-05
11 0.0
12 -0.0028953056316822767
13 0.0013267338643580921
14 0.0
15 -0.0005143261852923753
16 -0.0002376849077531562
17 -0.0012344787327375508
18 -0.0017192873900520763
19 -0.0003572464214051339
20 -0.0006146935109476614
21 0.00010311403968507352
22 0.001337116328506949
23 0.0030559196461551136
24 3.241578962699399e-07
25 4.190064899625102e-05
26 -9.934688869022847e-05
27 0.0
28 0.00010052668543621083
29 0.00010865018286372419
30 0.0
31 -6.25687072067708e-05
32 -6.366141178667962e-05
33 -5.6993429973293435e-05
34 -5.696722095995388e-05
35 0.00015241415671084238
36 3.6802813146632227e-05
37 0.0
38 0.0
39 0.0
40 0.00019597523628870747
41 -6.307803869983463e-05
42 0.0
43 -4.6066184253473104e-05
44 -9.555351634725171e-05
45 -4.205490047041572e-05
46 -1.7290430242074564e-05
47 -0.00019036300803422612
48 9.219078043542987e-05
49 0.0
