0 4.818514465902102
1 4.820285969620254
2 19.088309985115174
3 4.673042865437353
8 13.527456362767179
9 4.156317042357245
11 4.2580976974520794
14 5.101401055736675
15 3.421062300454959
16 4.150604208862905
17 5.093888662834944
18 2.5111401059245657
19 2.640823480840038
20 3.3762039041858727
21 2.335425591068355
22 3.226625344153821
23 3.143680778160992
26 2.0517452787616888
27 1.984687152460003
28 1.8339636628146891
29 2.0493351916407314
30 1.7786791045118149
31 1.8169018952793556
32 2.845538375923417
33 2.998701050119479
34 2.5179829793867903
35 1.7055799286633018
36 2.099765782824244
38 5.324347915717903
39 1.8397184319411215
40 1.7005592743193159
42 2.7102049004704662
47 1.8682211249872447
48 2.4409536535577665
50 1.8906658706575665
51 1.9088780292810044
52 2.1500214504925137
53 1.745780190976441
54 1.8754455717539524
55 1.9628052825414755
56 2.3644913974078063
58 1.6870891526699114
61 2.0106529653868237
62 1.8534674724484332
63 2.159100174832621
68 2.096440978081457
70 2.105784104319799
71 2.147781477499841
72 2.2891930750037317
73 2.0694504318891633
76 2.1215289472675067
77 2.3492904975947027
79 2.648907599379582
80 2.4382213085285436
82 2.5021253519635094
84 2.3032659983753323
85 2.355738551509886
87 2.566694397546324
88 2.4673311630578945
89 2.577566328587381
90 2.3349290820263064
91 2.3357802772254597
93 2.749857577179019
94 2.5346253314708314
95 2.3498503878667734
96 2.5610914016884982
97 2.226048082300506
98 2.381298597013784
