0 4.818514465902102
1 4.820293066081662
3 4.673236718243293
4 6.801050510723794
7 3.116466588450525
8 13.527640105604982
10 8.069777259998826
12 5.633329394868501
14 5.101420921385349
16 4.150585122592911
17 5.093810451782813
19 2.6407734744198303
21 2.3354178223511073
23 3.143696634832492
25 2.2546256397853175
27 1.984682295218344
28 1.8339586638388028
30 1.7786733738193152
31 1.8168916204514098
32 2.845531508895209
34 2.5180026684166257
35 1.7055986297284949
37 1.7793330445247806
40 1.7006268207044721
41 1.7064425326596366
42 2.710233976252034
43 1.5434390686033808
44 1.8720771045411546
45 2.115187367021127
46 2.1025463387837986
47 1.868189222333982
50 1.8906536346547245
51 1.9088652053416444
52 2.1500086472599613
55 1.9628097722472704
58 1.687098673526706
60 1.9382636043663872
61 2.0106609969864877
62 1.853475594729718
63 2.159107165351517
64 2.2522016358845773
66 2.117689922011468
69 2.1611350525034734
73 2.069459438366849
74 2.5771131904577644
76 2.1215394945470845
77 2.3493008902634256
78 2.2564861809742798
80 2.438229728470523
81 2.45399984918331
82 2.502137360105132
83 2.696403752488335
84 2.3032721887512486
85 2.355745485166024
86 2.5005732666503646
87 2.566703132509784
89 2.5775748030370087
90 2.3349382296546453
91 2.3357875959858068
92 2.4362555693175665
95 2.349881413786263
96 2.5611155380948767
99 2.294660666303384
