0 0.012464
1 0.010076
2 0.010720
3 0.014380
4 0.011304
5 0.039851
6 0.011147
7 0.010953
8 0.011150
9 0.010675
10 0.011090
11 0.010004
12 0.010309
13 0.010196
14 0.010404
15 0.010130
16 0.009107
17 0.010146
18 0.010039
19 0.012344
20 0.046221
21 0.012336
22 0.011300
23 0.073657
24 0.019384
25 0.012237
26 0.014239
27 0.029766
28 0.045756
29 0.042488
30 0.039128
31 0.049443
32 0.054925
33 0.044848
34 0.043069
35 0.040436
36 0.032626
37 0.039949
38 0.011141
39 0.011459
40 0.027329
41 0.042916
42 0.057580
43 0.011546
44 0.057035
45 0.041753
46 0.023193
47 0.038835
48 0.038691
49 0.025173
50 0.049799
51 0.049717
52 0.046761
53 0.043145
54 0.052942
55 0.052602
56 0.046454
57 0.047851
58 0.045063
59 0.037094
60 0.038566
61 0.043514
62 0.024508
63 0.031078
64 0.047289
65 0.048841
66 0.051069
67 0.040287
68 0.042571
69 0.037935
70 0.048505
71 0.035159
72 0.042774
73 0.034187
74 0.038761
75 0.033470
76 0.039057
77 0.032778
78 0.042605
79 0.031911
80 0.045902
81 0.017392
82 0.041337
83 0.042679
84 0.051178
85 0.052074
86 0.048781
87 0.029320
88 0.032634
89 0.033042
90 0.009508
91 0.040851
92 0.038627
93 0.056120
94 0.051172
95 0.044646
96 0.010520
97 0.010554
98 0.009809
99 0.046144
