0 0.029205
1 0.072735
2 0.140188
3 0.152787
4 0.160033
5 0.154697
6 0.146951
7 0.142009
8 0.152521
9 0.140650
10 0.204092
11 0.203354
12 0.138080
13 0.158641
14 0.156672
15 0.169602
16 0.195985
17 0.138983
18 0.138007
19 0.087343
20 0.073075
21 0.075556
22 0.128831
23 0.060849
24 0.081763
25 0.037090
26 0.089181
27 0.094534
28 0.101739
29 0.196917
30 0.136886
31 0.248112
32 0.174707
33 0.187221
34 0.060347
35 0.097913
36 0.124259
37 0.138117
38 0.096212
39 0.068290
40 0.086876
41 0.093482
42 0.142661
43 0.202556
44 0.175447
45 0.154078
46 0.180456
47 0.142949
48 0.163809
49 0.164910
50 0.158816
51 0.136011
52 0.209036
53 0.148124
54 0.038192
55 0.097779
56 0.097161
57 0.085487
58 0.136342
59 0.177494
60 0.222648
61 0.201199
62 0.150058
63 0.145514
64 0.140793
65 0.117822
66 0.064655
67 0.078218
68 0.138083
69 0.155090
70 0.128257
71 0.194419
72 0.189552
73 0.256038
74 0.162132
75 0.222931
76 0.155095
77 0.151484
78 0.154069
79 0.182627
80 0.150366
81 0.166021
82 0.186342
83 0.170603
84 0.141334
85 0.122801
86 0.163782
87 0.160611
88 0.145088
89 0.155286
90 0.172702
91 0.127754
92 0.120674
93 0.216303
94 0.196342
95 0.175695
96 0.130166
97 0.143649
98 0.100099
99 0.151772
