0 0.028344
1 0.030747
2 0.068863
3 0.075658
4 0.068376
5 0.094151
6 0.072156
7 0.135573
8 0.083575
9 0.089428
10 0.125813
11 0.065083
12 0.142613
13 0.125203
14 0.109081
15 0.077294
16 0.062091
17 0.084100
18 0.080413
19 0.050501
20 0.041519
21 0.029682
22 0.036775
23 0.024836
24 0.082300
25 0.072332
26 0.057452
27 0.037726
28 0.032739
29 0.061380
30 0.115419
31 0.063005
32 0.079405
33 0.065016
34 0.045151
35 0.051901
36 0.046715
37 0.052658
38 0.043461
39 0.065440
40 0.066438
41 0.049677
42 0.027260
43 0.061325
44 0.153810
45 0.116247
46 0.136652
47 0.116139
48 0.133854
49 0.062350
50 0.101445
51 0.091640
52 0.037766
53 0.116524
54 0.023703
55 0.023724
56 0.043767
57 0.055880
58 0.037934
59 0.071825
60 0.048090
61 0.065514
62 0.106170
63 0.077871
64 0.046191
65 0.040954
66 0.021361
67 0.019717
68 0.033554
69 0.090001
70 0.052316
71 0.126428
72 0.147522
73 0.110756
74 0.104970
75 0.079287
76 0.085654
77 0.067429
78 0.078339
79 0.104376
80 0.103109
81 0.053674
82 0.109776
83 0.032711
84 0.134950
85 0.085980
86 0.062434
87 0.190792
88 0.103146
89 0.107176
90 0.101727
91 0.111845
92 0.044324
93 0.094926
94 0.071588
95 0.046388
96 0.157676
97 0.048791
98 0.073753
99 0.125676
