0 0.035210
1 0.053441
2 0.153769
3 0.219788
4 0.237848
5 0.210716
6 0.222066
7 0.198098
8 0.210083
9 0.191731
10 0.172732
11 0.216119
12 0.230809
13 0.258225
14 0.253315
15 0.190506
16 0.258685
17 0.196066
18 0.206233
19 0.205202
20 0.147921
21 0.099341
22 0.085640
23 0.170618
24 0.062411
25 0.119352
26 0.109212
27 0.096327
28 0.041083
29 0.315845
30 0.190482
31 0.234683
32 0.200668
33 0.244495
34 0.068331
35 0.142544
36 0.085015
37 0.098760
38 0.137786
39 0.124067
40 0.120081
41 0.072255
42 0.068761
43 0.264670
44 0.186358
45 0.218248
46 0.242116
47 0.222229
48 0.290626
49 0.208555
50 0.223266
51 0.207400
52 0.231745
53 0.204171
54 0.110864
55 0.088877
56 0.103838
57 0.033970
58 0.190967
59 0.198370
60 0.202253
61 0.245844
62 0.171743
63 0.163921
64 0.175168
65 0.109944
66 0.109155
67 0.101477
68 0.177727
69 0.185401
70 0.185508
71 0.232172
72 0.256654
73 0.257147
74 0.210124
75 0.223126
76 0.228066
77 0.170395
78 0.210778
79 0.219501
80 0.185507
81 0.239233
82 0.253437
83 0.185837
84 0.182912
85 0.196479
86 0.187044
87 0.166100
88 0.219410
89 0.200845
90 0.197607
91 0.234583
92 0.231718
93 0.214223
94 0.205406
95 0.249269
96 0.206139
97 0.213934
98 0.173051
99 0.191172
