0 0.019559
1 0.061533
2 0.040015
3 0.029549
4 0.052624
5 0.052550
6 0.066866
7 0.048895
8 0.063841
9 0.074939
10 0.093512
11 0.096066
12 0.032348
13 0.044014
14 0.030351
15 0.032318
16 0.096485
17 0.056486
18 0.041579
19 0.041719
20 0.022022
21 0.044239
22 0.037223
23 0.035381
24 0.039464
25 0.120692
26 0.075229
27 0.045825
28 0.038964
29 0.037515
30 0.099376
31 0.041790
32 0.079749
33 0.029984
34 0.022714
35 0.029135
36 0.077749
37 0.025758
38 0.081844
39 0.086112
40 0.050895
41 0.083867
42 0.022331
43 0.028425
44 0.104364
45 0.111732
46 0.058373
47 0.028137
48 0.027915
49 0.027083
50 0.031340
51 0.029741
52 0.028050
53 0.050678
54 0.023134
55 0.043322
56 0.052803
57 0.029207
58 0.032859
59 0.042611
60 0.043549
61 0.030110
62 0.063402
63 0.110627
64 0.029057
65 0.049801
66 0.041861
67 0.042374
68 0.031007
69 0.029545
70 0.045613
71 0.054064
72 0.030408
73 0.051765
74 0.065342
75 0.098388
76 0.087033
77 0.033238
78 0.081434
79 0.051165
80 0.092179
81 0.030125
82 0.029495
83 0.032376
84 0.080136
85 0.070539
86 0.024695
87 0.066993
88 0.035308
89 0.072691
90 0.033825
91 0.068826
92 0.026791
93 0.094679
94 0.037781
95 0.044787
96 0.074719
97 0.062428
98 0.026128
99 0.082317
