0 0.0015528117402085165
1 0.002029914239433766
2 0.001790696201675774
3 0.0011409629078619453
4 0.0006617958960087975
5 0.0
6 0.000474392257908066
7 0.001240359567995067
8 0.0
9 0.0009791359645790509
10 0.0014546910265094762
11 0.0
12 0.0010185839469670146
13 0.0011565578320821405
14 0.0012295785176183623
15 0.0023144597623180234
16 0.0
17 0.0013028102581667154
18 0.0024029100004439863
19 0.0
20 0.0034055928737597293
21 0.001707266639023111
22 0.001469331552865685
23 0.0025477564966924038
24 0.0014839961349406594
25 0.0
26 0.00312815168574831
27 0.0005408458757523587
28 0.001690965124913584
29 0.0
30 0.0
31 0.002630700984452615
32 0.0008803916342953542
33 0.0
34 0.0034092860560974163
35 0.0015024861332426148
36 0.0
37 0.0
38 0.0
39 0.001947726354000272
40 0.0026173088872068623
41 0.0
42 0.0029673606163657536
43 0.0030138336992262516
44 0.0
45 0.003694640351298587
46 0.0
47 0.005126483937188701
48 0.0
49 0.0
50 0.00408087689248466
51 0.0026324613963703675
52 0.0023565416946955855
53 0.0046697067586522565
54 0.0
55 0.005720926022841015
56 0.001589142818163549
57 0.0005346478122421409
58 0.0030451748017217115
59 0.0009615747144812558
60 -0.0010220994833893002
61 0.0019022252090767364
62 0.002677897860117178
63 0.00040825879528593215
64 0.0
65 0.0008920900139334188
66 0.0012575189087050962
67 0.0006545741853482236
68 -0.0007675341417427848
69 -0.00011689782475880085
70 0.0021452241319662472
71 -0.0015878934413215192
72 -0.001803210775578159
73 -0.0010867796229554112
74 -0.0028182137277843185
75 -0.003330805309925523
76 0.0
77 -0.001238134968330635
78 -0.0011727077232742695
79 0.001009941319640196
80 -0.001554380719307146
81 0.0
82 -0.0005157295357792802
83 0.0014460821789295478
84 0.0
85 -0.0014470747870738957
86 -0.0005532462433243166
87 -0.0003039245747125211
88 0.0
89 0.008036868383441123
90 -0.0007975827000037847
91 0.0
92 -0.0017674248432947906
93 0.003548053541632708
94 0.0
95 0.007973055470944717
96 0.0
97 0.0
98 0.0
99 0.0005650630253048279
