0 1.0043857295370384
1 1.0043857295370384
2 1.029753774709863
3 1.0596527334062245
4 1.0716697778106565
5 1.1042196071113541
6 1.1042196071113541
7 1.2042196071113542
8 1.3042196071113543
9 1.3042196071113543
10 1.4042196071113544
11 1.5042196071113545
12 1.5071081969639981
13 1.567780533443948
14 1.567780533443948
15 1.6677805334439482
16 1.7677805334439483
17 1.8677805334439483
18 1.8677805334439483
19 1.8677805334439483
20 1.8677805334439483
21 1.9677805334439484
22 2.0677805334439485
23 2.1520107382408638
24 2.1686013794192283
25 2.2686013794192283
26 2.3686013794192284
27 2.37546053058835
28 2.434369153607028
29 2.434369153607028
30 2.4669096941015876
31 2.5004136506993344
32 2.5334914994051543
33 2.565977453385742
34 2.5873186465732774
35 2.599163819187905
36 2.599163819187905
37 2.610809958015353
38 2.643341557179166
39 2.683863623413645
40 2.683863623413645
41 2.707262244310593
42 2.707262244310593
43 2.7219369964365714
44 2.7219369964365714
45 2.7440677460305416
46 2.7440677460305416
47 2.75709784053042
48 2.8028290339145716
49 2.891304728011439
