0 1.0
1 1.0962916332481292
2 1.0962916332481292
3 1.16992914352246
4 1.2647157826540247
5 1.359507085203807
6 1.4548633579745398
7 1.4548633579745398
8 1.5260414589099605
9 1.6019013433704858
10 1.6702355063814391
11 1.6702355063814391
12 1.6702355063814391
13 1.6702355063814391
14 1.6702355063814391
15 1.7505602290631832
16 1.7505602290631832
17 1.7505602290631832
18 1.8123180564997199
19 1.908661443289657
20 2.008661443289657
21 2.008661443289657
22 2.008661443289657
23 2.008661443289657
24 2.008661443289657
25 2.108661443289657
26 2.108661443289657
27 2.208661443289657
28 2.3086614432896573
29 2.38705716384992
30 2.48705716384992
31 2.581605321819638
32 2.6502285063269877
33 2.6502285063269877
34 2.7128600576587165
35 2.7128600576587165
36 2.769947707588198
37 2.848033166710125
38 2.930159090400436
39 3.00079201843908
40 3.0421814299830197
41 3.1393401203776676
42 3.1977698270319683
43 3.266516069500065
44 3.334722264882017
45 3.334722264882017
46 3.3952236357065964
47 3.4883767885936434
48 3.4883767885936434
49 3.5649028063057995
