0 1.0
1 1.0
2 1.0942187711249443
3 1.1789043220158035
4 1.2662641420624876
5 1.2662641420624876
6 1.2662641420624876
7 1.350017590251051
8 1.350017590251051
9 1.350017590251051
10 1.415711442168726
11 1.4811457292790258
12 1.5811457292790259
13 1.662615611625889
14 1.762615611625889
15 1.8329951525578079
16 1.8839724762740664
17 1.93057911987259
18 1.93057911987259
19 1.93057911987259
20 1.9975993469184592
21 2.0369691597448996
22 2.081360783931295
23 2.081360783931295
24 2.181360783931295
25 2.181360783931295
26 2.2657105529258073
27 2.3452593987852675
28 2.3452593987852675
29 2.4367728732425777
30 2.514040053631601
31 2.514040053631601
32 2.5495136430606333
33 2.6271559457318943
34 2.7060920698445874
35 2.7830561938605802
36 2.7830561938605802
37 2.7830561938605802
38 2.7830561938605802
39 2.7830561938605802
40 2.8454808917636316
41 2.930005852439129
42 2.9995705975029407
43 3.0789429935256765
44 3.1137115968152353
45 3.1137115968152353
46 3.169705797610886
47 3.252500503773628
48 3.3295448447146887
49 3.3295448447146887
