0 1.0955693297655327
1 1.1883389347290263
2 1.2775635369995333
3 1.3444926257822845
4 1.4444926257822845
5 1.5444926257822846
6 1.6380489440792392
7 1.7323689804538225
8 1.7323689804538225
9 1.8010015979124372
10 1.873997027695815
11 1.9465589983213172
12 2.0290262977595566
13 2.1265356419354258
14 2.197962890973679
15 2.2621026276127365
16 2.2621026276127365
17 2.3154684953457445
18 2.366918920275596
19 2.439519016468204
20 2.439519016468204
21 2.4999522396897165
22 2.4999522396897165
23 2.5662941661108594
24 2.6262983272379614
25 2.687696572424289
26 2.7412969728695478
27 2.7412969728695478
28 2.7412969728695478
29 2.7412969728695478
30 2.7412969728695478
31 2.7412969728695478
32 2.8290975211111644
33 2.914347705459488
34 3.014347705459488
35 3.014347705459488
36 3.114347705459488
37 3.2143477054594882
38 3.3143477054594883
39 3.4143477054594884
40 3.5143477054594885
41 3.5143477054594885
42 3.6143081632801666
43 3.7143081632801667
44 3.8072799446615333
45 3.8072799446615333
46 3.8072799446615333
47 3.8072799446615333
48 3.8072799446615333
49 3.8072799446615333
