0 1.0
1 1.0016345757174387
2 1.0515549599122997
3 1.055866932243799
4 1.055866932243799
5 1.0858173185575368
6 1.1486818774334906
7 1.207339017729995
8 1.207339017729995
9 1.2540802525501897
10 1.3540802525501898
11 1.45408025255019
12 1.55408025255019
13 1.6355501348970531
14 1.6355501348970531
15 1.7355501348970532
16 1.8355501348970533
17 1.9355501348970534
18 2.0355501348970533
19 2.0649043151377384
20 2.113506770004988
21 2.14447294522508
22 2.185691935081142
23 2.218595219032074
24 2.218595219032074
25 2.236355964363516
26 2.236355964363516
27 2.259756918081481
28 2.317479551682287
29 2.356917901734218
30 2.400185560848525
31 2.440689302982669
32 2.487092589933017
33 2.5180822227333035
34 2.5180822227333035
35 2.5180822227333035
36 2.533199077346294
37 2.533199077346294
38 2.5518949701861904
39 2.5518949701861904
40 2.5518949701861904
41 2.57982889046352
42 2.616778947473975
43 2.616778947473975
44 2.616778947473975
45 2.648886467041376
46 2.665317138888971
47 2.7008057880030387
48 2.732656333196244
49 2.8123533710262754
