0 1.1
1 1.1925177675902185
2 1.1925177675902185
3 1.2858039191634385
4 1.373798816717862
5 1.4685451263204437
6 1.5685451263204437
7 1.658711693874483
8 1.7388166885235834
9 1.8053554189250944
10 1.8053554189250944
11 1.868829028153158
12 1.868829028153158
13 1.9688290281531582
14 2.0336243945159733
15 2.0336243945159733
16 2.091331258364334
17 2.091331258364334
18 2.1343146325697693
19 2.134314632555015
20 2.188682158994247
21 2.237102076962807
22 2.2954644562907025
23 2.358389271230932
24 2.358389271230932
25 2.3875335714448824
26 2.4262418502937084
27 2.4262418502937084
28 2.52174681291395
29 2.594663013166791
30 2.594663013166791
31 2.594663013166791
32 2.594663013166791
33 2.6935162976985674
34 2.7884110233155712
35 2.8884110233155713
36 2.96835599291497
37 3.0358504094017986
38 3.126400925190794
39 3.211125579172117
40 3.211125579172117
41 3.311125579172117
42 3.311125579172117
43 3.311125579172117
44 3.311125579172117
45 3.411125579172117
46 3.511125579172117
47 3.511125579172117
48 3.6111255791721173
49 3.69772187976121
