0 1.0967629308274014
1 1.1967629308274015
2 1.1967629308274015
3 1.2967629308274016
4 1.3930282515140653
5 1.4922710232130352
6 1.5831171106584951
7 1.5831171106584951
8 1.664588946427716
9 1.7491450914304765
10 1.7491450914304765
11 1.7491450914304765
12 1.7491450914304765
13 1.7491450914304765
14 1.8168381476912625
15 1.8168381476912625
16 1.8168381476912625
17 1.8168381476912625
18 1.8168381476912625
19 1.9131815345123102
20 2.0131815345123103
21 2.095067944231647
22 2.1816262261795165
23 2.2816262261795166
24 2.329543606356646
25 2.329543606356646
26 2.3691148454973487
27 2.431890300403227
28 2.528458493872867
29 2.6284584938728672
30 2.7257221243384366
31 2.8134065579511995
32 2.8134065579511995
33 2.8134065579511995
34 2.889229215023934
35 2.9543650464832636
36 3.0185234239554104
37 3.0942652635466366
38 3.15814849848988
39 3.219446567022098
40 3.292128368217436
41 3.292128368217436
42 3.392128368217436
43 3.4694491710112145
44 3.5450480964862177
45 3.6339497575032014
46 3.6339497575032014
47 3.6339497575032014
48 3.7316164203741984
49 3.7316164203741984
