0 1.0965162274996947
1 1.0965162274996947
2 1.1567095531491216
3 1.1567095531491216
4 1.1567095531491216
5 1.2319183031026435
6 1.302339172221317
7 1.3757725232475282
8 1.4446880785528124
9 1.5240148013120776
10 1.5965976770956618
11 1.652684172507891
12 1.737432036939504
13 1.823111664047719
14 1.8895591616611926
15 1.9583162673887102
16 2.015477969446391
17 2.0686516667979773
18 2.1122932918125965
19 2.1857155731533378
20 2.1857155731533378
21 2.2360095224150385
22 2.2360095224150385
23 2.2360095224150385
24 2.29342702690837
25 2.344465779646488
26 2.344465779646488
27 2.344465779646488
28 2.4328827249761
29 2.4328827249761
30 2.525279708348379
31 2.625279708348379
32 2.7169441444757405
33 2.8169441444757406
34 2.8169441444757406
35 2.8945729520284247
36 2.8945729520284247
37 2.9764181276142705
38 2.9764181276142705
39 3.054859852262601
40 3.138382534219069
41 3.138382534219069
42 3.2082969342557606
43 3.2957260040481082
44 3.3957260040481083
45 3.4883518875908965
46 3.558330208037063
47 3.643524437214042
48 3.643524437214042
49 3.743524437214042
