0 18.109455085742944
1 18.109455085742944
2 1014.5576919319035
3 777.9400148072083
4 113.65509340821534
5 8.342880975132648
6 8.794062283827461
7 4.701955620856913
8 28.92458753981788
9 4.867046699218597
10 5.895765589369487
11 7.357469968046767
12 3.3334991783200096
13 2.387308424147682
14 2.8675157588502658
15 6.945996735798472
16 3.556356222967451
17 2.517038679766977
18 10.452623982260143
19 2.7476396369838665
20 6.450976451436778
21 3.5980012270138824
22 3.3660455514346697
23 2.2203073651865757
24 2.1520823578407553
25 2.339129682658254
26 2.1661591805357405
27 2.287610740050964
28 2.0943994411174627
29 1.9287134246148725
30 2.165393598560335
31 2.0899824942273457
32 2.4537465251523773
33 2.8002184866189124
34 2.348362119034447
35 2.4578534409426163
36 2.1605218922632705
37 2.8213601108787656
38 1.9142100505676194
39 2.6074213831349575
40 1.9927632883824724
41 2.2689871374161736
42 1.9155906260520472
43 3.7129529118836073
44 2.562665129480152
45 2.3907186699366796
46 1.9890641808927239
47 2.1264372165773757
48 2.3562606382870923
49 2.0456086160422204
