1 1.067330
2 1.077619
3 1.085641
4 1.091621
5 1.095860
6 1.098722
7 1.100614
8 1.101962
9 1.103188
10 1.104688
11 1.106807
12 1.109823
13 1.113927
14 1.119220
15 1.125702
16 1.133278
17 1.141761
18 1.150892
19 1.160349
20 1.169777
21 1.178803
22 1.187066
23 1.194240
24 1.200051
25 1.204300
26 1.206872
27 1.207749
28 1.207005
29 1.204808
30 1.201408
31 1.197122
32 1.192313
33 1.187373
34 1.182692
35 1.178642
36 1.175548
37 1.173670
38 1.173189
39 1.174194
40 1.176679
41 1.180540
42 1.185585
43 1.191545
44 1.198091
45 1.204855
46 1.211452
47 1.217506
48 1.222671
49 1.226656
50 1.229239
51 1.230286
52 1.229754
53 1.227699
54 1.224269
55 1.219696
56 1.214281
57 1.208379
58 1.202371
59 1.196645
60 1.191570
61 1.187474
62 1.184624
63 1.183207
64 1.183322
65 1.184970
66 1.188057
67 1.192400
68 1.197737
69 1.203742
70 1.210048
71 1.216269
72 1.222025
73 1.226963
74 1.230780
75 1.233243
76 1.234205
77 1.233608
78 1.231494
79 1.227998
80 1.223339
81 1.217811
82 1.211761
83 1.205566
84 1.199615
85 1.194279
86 1.189893
87 1.186731
88 1.184992
89 1.184785
90 1.186124
91 1.188929
92 1.193025
93 1.198160
94 1.204015
95 1.210228
96 1.216413
97 1.222186
98 1.227190
99 1.231114
100 1.233715
