1 1.355583
2 1.367979
3 1.377926
4 1.386012
5 1.392857
6 1.399080
7 1.405269
8 1.411945
9 1.419537
10 1.428358
11 1.438593
12 1.450285
13 1.463341
14 1.477542
15 1.492553
16 1.507952
17 1.523260
18 1.537968
19 1.551575
20 1.563619
21 1.573709
22 1.581553
23 1.586972
24 1.589918
25 1.590479
26 1.588868
27 1.585421
28 1.580568
29 1.574813
30 1.568703
31 1.562792
32 1.557612
33 1.553636
34 1.551254
35 1.550745
36 1.552263
37 1.555828
38 1.561325
39 1.568512
40 1.577033
41 1.586444
42 1.596241
43 1.605888
44 1.614855
45 1.622650
46 1.628847
47 1.633116
48 1.635246
49 1.635151
50 1.632883
51 1.628625
52 1.622680
53 1.615455
54 1.607433
55 1.599144
56 1.591133
57 1.583925
58 1.577994
59 1.573733
60 1.571429
61 1.571244
62 1.573211
63 1.577224
64 1.583051
65 1.590345
66 1.598666
67 1.607511
68 1.616342
69 1.624622
70 1.631847
71 1.637578
72 1.641467
73 1.643282
74 1.642918
75 1.640405
76 1.635906
77 1.629708
78 1.622202
79 1.613861
80 1.605208
81 1.596787
82 1.589125
83 1.582703
84 1.577925
85 1.575091
86 1.574381
87 1.575842
88 1.579386
89 1.584797
90 1.591739
91 1.599784
92 1.608434
93 1.617153
94 1.625401
95 1.632667
96 1.638501
97 1.642542
98 1.644539
99 1.644371
100 1.642048
