1 1.032744
2 1.047263
3 1.059537
4 1.069526
5 1.077283
6 1.082953
7 1.086769
8 1.089035
9 1.090119
10 1.090423
11 1.090369
12 1.090367
13 1.090799
14 1.091992
15 1.094202
16 1.097599
17 1.102256
18 1.108152
19 1.115167
20 1.123096
21 1.131660
22 1.140528
23 1.149334
24 1.157705
25 1.165280
26 1.171740
27 1.176824
28 1.180344
29 1.182204
30 1.182401
31 1.181028
32 1.178268
33 1.174384
34 1.169703
35 1.164594
36 1.159449
37 1.154656
38 1.150578
39 1.147526
40 1.145746
41 1.145401
42 1.146559
43 1.149193
44 1.153182
45 1.158315
46 1.164310
47 1.170827
48 1.177493
49 1.183922
50 1.189741
51 1.194614
52 1.198262
53 1.200479
54 1.201148
55 1.200246
56 1.197847
57 1.194117
58 1.189302
59 1.183717
60 1.177722
61 1.171701
62 1.166042
63 1.161106
64 1.157210
65 1.154605
66 1.153464
67 1.153863
68 1.155786
69 1.159121
70 1.163666
71 1.169146
72 1.175224
73 1.181528
74 1.187671
75 1.193277
76 1.197999
77 1.201550
78 1.203711
79 1.204351
80 1.203435
81 1.201022
82 1.197264
83 1.192399
84 1.186730
85 1.180613
86 1.174430
87 1.168567
88 1.163391
89 1.159225
90 1.156329
91 1.154886
92 1.154986
93 1.156624
94 1.159700
95 1.164024
96 1.169327
97 1.175281
98 1.181516
99 1.187646
100 1.193291
