1 1.296879
2 1.314939
3 1.333848
4 1.353636
5 1.374196
6 1.395294
7 1.416594
8 1.437676
9 1.458075
10 1.477307
11 1.494909
12 1.510467
13 1.523647
14 1.534222
15 1.542083
16 1.547254
17 1.549889
18 1.550268
19 1.548781
20 1.545906
21 1.542178
22 1.538164
23 1.534423
24 1.531477
25 1.529778
26 1.529682
27 1.531430
28 1.535128
29 1.540750
30 1.548135
31 1.556998
32 1.566952
33 1.577529
34 1.588214
35 1.598475
36 1.607795
37 1.615709
38 1.621833
39 1.625883
40 1.627701
41 1.627259
42 1.624665
43 1.620154
44 1.614076
45 1.606874
46 1.599055
47 1.591161
48 1.583735
49 1.577288
50 1.572265
51 1.569021
52 1.567797
53 1.568704
54 1.571721
55 1.576692
56 1.583336
57 1.591269
58 1.600022
59 1.609075
60 1.617887
