1 1.896958
2 1.941026
3 1.983303
4 2.023251
5 2.060333
6 2.094055
7 2.124009
8 2.149903
9 2.171590
10 2.189083
11 2.202564
12 2.212374
13 2.219003
14 2.223062
15 2.225252
16 2.226324
17 2.227037
18 2.228116
19 2.230211
20 2.233857
21 2.239448
22 2.247216
23 2.257215
24 2.269325
25 2.283259
26 2.298584
27 2.314754
28 2.331139
29 2.347070
30 2.361884
31 2.374963
32 2.385778
33 2.393918
34 2.399124
35 2.401300
36 2.400524
37 2.397041
38 2.391253
39 2.383690
40 2.374984
41 2.365824
42 2.356918
43 2.348948
44 2.342531
45 2.338178
46 2.336262
47 2.337000
48 2.340437
49 2.346442
50 2.354721
51 2.364831
52 2.376212
53 2.388220
54 2.400166
55 2.411362
56 2.421164
57 2.429009
58 2.434454
59 2.437202
60 2.437119
61 2.434246
62 2.428796
63 2.421139
64 2.411778
65 2.401323
66 2.390449
67 2.379855
68 2.370222
69 2.362168
70 2.356213
71 2.352745
72 2.351995
73 2.354026
74 2.358725
75 2.365813
76 2.374862
77 2.385320
78 2.396548
79 2.407858
80 2.418555
81 2.427982
82 2.435563
83 2.440833
84 2.443470
85 2.443318
86 2.440392
87 2.434880
88 2.427128
89 2.417625
90 2.406966
91 2.395816
92 2.384875
93 2.374825
94 2.366294
95 2.359817
96 2.355798
97 2.354491
98 2.355979
99 2.360173
100 2.366813
