0 1.0043827190977859
1 1.0072960312307997
2 1.011095310764763
3 1.0420618547560259
4 1.0464407009035925
5 1.0464407009035925
6 1.0502892785762536
7 1.1430156770744608
8 1.243015677074461
9 1.243015677074461
10 1.243015677074461
11 1.343015677074461
12 1.443015677074461
13 1.443015677074461
14 1.5430156770744612
15 1.5430156770744612
16 1.5430156770744612
17 1.6430156770744613
18 1.6430156770744613
19 1.7430156770744614
20 1.8430156770744615
21 1.9430156770744615
22 2.0430156770744614
23 2.0430156770744614
24 2.1430156770744615
25 2.1698561300073615
26 2.2698561300073616
27 2.3090006696628134
28 2.344064300394253
29 2.3864626748292532
30 2.4453583720059457
31 2.5160838817905153
32 2.5160838817905153
33 2.537174047951522
34 2.5641655474544085
35 2.5886486778792097
36 2.6092502762105156
37 2.6143773588107537
38 2.647189190429671
39 2.662173388394317
40 2.662173388394317
41 2.662173388394317
42 2.688741325029205
43 2.688741325029205
44 2.7797516862056706
45 2.849687207806094
46 2.915929189878339
47 3.015929189878339
48 3.0997291455857603
49 3.1997291455857604
