0 1.0
1 1.0017185385592358
2 1.0017185385592358
3 1.0096073311609126
4 1.0096073311609126
5 1.0110029838318626
6 1.0526041767635959
7 1.083362460217991
8 1.1298975353675076
9 1.1298975353675076
10 1.2298975353675077
11 1.3298975353675078
12 1.4298975353675079
13 1.4298975353675079
14 1.4298975353675079
15 1.4298975353675079
16 1.529897535367508
17 1.629897535367508
18 1.7298975353675081
19 1.7298975353675081
20 1.8298975353675082
21 1.9298975353675083
22 1.9298975353675083
23 1.9298975353675083
24 2.029897535367508
25 2.0632839152381797
26 2.0632839152381797
27 2.0894692684618477
28 2.1894692684618478
29 2.1894692684618478
30 2.1894692684618478
31 2.1894692684618478
32 2.1894692684618478
33 2.1894692684618478
34 2.2262801571709137
35 2.2262801571709137
36 2.2262801571709137
37 2.2262801571709137
38 2.2472939394178812
39 2.2723101088812667
40 2.3267269045761716
41 2.3267269045761716
42 2.3744683055635973
43 2.4523205679760105
44 2.4523205679760105
45 2.4523205679760105
46 2.4523205679760105
47 2.5523205679760106
48 2.5523205679760106
49 2.5523205679760106
