0 1.0
1 1.0
2 1.0
3 1.093936792544746
4 1.1278648961400648
5 1.1278648961400648
6 1.1278648961400648
7 1.1452523359191833
8 1.1452523359191833
9 1.216930504248832
10 1.3169305042488322
11 1.3865438285251663
12 1.4618913447097117
13 1.5544292721367994
14 1.6544292721367995
15 1.7544292721367996
16 1.80693485610743
17 1.8690040656042133
18 1.9255728983526916
19 1.9805887983998853
20 2.0315415435211372
21 2.0315415435211372
22 2.0850444761414275
23 2.1517022002025814
24 2.1517022002025814
25 2.2355977786252708
26 2.2355977786252708
27 2.302681348520644
28 2.402681348520644
29 2.5026813485206443
30 2.6026813485206444
31 2.6026813485206444
32 2.70105200806486
33 2.793111444825208
34 2.793111444825208
35 2.8540738741020264
36 2.8540738741020264
37 2.8540738741020264
38 2.916661425205079
39 2.9822138198263195
40 3.0145918160215497
41 3.061286362639151
42 3.061286362639151
43 3.061286362639151
44 3.1563000199901774
45 3.244001213802561
46 3.244001213802561
47 3.244001213802561
48 3.30677569598591
49 3.320680370387682
