0 1.0965556809570485
1 1.146059793580607
2 1.246059793580607
3 1.246059793580607
4 1.3367553441678948
5 1.4330283672513913
6 1.5283971047404683
7 1.5283971047404683
8 1.6048376229927366
9 1.6972990491483109
10 1.7593549013426497
11 1.7593549013426497
12 1.8156399400169136
13 1.8683191756908728
14 1.9172051743780263
15 1.957395642936098
16 2.0091383185784037
17 2.062340046734381
18 2.1090287931762255
19 2.146191021261831
20 2.1961439346676963
21 2.2422076531273163
22 2.2422076531273163
23 2.2836067112253273
24 2.3278418648187436
25 2.391846083748951
26 2.442251451084433
27 2.442251451084433
28 2.488605577975567
29 2.5386297618794433
30 2.582238749891862
31 2.6436954579202765
32 2.702565882903122
33 2.802565882903122
34 2.8880108748875055
35 2.946967180663824
36 3.044803634087672
37 3.044803634087672
38 3.044803634087672
39 3.044803634087672
40 3.1297497905882166
41 3.1796910379790972
42 3.258667354356437
43 3.330733683772366
44 3.330733683772366
45 3.40615422709584
46 3.40615422709584
47 3.4657466725747064
48 3.539191121442727
49 3.599457028267351
