0 0.0008689711338854496
1 0.0008689711338854496
2 0.0
3 0.0
4 0.0008689711338854496
5 0.0
6 0.0008689711338854496
7 0.0008689711338854496
8 0.0
9 0.0008689711338854496
10 0.0008689711338854496
11 0.0
12 0.0
13 0.0008689711338854496
14 0.0
15 0.0008689711338854496
16 0.0
17 0.0008689711338854496
18 0.0008689711338854496
19 0.0
20 0.0008689711338854496
21 0.0008689711338854496
22 0.0008689711338854496
23 0.0008689711338854496
24 0.0008689711338854496
25 0.0008689711338854496
26 0.0
27 0.0008689711338854496
28 0.0008689711338854496
29 0.0008689711338854496
30 0.0008689711338854496
31 0.0008689711338854496
32 0.0
33 0.0008689711338854496
34 0.0
35 0.0008689711338854496
36 0.0008689711338854496
37 0.0
38 0.0008689711338854496
39 0.0008689711338854496
40 0.0008689711338854496
41 0.0
42 0.0
43 0.0
44 0.0008689711338854496
45 0.0008689711338854496
46 0.0
47 0.0008689711338854496
48 0.0
49 0.0
50 0.0
51 0.0008689711338854496
52 0.0008689711338854496
53 0.0008689711338854496
54 0.0008689711338854496
55 0.0
56 0.0008689711338854496
57 0.0008689711338854496
58 0.0008689711338854496
59 0.0008689711338854496
60 0.0
61 0.0
62 0.0
63 0.0
64 0.0
65 0.0008689711338854496
66 0.0
67 0.0008689711338854496
68 0.0008689711338854496
69 0.0008689711338854496
70 0.0008689711338854496
71 0.0008689711338854496
72 0.0008689711338854496
73 0.0
74 0.0008689711338854496
75 0.0
76 0.0008689711338854496
77 0.0
78 0.0
79 0.0
80 0.0
81 0.0008689711338854496
82 0.0008689711338854496
83 0.0
84 0.0008689711338854496
85 0.0
86 0.0008689711338854496
87 0.0008689711338854496
88 0.0008689711338854496
89 0.0008689711338854496
90 0.0008689711338854496
91 0.0008689711338854496
92 0.0008689711338854496
93 0.0008689711338854496
94 0.0
95 0.0
96 0.0
97 0.0008689711338854496
98 0.0008689711338854496
99 0.0008689711338854496
