2 11.722406015311934
3 2.5713952540656146
5 2.27771625037539
6 6.541950404040056
8 2.14768830223425
9 2.475098550327057
10 2.1836336614461174
11 2.101047176657244
12 2.361630598288066
13 1.1718307117099924
15 1.5611448862353856
16 1.114546385067651
19 1.1025157965810757
21 0.9317973997169038
22 0.7486305385368931
24 0.9579926014420814
25 0.8728832163384488
26 0.8345757359345669
27 1.0228093475982323
29 0.7597282901554588
30 0.6325668255585969
31 0.48988055463871477
32 0.6168587146192818
33 0.4744584176449452
35 0.8120593047509729
36 0.5233502230855831
37 1.2140910671520764
39 0.628773304680068
41 0.655695493911744
42 0.531729318722755
43 0.5346311811582513
44 0.6430827001536815
45 0.5881307289870127
47 0.7156423757295982
48 0.5758839970723436
49 0.6857727528741516
50 0.8004591945813851
51 0.8811170198378176
52 0.7056007293655994
53 0.5494809798875501
54 0.8127879857263992
55 0.9160177523536439
56 0.5902758470329851
57 0.5920928788410932
58 0.9319344882366776
62 0.7974679021900369
63 0.6916203813568265
65 1.1089040702658384
67 0.9327204220248726
68 0.9214879172928745
69 0.574691906831876
70 0.8205133976209678
71 0.459949806318783
74 0.7260178272296967
75 0.8761056974730179
78 0.6281249127218076
82 0.9190369983632455
84 1.1164822315262732
85 0.9576928514715694
89 0.9251254955765477
91 0.7199641174239437
92 0.5546161790918825
94 0.9450011032957639
98 1.128894400466911
99 0.6176057987915199
