0 3.078949321760806
1 3.0826972296993578
2 11.723139603975477
3 2.5719828262054785
4 11.227350954629014
5 2.27770297193631
7 3.061652179582849
8 2.1470138152753555
9 2.47411079885179
10 2.1825634992420735
13 1.17097399520457
15 1.5599228261781528
16 1.1134851325729198
17 1.247933670170201
18 0.8872344198521096
20 1.3966422992437784
22 0.7478045510060819
23 0.6469618611031407
24 0.9575729540321039
25 0.8721953807633822
26 0.8339716824106096
27 1.0222450851622447
28 0.6630832716216172
30 0.6319954060627064
33 0.47396307170974944
34 0.6890630956187033
35 0.8116334689946922
36 0.5230357002894463
37 1.2135858812676545
39 0.6284683157051381
40 0.6112626513905118
41 0.6554068469168682
43 0.5342382963317559
44 0.6428055279458198
45 0.5878144108348562
46 0.9006082856708587
49 0.6856270926610144
50 0.8002310276952659
51 0.8810663444878996
53 0.5492073799839385
54 0.8125508193345421
55 0.9159561443872294
56 0.590200927690545
57 0.5917129717732286
58 0.9318628466269469
61 0.534209859011069
62 0.7975464179136309
63 0.6912236211865076
65 1.1089515048337864
66 0.4887420422974459
68 0.9215471155541073
69 0.5747068214438957
70 0.820473870403754
71 0.459665639257241
73 0.8214210402424897
76 0.8953918556863409
80 0.57143292733013
81 0.8153322691050531
82 0.9188049120205398
83 0.6866892280942791
86 0.8282224997507828
87 0.7413523265699958
88 0.6708127040761713
89 0.9251255856235581
91 0.719702869944658
92 0.5545213283493271
95 0.7998710932893518
96 1.2050606271424904
97 0.6535538830421075
98 1.1288942714824879
