0 3.080107558117098
1 3.080467153182658
3 2.5718400588231436
4 11.227472502123646
5 2.2783470535039667
6 6.542458551136761
7 3.062580514229902
8 2.1480949483546405
9 2.4756152303635846
10 2.184359755142257
12 2.362222987434406
13 1.1723346267603387
14 0.9795777084910288
15 1.5618181660134451
16 1.1151988569222329
18 0.8891458431385857
19 1.1033903334775357
20 1.3979030173015792
22 0.7494137934400844
23 0.6482794633988382
24 0.9586056021764344
25 0.8735724465347409
26 0.8352411868024988
28 0.664213842480687
30 0.633276991132598
31 0.4905820188744439
32 0.6175602499820472
34 0.6903949739204004
35 0.8126660462376902
36 0.523925741734457
37 1.2147607126533002
38 0.7195864853003053
39 0.6293473180928111
40 0.6122914334455856
41 0.6562380182527303
42 0.5323029923467146
43 0.5352017595985847
44 0.6436220607960101
46 0.9013020938148315
47 0.7161254260134061
48 0.5763886452978462
49 0.6862749578175781
52 0.7061746855526173
53 0.5500666605915745
56 0.5908622112767601
57 0.5927779018618556
58 0.9325196096274114
59 0.817266860464516
60 0.8219500294369072
61 0.5349002410678894
62 0.7979448286593502
63 0.6921960834715442
65 1.109380363633486
66 0.4895459542910787
67 0.9332298867121942
68 0.9219345813856588
70 0.8206812535260889
72 0.8029365727578002
73 0.821813173412417
74 0.7264825419781441
77 0.5600081126681806
79 0.7104310627010207
80 0.5718977923764542
81 0.8158482722908074
82 0.919133035224846
83 0.6873941576704407
84 1.1169339286169233
89 0.9253366717419732
90 0.7094234773003041
92 0.5550731406406049
93 0.8221709576155715
94 0.9452268138561987
96 1.205174992791668
98 1.128803458518092
99 0.6175282033825609
