0 3.0805708526596147
2 11.721585260761058
3 2.5705210148125817
4 11.226166223364938
5 2.276826312573569
7 3.0609229178097457
8 2.1465546234261494
9 2.473940041332779
10 2.1824830404081026
12 2.360641739661013
13 1.1711616863213514
15 1.560280359838689
17 1.2482404543486953
18 0.8877097344026558
20 1.396944277166326
21 0.9314004341642899
22 0.7483290776391129
23 0.6474508629140777
26 0.8345120991299529
27 1.022825229351751
28 0.6636669805803375
29 0.7598970990573715
33 0.47466531521447625
34 0.6898199376681887
35 0.8123074932324895
37 1.2143150590483263
38 0.7193140815528272
40 0.6120375536989254
43 0.5350470152153671
44 0.6435543109740345
45 0.5886388282821654
46 0.9013689912948645
47 0.7162961936559119
48 0.5765593498319839
50 0.8011530978546129
52 0.7063212100364226
53 0.5502390129025276
54 0.8135995618095528
55 0.9168887187525933
59 0.8174485456972054
60 0.8223938590729833
61 0.535250335663579
63 0.6925003357200451
64 0.8415296006558027
65 1.1098513963356482
66 0.4899423940873461
67 0.9337107859161045
68 0.9225266726551128
69 0.5756508757063095
71 0.4610092018822881
72 0.8034629270075642
73 0.8224257627448035
74 0.7271003365327462
75 0.8772236729447733
78 0.6291325672095015
79 0.7111298814083923
81 0.8164843622797939
82 0.9198127612127179
83 0.6879866870185929
84 1.117612564481975
86 0.8292101714708596
87 0.7423032999712232
88 0.671856057922824
89 0.9260861267488354
90 0.7101857408785448
93 0.8228251179719412
94 0.9460133158308479
95 0.800987124275144
96 1.2059780538116323
97 0.6545809056647685
98 1.1296337673887231
99 0.6183073721177337
