0 3.080107558117098
1 3.080130848967579
2 11.722220852413153
4 11.227067164872674
6 6.541775492928208
8 2.147456324607055
10 2.1834151195566154
11 2.1006290685024998
12 2.3612336609325264
14 0.9787006871726806
15 1.560814191651815
16 1.114233596920945
17 1.2484345975251478
19 1.1023737096232782
20 1.3972161532779428
21 0.9318533856390547
23 0.6476407797691097
26 0.8347270619482867
27 1.0230405518572419
29 0.7600972003332733
30 0.6330126109383181
31 0.4903208508271087
32 0.6172990738765266
34 0.6901284021242345
37 1.214666202380608
38 0.7195766006295647
39 0.6293852275562127
40 0.6124877455881708
41 0.6564201705641902
42 0.5326491341034165
43 0.5356983520353295
45 0.5891963655872514
46 0.9018194488023987
47 0.7166521617101632
48 0.5769550989387234
49 0.6869713532338195
50 0.8018491372745683
51 0.8825075240254492
54 0.8145028527827791
55 0.9177081524066413
57 0.5942311940889122
59 0.8188804603330956
61 0.5363121892882657
64 0.8426642430784533
67 0.9347827836450888
68 0.923315704247093
69 0.576395720835889
72 0.8045396460112691
75 0.8781851168877111
76 0.8971549748763236
77 0.5614576427422834
78 0.6299749566330176
80 0.5733618603461925
81 0.8174579721663838
84 1.1185326178869883
85 0.9597022858450793
86 0.8300380570176332
88 0.6727910790567133
89 0.9268799493906639
90 0.7109197121604416
91 0.7210365757544812
93 0.8242302575241637
95 0.8020909304509506
97 0.655579347684988
98 1.130279201329141
99 0.6189025923516124
