0 3.078949321760806
1 3.082720996372645
3 2.5725750823743216
5 2.2788357622057305
6 6.542572917014586
10 2.1841849156464685
11 2.1009427845277298
13 1.1710317416097618
14 0.9782940159153897
15 1.5603578818684227
17 1.2477731842462656
18 0.8874959004221296
19 1.1016136149195417
20 1.3966509409410632
21 0.9308861134349256
22 0.7478045446861855
23 0.646961869249224
24 0.9575729636921445
25 0.872195559719456
27 1.022245106766096
28 0.6630831992758475
29 0.7592735391626317
30 0.6319955085961999
31 0.4893371395527797
33 0.4739631409514769
35 0.811633481321059
37 1.2135862192728823
38 0.7186344931670983
41 0.6554068201368111
42 0.5313239920817413
44 0.6428054125357819
45 0.5878145270591181
46 0.900608203437672
47 0.7155682792505598
48 0.5757275346988899
49 0.6856269957971479
50 0.8002309113610878
53 0.5492074018709492
56 0.5902009699699771
57 0.5917126524334146
58 0.9318628138000646
59 0.8162195237991396
60 0.8215418323797742
63 0.6912236534310534
64 0.8404207588864866
65 1.1089514335591582
66 0.4887418721715959
67 0.9325667102102393
70 0.8204737410295856
73 0.8214210214113143
74 0.7260151928133581
75 0.8759940909336681
76 0.8953919632647178
77 0.5596329789564929
78 0.628059470365742
79 0.710203947490091
80 0.5714330849152274
81 0.8153323261809529
82 0.9188046407028418
83 0.6866894704503789
84 1.1164726346030265
85 0.9577081791032027
86 0.8282225150952635
87 0.7413523690438999
88 0.6708127168456702
91 0.7197024578526443
92 0.5545216245787078
95 0.7998708514722304
96 1.205060761196561
97 0.6535539433005775
99 0.6176069336222156
