0 0.00026407382706508084
1 0.0
2 0.0009819539449493694
3 0.004196332522691593
4 0.0007125621133014842
5 -7.544516228906171e-05
6 0.0004607241000504386
7 0.0036261949169972326
8 0.0025278130352289437
9 0.0
10 0.0005453442731527253
11 0.0020442851923094113
12 0.0
13 0.0009575271504441815
14 0.0
15 0.0013546558129600224
16 0.0030082511036443917
17 0.0029549530417373854
18 0.0
19 0.0
20 0.0005382225308577909
21 0.000815637431166196
22 0.0005279616806700166
23 0.0
24 0.002079613910450921
25 0.0004956667939996976
26 0.000778030909937681
27 -1.2207263877031945e-05
28 0.0
29 0.0
30 0.003929988586000832
31 0.001707473660072563
32 0.00010177735083144252
33 0.0009910801451726672
34 0.0006140057674177511
35 0.0006993370984125114
36 0.0018754749875121816
37 0.0026512862392112585
38 0.002054675646256159
39 0.0011433233935005415
40 0.0
41 0.0010608637775246393
42 -0.0015401347092227557
43 0.0
44 0.00029931592368369125
45 0.0
46 0.0007487538583848207
47 0.0
48 0.0007326640276339522
49 0.0
50 -0.0007412787118813778
51 0.004713969096503304
52 0.0
53 0.00043717949017907463
54 -0.0007616488333370222
55 -0.0007508244593911625
56 0.0
57 0.0
58 0.0037658808049362918
59 0.0
60 0.001196521880928367
61 0.0030027820456670832
62 -6.736413463705846e-05
63 0.0
64 0.0006820338543221464
65 -0.0007445777748561465
66 0.0005179379244156123
67 0.0
68 -0.0016178359798074639
69 0.0
70 0.0
71 0.0025102321692799076
72 -0.0005221551360872634
73 0.0025700269842284045
74 0.0007959993575312792
75 -0.0010293567238934325
76 0.0
77 -0.0015487862352509913
78 -0.00041984994710744425
79 0.0003725078747054499
80 0.003251361830641987
81 -0.0005695201477863747
82 -0.0024908213692472246
83 -0.003648953871225536
84 0.0014685906640956737
85 0.0014540341992030107
86 0.0
87 0.00686069650617561
88 0.0009574727875788677
89 -0.0016971442229640067
90 0.0029034298798992866
91 -0.0019800043207968596
92 0.0011419773966616644
93 0.0
94 0.0
95 -0.0010537580746922026
96 -0.0010303750262030578
97 0.0
98 0.0070956200298864175
99 0.00979528490638441
