0 0.0008218141667313127
1 0.002312297384008737
2 0.0
3 -0.0005925702451899908
4 0.001424914895615026
5 0.0014293165509978146
6 0.00014314047374720478
7 0.00029617950088723364
8 0.0
9 0.0017185980539518623
10 0.0007255232720395313
11 0.0008537733952295781
12 0.0005989635579495394
13 0.0
14 0.0007480475758841643
15 0.0
16 0.0019545264005488804
17 0.0008278048058369135
18 0.0021492131717123723
19 0.0
20 7.817864052791125e-05
21 0.0
22 0.0028467296149757492
23 0.0
24 0.0019795850943216137
25 0.001949109481822452
26 0.00040913256649325735
27 0.0002138248192909949
28 0.0006815708859871927
29 0.0012368558189882674
30 -0.00010414711824319829
31 0.001468750515354804
32 0.0002612213988329949
33 0.0011775881012993747
34 0.0
35 0.0
36 0.0005755136927540498
37 0.0008654075609590612
38 -0.0008621919212656611
39 0.0
40 0.0006415503861848433
41 0.0
42 0.0015105496907269211
43 0.0
44 0.002292091491322677
45 0.0003234521969489093
46 0.00020659065909791748
47 0.0008150790436203505
48 0.0
49 0.001963226278876972
50 0.007700025207708587
51 0.0016702094565841006
52 0.0010200902886684496
53 -0.0010621439941873776
54 -0.0020900312665318287
55 0.0
56 0.0
57 0.0
58 0.0
59 0.0056933167820697374
60 0.0003214206634926128
61 0.0003430782391774998
62 0.0
63 0.000662635265918507
64 0.0005900695639807717
65 0.0009549463795663155
66 0.004084804580909543
67 0.003461729026430277
68 0.0008605944117404488
69 -0.0006667169886270815
70 -0.0029639395552771082
71 -0.0020177127742753566
72 0.0
73 0.0
74 0.0
75 0.0
76 0.0
77 0.0
78 0.0021948570968430246
79 0.0
80 0.0
81 0.0
82 0.001217111966349703
83 0.007342686463453551
84 0.0
85 0.0013099367254309417
86 0.0
87 -0.001084950691365315
88 0.0
89 -0.0020134594683577037
90 0.0011520420836475514
91 0.00473544924984753
92 0.0
93 0.00940792667191008
94 0.0036526855184020983
95 0.0018437993169520015
96 0.0047959317780453285
97 0.004459909081511942
98 0.0
99 -0.0010013323340092668
