0 -0.003866115543698344
1 -0.007752001281749456
2 0.0
3 -0.000898110769154756
4 -0.006582643295618193
5 0.0
6 -0.0021948533357068435
7 -0.006731492897594189
8 -0.004059996032326203
9 -0.004470629781905033
10 -0.0049145242095787085
11 -0.003923367529608158
12 -0.005491614029647311
13 -0.004781127811960394
14 0.0
15 -0.0026186043960528963
16 -0.005412861016209083
17 -0.0047818072514465735
18 -0.004371160886125549
19 -0.004856717830702361
20 0.0
21 0.0
22 0.0
23 -0.0034079605740916182
24 -0.004654931070202559
25 -0.0038930407107829437
26 0.0
27 0.0
28 -0.0031440866549514324
29 -0.004176766284154441
30 -0.004729706071380797
31 -0.003992123036985754
32 -0.004364256494543697
33 -0.003880005362512337
34 0.0
35 -0.0036644978228261246
36 -0.004385969977723287
37 -0.003648902121901948
38 -0.004915753682365082
39 -0.004237569453327095
40 -0.0037418506408323083
41 -0.004071637554425299
42 0.0
43 -0.0033029184023562696
44 -0.003477254119571186
45 -0.003955276157542182
46 -0.0036819072171751727
47 -0.004489859616485746
48 -0.00405532939104161
49 0.0
50 -0.004056924286440253
51 -0.004337911687306438
52 -0.004512800815987622
53 0.0
54 -0.004019558818892998
55 0.0
56 -0.0035711611656239523
57 -0.003991754325479533
58 0.0
59 -0.0035157844905288815
60 0.0
61 -0.0032864975848251494
62 -0.004233661910597369
63 -0.0038525414749151603
64 -0.003883559328727943
65 0.0
66 -0.003263409767852002
67 -0.004223299709435646
68 0.0
69 0.0
70 -0.003773373616340006
71 -0.0035640905956284556
72 0.0
73 0.0
74 -0.003223060537190057
75 -0.0032390396357350015
76 -0.004395941075837917
77 -0.004218532611589235
78 0.0
79 -0.003030832371083386
80 -0.004018044040974835
81 -0.003978533243448222
82 -0.0037162961527330233
83 -0.004573749041923844
84 0.0
85 -0.002230052479325835
86 -0.0043416946069716736
87 0.0
88 0.0
89 -0.004005300580485995
90 -0.00425564782607403
91 0.0
92 -0.0021352722306759876
93 -0.003999617168186847
94 -0.0027868682303088927
95 -0.0041019954949434705
96 -0.002630237015150316
97 -0.004114640272081716
98 -0.003753830604091774
99 -0.003971226893214794
