0 0.0
1 0.0011430145490096758
2 0.0016612720413460363
3 0.0029891116947930417
4 0.0
5 0.0014097487433646853
6 0.0
7 0.0007991132308000623
8 0.0005816141611875891
9 0.002318399197065817
10 0.002908999019889497
11 0.0
12 0.0008370780276883481
13 0.0004990071728117027
14 0.001305813230614822
15 0.0015114148699079586
16 0.0
17 0.0
18 0.0
19 0.00131107133124739
20 -0.0001444837066967281
21 0.00192695684229985
22 0.0
23 0.0015696248118891158
24 0.0
25 0.0006443168480198249
26 -7.256045529574686e-06
27 0.0001971262870074625
28 0.0
29 0.0011452290817777894
30 -0.00041347192722145505
31 0.000483678741785907
32 0.0010854557963223086
33 0.0
34 -0.0003551453660658914
35 0.0009752317739542098
36 0.0
37 0.0005608759255675443
38 0.0007424362598090074
39 0.0024486972277803663
40 0.0
41 0.0007441165701890761
42 0.0016240585587762191
43 0.001691042427730182
44 0.0018565029810038108
45 0.0
46 0.0
47 0.003150551553483466
48 0.0
49 0.00012246077901005152
50 -0.0001308231428895042
51 0.0
52 0.00039156433519712224
53 0.0
54 0.0
55 0.0
56 0.009721522453616384
57 0.0003502310388216317
58 -0.0023485712347633605
59 0.0
60 0.001322841246963787
61 0.0033932478760234502
62 0.0004912250445183766
63 -0.0007017482105128183
64 0.0
65 0.001990692832919324
66 0.003936044666464811
67 0.0025930263893071412
68 0.0
69 0.0014529809444881673
70 0.002799719616592368
71 0.003298664995865496
72 0.0
73 0.00274798833463419
74 0.0052465336558781125
75 0.0
76 0.0017968704843730249
77 -0.00044129983940038295
78 -0.0007490603033740618
79 -0.000822514411958742
80 -0.002190830844116831
81 0.00715141766245963
82 0.0
83 0.0
84 -0.0006776248423801979
85 0.0016929534388231775
86 0.006230133800307611
87 0.002467007466558172
88 -0.000705907333508379
89 -0.001472151401356167
90 0.0023334367985308477
91 0.0
92 0.0
93 0.0007238833936376962
94 -0.002140846337040397
95 0.0
96 -0.0008477636645283562
97 0.005932898528631032
98 0.0012358689667411392
99 -0.00031263105252180885
