0 0.0003883740255257704
1 0.0011692088487222352
2 0.0007618278379668435
3 0.0
4 0.002031572948701805
5 0.0
6 0.00010834421254861268
7 0.00020816026176688775
8 0.001247413065231572
9 0.0031737682604632655
10 0.0
11 0.003078603653053532
12 0.0013914076806369206
13 0.004207885375021846
14 0.00031667134184230775
15 0.001366200643768858
16 0.0
17 0.0
18 0.0007074723021527567
19 0.0016069754829861984
20 -0.00038811691526618964
21 8.42696902809944e-05
22 0.0
23 0.0
24 0.0
25 0.0
26 0.0014454436715374633
27 -0.0002571725327957379
28 0.00011915011394958343
29 0.0
30 0.0
31 0.0
32 0.0
33 0.0
34 0.002270854983468738
35 0.0015082921786014909
36 0.0017596791088486546
37 -0.0002981865659824182
38 -0.00042283368064516204
39 0.0
40 0.0015360881354390238
41 0.0007629214377764719
42 -0.000181024298018878
43 0.0028850972415738582
44 0.0
45 0.00074807887402914
46 -0.0007597340191404822
47 -0.0006979284064735656
48 0.0024884406120196053
49 0.0
50 0.0
51 6.760380193559761e-05
52 0.0011869469814116955
53 -0.0001480595946086379
54 0.00031033311932278796
55 0.0006201605135636632
56 -0.00029698843667475255
57 0.00030838355023526807
58 0.0025030123736489904
59 -2.341251259082161e-07
60 0.0
61 0.0
62 0.0022017522432001163
63 0.0005956621360012898
64 0.002963747828310121
65 0.0026541851409715694
66 -0.000875340923818328
67 -0.0014015926458175578
68 -0.0024033841141130165
69 -0.0018231611385111578
70 -0.0008457042977460718
71 0.0007423603823445442
72 0.0008318825545435104
73 0.0
74 0.0
75 0.0028314340130104207
76 0.007741515894227339
77 0.006908928242169062
78 0.0011066440939297996
79 0.00010066848105261799
80 0.0
81 -0.00048088959602479215
82 -0.002433920146012514
83 0.0
84 -0.0024368424058974986
85 -0.0014978566892050623
86 -0.002125048488850096
87 -0.0020199663068439008
88 -0.0006501870812801239
89 0.0
90 -0.0026045145253597154
91 -0.002325798026294376
92 0.0
93 -7.083821506591816e-05
94 0.0
95 0.005485326445531461
96 0.0
97 0.0
98 0.0008711079528919984
99 0.0007423004449854291
