0 0.0007996423733676049
1 0.0
2 0.0
3 0.0
4 0.0
5 -0.0004835618135847369
6 0.0007728585426905746
7 0.000569740424109172
8 0.0014053854508570794
9 0.00030422040811266764
10 0.0014063582493742952
11 0.0
12 0.0006749567049372269
13 0.0009460254295838444
14 -0.0009543094459551496
15 0.0
16 0.0
17 0.0
18 0.002535083486285247
19 0.002159282610575829
20 -0.00046423291315028875
21 -0.0004341047014680565
22 0.0007044532996562906
23 0.0020962456729705435
24 0.0
25 0.003060491954731319
26 0.0006093981255299864
27 0.0
28 0.0
29 0.002674691584734205
30 -0.0004896083331002416
31 0.0
32 -0.0006039910889033899
33 0.0014563807545244591
34 0.00030833289421507826
35 -0.0003851407766517034
36 -0.0007051965221069857
37 -5.7176933627000935e-05
38 0.00260319912800652
39 -0.0003027954894454723
40 0.0008230180879562968
41 0.00216285234570269
42 -0.0005267486337617333
43 0.00032711894772309184
44 -0.0012680813805145614
45 0.0
46 0.0015776560551203297
47 0.0
48 0.0008498924887095392
49 -0.00040197342854510746
50 -0.0006166901274799022
51 -0.0002897481783620362
52 0.00010469458504743714
53 -0.0010920248720990965
54 0.0025500606258642027
55 0.0026369468282109155
56 0.0
57 -0.0003922078844810839
58 0.0003105872667046097
59 0.0
60 -0.0007381935557529786
61 0.00045256547189537156
62 0.0
63 0.004983989068213814
64 0.0005751029249177345
65 0.0
66 0.0
67 0.0
68 0.001070217411321627
69 0.0006888954676188726
70 0.0
71 0.0
72 0.0014059489314226794
73 -0.0018864113144750796
74 -0.0007756559954247557
75 -0.0007038713966004462
76 -0.0005913318729665984
77 2.1394055081011767e-07
78 0.0
79 0.006357363350396626
80 0.0
81 0.003640129972964686
82 0.0030940143090540224
83 -0.0016287566194147487
84 -0.0022768721980782097
85 0.0
86 -0.0018186646862064398
87 -0.0032825520370872623
88 0.0012757463409328196
89 0.0
90 -0.0003746698931086948
91 -0.0005218943207919014
92 2.4749006832537326e-05
93 -0.001595129575120388
94 -0.002493826683927697
95 0.0
96 0.0
97 -0.0028468266070736333
98 -0.002094161676881185
99 -0.0019689790508543186
