0 2.3041706761018492
1 2.3041706761018492
2 5.899850828835048
3 2.306277401520267
4 2.826484504569218
5 2.240049313106258
6 2.50173380399232
7 2.6358726564515327
8 2.1711649341949535
9 2.191443262254746
10 2.2827883119176784
11 2.008007908492213
12 2.1751920739563255
13 1.7641017069504676
14 1.9666655953823746
15 2.06816808885039
16 2.4379851832392694
17 1.85856907666743
18 1.8510487638585305
19 1.9214479780406994
20 1.6718454589651068
21 1.8252411741427266
22 1.534598744113485
23 1.6339136430515626
24 1.4961897127865362
25 1.817282236273419
26 1.4675004563824752
27 1.6476671993315137
28 1.532519909137963
29 1.6565247044178886
30 1.5245408530377416
31 1.528280393222161
32 1.5261763962036754
33 1.8147960101206033
34 1.371924707331069
35 1.5852259000460371
36 1.5351675519658985
37 1.6267727314054692
38 1.430221002908868
39 1.5455382202572525
40 1.3092547086840465
41 1.4866902361776524
42 1.4352793653718614
43 1.451108977577166
44 1.3021806531559112
45 1.5741835756525084
46 1.3179961673901972
47 1.3928736899108451
48 1.4008415008120643
49 1.5043881778884922
50 1.3908248206309544
51 1.402101770892909
52 1.526102917960797
53 1.3623915800072475
54 1.5087737884729426
55 1.4230714817480175
56 1.391155410394785
57 1.2954428042619557
58 1.4854296451808215
59 1.5033401159983584
60 1.3850103446688025
61 1.230890273308606
62 1.5697277038425035
63 1.302025413269948
64 1.6234390631893392
65 1.4286294113900524
66 1.3272671544520849
67 1.5005166088969595
68 1.3884571412845381
69 1.326113253301276
70 1.5927789987957843
71 1.3806650734086063
72 1.5129300573630962
73 1.2713213670275216
74 1.4118690933375675
75 1.5653978676217917
76 1.4310836449793087
77 1.3788187844344535
78 1.3514134725062077
79 1.471456328304464
80 1.4683797995098402
81 1.38251040243678
82 1.5143564045131146
83 1.38232741589116
84 1.3867500412461757
85 1.5045618420244335
86 1.4688330452831824
87 1.4152402923473908
88 1.414435089969902
89 1.362835487286361
90 1.387222710729337
91 1.5611300723246035
92 1.4251462320824533
93 1.509621972929456
94 1.611777666080568
95 1.4477444626159919
96 1.4017334435433955
97 1.5600265642957083
98 1.5899296108067669
99 1.6098188448128736
