0 1.0
1 1.0
2 1.0280411449416615
3 1.0280411449416615
4 1.0676216379551862
5 1.0676216379551862
6 1.1676216379551863
7 1.1676216379551863
8 1.1676216379551863
9 1.2676216379551863
10 1.2676216379551863
11 1.2676216379551863
12 1.3676216379551864
13 1.4676216379551865
14 1.4676216379551865
15 1.528016334693002
16 1.528016334693002
17 1.528016334693002
18 1.628016334693002
19 1.628016334693002
20 1.7280163346930022
21 1.7280163346930022
22 1.8280163346930023
23 1.9280163346930024
24 1.9280163346930024
25 1.9280163346930024
26 2.0280163346930022
27 2.0795760294412013
28 2.0925799970999766
29 2.158343575398644
30 2.252429726903283
31 2.3524297269032832
32 2.3888706439355087
33 2.4380072259532457
34 2.4844612363547447
35 2.4844612363547447
36 2.584461236354745
37 2.6048888410566478
38 2.6565918724849995
39 2.6565918724849995
40 2.679731923831558
41 2.721084281169974
42 2.8210842811638828
43 2.9098963826363984
44 2.9982345776990664
45 3.00920203638806
46 3.10920203638806
47 3.10920203638806
48 3.20920203638806
49 3.235040115537424
