0 1.1
1 1.1
2 1.1603375831465848
3 1.24405697452255
4 1.3395386608835498
5 1.3395386608835498
6 1.421604974249218
7 1.4904627863686692
8 1.555415610145518
9 1.555415610145518
10 1.6554156101455182
11 1.7426654432170074
12 1.7890305290505863
13 1.8342360699019096
14 1.8836629520754364
15 1.9735168558500655
16 2.031612611109119
17 2.070552440175274
18 2.117588691866005
19 2.160821241201165
20 2.208352569404402
21 2.252057270863156
22 2.252057270863156
23 2.252057270863156
24 2.3082638753320945
25 2.3082638753320945
26 2.3082638753320945
27 2.3546706139951596
28 2.3546706139951596
29 2.3546706139951596
30 2.433152620657407
31 2.533152620657407
32 2.633152620657407
33 2.7301111470776496
34 2.8301111470776497
35 2.9301111470776497
36 2.9763474155681364
37 2.9763474155681364
38 3.027261236248933
39 3.0842105416492305
40 3.0842105416492305
41 3.0842105416492305
42 3.125619437890557
43 3.187841803912416
44 3.187841803912416
45 3.278015487162382
46 3.278015487162382
47 3.319263099312681
48 3.3519048729844507
49 3.4342748476306513
