0 1.0043827534884873
1 1.0089548948537976
2 1.0089548948537976
3 1.0660749429596081
4 1.0660749429596081
5 1.1617600946555746
6 1.1617600946555746
7 1.2617600946555747
8 1.3617600946555748
9 1.4210877200161716
10 1.4952558978696986
11 1.4952558978696986
12 1.5952558978696987
13 1.5952558978696987
14 1.6952558978696988
15 1.7248763457437202
16 1.7782631002973344
17 1.8782631002973345
18 1.8782631002973345
19 1.9782631002973345
20 1.9782631002973345
21 2.0782631002973346
22 2.110686606497052
23 2.181190908412251
24 2.181190908412251
25 2.193932183042198
26 2.293932183042198
27 2.293932183042198
28 2.3300604753568614
29 2.3300604753568614
30 2.377260391123
31 2.377260391123
32 2.403407520029431
33 2.461197083839325
34 2.494826732829283
35 2.5627624527951767
36 2.5627624527951767
37 2.5749621113658483
38 2.5749621113658483
39 2.6210172422975724
40 2.6360989090125027
41 2.6618735191201806
42 2.761873519117918
43 2.861873519117918
44 2.961873519117918
45 2.981477409447766
46 2.981477409447766
47 2.991618924128777
48 3.0000369852748032
49 3.0194855587143294
