0 18.109455085742944
1 18.109455085742944
2 41.998708182063446
3 16.104450688056783
4 12.349644826494973
5 8.188511215608797
6 6.670112852570883
7 6.304699723633484
8 5.372146040394999
9 3.9482448022326198
10 4.15828833894724
11 4.3002897946039615
12 3.445847099813716
13 3.688206155041327
14 3.6605427624166698
15 3.5340679635281202
16 3.3724764322507017
17 3.540801887454958
18 3.9751008171150244
19 2.980382078227071
20 2.8938399286136263
21 3.253149408289884
22 2.9212124749623043
23 2.5830159308358547
24 2.37752812775807
25 2.628428810056655
26 2.211492707635117
27 2.5278898478150666
28 2.7691641261781554
29 2.289434825974503
30 2.3168511785466173
31 2.4962749567074796
32 2.7046237940666615
33 2.5609402927891978
34 2.543383034662702
35 2.2372230265127415
36 2.3925914376183948
37 2.5191306188859124
38 2.2972519813984142
39 2.43043171105652
40 2.278085728506257
41 2.4610914163675353
42 2.4126371460416545
43 2.6177006208073657
44 2.7807207436129833
45 2.490488836188624
46 2.444399964785564
47 2.512167603719985
48 2.3699504053550937
49 2.3263240796795723
