0 1.0223116833966133
1 1.0223116833966133
2 1.0447213502620423
3 1.063822331733638
4 1.082345072699389
5 1.0992395926570997
6 1.1143866259256334
7 1.1297417543166126
8 1.1496279671028014
9 1.1708777548575877
10 1.1708777548575877
11 1.1708777548575877
12 1.1958126877603472
13 1.2161591362249458
14 1.2355538292602906
15 1.2591276470809563
16 1.281501789325609
17 1.306407291061616
18 1.327132463680493
19 1.327132463680493
20 1.3622216021496396
21 1.3622216021496396
22 1.39213923802536
23 1.418683525472385
24 1.418683525472385
25 1.4393755222373903
26 1.4610212519598709
27 1.4830157199604836
28 1.5067615560582726
29 1.5317373889013004
30 1.5317373889013004
31 1.5317373889013004
32 1.5593699583593588
33 1.5593699583593588
34 1.585606661833188
35 1.585606661833188
36 1.585606661833188
37 1.6104981208283295
38 1.638302853731288
39 1.6540016772101178
40 1.6714555911900126
41 1.6714555911900126
42 1.6714555911900126
43 1.698501148916946
44 1.7418872976564517
45 1.7606496902854125
46 1.7606496902854125
47 1.7606496902854125
48 1.790339332631958
49 1.8071822769079844
