0 1.0222798634125154
1 1.0457589378302612
2 1.0666218017358964
3 1.0869519743059628
4 1.0869519743059628
5 1.1066318526641719
6 1.1240209130249357
7 1.1391483307045476
8 1.1605040470478003
9 1.1605040470478003
10 1.1882160620170272
11 1.2131005013893885
12 1.2346643354481777
13 1.2503037956700558
14 1.26558466098264
15 1.2875720618507471
16 1.3064192588000827
17 1.3064192588000827
18 1.3254320728464457
19 1.3471565527139995
20 1.3471565527139995
21 1.3713770760752075
22 1.3932394467513434
23 1.3932394467513434
24 1.421134669919393
25 1.4351330146749415
26 1.4351330146749415
27 1.4615526793090168
28 1.4782622352541326
29 1.4988858711024216
30 1.511132628953946
31 1.5307723330404035
32 1.5441528913174005
33 1.5615171698520496
34 1.5759341973046768
35 1.588207627728746
36 1.604565444005991
37 1.6201566724624001
38 1.6434307685969174
39 1.6541416055349025
40 1.6541416055349025
41 1.677180437197757
42 1.6887311051068503
43 1.7057693986682094
44 1.7172976604079608
45 1.7172976604079608
46 1.7353903505440307
47 1.7570684705013762
48 1.7570684705013762
49 1.776360713516346
