0 1.0794508222888934
1 1.1752890325834
2 1.2038604611548285
3 1.2038604611548285
4 1.2038604611548285
5 1.2038604611548285
6 1.2038604611548285
7 1.4038604611548284
8 1.4038604611548284
9 1.4038604611548284
10 1.432431889726257
11 1.432431889726257
12 1.432431889726257
13 1.432431889726257
14 1.4610033182976854
15 1.4895747468691138
16 1.4895747468691138
17 1.4895747468691138
18 1.4895747468691138
19 1.4895747468691138
20 1.5181461754405423
21 1.5181461754405423
22 1.5181461754405423
23 1.5181461754405423
24 1.5181461754405423
25 1.5467176040119708
26 1.5467176040119708
27 1.5752890325833993
28 1.5752890325833993
29 1.5752890325833993
30 1.5752890325833993
31 1.5752890325833993
32 1.5752890325833993
33 1.5752890325833993
34 1.5752890325833993
35 1.5752890325833993
36 1.5752890325833993
37 1.5752890325833993
38 1.5752890325833993
39 1.5752890325833993
40 1.5752890325833993
41 1.6038604611548277
42 1.6038604611548277
43 1.6324318897262562
44 1.6324318897262562
45 1.6324318897262562
46 1.6324318897262562
47 1.6324318897262562
48 1.6324318897262562
49 1.6324318897262562
50 1.6324318897262562
51 1.6324318897262562
52 1.6324318897262562
53 1.6324318897262562
54 1.6324318897262562
55 1.6324318897262562
56 1.6324318897262562
57 1.6324318897262562
58 1.6610033182976847
59 1.6895747468691131
60 1.6895747468691131
61 1.7181461754405416
62 1.7181461754405416
63 1.7181461754405416
64 1.7181461754405416
65 1.7181461754405416
66 1.7181461754405416
67 1.7181461754405416
68 1.7181461754405416
69 1.7181461754405416
70 1.7181461754405416
71 1.7181461754405416
72 1.7181461754405416
73 1.7181461754405416
74 1.7181461754405416
75 1.7181461754405416
76 1.7181461754405416
77 1.7181461754405416
78 1.74671760401197
79 1.74671760401197
80 1.7752890325833985
81 1.7752890325833985
82 1.7752890325833985
83 1.7752890325833985
84 1.7752890325833985
85 1.7752890325833985
86 1.7752890325833985
87 1.803860461154827
88 1.803860461154827
89 1.803860461154827
90 1.803860461154827
91 1.803860461154827
92 1.803860461154827
93 1.803860461154827
94 1.803860461154827
95 1.803860461154827
96 1.803860461154827
97 1.803860461154827
98 1.803860461154827
99 1.803860461154827
