0 1.2
1 1.3414313900403974
2 1.3700028186118258
3 1.5700028186118258
4 1.5700028186118258
5 1.600570031315911
6 1.600570031315911
7 1.600570031315911
8 1.600570031315911
9 1.6291414598873395
10 1.6291414598873395
11 1.6291414598873395
12 1.6291414598873395
13 1.6291414598873395
14 1.6291414598873395
15 1.657712888458768
16 1.6862843170301964
17 1.6862843170301964
18 1.6862843170301964
19 1.6862843170301964
20 1.714855745601625
21 1.714855745601625
22 1.7434271741730534
23 1.7434271741730534
24 1.7434271741730534
25 1.7719986027444818
26 1.7719986027444818
27 1.7719986027444818
28 1.7719986027444818
29 1.7719986027444818
30 1.7719986027444818
31 1.7719986027444818
32 1.7719986027444818
33 1.7719986027444818
34 1.7719986027444818
35 1.7719986027444818
36 1.7719986027444818
37 1.7719986027444818
38 1.7719986027444818
39 1.7719986027444818
40 1.7719986027444818
41 1.7719986027444818
42 1.8005700313159103
43 1.8005700313159103
44 1.8005700313159103
45 1.8005700313159103
46 1.8005700313159103
47 1.8291414598873388
48 1.857807931088741
49 1.8931695501873325
50 1.8931695501873325
51 1.8931695501873325
52 1.8931695501873325
53 1.8931695501873325
54 1.921740978758761
55 1.921740978758761
56 1.921740978758761
57 1.9503124073301894
58 1.9503124073301894
59 1.9503124073301894
60 1.9503124073301894
61 1.9503124073301894
62 1.9503124073301894
63 1.9503124073301894
64 1.9503124073301894
65 1.9503124073301894
66 1.9503124073301894
67 1.9503124073301894
68 1.9788838359016179
69 1.9788838359016179
70 1.9788838359016179
71 1.9788838359016179
72 1.9788838359016179
73 1.9788838359016179
74 1.9788838359016179
75 1.9788838359016179
76 2.0074552644730463
77 2.036026693044475
78 2.0645981216159033
79 2.0931695501873318
80 2.12174097875876
81 2.12174097875876
82 2.12174097875876
83 2.12174097875876
84 2.12174097875876
85 2.12174097875876
86 2.12174097875876
87 2.12174097875876
88 2.12174097875876
89 2.12174097875876
90 2.1503124073301887
91 2.1503124073301887
92 2.1503124073301887
93 2.1503124073301887
94 2.1503124073301887
95 2.178883835901617
96 2.178883835901617
97 2.178883835901617
98 2.178883835901617
99 2.178883835901617
