0 1.1068516241888715
1 1.202689834483378
2 1.2312612630548065
3 1.2312612630548065
4 1.2312612630548065
5 1.2618284757588918
6 1.2618284757588918
7 1.2618284757588918
8 1.2618284757588918
9 1.2903999043303203
10 1.3189713329017487
11 1.3189713329017487
12 1.3189713329017487
13 1.3189713329017487
14 1.3189713329017487
15 1.3475427614731772
16 1.3475427614731772
17 1.3475427614731772
18 1.3475427614731772
19 1.3475427614731772
20 1.3475427614731772
21 1.3475427614731772
22 1.3761141900446057
23 1.4046856186160341
24 1.4332570471874626
25 1.4332570471874626
26 1.4332570471874626
27 1.4332570471874626
28 1.4332570471874626
29 1.4332570471874626
30 1.4332570471874626
31 1.4332570471874626
32 1.461828475758891
33 1.461828475758891
34 1.461828475758891
35 1.4903999043303195
36 1.4903999043303195
37 1.4903999043303195
38 1.4903999043303195
39 1.4903999043303195
40 1.518971332901748
41 1.5475427614731765
42 1.5475427614731765
43 1.5475427614731765
44 1.5475427614731765
45 1.5475427614731765
46 1.5475427614731765
47 1.5475427614731765
48 1.5475427614731765
49 1.5475427614731765
50 1.5475427614731765
51 1.576114190044605
52 1.576114190044605
53 1.576114190044605
54 1.576114190044605
55 1.6046856186160334
56 1.6046856186160334
57 1.6046856186160334
58 1.6046856186160334
59 1.6046856186160334
60 1.6046856186160334
61 1.633257047187462
62 1.6618284757588904
63 1.6618284757588904
64 1.6618284757588904
65 1.6618284757588904
66 1.6618284757588904
67 1.6618284757588904
68 1.6618284757588904
69 1.6618284757588904
70 1.6618284757588904
71 1.6618284757588904
72 1.6618284757588904
73 1.6618284757588904
74 1.6948291526629784
75 1.6948291526629784
76 1.6948291526629784
77 1.6948291526629784
78 1.6948291526629784
79 1.6948291526629784
80 1.7234005812344069
81 1.7234005812344069
82 1.7234005812344069
83 1.7234005812344069
84 1.7234005812344069
85 1.7234005812344069
86 1.7234005812344069
87 1.7234005812344069
88 1.7234005812344069
89 1.7234005812344069
90 1.7234005812344069
91 1.7234005812344069
92 1.7234005812344069
93 1.7234005812344069
94 1.7234005812344069
95 1.7234005812344069
96 1.7519720098058353
97 1.7519720098058353
98 1.7519720098058353
99 1.7519720098058353
