0 2.3042445182800293
1 2.302279472351074
2 2.302279472351074
3 2.302279472351074
4 2.302279472351074
5 2.302279472351074
6 2.3001792430877686
7 2.3001792430877686
8 2.3001792430877686
9 2.298802614212036
10 2.298802614212036
11 2.296761989593506
12 2.296761989593506
13 2.295989990234375
14 2.294518232345581
15 2.294518232345581
16 2.294518232345581
17 2.2931857109069824
18 2.2931857109069824
19 2.287802219390869
20 2.2902071475982666
21 2.2883453369140625
22 2.285146713256836
23 2.285759210586548
24 2.284630060195923
25 2.284630060195923
26 2.279038429260254
27 2.278040647506714
28 2.2755560874938965
29 2.273829936981201
30 2.274152994155884
31 2.274152994155884
32 2.2678210735321045
33 2.2678210735321045
34 2.2678210735321045
35 2.265669107437134
36 2.262340784072876
37 2.262340784072876
38 2.259490728378296
39 2.255748987197876
40 2.255798101425171
41 2.2525267601013184
42 2.2525267601013184
43 2.2478604316711426
44 2.2478604316711426
45 2.2478604316711426
46 2.2377333641052246
47 2.2396554946899414
48 2.235365152359009
49 2.2359068393707275
50 2.2282183170318604
51 2.226609468460083
52 2.226609468460083
53 2.226609468460083
54 2.2153029441833496
55 2.206977367401123
56 2.206977367401123
57 2.206977367401123
58 2.1903200149536133
59 2.1870951652526855
60 2.1870951652526855
61 2.1744542121887207
62 2.1597654819488525
63 2.1718010902404785
64 2.1718010902404785
65 2.139951467514038
66 2.1318325996398926
67 2.1318325996398926
68 2.1318325996398926
69 2.1146435737609863
70 2.095089912414551
71 2.0682549476623535
72 2.0409493446350098
73 2.0409493446350098
74 1.991479516029358
75 1.959985613822937
76 1.9038684368133545
77 1.9038684368133545
78 1.9038684368133545
79 1.9038684368133545
80 1.6453903913497925
81 1.5359338521957397
82 1.3305636644363403
83 1.161911964416504
84 1.0568194389343262
85 1.0568194389343262
86 1.0568194389343262
87 0.8551647067070007
88 0.8551647067070007
89 0.8952868580818176
90 0.7137097716331482
91 0.8233386278152466
92 0.8233386278152466
93 0.43571528792381287
94 0.5092182755470276
95 0.37433645129203796
96 0.6907974481582642
97 0.6907974481582642
98 0.48762887716293335
99 0.48762887716293335
100 0.39976194500923157
101 0.39976194500923157
102 0.849419116973877
103 0.6018393039703369
104 0.3490825891494751
105 0.3490825891494751
106 0.3928612768650055
107 0.3808165490627289
108 0.5474388599395752
109 0.5474388599395752
110 0.43294763565063477
111 0.3240744471549988
112 0.32928645610809326
113 0.42327880859375
114 0.2800760865211487
115 0.23485234379768372
116 0.23485234379768372
117 0.261735737323761
118 0.261735737323761
119 0.5622055530548096
120 0.3297726511955261
121 0.3297726511955261
122 0.11106378585100174
123 0.1570453941822052
124 0.21982049942016602
125 0.21982049942016602
126 0.21982049942016602
127 0.4962247312068939
128 0.3147016167640686
129 0.30975523591041565
130 0.30975523591041565
131 0.23212511837482452
132 0.32039791345596313
133 0.32039791345596313
134 0.23312197625637054
135 0.3404715359210968
136 0.3404715359210968
137 0.23391889035701752
138 0.2607462704181671
139 0.15671230852603912
140 0.21778163313865662
141 0.21778163313865662
142 0.21778163313865662
143 0.2894912660121918
144 0.22612158954143524
145 0.27389800548553467
146 0.30423644185066223
147 0.1139269471168518
148 0.13409511744976044
149 0.13409511744976044
150 0.22503021359443665
151 0.28230881690979004
152 0.28230881690979004
153 0.3139365613460541
154 0.2028978317975998
155 0.2028978317975998
156 0.2277347892522812
157 0.16105256974697113
158 0.11447381228208542
159 0.18073083460330963
160 0.2165399193763733
161 0.1386411041021347
162 0.2010284662246704
163 0.18956220149993896
164 0.25073128938674927
165 0.25073128938674927
166 0.24690106511116028
167 0.12122701108455658
168 0.22285343706607819
169 0.22285343706607819
170 0.192805215716362
171 0.17321494221687317
172 0.145169198513031
173 0.1817585527896881
174 0.19824635982513428
175 0.0952657088637352
176 0.13158684968948364
177 0.07543807476758957
178 0.10233690589666367
179 0.12039772421121597
180 0.1552235335111618
181 0.17241576313972473
182 0.11126818507909775
183 0.10101883113384247
184 0.21237388253211975
185 0.15365371108055115
186 0.10070927441120148
187 0.10070927441120148
188 0.2734948396682739
189 0.14453977346420288
190 0.16586440801620483
191 0.1773826777935028
192 0.1773826777935028
193 0.1801697462797165
194 0.21684345602989197
195 0.21684345602989197
196 0.21684345602989197
197 0.18956339359283447
198 0.09865010529756546
199 0.17523618042469025
200 0.17523618042469025
201 0.1680396944284439
202 0.1395656019449234
203 0.18910062313079834
204 0.18910062313079834
205 0.18910062313079834
206 0.18910062313079834
207 0.18910062313079834
208 0.17474660277366638
209 0.22086267173290253
210 0.14074262976646423
211 0.07776529341936111
212 0.07776529341936111
213 0.16396458446979523
214 0.16396458446979523
215 0.1157345324754715
216 0.19453319907188416
217 0.12252433598041534
218 0.08072003722190857
219 0.06979787349700928
220 0.16221870481967926
221 0.07545014470815659
222 0.13394403457641602
223 0.13394403457641602
224 0.13394403457641602
225 0.09492208063602448
226 0.07627169042825699
227 0.04443110525608063
228 0.14641544222831726
229 0.14641544222831726
230 0.14641544222831726
231 0.14641544222831726
232 0.09905610233545303
233 0.09905610233545303
234 0.12978874146938324
235 0.09942498058080673
236 0.1181933581829071
237 0.1181933581829071
238 0.11028028279542923
239 0.11394704133272171
240 0.11611150950193405
241 0.11611150950193405
242 0.11849163472652435
243 0.03513987734913826
244 0.08250687271356583
245 0.05382375419139862
246 0.11588899046182632
247 0.07526102662086487
248 0.22436539828777313
249 0.0842018723487854
250 0.08774132281541824
251 0.08774132281541824
252 0.08478662371635437
253 0.05376057326793671
254 0.16458864510059357
255 0.13412928581237793
256 0.05569516867399216
257 0.09227162599563599
258 0.13499152660369873
259 0.11545693874359131
260 0.12469638884067535
261 0.02688538283109665
262 0.07174509018659592
263 0.06865248829126358
264 0.06865248829126358
265 0.10420120507478714
266 0.08540055900812149
267 0.14126421511173248
268 0.14126421511173248
269 0.14126421511173248
270 0.14126421511173248
271 0.14125913381576538
272 0.07035573571920395
273 0.1444728523492813
274 0.07229169458150864
275 0.027507202699780464
276 0.04694881662726402
277 0.06302693486213684
278 0.06647343188524246
279 0.055734120309352875
280 0.03878909721970558
281 0.09522242844104767
282 0.15300734341144562
283 0.060183823108673096
284 0.03236522525548935
285 0.06477625668048859
286 0.041606876999139786
287 0.041606876999139786
288 0.12656079232692719
289 0.10630419105291367
290 0.16909345984458923
291 0.16909345984458923
292 0.07972276955842972
293 0.11964476108551025
294 0.07336246967315674
295 0.11761748790740967
296 0.13516496121883392
297 0.1318308711051941
298 0.10734125971794128
299 0.0649372860789299
300 0.0649372860789299
301 0.11904212832450867
302 0.17582739889621735
303 0.04264822602272034
304 0.04264822602272034
305 0.030971787869930267
306 0.030971787869930267
307 0.04079192876815796
308 0.04089118167757988
309 0.07350786030292511
310 0.08087676763534546
311 0.05969439074397087
312 0.10949358344078064
313 0.06893135607242584
314 0.14201147854328156
315 0.06632040441036224
316 0.06632040441036224
317 0.10736967623233795
318 0.08787505328655243
319 0.08787505328655243
320 0.08240988105535507
321 0.10765057802200317
322 0.10765057802200317
323 0.10765057802200317
324 0.049345649778842926
325 0.049345649778842926
326 0.088755764067173
327 0.088755764067173
328 0.07556559890508652
329 0.08778722584247589
330 0.07078709453344345
331 0.078997403383255
332 0.078997403383255
333 0.05934213474392891
334 0.05162883177399635
335 0.05162883177399635
336 0.05162883177399635
337 0.050411783158779144
338 0.13250544667243958
339 0.07484705001115799
340 0.06334725767374039
341 0.06883630901575089
342 0.06883630901575089
343 0.06122775003314018
344 0.06122775003314018
345 0.06122775003314018
346 0.047419674694538116
347 0.047419674694538116
348 0.15698367357254028
349 0.15698367357254028
350 0.0838768258690834
351 0.05796024948358536
352 0.0697365254163742
353 0.11159618198871613
354 0.11159618198871613
355 0.11159618198871613
356 0.0942026749253273
357 0.0942026749253273
358 0.029028644785284996
359 0.06571938842535019
360 0.09660158306360245
361 0.04138076677918434
362 0.04138076677918434
363 0.04821320250630379
364 0.06672891974449158
365 0.1097952127456665
366 0.039625346660614014
367 0.039625346660614014
368 0.1347741335630417
369 0.043005965650081635
370 0.04943162575364113
371 0.037406325340270996
372 0.037406325340270996
373 0.037406325340270996
374 0.05624893307685852
375 0.05624893307685852
376 0.12605448067188263
377 0.04728170856833458
378 0.10648080706596375
379 0.05236684903502464
380 0.04181637987494469
381 0.04181637987494469
382 0.04181637987494469
383 0.09092201292514801
384 0.06824897974729538
385 0.05456656217575073
386 0.05456656217575073
387 0.05456656217575073
388 0.03327376767992973
389 0.07153627276420593
390 0.07153627276420593
391 0.07153627276420593
392 0.07153627276420593
393 0.07131201773881912
394 0.09094668924808502
395 0.049764011055231094
396 0.071045882999897
397 0.05958939343690872
398 0.06915512681007385
399 0.06915512681007385
400 0.07474903017282486
401 0.07474903017282486
402 0.10809868574142456
403 0.10809868574142456
404 0.04597968980669975
405 0.04597968980669975
406 0.04597968980669975
407 0.04597968980669975
408 0.06026885285973549
409 0.03379606828093529
410 0.06732918322086334
411 0.06732918322086334
412 0.0927617996931076
413 0.0319976732134819
414 0.0319976732134819
415 0.0432695634663105
416 0.03164062649011612
417 0.03164062649011612
418 0.03164062649011612
419 0.046576276421546936
420 0.06454698741436005
421 0.059135325253009796
422 0.02397923171520233
423 0.02397923171520233
424 0.023545771837234497
425 0.04003017768263817
426 0.07714933902025223
427 0.04488207399845123
428 0.01415502279996872
429 0.01415502279996872
430 0.01415502279996872
431 0.06790086627006531
432 0.030403822660446167
433 0.06635729223489761
434 0.03169665113091469
435 0.03169665113091469
436 0.050567876547575
437 0.028104228898882866
438 0.05838991701602936
439 0.04577060416340828
440 0.06545747816562653
441 0.06545747816562653
442 0.08129098266363144
443 0.05366533622145653
444 0.05366533622145653
445 0.030070696026086807
446 0.02919233776628971
447 0.02919233776628971
448 0.040627241134643555
449 0.0436706617474556
450 0.0436706617474556
451 0.04086677357554436
452 0.04086677357554436
453 0.08126098662614822
454 0.08126098662614822
455 0.05800589174032211
456 0.03006303682923317
457 0.02889113314449787
458 0.02889113314449787
459 0.04234713688492775
460 0.04234713688492775
461 0.0204611923545599
462 0.0204611923545599
463 0.0204611923545599
464 0.0204611923545599
465 0.0204611923545599
466 0.0204611923545599
467 0.02511654794216156
468 0.029402311891317368
469 0.04837968945503235
470 0.04837968945503235
471 0.03734618425369263
472 0.015499558299779892
473 0.005392825230956078
474 0.005392825230956078
475 0.005392825230956078
476 0.05419258028268814
477 0.05419258028268814
478 0.05541016533970833
479 0.06005026400089264
480 0.08698652684688568
481 0.06478670984506607
482 0.05176334083080292
483 0.05176334083080292
484 0.030832575634121895
485 0.025963423773646355
486 0.025963423773646355
487 0.02209656499326229
488 0.07484089583158493
489 0.07723134011030197
490 0.04342885687947273
491 0.02850610576570034
492 0.02850610576570034
493 0.044349655508995056
494 0.05873807147145271
495 0.05873807147145271
496 0.05873807147145271
497 0.02145778015255928
498 0.054302092641592026
499 0.037391483783721924
