0 2.3064002990722656
1 2.3064002990722656
2 2.3080990314483643
3 2.3084144592285156
4 2.305039882659912
5 2.305039882659912
6 2.3034136295318604
7 2.3049700260162354
8 2.3045663833618164
9 2.3022072315216064
10 2.3013153076171875
11 2.2998390197753906
12 2.2998390197753906
13 2.2998390197753906
14 2.2971222400665283
15 2.2971222400665283
16 2.295053005218506
17 2.2947587966918945
18 2.2947142124176025
19 2.2947142124176025
20 2.2947142124176025
21 2.2914671897888184
22 2.2914671897888184
23 2.289841890335083
24 2.289841890335083
25 2.289841890335083
26 2.28920578956604
27 2.2902169227600098
28 2.286517381668091
29 2.286517381668091
30 2.286517381668091
31 2.2821245193481445
32 2.2821245193481445
33 2.282802104949951
34 2.280266761779785
35 2.2867884635925293
36 2.2808611392974854
37 2.280109405517578
38 2.273315191268921
39 2.2695600986480713
40 2.2732744216918945
41 2.2732744216918945
42 2.2623379230499268
43 2.2616021633148193
44 2.2616021633148193
45 2.260420322418213
46 2.258409023284912
47 2.258409023284912
48 2.2509713172912598
49 2.2559101581573486
50 2.249547243118286
51 2.250814914703369
52 2.2383103370666504
53 2.2383103370666504
54 2.2341814041137695
55 2.255539655685425
56 2.255539655685425
57 2.2359700202941895
58 2.2092344760894775
59 2.2092344760894775
60 2.2016143798828125
61 2.2016143798828125
62 2.1877429485321045
63 2.205833673477173
64 2.20693039894104
65 2.2035837173461914
66 2.2035837173461914
67 2.184462308883667
68 2.1799182891845703
69 2.12334942817688
70 2.182096481323242
71 2.135012149810791
72 2.135012149810791
73 2.069568634033203
74 2.067228078842163
75 2.0278799533843994
76 2.0278799533843994
77 2.0278799533843994
78 1.926137089729309
79 1.926137089729309
80 1.8309015035629272
81 1.700506567955017
82 1.700506567955017
83 1.5469757318496704
84 1.5469757318496704
85 1.432411551475525
86 1.2303097248077393
87 1.2303097248077393
88 0.9572350978851318
89 0.8446125388145447
90 0.8446125388145447
91 0.8446125388145447
92 0.8446125388145447
93 0.656730592250824
94 0.7491282224655151
95 0.7491282224655151
96 0.6343180537223816
97 0.37415239214897156
98 0.37415239214897156
99 0.4469049274921417
100 0.5848476886749268
101 0.34755903482437134
102 0.44228672981262207
103 0.32245585322380066
104 0.6395067572593689
105 0.8923014402389526
106 0.5289750695228577
107 0.35500773787498474
108 0.3702850639820099
109 0.3679580092430115
110 0.4496178925037384
111 0.4693562984466553
112 0.4693562984466553
113 0.58497154712677
114 0.413282185792923
115 0.413282185792923
116 0.3838788866996765
117 0.3838788866996765
118 0.36637771129608154
119 0.31927111744880676
120 0.35175821185112
121 0.5205487608909607
122 0.5205487608909607
123 0.4460605978965759
124 0.4460605978965759
125 0.5027928352355957
126 0.5027928352355957
127 0.5027928352355957
128 0.3222483992576599
129 0.26350024342536926
130 0.2877417504787445
131 0.3118841052055359
132 0.3140178918838501
133 0.3140178918838501
134 0.3140178918838501
135 0.4523640275001526
136 0.4523640275001526
137 0.21573859453201294
138 0.21573859453201294
139 0.2487926483154297
140 0.2487926483154297
141 0.21600960195064545
142 0.21600960195064545
143 0.21600960195064545
144 0.19480742514133453
145 0.3337436616420746
146 0.3471669554710388
147 0.3471669554710388
148 0.19969876110553741
149 0.19969876110553741
150 0.1920081079006195
151 0.17252372205257416
152 0.29044365882873535
153 0.29044365882873535
154 0.275613397359848
155 0.2400355041027069
156 0.18508979678153992
157 0.18144983053207397
158 0.2170165479183197
159 0.25791117548942566
160 0.22608651220798492
161 0.2473171204328537
162 0.16461987793445587
163 0.18742458522319794
164 0.15293675661087036
165 0.15293675661087036
166 0.20182502269744873
167 0.345272034406662
168 0.3186998963356018
169 0.2906387746334076
170 0.2906387746334076
171 0.2906387746334076
172 0.1940637230873108
173 0.18442144989967346
174 0.2986753284931183
175 0.2591899633407593
176 0.2815788686275482
177 0.2815788686275482
178 0.11646080762147903
179 0.08374295383691788
180 0.18325474858283997
181 0.12068791687488556
182 0.2564232349395752
183 0.17590878903865814
184 0.2560040354728699
185 0.2560040354728699
186 0.1676059067249298
187 0.1400628685951233
188 0.18883219361305237
189 0.18883219361305237
190 0.2591131031513214
191 0.2591131031513214
192 0.2591131031513214
193 0.2591131031513214
194 0.2591131031513214
195 0.09640132635831833
196 0.09640132635831833
197 0.27826401591300964
198 0.0907055139541626
199 0.13747450709342957
200 0.1741286665201187
201 0.1741286665201187
202 0.23644624650478363
203 0.09110286086797714
204 0.2102890908718109
205 0.17911328375339508
206 0.22332796454429626
207 0.147847980260849
208 0.2212676852941513
209 0.2212676852941513
210 0.14613550901412964
211 0.2464161366224289
212 0.20060282945632935
213 0.13293816149234772
214 0.13293816149234772
215 0.12423828989267349
216 0.16303634643554688
217 0.16303634643554688
218 0.16303634643554688
219 0.16009125113487244
220 0.16009125113487244
221 0.16009125113487244
222 0.16839031875133514
223 0.1392306387424469
224 0.15170972049236298
225 0.15170972049236298
226 0.12021560966968536
227 0.1950196772813797
228 0.13323765993118286
229 0.12579552829265594
230 0.109189473092556
231 0.12434475123882294
232 0.17120760679244995
233 0.21423813700675964
234 0.21423813700675964
235 0.15148650109767914
236 0.19587543606758118
237 0.22061535716056824
238 0.22061535716056824
239 0.14017681777477264
240 0.14017681777477264
241 0.0645681619644165
242 0.0645681619644165
243 0.07424114644527435
244 0.29382696747779846
245 0.09167876094579697
246 0.09810744971036911
247 0.2007056623697281
248 0.2007056623697281
249 0.15065252780914307
250 0.15065252780914307
251 0.1491938680410385
252 0.1501787155866623
253 0.1501787155866623
254 0.15168777108192444
255 0.15168777108192444
256 0.16623620688915253
257 0.2117403745651245
258 0.1278095841407776
259 0.2072506994009018
260 0.10698135197162628
261 0.10698135197162628
262 0.10698135197162628
263 0.10698135197162628
264 0.10698135197162628
265 0.10444138944149017
266 0.15491342544555664
267 0.1822495460510254
268 0.14027516543865204
269 0.14027516543865204
270 0.14027516543865204
271 0.11854690313339233
272 0.11596179008483887
273 0.04744791239500046
274 0.04744791239500046
275 0.08912964910268784
276 0.17368488013744354
277 0.17368488013744354
278 0.1860114336013794
279 0.16994032263755798
280 0.12575039267539978
281 0.12800315022468567
282 0.11195938289165497
283 0.0898500308394432
284 0.07550225406885147
285 0.1040952280163765
286 0.23915676772594452
287 0.13692064583301544
288 0.13692064583301544
289 0.15915937721729279
290 0.18271958827972412
291 0.16633747518062592
292 0.1498897671699524
293 0.17169934511184692
294 0.11042048037052155
295 0.13446210324764252
296 0.10646926611661911
297 0.03734210878610611
298 0.03734210878610611
299 0.10993791371583939
300 0.05648448318243027
301 0.05648448318243027
302 0.3078661859035492
303 0.3078661859035492
304 0.3078661859035492
305 0.11271749436855316
306 0.07809441536664963
307 0.07809441536664963
308 0.04905084893107414
309 0.10342313349246979
310 0.0735473781824112
311 0.07515425235033035
312 0.0633440613746643
313 0.0551179014146328
314 0.0551179014146328
315 0.0551179014146328
316 0.0551179014146328
317 0.3313446640968323
318 0.118324413895607
319 0.07026028633117676
320 0.04271456226706505
321 0.15614473819732666
322 0.14758458733558655
323 0.053291890770196915
324 0.10941009968519211
325 0.12784051895141602
326 0.10660857707262039
327 0.10660857707262039
328 0.10660857707262039
329 0.11029178649187088
330 0.11029178649187088
331 0.08921607583761215
332 0.08921607583761215
333 0.11488848179578781
334 0.21421799063682556
335 0.17870162427425385
336 0.17870162427425385
337 0.17870162427425385
338 0.17870162427425385
339 0.17870162427425385
340 0.15235990285873413
341 0.16992519795894623
342 0.16992519795894623
343 0.14159266650676727
344 0.20167246460914612
345 0.06521601974964142
346 0.1528979241847992
347 0.04928279668092728
348 0.12123554199934006
349 0.12123554199934006
350 0.12123554199934006
351 0.10668270289897919
352 0.09363266080617905
353 0.09363266080617905
354 0.1010836809873581
355 0.03904348984360695
356 0.1175609678030014
357 0.09032513946294785
358 0.09032513946294785
359 0.09032513946294785
360 0.11371034383773804
361 0.046631719917058945
362 0.09349552541971207
363 0.11501853168010712
364 0.13174404203891754
365 0.173310786485672
366 0.173310786485672
367 0.041654739528894424
368 0.21204932034015656
369 0.08510914444923401
370 0.08510914444923401
371 0.06297098100185394
372 0.06297098100185394
373 0.07825146615505219
374 0.07825146615505219
375 0.14443658292293549
376 0.2410331517457962
377 0.2497258484363556
378 0.2497258484363556
379 0.2497258484363556
380 0.0709293782711029
381 0.11649077385663986
382 0.11649077385663986
383 0.03675628826022148
384 0.046025414019823074
385 0.23761846125125885
386 0.08948946744203568
387 0.08948946744203568
388 0.08667677640914917
389 0.08667677640914917
390 0.04554388299584389
391 0.08287885040044785
392 0.06887923926115036
393 0.06887923926115036
394 0.06887923926115036
395 0.06887923926115036
396 0.06887923926115036
397 0.06887923926115036
398 0.14227578043937683
399 0.1114649549126625
400 0.06013673543930054
401 0.06028351932764053
402 0.09693317115306854
403 0.10131930559873581
404 0.10131930559873581
405 0.10688073933124542
406 0.09805396944284439
407 0.11000261455774307
408 0.04540978744626045
409 0.04540978744626045
410 0.051715776324272156
411 0.04326924681663513
412 0.06382196396589279
413 0.06382196396589279
414 0.06526117771863937
415 0.10928913950920105
416 0.10928913950920105
417 0.05035838484764099
418 0.06988459080457687
419 0.06988459080457687
420 0.07852034270763397
421 0.18383215367794037
422 0.0851445123553276
423 0.030839821323752403
424 0.10782817006111145
425 0.05067724362015724
426 0.05067724362015724
427 0.0477386899292469
428 0.07967760413885117
429 0.07967760413885117
430 0.07967760413885117
431 0.07967760413885117
432 0.1671142429113388
433 0.06887771189212799
434 0.06887771189212799
435 0.031508106738328934
436 0.1491844207048416
437 0.05129268020391464
438 0.05129268020391464
439 0.05129268020391464
440 0.03442396968603134
441 0.06161712855100632
442 0.07698436081409454
443 0.07698436081409454
444 0.08423388749361038
445 0.08423388749361038
446 0.08423388749361038
447 0.19180765748023987
448 0.19180765748023987
449 0.08861332386732101
450 0.04438045248389244
451 0.05142274126410484
452 0.0921710804104805
453 0.0921710804104805
454 0.027151552960276604
455 0.0699537843465805
456 0.0699537843465805
457 0.08259661495685577
458 0.029442010447382927
459 0.08987705409526825
460 0.0722404271364212
461 0.06618887186050415
462 0.07063816487789154
463 0.060639575123786926
464 0.060639575123786926
465 0.050835996866226196
466 0.050835996866226196
467 0.028062619268894196
468 0.05353578180074692
469 0.02753727324306965
470 0.10559745877981186
471 0.13514651358127594
472 0.13514651358127594
473 0.09460990875959396
474 0.050003230571746826
475 0.029581665992736816
476 0.16852204501628876
477 0.021559905260801315
478 0.06711219251155853
479 0.09591580182313919
480 0.09591580182313919
481 0.09591580182313919
482 0.1224726140499115
483 0.1202227771282196
484 0.06331418454647064
485 0.09576951712369919
486 0.12826643884181976
487 0.17280875146389008
488 0.17280875146389008
489 0.09288687258958817
490 0.09288687258958817
491 0.0758601725101471
492 0.07676075398921967
493 0.07676075398921967
494 0.08710186928510666
495 0.030288495123386383
496 0.030288495123386383
497 0.051338985562324524
498 0.05634419992566109
499 0.023288972675800323
