0 2.309386968612671
1 2.307133197784424
2 2.30908465385437
3 2.3103742599487305
4 2.3019444942474365
5 2.305452346801758
6 2.303677797317505
7 2.303677797317505
8 2.303677797317505
9 2.3029088973999023
10 2.3029088973999023
11 2.299668550491333
12 2.2990903854370117
13 2.297480344772339
14 2.2966578006744385
15 2.295154333114624
16 2.295154333114624
17 2.2938613891601562
18 2.2938613891601562
19 2.292076587677002
20 2.292076587677002
21 2.292076587677002
22 2.289783000946045
23 2.287405490875244
24 2.287405490875244
25 2.287405490875244
26 2.287405490875244
27 2.282118082046509
28 2.2827084064483643
29 2.283562660217285
30 2.283562660217285
31 2.283562660217285
32 2.2799627780914307
33 2.2770960330963135
34 2.276130437850952
35 2.273496150970459
36 2.27276873588562
37 2.2688581943511963
38 2.2688581943511963
39 2.2630863189697266
40 2.2630863189697266
41 2.2630863189697266
42 2.26009202003479
43 2.259451150894165
44 2.259451150894165
45 2.2481203079223633
46 2.2478790283203125
47 2.256087303161621
48 2.239330768585205
49 2.239330768585205
50 2.2325515747070312
51 2.2415504455566406
52 2.2159011363983154
53 2.235734701156616
54 2.235734701156616
55 2.210252285003662
56 2.2177789211273193
57 2.212658405303955
58 2.212658405303955
59 2.170431613922119
60 2.187551975250244
61 2.187551975250244
62 2.147435188293457
63 2.1045916080474854
64 2.1291706562042236
65 2.106261730194092
66 2.106261730194092
67 2.0784149169921875
68 2.02312970161438
69 1.983670949935913
70 1.9714678525924683
71 1.9683254957199097
72 1.9632755517959595
73 1.8749935626983643
74 1.8408687114715576
75 1.8408687114715576
76 1.7466840744018555
77 1.714876651763916
78 1.6500602960586548
79 1.6049258708953857
80 1.6049258708953857
81 1.6049258708953857
82 1.6049258708953857
83 1.6049258708953857
84 2.137618064880371
85 2.137618064880371
86 1.565882682800293
87 1.0443648099899292
88 1.01500403881073
89 1.01500403881073
90 1.01500403881073
91 1.1401395797729492
92 1.2510089874267578
93 1.2203408479690552
94 1.2203408479690552
95 0.8151940703392029
96 0.8151940703392029
97 1.0153108835220337
98 1.0153108835220337
99 1.0153108835220337
100 1.0153108835220337
101 1.0818750858306885
102 0.7738683819770813
103 0.505111813545227
104 0.505111813545227
105 0.505111813545227
106 0.505111813545227
107 0.9818324446678162
108 0.9032500982284546
109 0.5204595327377319
110 0.5204595327377319
111 0.5204595327377319
112 0.6558217406272888
113 0.6558217406272888
114 0.7586793303489685
115 0.621239960193634
116 0.5658151507377625
117 0.5658151507377625
118 0.5658151507377625
119 0.5658151507377625
120 0.5658151507377625
121 0.5658151507377625
122 0.8817151784896851
123 0.599446177482605
124 0.599446177482605
125 0.599446177482605
126 0.6560531258583069
127 0.6560531258583069
128 0.5354361534118652
129 0.3125419318675995
130 0.4311288595199585
131 0.4849414825439453
132 0.4849414825439453
133 0.5010362267494202
134 0.3580051064491272
135 0.3074709177017212
136 0.2832641899585724
137 0.33660200238227844
138 0.30144789814949036
139 0.638458251953125
140 0.5216546058654785
141 0.4420444667339325
142 0.3240518271923065
143 0.32419541478157043
144 0.3420622646808624
145 0.30980101227760315
146 0.30980101227760315
147 0.35271576046943665
148 0.3789326846599579
149 0.2675427496433258
150 0.44248709082603455
151 0.44248709082603455
152 0.2638349235057831
153 0.2807866334915161
154 0.23694756627082825
155 0.3629538416862488
156 0.3119068741798401
157 0.20035409927368164
158 0.49046608805656433
159 0.3502035439014435
160 0.3502035439014435
161 0.44580143690109253
162 0.29603588581085205
163 0.29603588581085205
164 0.29603588581085205
165 0.3923190236091614
166 0.3923190236091614
167 0.4088473916053772
168 0.27607640624046326
169 0.2625708281993866
170 0.15234097838401794
171 0.15234097838401794
172 0.3366255760192871
173 0.2993081510066986
174 0.2993081510066986
175 0.2993081510066986
176 0.2993081510066986
177 0.46867886185646057
178 0.35758817195892334
179 0.2603209912776947
180 0.14546158909797668
181 0.24820391833782196
182 0.21784614026546478
183 0.21784614026546478
184 0.21784614026546478
185 0.41027048230171204
186 0.32341843843460083
187 0.32341843843460083
188 0.32341843843460083
189 0.18832674622535706
190 0.24961426854133606
191 0.1742735207080841
192 0.2995797395706177
193 0.1497783213853836
194 0.2236369550228119
195 0.256953626871109
196 0.22797036170959473
197 0.17404602468013763
198 0.2950284779071808
199 0.2950284779071808
200 0.2874305844306946
201 0.3843342065811157
202 0.2081211507320404
203 0.2081211507320404
204 0.2081211507320404
205 0.2081211507320404
206 0.2081211507320404
207 0.3028396666049957
208 0.3814316689968109
209 0.14654508233070374
210 0.23225153982639313
211 0.1315634846687317
212 0.2091744989156723
213 0.2091744989156723
214 0.29541242122650146
215 0.3312808871269226
216 0.3312808871269226
217 0.2932140827178955
218 0.22024516761302948
219 0.2134738266468048
220 0.2889394760131836
221 0.37479498982429504
222 0.27434536814689636
223 0.26111242175102234
224 0.23081178963184357
225 0.10421145707368851
226 0.19276678562164307
227 0.16065530478954315
228 0.11203372478485107
229 0.11203372478485107
230 0.24613463878631592
231 0.28196531534194946
232 0.15646836161613464
233 0.15646836161613464
234 0.1769120991230011
235 0.1291801631450653
236 0.21551233530044556
237 0.23660914599895477
238 0.11516398191452026
239 0.11516398191452026
240 0.18866148591041565
241 0.18866148591041565
242 0.18866148591041565
243 0.18866148591041565
244 0.18304559588432312
245 0.15350627899169922
246 0.15350627899169922
247 0.1716909110546112
248 0.1716909110546112
249 0.18984456360340118
250 0.2720165252685547
251 0.29210299253463745
252 0.29210299253463745
253 0.19339381158351898
254 0.19339381158351898
255 0.22052793204784393
256 0.18524906039237976
257 0.16709014773368835
258 0.16709014773368835
259 0.16709014773368835
260 0.16709014773368835
261 0.16709014773368835
262 0.26291316747665405
263 0.2631866931915283
264 0.18785862624645233
265 0.19006985425949097
266 0.19006985425949097
267 0.19006985425949097
268 0.1332554966211319
269 0.1332554966211319
270 0.11463326215744019
271 0.20764994621276855
272 0.20764994621276855
273 0.1731567680835724
274 0.2877356708049774
275 0.2877356708049774
276 0.27480757236480713
277 0.20977936685085297
278 0.20977936685085297
279 0.20977936685085297
280 0.15497812628746033
281 0.15497812628746033
282 0.15497812628746033
283 0.15497812628746033
284 0.15497812628746033
285 0.15497812628746033
286 0.15497812628746033
287 0.18563255667686462
288 0.0804726704955101
289 0.06575942039489746
290 0.12170467525720596
291 0.12575149536132812
292 0.18341518938541412
293 0.28930264711380005
294 0.186356320977211
295 0.186356320977211
296 0.22994479537010193
297 0.16687051951885223
298 0.1803353875875473
299 0.14714661240577698
300 0.12312368303537369
301 0.12611964344978333
302 0.12611964344978333
303 0.20102575421333313
304 0.17319223284721375
305 0.11044848710298538
306 0.23104533553123474
307 0.23104533553123474
308 0.23104533553123474
309 0.23104533553123474
310 0.23104533553123474
311 0.17946197092533112
312 0.11515310406684875
313 0.057702045887708664
314 0.13592632114887238
315 0.13592632114887238
316 0.12127769738435745
317 0.12127769738435745
318 0.12127769738435745
319 0.24172942340373993
320 0.2054525464773178
321 0.2054525464773178
322 0.07674890011548996
323 0.05822515860199928
324 0.05822515860199928
325 0.09899171441793442
326 0.21909523010253906
327 0.21909523010253906
328 0.21909523010253906
329 0.13958755135536194
330 0.11501456797122955
331 0.11501456797122955
332 0.09672781825065613
333 0.1624094545841217
334 0.21355491876602173
335 0.21355491876602173
336 0.10441701114177704
337 0.08900617808103561
338 0.1021580845117569
339 0.1543472409248352
340 0.18408498167991638
341 0.18408498167991638
342 0.18408498167991638
343 0.18408498167991638
344 0.18408498167991638
345 0.10428331792354584
346 0.10978227108716965
347 0.06401897966861725
348 0.0509633831679821
349 0.12296091765165329
350 0.12296091765165329
351 0.16224433481693268
352 0.2129298448562622
353 0.20776551961898804
354 0.1334972083568573
355 0.18015311658382416
356 0.18015311658382416
357 0.10474657267332077
358 0.08681847155094147
359 0.1844915747642517
360 0.22120380401611328
361 0.22120380401611328
362 0.20388339459896088
363 0.13302311301231384
364 0.13302311301231384
365 0.1527317315340042
366 0.1527317315340042
367 0.09571047127246857
368 0.09571047127246857
369 0.10629688948392868
370 0.19958919286727905
371 0.19958919286727905
372 0.1151735782623291
373 0.04893464595079422
374 0.04893464595079422
375 0.06470440328121185
376 0.1221427172422409
377 0.1221427172422409
378 0.109529048204422
379 0.109529048204422
380 0.109529048204422
381 0.17461305856704712
382 0.13352546095848083
383 0.07149587571620941
384 0.07149587571620941
385 0.07149587571620941
386 0.07149587571620941
387 0.12642978131771088
388 0.09328746795654297
389 0.13007400929927826
390 0.07335971295833588
391 0.07801175862550735
392 0.07801175862550735
393 0.07301631569862366
394 0.07301631569862366
395 0.1385824829339981
396 0.08550996333360672
397 0.08550996333360672
398 0.22611573338508606
399 0.22611573338508606
400 0.05252910405397415
401 0.08847014605998993
402 0.12841150164604187
403 0.12841150164604187
404 0.10540952533483505
405 0.05117233097553253
406 0.19407255947589874
407 0.11413422226905823
408 0.06912998110055923
409 0.06912998110055923
410 0.06912998110055923
411 0.06912998110055923
412 0.25768181681632996
413 0.12133878469467163
414 0.09152580797672272
415 0.07064352929592133
416 0.04754452779889107
417 0.07987917214632034
418 0.11096378415822983
419 0.0825013816356659
420 0.0825013816356659
421 0.0825013816356659
422 0.11186236143112183
423 0.19062155485153198
424 0.13145750761032104
425 0.13145750761032104
426 0.13296973705291748
427 0.08104348927736282
428 0.0681665912270546
429 0.12486337125301361
430 0.058503407984972
431 0.058503407984972
432 0.13975585997104645
433 0.13975585997104645
434 0.108576700091362
435 0.17251035571098328
436 0.07016020268201828
437 0.09014995396137238
438 0.09014995396137238
439 0.09014995396137238
440 0.09014995396137238
441 0.20732982456684113
442 0.18317653238773346
443 0.06664431840181351
444 0.05952635034918785
445 0.05952635034918785
446 0.10948964208364487
447 0.08657962828874588
448 0.06377142667770386
449 0.0832071602344513
450 0.09887732565402985
451 0.18634113669395447
452 0.044181983917951584
453 0.044181983917951584
454 0.09310319274663925
455 0.07371900230646133
456 0.07371900230646133
457 0.2509308159351349
458 0.13331156969070435
459 0.06888382136821747
460 0.06888382136821747
461 0.07919780910015106
462 0.07919780910015106
463 0.07256525754928589
464 0.11901914328336716
465 0.11901914328336716
466 0.09995648264884949
467 0.0714668482542038
468 0.0714668482542038
469 0.0714668482542038
470 0.10434955358505249
471 0.06915543228387833
472 0.06915543228387833
473 0.06915543228387833
474 0.08952076733112335
475 0.16173633933067322
476 0.07574014365673065
477 0.1145649328827858
478 0.1145649328827858
479 0.03269900009036064
480 0.03269900009036064
481 0.03269900009036064
482 0.03269900009036064
483 0.22266173362731934
484 0.08033348619937897
485 0.06170334294438362
486 0.031333617866039276
487 0.06192810833454132
488 0.07327079772949219
489 0.0782308280467987
490 0.03613238409161568
491 0.1398865431547165
492 0.051086265593767166
493 0.10786499083042145
494 0.10786499083042145
495 0.09812439978122711
496 0.13431905210018158
497 0.08668874204158783
498 0.032298289239406586
499 0.10724800825119019
