0 2.297072410583496
1 2.297775983810425
2 2.296736717224121
3 2.2961513996124268
4 2.2968618869781494
5 2.296973705291748
6 2.296036958694458
7 2.294424057006836
8 2.293745279312134
9 2.293745279312134
10 2.292433738708496
11 2.290090322494507
12 2.290531635284424
13 2.288419246673584
14 2.287126064300537
15 2.2881290912628174
16 2.2863752841949463
17 2.2863752841949463
18 2.2820539474487305
19 2.2820539474487305
20 2.281907558441162
21 2.279369354248047
22 2.279369354248047
23 2.2803046703338623
24 2.278580904006958
25 2.278834104537964
26 2.2777981758117676
27 2.2777981758117676
28 2.2777981758117676
29 2.2777981758117676
30 2.27189302444458
31 2.2704737186431885
32 2.2779781818389893
33 2.2731027603149414
34 2.2731027603149414
35 2.272027015686035
36 2.272027015686035
37 2.274817943572998
38 2.2753636837005615
39 2.2753636837005615
40 2.268174409866333
41 2.2593040466308594
42 2.2675023078918457
43 2.2675023078918457
44 2.2641994953155518
45 2.266083240509033
46 2.258359432220459
47 2.2687735557556152
48 2.2659924030303955
49 2.2576425075531006
50 2.2576425075531006
51 2.2576425075531006
52 2.2576425075531006
53 2.264392137527466
54 2.2760913372039795
55 2.2664952278137207
56 2.2812652587890625
57 2.2766826152801514
58 2.2546074390411377
59 2.2707645893096924
60 2.2829983234405518
61 2.276594877243042
62 2.2740843296051025
63 2.2740843296051025
64 2.2502541542053223
65 2.2864134311676025
66 2.2807726860046387
67 2.2616209983825684
68 2.2565064430236816
69 2.253943681716919
70 2.2882256507873535
71 2.240220546722412
72 2.241299629211426
73 2.1708765029907227
74 2.1708765029907227
75 2.0909218788146973
76 2.0909218788146973
77 1.991380214691162
78 1.985412359237671
79 1.9200170040130615
80 1.825959324836731
81 1.825959324836731
82 1.7208635807037354
83 1.5682448148727417
84 1.5682448148727417
85 1.5499045848846436
86 1.4560810327529907
87 1.347928524017334
88 1.1511415243148804
89 0.9540940523147583
90 0.7694211006164551
91 0.8699529767036438
92 0.9404283761978149
93 1.066645860671997
94 0.9478374123573303
95 0.7399355173110962
96 0.5910826325416565
97 0.5323477983474731
98 0.6896182298660278
99 0.6896182298660278
100 0.6071317195892334
101 0.5483815670013428
102 0.46757298707962036
103 0.46757298707962036
104 0.7262093424797058
105 0.7952536344528198
106 0.8963913321495056
107 0.6012668609619141
108 0.7088552713394165
109 0.7511450052261353
110 0.6200428605079651
111 0.6200428605079651
112 0.5420618653297424
113 0.5420618653297424
114 0.5548397898674011
115 0.42618635296821594
116 0.42618635296821594
117 0.5311852097511292
118 0.4305601418018341
119 0.5014680624008179
120 0.5014680624008179
121 0.45572519302368164
122 0.45572519302368164
123 0.6014213562011719
124 0.5872108340263367
125 0.6525092124938965
126 0.4248206615447998
127 0.4248206615447998
128 0.4285164177417755
129 0.38464754819869995
130 0.4412902891635895
131 0.4412902891635895
132 0.4412902891635895
133 0.35857683420181274
134 0.30554836988449097
135 0.3613673150539398
136 0.3873286247253418
137 0.3873286247253418
138 0.29832983016967773
139 0.4314311742782593
140 0.3709271550178528
141 0.3857356011867523
142 0.3831929564476013
143 0.2846046984195709
144 0.22799623012542725
145 0.22799623012542725
146 0.22799623012542725
147 0.3451687693595886
148 0.38652393221855164
149 0.3703916072845459
150 0.18630549311637878
151 0.18630549311637878
152 0.2772235572338104
153 0.2857314646244049
154 0.2857314646244049
155 0.2643967568874359
156 0.25020572543144226
157 0.38974449038505554
158 0.38974449038505554
159 0.38974449038505554
160 0.3336196541786194
161 0.2423028200864792
162 0.2423028200864792
163 0.2423028200864792
164 0.2423028200864792
165 0.2423028200864792
166 0.18102090060710907
167 0.2365960329771042
168 0.17086657881736755
169 0.3110896646976471
170 0.2104676216840744
171 0.21881131827831268
172 0.25559020042419434
173 0.17420674860477448
174 0.17420674860477448
175 0.22515182197093964
176 0.2529924213886261
177 0.19717402756214142
178 0.19717402756214142
179 0.19717402756214142
180 0.21514472365379333
181 0.22948431968688965
182 0.22948431968688965
183 0.22948431968688965
184 0.22948431968688965
185 0.19346733391284943
186 0.19346733391284943
187 0.22556766867637634
188 0.2618827521800995
189 0.19402635097503662
190 0.19402635097503662
191 0.14162302017211914
192 0.14162302017211914
193 0.1365426629781723
194 0.20896901190280914
195 0.13852915167808533
196 0.21539093554019928
197 0.21539093554019928
198 0.21539093554019928
199 0.2763846218585968
200 0.1971101313829422
201 0.2495015263557434
202 0.2495015263557434
203 0.2121601104736328
204 0.2121601104736328
205 0.21701020002365112
206 0.1729041039943695
207 0.12397032976150513
208 0.21801155805587769
209 0.2957867383956909
210 0.2957867383956909
211 0.2957867383956909
212 0.2957867383956909
213 0.1203489899635315
214 0.1537127047777176
215 0.1537127047777176
216 0.11863379925489426
217 0.11863379925489426
218 0.2272392362356186
219 0.22402998805046082
220 0.2283846139907837
221 0.2283846139907837
222 0.2283846139907837
223 0.2283846139907837
224 0.22688902914524078
225 0.1633998602628708
226 0.11902525275945663
227 0.20036721229553223
228 0.20036721229553223
229 0.20036721229553223
230 0.12232343852519989
231 0.10038609057664871
232 0.10038609057664871
233 0.08291937410831451
234 0.18015006184577942
235 0.301395982503891
236 0.19383230805397034
237 0.19809508323669434
238 0.14614902436733246
239 0.14614902436733246
240 0.1813160479068756
241 0.13913777470588684
242 0.10085379332304001
243 0.10085379332304001
244 0.2061413824558258
245 0.10290196537971497
246 0.19139842689037323
247 0.1210516095161438
248 0.1210516095161438
249 0.1210516095161438
250 0.13295578956604004
251 0.08184178173542023
252 0.09559404104948044
253 0.07081983238458633
254 0.25230672955513
255 0.16457954049110413
256 0.16651169955730438
257 0.09912461787462234
258 0.09912461787462234
259 0.09912461787462234
260 0.09912461787462234
261 0.18003056943416595
262 0.2268982082605362
263 0.2268982082605362
264 0.15087741613388062
265 0.15087741613388062
266 0.08999868482351303
267 0.14172609150409698
268 0.14158335328102112
269 0.11505762487649918
270 0.11505762487649918
271 0.11505762487649918
272 0.12614187598228455
273 0.1889164298772812
274 0.1889164298772812
275 0.2082221806049347
276 0.08616338670253754
277 0.08616338670253754
278 0.08616338670253754
279 0.08616338670253754
280 0.08616338670253754
281 0.08616338670253754
282 0.184657484292984
283 0.09668514877557755
284 0.19185960292816162
285 0.17396526038646698
286 0.08001647889614105
287 0.08001647889614105
288 0.12093057483434677
289 0.1486482322216034
290 0.16140766441822052
291 0.13903620839118958
292 0.11584965139627457
293 0.11584965139627457
294 0.11584965139627457
295 0.11584965139627457
296 0.11584965139627457
297 0.11584965139627457
298 0.12521414458751678
299 0.11742810904979706
300 0.12637756764888763
301 0.09090541303157806
302 0.09090541303157806
303 0.10456582903862
304 0.10328081250190735
305 0.11708249896764755
306 0.16582481563091278
307 0.18605591356754303
308 0.08883186429738998
309 0.11813957989215851
310 0.10369155555963516
311 0.10625869780778885
312 0.08481264114379883
313 0.10585930198431015
314 0.23076464235782623
315 0.2146318256855011
316 0.05922514200210571
317 0.07143782824277878
318 0.059258267283439636
319 0.059258267283439636
320 0.0957680270075798
321 0.17818234860897064
322 0.24595297873020172
323 0.17716562747955322
324 0.11645829677581787
325 0.1273554116487503
326 0.1273554116487503
327 0.09053473174571991
328 0.097601018846035
329 0.14382772147655487
330 0.09974438697099686
331 0.10031893849372864
332 0.14002098143100739
333 0.1401621699333191
334 0.08872102946043015
335 0.12245216965675354
336 0.0812024250626564
337 0.0812024250626564
338 0.0812024250626564
339 0.12223155796527863
340 0.12450610101222992
341 0.031754035502672195
342 0.09220682829618454
343 0.09220682829618454
344 0.0802045613527298
345 0.0802045613527298
346 0.1650191843509674
347 0.09365756809711456
348 0.09365756809711456
349 0.16080692410469055
350 0.10833239555358887
351 0.06078363209962845
352 0.06078363209962845
353 0.10730178654193878
354 0.09502822160720825
355 0.09502822160720825
356 0.09612154960632324
357 0.0858045220375061
358 0.13652685284614563
359 0.16918383538722992
360 0.16918383538722992
361 0.16918383538722992
362 0.14391686022281647
363 0.14391686022281647
364 0.13340570032596588
365 0.08670966327190399
366 0.11129060387611389
367 0.0584002360701561
368 0.06641869992017746
369 0.08117236196994781
370 0.13019923865795135
371 0.09698697179555893
372 0.1411791443824768
373 0.10706973820924759
374 0.0822778195142746
375 0.051967453211545944
376 0.040870264172554016
377 0.040870264172554016
378 0.14535413682460785
379 0.14535413682460785
380 0.06427033245563507
381 0.10893760621547699
382 0.049715351313352585
383 0.049715351313352585
384 0.049715351313352585
385 0.0977616012096405
386 0.15054674446582794
387 0.05794224143028259
388 0.05594928562641144
389 0.10750404745340347
390 0.10750404745340347
391 0.09217192232608795
392 0.13901038467884064
393 0.07327356934547424
394 0.08471840620040894
395 0.09856241196393967
396 0.06480300426483154
397 0.10818494111299515
398 0.05494098365306854
399 0.10416339337825775
400 0.10416339337825775
401 0.08816027641296387
402 0.1692352294921875
403 0.06345862150192261
404 0.06345862150192261
405 0.08309351652860641
406 0.03243138641119003
407 0.031060678884387016
408 0.07069864869117737
409 0.0523347407579422
410 0.0523347407579422
411 0.06675217300653458
412 0.03586013615131378
413 0.04437074810266495
414 0.04437074810266495
415 0.04340529441833496
416 0.1039184033870697
417 0.1039184033870697
418 0.08620718121528625
419 0.03660764917731285
420 0.03660764917731285
421 0.1636507511138916
422 0.1636507511138916
423 0.06965581327676773
424 0.10643564164638519
425 0.14523613452911377
426 0.3058330714702606
427 0.08533985167741776
428 0.08533985167741776
429 0.03350640460848808
430 0.07517463713884354
431 0.03410052880644798
432 0.03388235345482826
433 0.03388235345482826
434 0.10913879424333572
435 0.11328232288360596
436 0.11328232288360596
437 0.13242149353027344
438 0.06412564963102341
439 0.05233152210712433
440 0.05233152210712433
441 0.0877421572804451
442 0.1772913783788681
443 0.1772913783788681
444 0.0422859787940979
445 0.09768058359622955
446 0.13941951096057892
447 0.07066318392753601
448 0.07066318392753601
449 0.07066318392753601
450 0.07066318392753601
451 0.07066318392753601
452 0.059256646782159805
453 0.10605017095804214
454 0.08970369398593903
455 0.1683143824338913
456 0.06256484240293503
457 0.06256484240293503
458 0.041053593158721924
459 0.041053593158721924
460 0.055803585797548294
461 0.055803585797548294
462 0.036423541605472565
463 0.091715008020401
464 0.05254186689853668
465 0.07546835392713547
466 0.07557694613933563
467 0.060901302844285965
468 0.060901302844285965
469 0.21045708656311035
470 0.04902411252260208
471 0.1068856492638588
472 0.10095223039388657
473 0.0634286180138588
474 0.0184905044734478
475 0.0184905044734478
476 0.0184905044734478
477 0.03839468955993652
478 0.04599548131227493
479 0.04599548131227493
480 0.057421132922172546
481 0.057421132922172546
482 0.10144373774528503
483 0.05139259621500969
484 0.03394053503870964
485 0.03702744469046593
486 0.03190883249044418
487 0.03190883249044418
488 0.03190883249044418
489 0.08667018264532089
490 0.053023871034383774
491 0.19174616038799286
492 0.07312247157096863
493 0.144341379404068
494 0.07631807774305344
495 0.08020651340484619
496 0.06066527217626572
497 0.14517055451869965
498 0.14517055451869965
499 0.14517055451869965
