0 2.3027844429016113
1 2.300576686859131
2 2.300565481185913
3 2.300565481185913
4 2.3021323680877686
5 2.302292585372925
6 2.3004941940307617
7 2.3017561435699463
8 2.3017561435699463
9 2.3022141456604004
10 2.302558422088623
11 2.2976229190826416
12 2.2976229190826416
13 2.30385160446167
14 2.304089069366455
15 2.29887318611145
16 2.301699161529541
17 2.301699161529541
18 2.3034491539001465
19 2.3034491539001465
20 2.302304267883301
21 2.301814556121826
22 2.301516056060791
23 2.301516056060791
24 2.2937941551208496
25 2.2937941551208496
26 2.2937941551208496
27 2.2937941551208496
28 2.3058278560638428
29 2.3058278560638428
30 2.2940449714660645
31 2.301978588104248
32 2.301978588104248
33 2.299088716506958
34 2.304680109024048
35 2.302483320236206
36 2.30141282081604
37 2.3008008003234863
38 2.288597583770752
39 2.310000419616699
40 2.293137788772583
41 2.306309700012207
42 2.28853440284729
43 2.28853440284729
44 2.28853440284729
45 2.2912933826446533
46 2.2996902465820312
47 2.301691770553589
48 2.288839340209961
49 2.3103232383728027
50 2.291840076446533
51 2.291840076446533
52 2.291840076446533
53 2.301732301712036
54 2.301732301712036
55 2.291684150695801
56 2.291684150695801
57 2.293497085571289
58 2.3055355548858643
59 2.3055355548858643
60 2.270979881286621
61 2.28020977973938
62 2.304408311843872
63 2.282646656036377
64 2.2851157188415527
65 2.2851157188415527
66 2.2765800952911377
67 2.263148546218872
68 2.263148546218872
69 2.263148546218872
70 2.281269073486328
71 2.279585361480713
72 2.279585361480713
73 2.279585361480713
74 2.280642032623291
75 2.251141309738159
76 2.2429659366607666
77 2.2429659366607666
78 2.256755828857422
79 2.256755828857422
80 2.209218978881836
81 2.216118812561035
82 2.214005470275879
83 2.214005470275879
84 2.226741313934326
85 2.1981759071350098
86 2.1912569999694824
87 2.140779972076416
88 2.1568312644958496
89 2.1568312644958496
90 2.0771002769470215
91 1.986433744430542
92 2.0076065063476562
93 2.0076065063476562
94 2.0076065063476562
95 2.0076065063476562
96 1.700199007987976
97 1.700199007987976
98 1.700199007987976
99 1.700199007987976
100 1.700199007987976
101 1.700199007987976
102 1.0711276531219482
103 1.0948903560638428
104 1.1601877212524414
105 1.1601877212524414
106 1.1601877212524414
107 0.886689305305481
108 0.886689305305481
109 0.886689305305481
110 0.8568639159202576
111 0.8292779922485352
112 0.7662341594696045
113 0.7662341594696045
114 0.7662341594696045
115 0.7662341594696045
116 0.6925758719444275
117 0.5922367572784424
118 0.5922367572784424
119 0.5922367572784424
120 0.42339351773262024
121 0.4935241639614105
122 0.3972509503364563
123 0.6210216879844666
124 0.6210216879844666
125 0.6210216879844666
126 0.47224533557891846
127 0.47224533557891846
128 0.47224533557891846
129 0.47224533557891846
130 0.4366556704044342
131 0.42507514357566833
132 0.40979042649269104
133 0.40979042649269104
134 0.40979042649269104
135 0.43475767970085144
136 0.5002617835998535
137 0.44001686573028564
138 0.5378441214561462
139 0.24540403485298157
140 0.4989837110042572
141 0.4422561824321747
142 0.43952417373657227
143 0.43952417373657227
144 0.43952417373657227
145 0.4341106712818146
146 0.5040251016616821
147 0.5541199445724487
148 0.3652942180633545
149 0.3652942180633545
150 0.34198081493377686
151 0.3475692570209503
152 0.34797173738479614
153 0.34797173738479614
154 0.38960742950439453
155 0.38960742950439453
156 0.3761824369430542
157 0.48129862546920776
158 0.4459517002105713
159 0.43399956822395325
160 0.2924266755580902
161 0.38940006494522095
162 0.3741026818752289
163 0.4400728642940521
164 0.47422653436660767
165 0.47422653436660767
166 0.2876259982585907
167 0.4129689037799835
168 0.4129689037799835
169 0.4328632354736328
170 0.24447321891784668
171 0.24447321891784668
172 0.2609580159187317
173 0.2609580159187317
174 0.2609580159187317
175 0.38196513056755066
176 0.22171053290367126
177 0.30271148681640625
178 0.3134525418281555
179 0.3676866888999939
180 0.2849409282207489
181 0.3580576777458191
182 0.3158927857875824
183 0.383882999420166
184 0.24099895358085632
185 0.24001860618591309
186 0.3971264064311981
187 0.3971264064311981
188 0.30850839614868164
189 0.3310548961162567
190 0.19668659567832947
191 0.19668659567832947
192 0.2887952923774719
193 0.4294413924217224
194 0.4047774374485016
195 0.4047774374485016
196 0.2247564196586609
197 0.2247564196586609
198 0.25753483176231384
199 0.47705960273742676
200 0.47705960273742676
201 0.1797705441713333
202 0.2813245356082916
203 0.18864557147026062
204 0.17809557914733887
205 0.1887246072292328
206 0.1887246072292328
207 0.272262305021286
208 0.31428927183151245
209 0.10165570676326752
210 0.21758878231048584
211 0.2518942654132843
212 0.2518942654132843
213 0.3001018464565277
214 0.24488307535648346
215 0.24661166965961456
216 0.2325502187013626
217 0.24462081491947174
218 0.17803798615932465
219 0.42925533652305603
220 0.42925533652305603
221 0.16558821499347687
222 0.16558821499347687
223 0.2084915041923523
224 0.3089023232460022
225 0.3089023232460022
226 0.3089023232460022
227 0.3089023232460022
228 0.2581806182861328
229 0.2581806182861328
230 0.28181958198547363
231 0.28181958198547363
232 0.19881534576416016
233 0.16683457791805267
234 0.2542259693145752
235 0.2542259693145752
236 0.13046111166477203
237 0.13046111166477203
238 0.13046111166477203
239 0.12532982230186462
240 0.21453210711479187
241 0.2554008960723877
242 0.18055330216884613
243 0.24364377558231354
244 0.24364377558231354
245 0.24364377558231354
246 0.3093016445636749
247 0.09191861748695374
248 0.2386215478181839
249 0.2386215478181839
250 0.1316719949245453
251 0.13110005855560303
252 0.1812102049589157
253 0.1812102049589157
254 0.23804354667663574
255 0.23148442804813385
256 0.23148442804813385
257 0.23148442804813385
258 0.23148442804813385
259 0.23148442804813385
260 0.23148442804813385
261 0.20786620676517487
262 0.28803718090057373
263 0.17000527679920197
264 0.13784685730934143
265 0.1809430569410324
266 0.1809430569410324
267 0.1327722668647766
268 0.1857006847858429
269 0.20672562718391418
270 0.20672562718391418
271 0.19801969826221466
272 0.19801969826221466
273 0.17396655678749084
274 0.09092501550912857
275 0.09092501550912857
276 0.09092501550912857
277 0.21991431713104248
278 0.18956267833709717
279 0.21241551637649536
280 0.23532354831695557
281 0.15459506213665009
282 0.22896818816661835
283 0.22896818816661835
284 0.12559734284877777
285 0.12559734284877777
286 0.25443312525749207
287 0.0926828384399414
288 0.1410597860813141
289 0.186149001121521
290 0.1918960064649582
291 0.2438485026359558
292 0.10198569297790527
293 0.22252237796783447
294 0.18106324970722198
295 0.072109155356884
296 0.2556685209274292
297 0.19030804932117462
298 0.13899821043014526
299 0.1659700721502304
300 0.1659700721502304
301 0.1659700721502304
302 0.1423047035932541
303 0.15214776992797852
304 0.08157291263341904
305 0.08157291263341904
306 0.08050067722797394
307 0.08050067722797394
308 0.08050067722797394
309 0.1502954363822937
310 0.13209034502506256
311 0.19168135523796082
312 0.1580529510974884
313 0.1580529510974884
314 0.12211712449789047
315 0.14533162117004395
316 0.25304627418518066
317 0.05590652674436569
318 0.12206040322780609
319 0.1382569521665573
320 0.1382569521665573
321 0.12218877673149109
322 0.12218877673149109
323 0.12218877673149109
324 0.06167345121502876
325 0.06167345121502876
326 0.17273473739624023
327 0.17273473739624023
328 0.17273473739624023
329 0.07920333743095398
330 0.07920333743095398
331 0.10937238484621048
332 0.1963963508605957
333 0.23119063675403595
334 0.18165715038776398
335 0.18165715038776398
336 0.1110563650727272
337 0.08360400050878525
338 0.08360400050878525
339 0.08423344790935516
340 0.06975162774324417
341 0.15993352234363556
342 0.15993352234363556
343 0.172138974070549
344 0.172138974070549
345 0.06925351172685623
346 0.06925351172685623
347 0.06925351172685623
348 0.14647918939590454
349 0.15411724150180817
350 0.15411724150180817
351 0.10504806786775589
352 0.15530379116535187
353 0.1143747940659523
354 0.1143747940659523
355 0.12159210443496704
356 0.07770805805921555
357 0.07770805805921555
358 0.21283860504627228
359 0.07324238121509552
360 0.0714629665017128
361 0.14869633316993713
362 0.12205912172794342
363 0.10098946839570999
364 0.10098946839570999
365 0.1527424454689026
366 0.11766551434993744
367 0.11766551434993744
368 0.12398233264684677
369 0.08353930711746216
370 0.08353930711746216
371 0.13523635268211365
372 0.09156719595193863
373 0.09156719595193863
374 0.06511523574590683
375 0.13538706302642822
376 0.13538706302642822
377 0.18646374344825745
378 0.18646374344825745
379 0.15647496283054352
380 0.16563481092453003
381 0.16563481092453003
382 0.16563481092453003
383 0.05662974342703819
384 0.05662974342703819
385 0.07279805094003677
386 0.16096264123916626
387 0.16096264123916626
388 0.17797358334064484
389 0.053679391741752625
390 0.15477851033210754
391 0.11529459059238434
392 0.07359883189201355
393 0.13464520871639252
394 0.13464520871639252
395 0.05449917912483215
396 0.04825828596949577
397 0.17522543668746948
398 0.11954191327095032
399 0.12582182884216309
400 0.10152016580104828
401 0.06793798506259918
402 0.1410513073205948
403 0.061624471098184586
404 0.08369652181863785
405 0.07673130184412003
406 0.07048819959163666
407 0.07048819959163666
408 0.07048819959163666
409 0.07048819959163666
410 0.06543342024087906
411 0.07772152125835419
412 0.052115242928266525
413 0.0861193835735321
414 0.14372505247592926
415 0.251189261674881
416 0.251189261674881
417 0.251189261674881
418 0.251189261674881
419 0.10066208988428116
420 0.11425319314002991
421 0.11425319314002991
422 0.08958911895751953
423 0.08958911895751953
424 0.08958911895751953
425 0.08958911895751953
426 0.1731439232826233
427 0.1731439232826233
428 0.07385040819644928
429 0.1024523377418518
430 0.045370593667030334
431 0.07149963080883026
432 0.07149963080883026
433 0.10645637661218643
434 0.07705335319042206
435 0.07705335319042206
436 0.07705335319042206
437 0.08775316178798676
438 0.07156572490930557
439 0.16805197298526764
440 0.05160063877701759
441 0.05160063877701759
442 0.05160063877701759
443 0.08548668026924133
444 0.05945632979273796
445 0.13846755027770996
446 0.03635431081056595
447 0.03635431081056595
448 0.03635431081056595
449 0.1359267681837082
450 0.05465696379542351
451 0.04508466273546219
452 0.04508466273546219
453 0.16097821295261383
454 0.16097821295261383
455 0.09576402604579926
456 0.09576402604579926
457 0.046677201986312866
458 0.046677201986312866
459 0.05573352053761482
460 0.07988286018371582
461 0.05866838991641998
462 0.061179209500551224
463 0.12411098182201385
464 0.0859542042016983
465 0.07760743051767349
466 0.058344870805740356
467 0.08962517231702805
468 0.07458310574293137
469 0.12701916694641113
470 0.12701916694641113
471 0.06093717738986015
472 0.07263340055942535
473 0.10870014131069183
474 0.06855498999357224
475 0.0618600994348526
476 0.0618600994348526
477 0.07446332275867462
478 0.04606115072965622
479 0.08824053406715393
480 0.1274975836277008
481 0.08011914789676666
482 0.08011914789676666
483 0.08011914789676666
484 0.10289417952299118
485 0.08961164951324463
486 0.08961164951324463
487 0.08961164951324463
488 0.05269642546772957
489 0.05269642546772957
490 0.09460854530334473
491 0.09460854530334473
492 0.0740388035774231
493 0.03175400570034981
494 0.11735484004020691
495 0.049938153475522995
496 0.049938153475522995
497 0.06724806129932404
498 0.08157479763031006
499 0.09292088449001312
