0 2.299675464630127
1 2.2987751960754395
2 2.2986202239990234
3 2.2986202239990234
4 2.297215223312378
5 2.297215223312378
6 2.297215223312378
7 2.297215223312378
8 2.2976038455963135
9 2.2976038455963135
10 2.299126625061035
11 2.2952213287353516
12 2.2952213287353516
13 2.2952213287353516
14 2.2979576587677
15 2.2962117195129395
16 2.2962117195129395
17 2.297403573989868
18 2.3021938800811768
19 2.29415225982666
20 2.29415225982666
21 2.299584150314331
22 2.2927677631378174
23 2.296142816543579
24 2.293281316757202
25 2.2926504611968994
26 2.2926504611968994
27 2.2926504611968994
28 2.2926504611968994
29 2.2907674312591553
30 2.2914938926696777
31 2.2914938926696777
32 2.293215751647949
33 2.292275905609131
34 2.2935996055603027
35 2.2868845462799072
36 2.2899281978607178
37 2.289806842803955
38 2.289806842803955
39 2.2850911617279053
40 2.2850911617279053
41 2.297733783721924
42 2.283729076385498
43 2.283729076385498
44 2.284893035888672
45 2.287006378173828
46 2.287006378173828
47 2.2865848541259766
48 2.2851762771606445
49 2.2846879959106445
50 2.2846879959106445
51 2.280778408050537
52 2.2877676486968994
53 2.2875828742980957
54 2.2830491065979004
55 2.2836947441101074
56 2.283539295196533
57 2.2747299671173096
58 2.2778139114379883
59 2.271120071411133
60 2.267364263534546
61 2.265958786010742
62 2.265958786010742
63 2.270573139190674
64 2.259619951248169
65 2.253075122833252
66 2.251621723175049
67 2.2529587745666504
68 2.254847526550293
69 2.2495412826538086
70 2.246337890625
71 2.241732597351074
72 2.241766929626465
73 2.220696449279785
74 2.220696449279785
75 2.2298576831817627
76 2.218895673751831
77 2.206146240234375
78 2.1915090084075928
79 2.1939470767974854
80 2.1939470767974854
81 2.1779494285583496
82 2.1759021282196045
83 2.169407844543457
84 2.169407844543457
85 2.1495020389556885
86 2.1495020389556885
87 2.08864164352417
88 2.1180009841918945
89 2.082536220550537
90 2.050215482711792
91 2.006971836090088
92 1.919410228729248
93 1.8486300706863403
94 1.7730531692504883
95 1.7730531692504883
96 1.6140892505645752
97 1.6140892505645752
98 1.5473251342773438
99 1.5473251342773438
100 1.5473251342773438
101 1.5473251342773438
102 1.5473251342773438
103 1.5473251342773438
104 1.1676714420318604
105 1.0442657470703125
106 0.7522189617156982
107 0.7522189617156982
108 0.9263212084770203
109 1.0028460025787354
110 0.739782452583313
111 0.8649455904960632
112 0.8649455904960632
113 0.7646872997283936
114 0.7300920486450195
115 0.6946186423301697
116 0.6561282873153687
117 0.7075645327568054
118 0.8191910982131958
119 0.8191910982131958
120 0.6609929203987122
121 0.6823675036430359
122 0.4416232705116272
123 0.5843523740768433
124 0.5068711042404175
125 0.4879073202610016
126 0.5017497539520264
127 0.3906397223472595
128 0.5050486326217651
129 0.6424099206924438
130 0.5003262162208557
131 0.3167704939842224
132 0.3167704939842224
133 0.3167704939842224
134 0.6124463677406311
135 0.4584556519985199
136 0.3885665535926819
137 0.412624329328537
138 0.2959550619125366
139 0.2959550619125366
140 0.4687749147415161
141 0.6113249659538269
142 0.3952939212322235
143 0.39360249042510986
144 0.3357927203178406
145 0.3855247497558594
146 0.31936609745025635
147 0.2861517667770386
148 0.2861517667770386
149 0.4624929130077362
150 0.4624929130077362
151 0.4624929130077362
152 0.3997346758842468
153 0.28915590047836304
154 0.28915590047836304
155 0.28915590047836304
156 0.34853509068489075
157 0.34853509068489075
158 0.36745432019233704
159 0.3500003218650818
160 0.24473817646503448
161 0.2043231874704361
162 0.2043231874704361
163 0.2043231874704361
164 0.5524027347564697
165 0.3880993723869324
166 0.36550766229629517
167 0.36550766229629517
168 0.2431311458349228
169 0.4115060269832611
170 0.4115060269832611
171 0.23872022330760956
172 0.23872022330760956
173 0.23872022330760956
174 0.2620294392108917
175 0.35552000999450684
176 0.4390503466129303
177 0.3611743152141571
178 0.2970398962497711
179 0.2924971878528595
180 0.23586340248584747
181 0.1719151735305786
182 0.1719151735305786
183 0.1719151735305786
184 0.2473306804895401
185 0.2473306804895401
186 0.1973711997270584
187 0.17712989449501038
188 0.240679532289505
189 0.316301554441452
190 0.27848660945892334
191 0.2323724776506424
192 0.21655689179897308
193 0.21655689179897308
194 0.35699236392974854
195 0.22774651646614075
196 0.22774651646614075
197 0.21692483127117157
198 0.2891395092010498
199 0.2891395092010498
200 0.24647192656993866
201 0.5204222202301025
202 0.5204222202301025
203 0.5204222202301025
204 0.3712909519672394
205 0.18125714361667633
206 0.22032801806926727
207 0.2343786507844925
208 0.2343786507844925
209 0.1807260513305664
210 0.1807260513305664
211 0.1807260513305664
212 0.30078423023223877
213 0.34289562702178955
214 0.1670835167169571
215 0.21402671933174133
216 0.21843603253364563
217 0.19351118803024292
218 0.10068075358867645
219 0.16656363010406494
220 0.31996798515319824
221 0.19145961105823517
222 0.2346603125333786
223 0.19143320620059967
224 0.19143320620059967
225 0.16268576681613922
226 0.16268576681613922
227 0.20454736053943634
228 0.22427086532115936
229 0.17789456248283386
230 0.3183257281780243
231 0.1895214021205902
232 0.1895214021205902
233 0.15802863240242004
234 0.1800866425037384
235 0.19123128056526184
236 0.23013395071029663
237 0.136580228805542
238 0.18620510399341583
239 0.19944089651107788
240 0.21563084423542023
241 0.11316680163145065
242 0.1575760394334793
243 0.22778922319412231
244 0.13218769431114197
245 0.13218769431114197
246 0.19875414669513702
247 0.19875414669513702
248 0.15370595455169678
249 0.15325309336185455
250 0.1747070848941803
251 0.1903378814458847
252 0.13952051103115082
253 0.08622090518474579
254 0.0512826181948185
255 0.0512826181948185
256 0.0512826181948185
257 0.0512826181948185
258 0.0512826181948185
259 0.17797116935253143
260 0.16318297386169434
261 0.16318297386169434
262 0.16318297386169434
263 0.16318297386169434
264 0.16318297386169434
265 0.27828148007392883
266 0.13710762560367584
267 0.13710762560367584
268 0.22800548374652863
269 0.3113693594932556
270 0.20969973504543304
271 0.20969973504543304
272 0.17205199599266052
273 0.17205199599266052
274 0.1314258575439453
275 0.10979389399290085
276 0.21278241276741028
277 0.21278241276741028
278 0.08876009285449982
279 0.2368772327899933
280 0.2368772327899933
281 0.11702031642198563
282 0.11702031642198563
283 0.11702031642198563
284 0.11702031642198563
285 0.11371626704931259
286 0.14769642055034637
287 0.14769642055034637
288 0.1320306956768036
289 0.07155799120664597
290 0.07155799120664597
291 0.07155799120664597
292 0.14259345829486847
293 0.14259345829486847
294 0.14259345829486847
295 0.09907680749893188
296 0.09907680749893188
297 0.09328512847423553
298 0.09328512847423553
299 0.07626207917928696
300 0.15660738945007324
301 0.11387554556131363
302 0.11738185584545135
303 0.12967745959758759
304 0.07977057248353958
305 0.07977057248353958
306 0.07977057248353958
307 0.12869679927825928
308 0.10225993394851685
309 0.13808660209178925
310 0.13808660209178925
311 0.16303889453411102
312 0.07792827486991882
313 0.046242352575063705
314 0.1612885743379593
315 0.15544934570789337
316 0.15544934570789337
317 0.09327384829521179
318 0.09327384829521179
319 0.09327384829521179
320 0.09327384829521179
321 0.10739202797412872
322 0.10739202797412872
323 0.11499065160751343
324 0.16866645216941833
325 0.08002592623233795
326 0.08002592623233795
327 0.10754524916410446
328 0.10754524916410446
329 0.13484783470630646
330 0.13484783470630646
331 0.13484783470630646
332 0.09781435132026672
333 0.08047585934400558
334 0.11851494014263153
335 0.1141587570309639
336 0.13232293725013733
337 0.09371113032102585
338 0.1512577384710312
339 0.05098943039774895
340 0.05098943039774895
341 0.039078254252672195
342 0.10586780309677124
343 0.06542214006185532
344 0.08607863634824753
345 0.08159683644771576
346 0.06924238801002502
347 0.05534343421459198
348 0.08176608383655548
349 0.08176608383655548
350 0.06881019473075867
351 0.04649437218904495
352 0.0808819830417633
353 0.07100097090005875
354 0.14925187826156616
355 0.06991031020879745
356 0.14607231318950653
357 0.06629374623298645
358 0.1552092730998993
359 0.1552092730998993
360 0.11843187361955643
361 0.11843187361955643
362 0.1413130909204483
363 0.08571384847164154
364 0.08571384847164154
365 0.0504654124379158
366 0.14576290547847748
367 0.14576290547847748
368 0.07374951243400574
369 0.04868664965033531
370 0.04868664965033531
371 0.04868664965033531
372 0.06140744313597679
373 0.06140744313597679
374 0.06140744313597679
375 0.05414626747369766
376 0.0819576159119606
377 0.05966974422335625
378 0.09450944513082504
379 0.053346168249845505
380 0.09954506903886795
381 0.0835016742348671
382 0.08777785301208496
383 0.08777785301208496
384 0.095253124833107
385 0.10515440255403519
386 0.12302866578102112
387 0.08077514916658401
388 0.08077514916658401
389 0.12184138596057892
390 0.09714672714471817
391 0.09714672714471817
392 0.025708960369229317
393 0.11538995802402496
394 0.14269064366817474
395 0.057672180235385895
396 0.11122271418571472
397 0.08427906036376953
398 0.08427906036376953
399 0.05053328722715378
400 0.05053328722715378
401 0.05053328722715378
402 0.05053328722715378
403 0.05053328722715378
404 0.05053328722715378
405 0.08944077044725418
406 0.07003144919872284
407 0.050062309950590134
408 0.050062309950590134
409 0.050062309950590134
410 0.09286951273679733
411 0.12443951517343521
412 0.12443951517343521
413 0.12443951517343521
414 0.1316414773464203
415 0.06515239179134369
416 0.06515239179134369
417 0.1405031681060791
418 0.05060363933444023
419 0.04671556502580643
420 0.11285746097564697
421 0.048116959631443024
422 0.09626143425703049
423 0.09626143425703049
424 0.054510075598955154
425 0.054510075598955154
426 0.10346212238073349
427 0.15088529884815216
428 0.044599395245313644
429 0.044599395245313644
430 0.0838969275355339
431 0.0838969275355339
432 0.1005176454782486
433 0.04744016379117966
434 0.07619040459394455
435 0.06869389861822128
436 0.06869389861822128
437 0.03740731254220009
438 0.07385856658220291
439 0.1270523965358734
440 0.1050969660282135
441 0.05466785654425621
442 0.07677792757749557
443 0.0269644632935524
444 0.0269644632935524
445 0.04714879393577576
446 0.031050294637680054
447 0.10609713196754456
448 0.10956406593322754
449 0.05711577460169792
450 0.12381727248430252
451 0.07894094288349152
452 0.03076290152966976
453 0.03854551166296005
454 0.07422887533903122
455 0.09022517502307892
456 0.09022517502307892
457 0.09022517502307892
458 0.06119763106107712
459 0.0346359945833683
460 0.09525108337402344
461 0.16562436521053314
462 0.041114021092653275
463 0.04858554154634476
464 0.050118815153837204
465 0.050118815153837204
466 0.10090191662311554
467 0.10841774940490723
468 0.10330042243003845
469 0.11976580321788788
470 0.14796438813209534
471 0.03663566708564758
472 0.03663566708564758
473 0.057158760726451874
474 0.057158760726451874
475 0.10608861595392227
476 0.13122127950191498
477 0.07544630020856857
478 0.05119344964623451
479 0.039059653878211975
480 0.039059653878211975
481 0.039059653878211975
482 0.07268756628036499
483 0.06423679739236832
484 0.08469227701425552
485 0.08469227701425552
486 0.12522384524345398
487 0.03793790936470032
488 0.03793790936470032
489 0.07046481221914291
490 0.07046481221914291
491 0.0979975089430809
492 0.0979975089430809
493 0.0548473559319973
494 0.05158316344022751
495 0.06405583024024963
496 0.06405583024024963
497 0.06405583024024963
498 0.04199795052409172
499 0.026573536917567253
