0 0.0
1 2.302316904067993
2 2.3048388957977295
3 2.3019678592681885
4 2.3031396865844727
5 2.3038532733917236
6 2.3013508319854736
7 2.303558826446533
8 2.305229425430298
9 2.30230975151062
10 2.3011255264282227
11 2.300553321838379
12 2.2984883785247803
13 2.2984883785247803
14 2.2984883785247803
15 2.303628444671631
16 2.303628444671631
17 2.2993383407592773
18 2.2993383407592773
19 2.303917169570923
20 2.2995448112487793
21 2.2995448112487793
22 2.2995448112487793
23 2.2995448112487793
24 2.3038368225097656
25 2.2972614765167236
26 2.302677631378174
27 2.302677631378174
28 2.302677631378174
29 2.302677631378174
30 2.310941457748413
31 2.310941457748413
32 2.310941457748413
33 2.3011679649353027
34 2.2932164669036865
35 2.2932164669036865
36 2.2932164669036865
37 2.307490825653076
38 2.2888901233673096
39 2.2888901233673096
40 2.2914013862609863
41 2.2980728149414062
42 2.293794870376587
43 2.3001668453216553
44 2.3001668453216553
45 2.2921574115753174
46 2.2921574115753174
47 2.2921574115753174
48 2.2885968685150146
49 2.2919952869415283
50 2.300834894180298
51 2.2994613647460938
52 2.2960755825042725
53 2.2960755825042725
54 2.2830498218536377
55 2.2830498218536377
56 2.294414758682251
57 2.294414758682251
58 2.294414758682251
59 2.294414758682251
60 2.291151762008667
61 2.291151762008667
62 2.291151762008667
63 2.2805886268615723
64 2.3058855533599854
65 2.3058855533599854
66 2.2804980278015137
67 2.2804980278015137
68 2.2804980278015137
69 2.2921557426452637
70 2.2742257118225098
71 2.279228925704956
72 2.279228925704956
73 2.279228925704956
74 2.295207977294922
75 2.295207977294922
76 2.295207977294922
77 2.244217872619629
78 2.2715816497802734
79 2.215388298034668
80 2.215388298034668
81 2.205392599105835
82 2.205392599105835
83 2.255429744720459
84 2.255429744720459
85 2.255429744720459
86 2.1369588375091553
87 2.1369588375091553
88 2.130338191986084
89 2.1034412384033203
90 2.0556726455688477
91 2.0204360485076904
92 2.0033648014068604
93 2.0033648014068604
94 1.868053674697876
95 1.827728509902954
96 1.810962200164795
97 1.683121681213379
98 1.5484638214111328
99 1.5484638214111328
100 1.3693537712097168
101 1.293160319328308
102 1.1506062746047974
103 0.9704571962356567
104 1.114821434020996
105 0.9454719424247742
106 0.8181253671646118
107 0.7674548029899597
108 0.8648678064346313
109 0.8520293235778809
110 0.8520293235778809
111 0.8520293235778809
112 0.8520293235778809
113 0.7274874448776245
114 0.7274874448776245
115 0.5925179719924927
116 0.6142169237136841
117 0.6142169237136841
118 0.8128272294998169
119 0.3895714581012726
120 0.3895714581012726
121 0.3895714581012726
122 0.3895714581012726
123 0.2949351370334625
124 0.6700341105461121
125 0.38953933119773865
126 0.40350258350372314
127 0.38929665088653564
128 0.43417757749557495
129 0.43417757749557495
130 0.4046114683151245
131 0.6139836311340332
132 0.587902843952179
133 0.3355753719806671
134 0.35755598545074463
135 0.35755598545074463
136 0.35755598545074463
137 0.35755598545074463
138 0.723079264163971
139 0.5194874405860901
140 0.39506280422210693
141 0.39506280422210693
142 0.48297974467277527
143 0.39413005113601685
144 0.4934418499469757
145 0.4934418499469757
146 0.4781031310558319
147 0.37533074617385864
148 0.5453926920890808
149 0.42114681005477905
150 0.42114681005477905
151 0.46243348717689514
152 0.46243348717689514
153 0.3620595633983612
154 0.30912667512893677
155 0.39347249269485474
156 0.39347249269485474
157 0.5400842428207397
158 0.403359055519104
159 0.43998703360557556
160 0.44089722633361816
161 0.2857098877429962
162 0.2857098877429962
163 0.3225158751010895
164 0.4954862892627716
165 0.3192233145236969
166 0.4228244125843048
167 0.4228244125843048
168 0.398591011762619
169 0.27402177453041077
170 0.4334811568260193
171 0.3169057369232178
172 0.3169057369232178
173 0.3169057369232178
174 0.3062785267829895
175 0.3252685070037842
176 0.3253411650657654
177 0.28033047914505005
178 0.3035026490688324
179 0.3035026490688324
180 0.3443374037742615
181 0.29291877150535583
182 0.29291877150535583
183 0.29291877150535583
184 0.29291877150535583
185 0.29291877150535583
186 0.29291877150535583
187 0.3148292303085327
188 0.32788756489753723
189 0.3132461905479431
190 0.17603257298469543
191 0.17603257298469543
192 0.2578779458999634
193 0.29892590641975403
194 0.19825290143489838
195 0.3102496266365051
196 0.3102496266365051
197 0.3102496266365051
198 0.2603408992290497
199 0.350376158952713
200 0.32705584168434143
201 0.34092977643013
202 0.2940846383571625
203 0.23520901799201965
204 0.2603467106819153
205 0.2603467106819153
206 0.2603467106819153
207 0.2603467106819153
208 0.2603467106819153
209 0.20803168416023254
210 0.36939576268196106
211 0.24110962450504303
212 0.3368264436721802
213 0.1615557074546814
214 0.1549956053495407
215 0.1549956053495407
216 0.1549956053495407
217 0.1549956053495407
218 0.1549956053495407
219 0.28712335228919983
220 0.28712335228919983
221 0.28712335228919983
222 0.28712335228919983
223 0.28712335228919983
224 0.28712335228919983
225 0.28712335228919983
226 0.24038594961166382
227 0.17927929759025574
228 0.15815116465091705
229 0.17429529130458832
230 0.2870582640171051
231 0.2870582640171051
232 0.26330122351646423
233 0.20081496238708496
234 0.20081496238708496
235 0.18819133937358856
236 0.18819133937358856
237 0.18819133937358856
238 0.3262064456939697
239 0.3262064456939697
240 0.3262064456939697
241 0.18895308673381805
242 0.2511313557624817
243 0.2511313557624817
244 0.19853229820728302
245 0.2670346200466156
246 0.2603699564933777
247 0.34181955456733704
248 0.1463000774383545
249 0.1463000774383545
250 0.2022211104631424
251 0.2877008318901062
252 0.10700789839029312
253 0.26979419589042664
254 0.22743092477321625
255 0.3079195022583008
256 0.3081733286380768
257 0.2429691106081009
258 0.3183012008666992
259 0.14813251793384552
260 0.14813251793384552
261 0.2090958058834076
262 0.19689787924289703
263 0.13635024428367615
264 0.13635024428367615
265 0.26881086826324463
266 0.1300853192806244
267 0.2745908498764038
268 0.2745908498764038
269 0.2551259696483612
270 0.08275868743658066
271 0.20616427063941956
272 0.2289789468050003
273 0.25010403990745544
274 0.14332129061222076
275 0.1743386685848236
276 0.24237658083438873
277 0.24237658083438873
278 0.19129246473312378
279 0.245621919631958
280 0.2405402660369873
281 0.2405402660369873
282 0.2405402660369873
283 0.11892922967672348
284 0.11892922967672348
285 0.1969977468252182
286 0.2604878842830658
287 0.270803838968277
288 0.1318219006061554
289 0.12218368798494339
290 0.12975730001926422
291 0.18932661414146423
292 0.1657499372959137
293 0.15432630479335785
294 0.15432630479335785
295 0.1409454494714737
296 0.20261965692043304
297 0.20261965692043304
298 0.20261965692043304
299 0.12053318321704865
300 0.12347905337810516
301 0.09277774393558502
302 0.21448440849781036
303 0.11657829582691193
304 0.17952202260494232
305 0.16899925470352173
306 0.1555887758731842
307 0.12157722562551498
308 0.12157722562551498
309 0.25735509395599365
310 0.25735509395599365
311 0.11441458016633987
312 0.19927994906902313
313 0.14353123307228088
314 0.11492104828357697
315 0.11492104828357697
316 0.15872326493263245
317 0.0675281435251236
318 0.0675281435251236
319 0.0675281435251236
320 0.0675281435251236
321 0.1663854718208313
322 0.09584519267082214
323 0.13368579745292664
324 0.13368579745292664
325 0.13854070007801056
326 0.13854070007801056
327 0.1412695348262787
328 0.11810389161109924
329 0.22554804384708405
330 0.22554804384708405
331 0.14134933054447174
332 0.1473696529865265
333 0.1860300600528717
334 0.08745250850915909
335 0.17351052165031433
336 0.17351052165031433
337 0.17351052165031433
338 0.15650565922260284
339 0.15650565922260284
340 0.15650565922260284
341 0.12019842863082886
342 0.17896771430969238
343 0.1002209484577179
344 0.09937255829572678
345 0.12764346599578857
346 0.2161332070827484
347 0.0957491546869278
348 0.0957491546869278
349 0.2161840945482254
350 0.14149917662143707
351 0.14149917662143707
352 0.08021305501461029
353 0.18894685804843903
354 0.209258571267128
355 0.209258571267128
356 0.08080887049436569
357 0.08080887049436569
358 0.1250111162662506
359 0.14986971020698547
360 0.13212144374847412
361 0.13212144374847412
362 0.1675911843776703
363 0.1675911843776703
364 0.15264683961868286
365 0.08016868680715561
366 0.11197542399168015
367 0.16351912915706635
368 0.11276133358478546
369 0.11276133358478546
370 0.09779362380504608
371 0.15630917251110077
372 0.11346413195133209
373 0.09419259428977966
374 0.10861338675022125
375 0.10861338675022125
376 0.0668536126613617
377 0.1565428525209427
378 0.10511816293001175
379 0.16354790329933167
380 0.17909833788871765
381 0.17160139977931976
382 0.25600340962409973
383 0.04046798124909401
384 0.0674126148223877
385 0.11041509360074997
386 0.11041509360074997
387 0.08469913899898529
388 0.06837115436792374
389 0.15481075644493103
390 0.07455819100141525
391 0.07455819100141525
392 0.07455819100141525
393 0.055046483874320984
394 0.09366925805807114
395 0.09366925805807114
396 0.09366925805807114
397 0.09075964242219925
398 0.09107894450426102
399 0.09107894450426102
400 0.12614457309246063
401 0.08402488380670547
402 0.13607771694660187
403 0.13607771694660187
404 0.11194323748350143
405 0.11194323748350143
406 0.17875437438488007
407 0.14417403936386108
408 0.13913950324058533
409 0.13913950324058533
410 0.13913950324058533
411 0.18783274292945862
412 0.18783274292945862
413 0.1403331309556961
414 0.14504577219486237
415 0.07400154322385788
416 0.11894658952951431
417 0.10152633488178253
418 0.10152633488178253
419 0.1468137949705124
420 0.1468137949705124
421 0.09471792727708817
422 0.08013784140348434
423 0.060437753796577454
424 0.1534261703491211
425 0.1534261703491211
426 0.16460590064525604
427 0.11584286391735077
428 0.10099457204341888
429 0.10099457204341888
430 0.09399072080850601
431 0.08909258991479874
432 0.08004812896251678
433 0.08004812896251678
434 0.08004812896251678
435 0.05265383794903755
436 0.07755808532238007
437 0.0949077159166336
438 0.09020330011844635
439 0.080289825797081
440 0.080289825797081
441 0.11615344882011414
442 0.05825314298272133
443 0.056884896010160446
444 0.056884896010160446
445 0.10017033666372299
446 0.1142195388674736
447 0.11086010187864304
448 0.09686388075351715
449 0.09686388075351715
450 0.09686388075351715
451 0.09686388075351715
452 0.09085865318775177
453 0.09591709077358246
454 0.056469548493623734
455 0.06486707925796509
456 0.10006114095449448
457 0.09237538278102875
458 0.09237538278102875
459 0.09237538278102875
460 0.09547479450702667
461 0.12318460643291473
462 0.12318460643291473
463 0.04983168840408325
464 0.10652362555265427
465 0.10289443284273148
466 0.10289443284273148
467 0.1920546442270279
468 0.0899224579334259
469 0.0899224579334259
470 0.1406795084476471
471 0.06918777525424957
472 0.06918777525424957
473 0.06918777525424957
474 0.1175600215792656
475 0.14452674984931946
476 0.10544726997613907
477 0.10544726997613907
478 0.057747822254896164
479 0.057747822254896164
480 0.054843757301568985
481 0.08157545328140259
482 0.11281436681747437
483 0.11281436681747437
484 0.15222406387329102
485 0.17964495718479156
486 0.15399295091629028
487 0.03424759581685066
488 0.09298529475927353
489 0.09298529475927353
490 0.09285464882850647
491 0.13993777334690094
492 0.13993777334690094
493 0.10085168480873108
494 0.10085168480873108
495 0.06352946162223816
496 0.032711248844861984
497 0.14305956661701202
498 0.14305956661701202
499 0.08286391943693161
