0 5.0
1 5.0
2 5.007010319288888
3 5.003789198258596
4 5.023986743242772
5 5.023986743242772
6 5.048579152426593
7 5.043064410684767
8 5.043064410684767
9 5.052278224750237
10 5.050403594128595
11 5.058438807530837
12 5.056764004685733
13 5.058393027043019
14 5.062119003666728
15 5.059778132713671
16 5.069755926382288
17 5.06838709452404
18 5.06838709452404
19 5.06838709452404
20 5.073805827056251
21 5.072880486026356
22 5.072880486026356
23 5.072880486026356
24 5.07599552955926
25 5.07599552955926
26 5.07599552955926
27 5.07599552955926
28 5.078264394682179
29 5.078264394682179
30 5.078264394682179
31 5.081763807486912
32 5.081763807486912
33 5.081763807486912
34 5.085355593785548
35 5.085185416324794
36 5.085185416324794
37 5.085185416324794
38 5.0894227365190545
39 5.089159215320857
40 5.089150385115795
41 5.089150385115795
42 5.0928864838305214
43 5.0928864838305214
44 5.0928864838305214
45 5.0982500629043885
46 5.097722932987986
47 5.097722932987986
48 5.100661531932668
49 5.100534718385197
50 5.101227009671484
51 5.101820556668442
52 5.102190036655267
53 5.102582233048289
54 5.102877102984561
55 5.102877102984561
56 5.102877102984561
57 5.1049354764337425
58 5.104855702999308
59 5.104855702999308
60 5.104855702999308
61 5.104855702999308
62 5.107353777343616
63 5.10718879930107
64 5.108604100391614
65 5.1091304891279785
66 5.109603209637542
67 5.111189253715831
68 5.111899137189245
69 5.111899137189245
70 5.111899137189245
71 5.111899137189245
72 5.111899137189245
73 5.111899137189245
74 5.116116998086238
75 5.11627133944368
76 5.117797245175547
77 5.117797245175547
78 5.121278075168378
79 5.122768791489508
80 5.123338772393207
81 5.124759141970846
82 5.125389295347462
83 5.127101893620075
84 5.127101893620075
85 5.131679014107813
86 5.132235094933407
87 5.137562572773756
88 5.137992540835322
89 5.137992540835322
90 5.137992540835322
91 5.137992540835322
92 5.14446815037742
93 5.145715545254407
94 5.149861741484625
95 5.152670465282616
96 5.152670465282616
97 5.152670465282616
98 5.152670465282616
99 5.152670465282616
