0 5.025538261994443
1 5.058550578742478
2 5.081167377725431
3 5.08116737772371
4 5.08116737772371
5 5.1038057245534265
6 5.1293358541106375
7 5.1534598986338676
8 5.178748521570654
9 5.200263311857551
10 5.225927779542443
11 5.225927779542443
12 5.249795320188091
13 5.273538029655013
14 5.296829445629241
15 5.325389555233334
16 5.325389555233334
17 5.325389555233334
18 5.325389555233334
19 5.325389555233334
20 5.357013644893492
21 5.385679371897372
22 5.385679371897372
23 5.410145832865749
24 5.436997527065958
25 5.4626319326851025
26 5.489555903858375
27 5.515650137750164
28 5.54210649184831
29 5.564395503469764
30 5.5897943366319565
31 5.623219049250565
32 5.646348725595215
33 5.669029405584932
34 5.70070820671694
35 5.7262404422633075
36 5.747780650231458
37 5.772880157913527
38 5.804275444837366
39 5.82416418395379
40 5.848788072663489
41 5.874167114823967
42 5.899288617670075
43 5.91866022928633
44 5.939594793204189
45 5.9620614171003625
46 5.9620614171003625
47 5.988161955216307
48 6.01651161034459
49 6.01651161034459
50 6.049713541821352
51 6.074855977692276
52 6.103413144068179
53 6.103413144068179
54 6.132968389657922
55 6.159315102511969
56 6.159315102511969
57 6.159315102511969
58 6.1892325292012265
59 6.1892325292012265
60 6.22014462864424
61 6.244910441912913
62 6.276884734393065
63 6.299306065628847
64 6.322803438565705
65 6.341722340079756
66 6.341722340079756
67 6.374929059810947
68 6.374929059810947
69 6.402820843802045
70 6.402820843802045
71 6.427592580152275
72 6.44890203529019
73 6.476484618799682
74 6.505722683714569
75 6.531003824288805
76 6.557305040918389
77 6.569620956778404
78 6.569620956778404
79 6.595454673161403
80 6.620781802360777
81 6.620781802360777
82 6.653546071953717
83 6.653546071953717
84 6.689089901226724
85 6.7205707703620625
86 6.745626061911368
87 6.766274195146494
88 6.780170368378344
89 6.790755669558225
90 6.80232700344989
91 6.8079459720152276
92 6.8079459720152276
93 6.8245257156170505
94 6.844755956726396
95 6.844755956726396
96 6.870249251768236
97 6.886149894995731
98 6.902805882738854
99 6.902805882738854
