0 5.0
1 5.030430662574167
2 5.052295199979412
3 5.07783819590197
4 5.105269201257722
5 5.105269201257722
6 5.127254477708464
7 5.152442943011419
8 5.152442943011419
9 5.17370031159969
10 5.17370031159969
11 5.204406861408929
12 5.230440821443724
13 5.254876839856381
14 5.276812292910373
15 5.30603616343163
16 5.325736340230021
17 5.325736340230021
18 5.348719669265015
19 5.374669741730348
20 5.374669741730348
21 5.374669741730348
22 5.402313762576904
23 5.402313762576904
24 5.431862251120985
25 5.458740156790878
26 5.48814117004135
27 5.515844629172762
28 5.515844629172762
29 5.539834154891227
30 5.539834154891227
31 5.575720707033531
32 5.59920517606416
33 5.622510372008896
34 5.656601970198788
35 5.683892704547413
36 5.704064330660525
37 5.729800408683465
38 5.76365538849618
39 5.76365538849618
40 5.792469219400693
41 5.820862473390995
42 5.820862473390995
43 5.845021682989252
44 5.872477009140726
45 5.899853920302957
46 5.899853920302957
47 5.928351607324611
48 5.954348643597031
49 5.980429996304461
50 6.009059435488943
51 6.032765523317233
52 6.032765523317233
53 6.052952535245605
54 6.052952535245605
55 6.08120202517328
56 6.1076170450657905
57 6.1076170450657905
58 6.137314179618321
59 6.160893954404278
60 6.18778658503037
61 6.2103757396357695
62 6.2103757396357695
63 6.2103757396357695
64 6.241393077662214
65 6.267420784593176
66 6.267420784593176
67 6.267420784593176
68 6.311437246847504
69 6.311437246847504
70 6.343006171209973
71 6.343006171209973
72 6.368995643014301
73 6.368995643014301
74 6.413199573258407
75 6.446030900295999
76 6.481035034444522
77 6.4998965019271004
78 6.519988131829494
79 6.536942277202215
80 6.555446244616036
81 6.555446244616036
82 6.585035665546449
83 6.617523966541664
84 6.638586847571818
85 6.638586847571818
86 6.638586847571818
87 6.638586847571818
88 6.675317638635334
89 6.675317638635334
90 6.675317638635334
91 6.73027742809593
92 6.774884316435066
93 6.839194832034621
94 6.890560594303388
95 6.923516981393957
96 6.923516981393957
97 6.9412014713390775
98 6.956762850785189
99 6.9665061237607295
