0 999
2 999
3 999
4 999
5 999
6 999
8 999
11 999
12 999
14 999
16 999
17 999
19 999
21 999
22 999
24 999
25 999
27 999
28 999
29 999
30 999
31 999
32 999
33 999
35 999
36 999
37 999
38 999
39 999
40 999
41 999
42 999
43 999
45 999
46 999
48 999
49 999
50 999
51 999
54 999
55 999
56 999
57 999
60 999
61 999
62 999
64 999
66 999
67 999
69 999
70 999
71 999
72 999
73 999
74 999
75 999
76 999
78 999
79 999
80 999
82 999
83 999
84 999
85 999
86 999
87 999
88 999
91 999
92 999
94 999
95 999
97 999
98 999
99 999
