1 2999
2 2999
4 2999
5 2999
9 2999
10 2999
12 2999
13 2999
14 2999
15 2999
17 2999
18 2999
20 2999
21 2999
23 2999
25 2999
26 2999
27 2999
28 2999
29 2999
33 2999
35 2999
36 2999
39 2999
40 2999
42 2999
46 2999
47 2999
49 2999
50 2999
51 2999
52 2999
53 2999
54 2999
55 2999
57 2999
59 2999
62 2999
63 2999
64 2999
65 2999
66 2999
67 2999
68 2999
69 2999
70 2999
71 2999
73 2999
74 2999
75 2999
77 2999
78 2999
80 2999
81 2999
82 2999
83 2999
84 2999
85 2999
86 2999
87 2999
89 2999
90 2999
92 2999
94 2999
95 2999
96 2999
97 2999
