0 0.0001734502019322774
1 0.0001734502019322774
2 0.0001734502019322774
3 0.0
4 0.0001734502019322774
5 0.0001734502019322774
6 0.0001734502019322774
7 0.0
8 0.0
9 0.0001734502019322774
10 0.0001734502019322774
11 0.0001734502019322774
12 0.0
13 0.0001734502019322774
14 0.0
15 0.0
16 0.0
17 0.0
18 0.0001734502019322774
19 0.0
20 0.0001734502019322774
21 0.0001734502019322774
22 0.0
23 0.0001734502019322774
24 0.0001734502019322774
25 0.0001734502019322774
26 0.0
27 0.0001734502019322774
28 0.0001734502019322774
29 0.0001734502019322774
30 0.0001734502019322774
31 0.0001734502019322774
32 0.0
33 0.0001734502019322774
34 0.0001734502019322774
35 0.0001734502019322774
36 0.0001734502019322774
37 0.0001734502019322774
38 0.0001734502019322774
39 0.0
40 0.0
41 0.0001734502019322774
42 0.0001734502019322774
43 0.0001734502019322774
44 0.0
45 0.0
46 0.0001734502019322774
47 0.0001734502019322774
48 0.0
49 0.0001734502019322774
50 0.0001734502019322774
51 0.0001734502019322774
52 0.0001734502019322774
53 0.0
54 0.0
55 0.0001734502019322774
56 0.0001734502019322774
57 0.0001734502019322774
58 0.0
59 0.0001734502019322774
60 0.0001734502019322774
61 0.0001734502019322774
62 0.0001734502019322774
63 0.0001734502019322774
64 0.0
65 0.0
66 0.0001734502019322774
67 0.0001734502019322774
68 0.0001734502019322774
69 0.0001734502019322774
70 0.0001734502019322774
71 0.0001734502019322774
72 0.0
73 0.0
74 0.0
75 0.0001734502019322774
76 0.0001734502019322774
77 0.0001734502019322774
78 0.0001734502019322774
79 0.0
80 0.0001734502019322774
81 0.0
82 0.0001734502019322774
83 0.0001734502019322774
84 0.0001734502019322774
85 0.0001734502019322774
86 0.0001734502019322774
87 0.0001734502019322774
88 0.0001734502019322774
89 0.0
90 0.0001734502019322774
91 0.0001734502019322774
92 0.0001734502019322774
93 0.0
94 0.0001734502019322774
95 0.0001734502019322774
96 0.0
97 0.0
98 0.0
99 0.0001734502019322774
