0 1500
3 4997
4 4997
5 4997
6 4997
7 4997
10 4997
11 4997
13 4997
16 4997
17 4997
18 4997
20 4997
21 4997
22 4997
23 4997
25 4997
27 4997
29 4997
31 4997
32 4997
34 4997
38 4997
39 4997
40 4997
41 4997
42 4997
43 4997
44 4997
45 4997
47 4997
48 4997
50 4997
51 4997
52 4997
54 4997
57 4997
58 4997
60 4997
61 4997
63 4997
64 4997
65 4997
66 4997
67 4997
68 4997
69 4997
70 3089
72 4997
74 4997
76 4997
79 962
81 4997
82 4997
84 3490
85 4997
87 3249
88 4996
89 4997
91 0
92 4997
93 4997
94 0
97 4997
98 4997
99 4997
100 4997
106 4997
107 4997
110 4570
111 4997
116 2022
117 1213
118 4997
119 3557
122 4997
123 4997
124 4997
127 4997
128 4997
129 4997
131 3551
132 4997
133 4997
134 66
138 4988
140 0
141 0
143 0
144 0
145 0
146 0
147 4997
148 4997
149 4997
150 4997
151 2998
154 2
156 4997
157 4997
158 2998
159 4997
161 165
162 4997
163 4997
164 4997
166 4997
167 4997
168 4997
170 2998
171 1465
174 0
175 0
177 0
180 4996
184 3507
185 4997
186 4997
187 1250
188 750
189 0
190 4997
192 0
193 0
194 4997
197 0
198 2968
199 4997
202 4997
205 4997
206 2998
207 4997
208 4997
209 4300
210 4997
211 4997
213 4785
215 2871
216 4997
218 4997
219 2998
221 4997
225 1
226 4996
227 2997
228 0
230 4996
231 4997
232 0
233 4997
234 0
235 0
236 0
238 4997
239 4393
242 2635
243 4997
244 4997
245 0
246 0
247 361
248 4997
250 1579
251 4997
252 4997
254 4997
255 0
256 399
257 4997
258 0
259 0
260 4997
261 4997
262 3568
263 0
265 0
268 4997
269 4996
270 4997
272 3008
274 4731
275 3745
277 4997
279 2998
280 0
281 4997
282 4997
283 4997
284 4997
286 0
287 0
290 1199
291 719
297 431
298 4997
299 4705
300 4997
301 0
304 4997
305 0
307 0
308 1326
310 3218
311 4997
312 3733
313 4997
314 4997
316 0
317 0
320 4997
321 4781
322 4997
323 0
324 4997
327 4997
330 3877
332 4997
333 4997
334 3113
335 1
336 0
337 4997
338 4997
340 2998
341 2925
344 1755
345 4997
347 4997
348 4997
349 4997
351 0
352 0
353 4997
354 4997
355 2998
356 4997
357 2998
358 4997
359 0
361 0
363 4997
364 0
365 0
366 3576
367 2862
368 1769
369 0
370 1896
371 0
372 4997
373 4997
376 3393
378 2451
379 0
380 0
382 4997
383 0
385 0
386 0
388 4096
389 2457
391 3399
392 4997
393 4997
394 2087
395 3691
397 0
399 0
400 0
402 0
403 4996
404 2
406 1
407 0
410 0
411 0
413 4997
415 3977
416 0
417 0
418 673
419 0
420 0
421 0
424 0
425 4997
427 0
429 4997
430 2998
431 4997
434 2998
436 4996
437 3883
438 4997
439 0
440 4997
442 2998
443 4997
444 55
445 33
446 0
449 0
450 1101
451 0
453 1199
455 4272
456 3455
457 0
458 0
459 4997
460 0
461 0
462 0
463 0
465 4997
466 0
467 0
470 0
471 0
472 0
473 0
474 0
475 0
476 0
478 4217
479 4997
480 4997
481 0
482 4997
483 4997
485 0
486 0
487 0
488 1199
489 4997
490 4997
491 4997
492 3524
493 3118
496 1870
498 0
499 1939
