0 1500
1 4996
2 4997
3 4997
6 4997
8 4997
9 4997
12 4997
13 4997
14 4997
15 4997
16 4997
18 4997
19 4997
20 4997
22 4997
24 4997
26 4997
29 4997
31 4997
32 4997
33 4997
34 4997
36 4997
39 4997
40 4997
41 4997
42 4997
43 4997
44 4997
45 2998
46 4997
47 4997
49 4997
52 4997
54 0
56 4997
59 4304
62 2582
63 4996
65 4997
66 4997
67 4997
68 1706
69 0
71 4997
72 3
73 4997
74 2998
75 4997
76 4997
77 4997
78 1
80 4997
84 4997
85 0
86 2971
87 4997
88 0
89 0
92 0
93 4997
94 2964
95 1778
98 4996
99 0
101 1445
102 0
103 0
105 0
106 0
107 0
109 0
110 0
111 4997
113 4997
114 3
115 1094
116 4996
119 4997
120 0
121 0
122 4996
123 4997
128 0
129 4997
130 0
131 0
133 0
134 4997
135 2998
136 4996
137 2
138 4997
139 4001
140 2636
142 4997
144 4997
146 4620
149 0
150 4997
151 4997
152 3
153 1
154 0
155 4997
156 0
157 4997
158 2998
160 0
161 0
162 4996
165 1
166 0
167 0
168 4997
169 1
172 4997
173 4997
174 4997
175 0
176 0
177 4997
178 4997
179 0
180 0
181 0
182 4997
183 0
185 0
186 0
195 0
196 3355
200 0
201 0
202 0
203 0
205 0
206 0
207 0
209 4997
212 0
213 0
214 0
215 0
216 0
218 1408
220 0
221 0
222 0
223 0
224 0
225 0
226 0
229 0
230 0
231 0
232 0
233 0
236 0
237 1963
238 0
239 0
240 0
241 1199
243 0
244 3416
245 0
247 0
250 0
253 0
254 0
256 0
257 4997
259 4997
261 2998
262 0
263 0
264 4997
265 4997
266 0
267 0
270 0
271 0
272 0
274 0
275 0
276 0
277 0
278 0
279 0
280 4997
281 0
282 0
283 0
284 0
285 0
287 0
288 0
289 0
290 1199
291 719
292 0
294 4481
295 0
296 0
299 0
300 736
301 4997
302 0
303 0
304 0
305 0
306 0
311 4997
312 2998
313 0
314 970
315 0
316 0
317 0
318 0
320 0
322 0
325 0
326 0
327 0
329 0
331 4997
332 4997
333 0
335 0
336 0
337 0
338 4997
339 0
340 0
342 0
343 4997
344 2998
346 0
349 4997
350 0
351 0
352 0
353 126
355 75
356 0
358 0
359 0
360 0
361 4996
362 0
363 0
364 0
366 0
368 0
369 0
370 1037
371 2470
373 0
375 1199
376 719
378 431
379 0
380 0
381 0
384 0
385 0
387 0
390 0
391 0
392 0
393 0
394 0
396 0
398 0
400 0
401 0
403 0
404 0
405 0
407 0
408 0
409 4997
411 2998
412 1798
413 0
417 0
418 0
419 4835
420 2901
422 0
424 0
426 0
429 0
431 0
432 3954
435 2
436 0
437 0
438 0
439 0
440 0
441 0
442 0
443 0
446 0
448 0
450 1199
451 0
452 0
453 1186
454 0
455 4997
456 1
457 0
459 0
461 0
463 0
464 4997
467 0
468 0
469 0
470 0
471 0
474 0
475 0
476 0
477 0
478 0
479 0
480 0
482 0
483 0
484 0
485 0
487 0
488 1199
493 719
494 0
