0 1500
1 4996
2 4997
3 4997
4 4997
5 4997
6 4997
7 4997
8 4997
9 4997
10 4997
11 4997
13 4997
14 4997
15 4997
17 4997
18 4997
19 4997
21 4997
22 4997
23 4997
24 4997
25 4997
26 4997
27 4997
28 4997
29 4997
30 4997
31 4997
32 4997
33 4997
35 4997
36 4997
37 4997
38 4997
39 4997
40 4997
42 4997
43 4997
44 4997
46 4997
48 4997
50 4997
51 4997
52 4997
53 3
54 4996
55 2997
56 4997
58 4997
59 3475
60 4996
62 4997
64 4997
66 4997
67 4997
68 4997
69 0
70 4997
72 4997
73 3309
75 4997
76 2998
78 4997
79 4997
81 4997
82 4997
83 4997
84 4997
85 3
86 4997
87 4997
88 4997
92 4997
93 0
94 4997
95 3250
96 4997
97 4997
98 1
100 4997
103 2158
105 4997
106 2998
108 4997
109 4997
110 2998
111 4997
112 4997
114 1
115 4997
116 0
118 0
119 0
120 0
121 0
122 0
125 0
126 780
128 0
129 0
130 0
131 4996
133 4997
135 2998
136 0
137 0
139 4997
143 4997
144 2998
145 4997
146 4997
147 2922
148 0
149 0
150 0
154 4997
155 0
156 4997
158 3466
159 0
160 3948
161 0
163 0
164 0
165 4997
166 0
167 4996
168 0
169 4996
170 2997
172 4997
173 0
174 4997
176 0
178 4997
179 4997
180 1200
181 0
185 4997
188 2998
190 108
191 4997
192 4997
193 4997
194 0
195 0
196 4997
198 0
199 0
201 4997
202 0
204 0
205 4997
206 4997
208 2998
210 4997
211 1438
212 0
213 0
214 4997
217 0
218 0
219 0
220 0
223 4997
224 2998
225 0
227 0
229 0
230 4997
231 0
232 4997
233 4997
234 0
235 4997
236 4997
237 4997
240 4997
242 3587
243 4997
244 0
246 0
248 0
249 4997
252 0
254 0
255 4997
256 4997
258 4997
260 0
262 0
263 0
265 0
266 4996
267 0
269 0
271 4997
272 2998
275 1798
276 0
277 0
279 0
281 0
282 0
286 4996
288 0
289 0
290 1605
291 963
292 0
293 1336
294 4997
297 4907
298 0
299 0
300 0
301 2557
303 0
304 0
305 0
308 0
309 4997
310 4997
312 2998
314 3486
315 1
316 0
317 4997
318 2998
319 4997
320 0
321 1446
322 0
323 0
324 0
325 2857
326 0
328 0
329 2981
330 1788
331 0
332 0
334 0
337 0
338 2540
341 4997
342 909
343 0
344 0
345 4997
346 0
347 0
348 0
350 4997
351 0
352 4996
353 0
354 0
355 0
357 0
358 0
359 0
362 0
363 0
364 2999
365 1799
366 0
367 0
368 0
369 4997
370 4669
371 0
374 4997
377 4997
378 4997
380 4997
381 2998
384 66
385 39
386 4997
387 0
390 0
391 0
395 0
396 0
397 0
398 4997
399 3707
400 4997
401 2998
402 1798
403 0
404 0
405 1262
409 0
410 4996
411 3470
412 2082
414 4997
419 0
420 0
422 0
423 0
425 0
426 4997
427 0
428 0
431 0
432 0
433 0
434 0
435 0
436 4996
437 2997
440 4997
441 4997
442 2998
444 0
445 0
446 4997
447 0
449 4996
451 4997
452 2998
454 0
457 4997
458 4678
459 4997
460 4997
461 0
462 4997
463 2998
464 4997
465 1
466 4997
470 0
471 0
473 0
478 0
481 4997
484 2998
485 0
486 4997
487 4023
488 2647
490 1588
492 1382
493 875
494 0
495 0
496 0
497 0
498 4997
499 0
