1 0
2 4997
4 4997
5 4997
8 4997
9 4997
10 4997
11 4997
13 4997
17 4997
18 4997
19 4997
20 4997
22 4997
23 4997
24 4997
30 4997
33 4997
34 4997
35 4997
36 4997
37 4997
38 4997
39 4997
41 4997
42 4997
46 4997
47 4997
48 4997
49 4997
50 4997
51 4997
52 4997
55 4997
56 4997
57 4997
58 4997
59 2998
60 4997
62 3493
63 4997
64 4997
66 4997
67 4997
70 4997
71 4997
72 4997
73 4997
74 2998
75 4997
79 4997
81 4997
82 0
83 4997
84 4997
89 3737
90 4997
91 4997
92 0
93 0
95 0
98 0
99 4997
101 4996
102 0
103 4997
104 4824
107 0
108 4997
110 2998
111 4997
112 4997
113 4997
114 4997
117 4407
118 0
120 4997
121 4997
122 4997
123 1168
124 4997
125 4997
126 4997
127 2998
132 4997
133 4997
135 4997
136 4997
140 4997
141 4997
142 4
143 4997
145 4997
146 4997
148 4997
150 4997
153 2998
155 4472
157 0
158 0
159 4997
160 4997
161 0
163 0
164 4997
166 0
170 0
171 4997
172 0
173 4997
175 0
176 4997
177 0
179 4997
180 4997
182 0
183 4997
184 2998
189 4997
190 4997
191 4
192 4997
194 4997
195 0
196 0
198 0
199 0
200 3322
201 3832
203 0
208 0
210 0
211 4997
212 4997
214 0
217 4997
219 4997
220 4997
222 4997
223 4436
224 2661
225 4997
226 0
227 0
229 4803
230 0
232 3977
233 0
234 4997
235 4997
236 2998
237 2463
239 4997
240 3001
241 2350
242 1410
243 0
244 0
245 4997
246 0
247 4997
248 3
250 4997
251 0
252 0
253 4997
254 4725
255 0
256 0
257 0
258 0
259 0
260 4997
261 3411
262 0
263 4997
264 4997
266 0
267 0
268 4997
269 3967
270 2765
271 0
272 0
273 4997
274 4997
275 3516
276 4997
277 337
278 0
280 0
282 0
284 0
285 4997
287 3701
288 4997
289 4997
291 2998
292 0
293 0
294 0
295 4996
296 0
297 0
299 0
300 4997
301 0
302 0
303 4997
305 4997
306 4997
307 4997
308 4997
309 1
310 4996
311 0
313 0
315 4997
316 4717
317 4997
318 2998
319 0
321 0
322 2914
323 4997
324 3534
325 4997
326 4997
327 2998
328 2989
330 1793
331 0
333 4997
335 4997
337 0
338 0
339 4997
340 2998
341 0
343 0
345 0
346 2355
347 4997
349 0
350 0
351 4997
352 4997
354 0
355 0
356 4997
357 2998
360 1798
361 0
362 0
363 0
364 4997
365 2998
366 4997
367 2998
368 2428
369 4997
371 0
372 0
373 3298
374 0
375 1190
376 714
377 4997
378 2998
381 1798
382 0
383 0
384 4996
385 4997
386 0
387 4996
388 0
389 0
390 0
392 0
393 0
394 0
395 0
396 0
397 0
398 4997
399 3717
401 2230
402 1338
403 0
404 4996
406 2997
407 1798
408 4997
409 0
410 0
411 0
412 0
413 0
414 0
415 4997
417 1
418 4997
420 2998
421 0
422 4997
423 2998
424 0
426 0
427 0
428 0
432 0
433 0
434 0
435 0
438 0
439 0
440 0
441 4997
443 3694
445 2216
446 4997
447 0
448 0
449 0
450 1199
451 4997
452 2998
454 4997
458 3430
459 0
460 3058
463 2623
464 0
465 0
466 0
469 4997
470 0
472 0
473 3847
474 2366
475 0
476 0
477 0
479 0
480 0
481 0
482 4997
483 4997
484 2998
485 4996
486 4997
487 4997
489 0
490 0
491 0
492 0
494 3039
495 0
497 0
498 0
499 4997
