0 1500
1 4996
2 4997
5 4997
8 4997
9 4997
10 4997
11 4997
12 4997
13 4997
14 4997
16 4997
17 4997
20 4997
21 4997
25 4997
27 4997
28 4997
29 4997
30 4997
33 4997
35 4997
36 4997
37 4997
38 4997
39 4997
40 4997
42 4270
43 2562
44 4997
47 4255
49 4996
50 4997
51 4997
53 4997
54 4997
56 4997
57 4997
58 164
61 4997
62 4997
63 3
65 4997
66 0
69 4997
70 4997
72 4997
73 4997
74 4211
75 0
77 0
78 4997
79 4997
80 4997
82 4997
83 2
85 0
86 4997
87 0
89 4997
90 4
92 4997
93 4997
95 4997
96 4997
97 4997
99 0
101 4997
103 4997
104 2998
105 0
109 4997
111 2326
112 0
113 0
114 4997
115 4997
116 4997
117 4997
118 3622
119 2173
120 0
121 4997
123 0
125 4997
126 4997
127 4997
128 0
129 0
132 2443
133 0
135 0
136 0
137 4997
138 0
140 4997
141 0
142 4997
143 3473
144 2083
145 0
147 4997
148 2
149 4997
151 2998
152 0
153 0
155 4997
156 4997
157 0
158 0
159 4997
160 0
161 4997
162 4997
163 2998
164 0
167 0
168 0
169 0
171 0
172 4997
173 4997
178 0
179 4997
180 0
182 0
183 4996
184 2997
185 0
186 4135
187 4996
188 2997
189 4997
190 0
191 0
192 4997
193 0
194 4461
195 1
197 0
198 0
199 0
200 0
201 4997
203 4997
204 2998
205 4997
206 4623
207 1
208 0
210 0
211 0
212 4997
213 4010
215 2406
216 0
217 0
218 0
219 0
220 0
221 0
222 0
223 0
226 4997
227 4694
228 1
229 4997
231 0
232 0
233 0
236 0
238 0
239 0
240 0
241 1199
245 4997
246 4997
247 0
248 0
249 4997
250 0
251 0
252 4996
253 0
254 0
259 4996
260 4997
261 2998
262 0
264 4997
267 1082
268 0
269 0
270 0
272 0
273 0
275 0
277 4996
279 2997
280 0
281 0
282 1876
283 0
285 0
286 0
290 1891
292 4537
294 0
295 0
296 4997
299 2998
300 1
302 4997
304 0
306 0
307 0
308 0
309 0
311 0
313 4997
317 0
319 0
321 0
324 4997
325 0
327 0
328 1011
329 0
331 0
332 0
333 0
334 0
335 0
338 0
341 0
342 0
343 0
346 4997
348 3661
350 0
353 0
356 429
357 257
358 0
359 0
365 0
366 0
371 0
372 3093
373 0
374 0
375 1269
376 761
377 0
379 0
380 4997
381 2998
382 0
386 4694
387 4997
389 2998
390 4997
391 4997
392 0
393 0
394 0
396 4996
397 0
398 0
399 0
400 0
405 4997
406 2998
407 1798
409 1371
410 0
412 0
415 0
416 4997
418 0
419 0
421 0
422 0
423 0
424 4997
425 930
426 4997
428 0
429 2876
430 1725
431 0
432 0
433 0
435 0
436 0
438 4997
439 4997
441 4997
442 2998
443 1
444 0
447 4997
448 2998
450 2173
452 1303
453 1406
454 4997
455 0
458 0
460 4997
461 4739
462 0
464 0
466 0
468 0
469 1
470 3813
471 0
473 4997
477 3861
479 0
480 0
481 0
483 362
491 0
492 0
494 0
495 0
496 0
497 4997
498 818
499 4997
