1 0
2 4997
5 4997
6 4997
7 4997
8 4997
10 4997
12 4997
14 4997
15 4997
16 4997
17 4997
18 4997
19 4997
20 4997
21 4997
22 4997
23 4997
24 4997
26 4997
27 4997
28 4997
29 4997
30 4997
31 4997
34 4997
37 4997
38 4997
40 4997
42 4997
43 4997
45 4997
46 4997
47 4997
49 4997
51 4997
53 4997
54 4997
55 4997
58 4997
59 4997
60 4997
61 4997
62 4997
68 4997
69 4997
71 4997
73 4997
74 4997
76 4997
77 4997
78 4997
80 4997
81 4997
82 4997
83 4997
85 4997
87 0
88 4997
89 4997
90 4997
91 0
92 4997
95 4950
96 4997
97 4997
98 4997
99 0
100 4997
101 0
102 4216
104 2529
105 4997
106 4997
107 3220
108 0
109 0
113 4997
115 0
123 4997
124 4997
125 1052
126 0
127 0
128 4997
130 4997
131 0
132 0
133 4997
134 0
135 0
137 0
138 4997
139 0
141 4997
143 4997
144 4997
145 4997
147 4997
149 4997
150 4997
151 4997
152 4997
154 4996
155 4997
157 4997
159 4997
163 4798
164 4
165 4997
167 4997
169 4997
170 2998
171 0
172 4997
173 0
174 1481
176 0
177 4997
178 0
179 4997
181 4997
182 4997
186 0
187 0
188 0
189 3413
191 4996
193 4997
194 0
195 4997
196 0
197 4997
198 4997
199 4997
200 0
201 0
202 4997
204 2998
205 0
206 0
207 4997
208 2998
209 4997
210 4997
211 0
212 0
214 1329
215 797
218 4997
219 2998
222 3137
224 1882
225 4997
227 2998
228 4997
229 0
230 0
231 4997
232 4997
234 4997
235 0
237 0
241 1707
242 1024
244 0
246 3352
247 4997
249 0
253 4997
257 0
258 4997
259 2899
263 4997
265 2263
266 0
267 4997
268 2942
269 0
270 0
271 4997
272 2998
273 4756
274 4997
275 2998
276 3676
277 4997
278 0
280 0
283 4996
284 0
285 0
286 4996
287 3962
288 1604
289 0
290 1199
291 719
292 4997
293 4997
294 0
295 0
296 2382
297 1868
298 4997
299 2998
302 3713
303 4997
306 4051
307 2677
309 4997
311 0
312 0
313 0
314 0
315 0
316 4997
317 0
318 0
320 4997
321 4245
322 0
323 4997
325 4997
326 166
327 99
328 1865
329 4997
330 2998
331 2636
332 1
333 4997
334 2998
336 4997
338 0
339 0
341 0
342 4996
343 4997
344 2998
345 0
346 4997
348 2998
349 0
350 0
352 0
354 0
355 0
356 0
357 0
358 0
359 4997
360 3535
361 1
362 4997
364 4997
365 4991
367 3406
368 2043
369 2165
371 4997
372 0
374 4997
376 2998
377 0
378 0
379 0
380 0
381 0
383 4258
386 0
387 2759
388 4997
389 4467
390 2216
393 0
394 0
395 0
397 1225
398 4997
401 2998
402 2896
404 0
405 4997
406 4997
407 4877
408 0
409 4997
411 4997
412 2998
413 4997
414 4997
415 0
416 0
417 4996
418 0
419 0
420 0
421 4997
422 2544
425 0
427 4698
429 4997
430 3887
431 0
433 4997
437 4571
439 4997
440 891
441 0
442 0
443 0
444 4996
445 2997
447 4997
448 2998
449 6
450 631
452 378
453 1117
454 0
455 0
456 0
461 0
462 4997
463 2998
464 2
466 4996
467 4997
468 3203
469 0
471 4997
472 2998
473 0
474 0
475 4997
476 0
477 0
478 0
479 0
480 0
481 4997
484 3648
485 4997
486 1825
488 1517
489 0
490 0
491 0
492 0
493 0
494 4997
495 4997
496 3104
497 4676
499 0
