0 1500
2 4997
3 4997
4 4997
5 4997
7 4997
9 4997
11 4997
12 4997
13 4997
15 4997
16 4997
17 4997
18 4997
22 4997
23 4997
24 4997
25 4997
26 4997
27 4997
28 4997
29 4997
30 4997
31 4997
32 4997
33 4997
34 4997
35 4997
36 4997
37 4997
38 4997
41 4997
43 4997
44 4997
45 4997
47 4997
48 4997
49 4997
50 4997
51 4997
52 2998
53 4997
55 4997
57 4057
58 4997
59 4745
60 4997
61 4997
62 4997
63 4997
64 4997
65 4997
67 4997
68 0
70 4997
71 0
72 0
74 0
75 4861
76 3591
77 2252
78 4997
79 0
80 4997
81 0
82 4997
83 4838
84 4997
86 0
90 0
91 4997
93 4223
94 4997
95 2998
96 0
97 0
98 4997
99 4997
100 0
102 4997
103 0
104 0
105 4206
106 2523
107 4996
108 0
109 4997
110 4997
112 4997
113 2516
114 4997
115 0
116 0
117 0
119 0
121 0
122 0
124 0
125 0
126 4997
127 2998
129 3413
130 4997
131 4997
132 4997
134 4996
135 4997
136 0
137 0
138 0
139 4997
142 4997
144 4471
145 0
146 0
147 0
148 4996
149 0
150 0
152 4997
153 2998
154 0
155 0
156 0
157 2567
158 1861
159 0
160 0
161 4997
162 0
165 0
166 4997
167 651
168 4997
170 2998
171 0
174 0
175 0
176 4997
177 4997
178 0
181 4996
182 0
183 0
184 0
185 0
186 4997
187 4997
188 2998
192 0
194 0
196 0
197 4997
198 0
199 4997
200 0
202 4997
203 119
204 71
205 0
207 0
209 0
210 0
211 0
214 0
216 4997
217 4997
219 2998
221 0
223 4997
224 2998
226 0
228 0
232 0
234 4997
235 0
236 0
237 352
238 0
239 0
241 1199
242 719
243 0
245 4811
246 4997
247 4997
248 4997
249 0
251 0
252 4997
253 609
255 0
256 187
257 0
258 1025
260 0
261 0
263 0
264 0
265 0
266 4997
268 0
269 4997
271 0
273 0
274 0
278 4997
279 2998
284 4955
286 1
287 0
288 0
289 0
290 1199
291 719
292 4997
293 0
294 0
295 4997
296 0
298 2475
299 1485
301 4997
302 4997
303 0
304 4997
305 785
306 0
307 0
310 0
312 0
313 2591
314 2280
315 0
316 4997
318 2998
319 0
320 1956
322 4997
323 1814
324 0
325 0
326 0
328 1441
329 0
330 0
332 0
334 0
335 0
336 0
337 4997
339 0
340 0
342 0
344 0
345 0
347 0
348 0
349 0
353 4997
355 2998
356 0
359 4179
360 2507
361 0
363 2301
364 0
366 0
369 0
370 892
373 0
374 0
375 900
379 4997
381 2998
382 0
383 0
384 0
387 0
388 0
389 0
390 4997
391 0
392 4997
393 0
394 4997
395 4997
396 2061
397 4997
399 4997
401 2998
402 1798
403 0
404 4997
405 0
408 0
409 0
411 0
413 0
414 0
416 4997
417 4997
418 4997
420 2998
422 0
423 0
424 4997
425 0
426 0
427 0
428 0
429 0
430 0
431 4996
432 0
433 0
434 0
435 4997
436 0
437 0
438 0
439 4932
441 0
442 0
443 17
444 0
445 0
446 0
447 0
449 0
450 1127
451 0
453 1199
455 0
456 0
457 4997
458 3415
459 0
460 0
461 0
463 0
465 4996
466 1
467 0
468 0
469 4997
472 3553
476 4997
477 2998
478 4997
479 0
480 4997
481 0
482 0
483 0
484 0
487 0
488 1500
489 0
490 0
493 0
495 0
496 0
497 0
