1 0
3 4997
4 4997
6 4997
7 4997
8 4997
9 4997
10 4997
12 4997
13 4997
14 4997
15 4997
16 4997
17 4997
19 4997
20 4997
21 4997
22 4997
23 4997
25 4997
26 4997
27 4997
28 4997
29 4997
30 4997
31 4997
32 4997
33 4997
34 4997
35 4997
36 4997
37 4997
40 4997
41 4997
44 4997
45 4997
46 4997
48 4997
49 4997
50 3472
53 4997
55 4997
56 4997
57 4997
60 3
61 0
63 0
64 0
65 4997
71 0
73 4997
75 0
76 0
77 0
78 4997
79 4127
80 0
81 4997
82 0
83 0
84 0
86 4997
88 0
90 4997
91 4997
93 4997
94 0
96 0
97 4997
100 0
101 0
102 0
104 0
105 4997
106 2998
107 4997
108 3761
111 0
112 0
113 0
114 0
116 4997
117 3860
118 4997
119 2998
120 4712
122 0
123 4997
124 4969
128 4997
129 0
130 4997
131 4997
133 0
134 0
138 0
139 4997
140 4997
141 5
142 0
145 2432
146 1459
147 0
148 0
151 0
152 4997
153 2998
155 0
157 0
162 0
163 0
164 4997
165 4997
168 0
169 0
171 4997
173 486
174 4997
175 4075
179 0
180 0
181 4997
183 0
184 0
185 4996
186 0
187 0
188 0
189 4997
190 0
191 0
193 0
194 0
195 4997
197 0
198 4997
201 0
203 4996
204 2997
205 0
207 0
209 0
213 0
215 0
216 0
217 0
218 0
220 4997
221 4997
222 0
223 0
224 0
226 0
228 4997
231 0
234 0
235 0
237 457
238 1513
239 0
240 0
241 1199
242 719
244 0
245 0
248 0
249 0
250 0
251 2889
252 0
253 0
255 4997
258 0
260 0
261 0
262 4997
264 0
266 1622
268 0
269 0
271 4997
273 0
274 0
276 0
278 0
279 0
280 4996
281 3637
282 4997
283 0
284 4996
285 4997
287 2998
290 2278
293 0
297 0
298 0
301 0
302 0
303 0
304 0
306 0
307 0
308 0
309 0
310 0
311 0
314 688
316 0
319 0
321 928
324 0
326 4996
330 2997
332 4997
333 0
334 0
336 0
339 0
340 0
341 4997
343 4997
345 3324
346 0
347 1
348 0
350 0
351 4996
353 0
354 2425
358 1
360 0
361 0
362 0
363 4997
365 2998
367 2371
368 1422
370 1076
372 4997
374 0
375 696
376 417
377 0
378 0
379 0
382 0
383 0
384 0
385 0
386 4997
388 0
389 0
391 4997
395 4997
398 0
399 0
400 0
402 0
404 0
406 0
407 0
408 0
410 0
412 0
413 0
414 0
415 0
416 0
421 0
423 0
425 0
426 0
428 4997
430 2998
431 0
433 2191
434 1314
435 0
436 0
439 0
443 0
444 4997
445 2998
448 1798
449 4997
450 2998
453 2278
454 3460
455 0
456 0
457 0
458 0
462 0
463 0
465 0
467 0
468 0
469 0
471 0
472 0
473 0
474 0
475 4549
476 0
482 0
483 0
485 0
486 0
487 0
488 0
489 0
491 0
494 0
498 0
499 0
