1 0.836930
2 0.845740
3 1.097696
4 1.097696
5 1.223975
6 1.223975
7 1.223975
8 1.275433
9 1.275433
10 1.465797
11 1.465797
12 1.465797
13 1.465797
14 1.465797
15 1.465797
16 1.465797
17 1.465797
18 1.565279
19 1.565279
20 1.565279
21 1.565279
22 1.565279
23 1.565279
24 1.565279
25 1.565279
26 1.650246
27 1.650246
28 1.650246
29 1.672371
30 1.672371
31 1.798407
32 1.798407
33 1.798407
34 1.874763
35 1.874763
36 1.874763
37 1.874763
38 1.874763
39 1.943419
40 1.943419
41 1.943419
42 1.943419
43 1.943419
44 2.068604
45 2.068604
46 2.068604
47 2.068604
48 2.068604
49 2.068604
50 2.073308
51 2.073308
52 2.285577
53 2.285577
54 2.285577
55 2.285577
56 2.285577
57 2.285577
58 2.285577
59 2.285577
60 2.326558
61 2.326558
62 2.326558
63 2.326558
64 2.326558
65 2.467861
66 2.467861
67 2.467861
68 2.512421
69 2.512421
70 2.512421
71 2.531511
72 2.531511
73 2.639910
74 2.639910
75 2.639910
76 2.658132
77 2.658132
78 2.658132
79 2.658132
80 2.658132
81 2.758866
82 2.758866
83 2.758866
84 2.811913
85 2.811913
86 2.950610
87 2.950610
88 2.950610
89 2.950610
90 2.950610
91 2.950610
92 2.950610
93 2.950610
94 3.143627
95 3.143627
96 3.143627
97 3.143627
98 3.143627
99 3.266860
100 3.266860
