0 18.109455085742944
1 18.109455085742944
2 816.7188641012401
3 10.548883815954303
4 46.22894138261758
5 8.271845364821083
6 8.092614769756704
7 6.27389719630552
8 4.567332542556831
9 4.391690373003274
10 4.136964031670732
11 4.068568041946007
12 3.951764009427046
13 3.6475094937872683
14 3.316385308762322
15 3.133057661089914
16 3.0205346431476943
17 2.865416620778346
18 3.062006909946253
19 3.081310144837586
20 3.211282653487164
21 2.7772243647273864
22 2.4590867696373744
23 2.77747225552693
24 2.9926920584689505
25 2.810830965228174
26 2.567967154253358
27 2.918278642628657
28 2.903572639863213
29 2.541489395515629
30 2.386983773927798
31 2.7328125120342346
32 2.5378070810307496
33 2.4658309750821723
34 2.657569950136201
35 2.415930362031602
36 2.538724012885349
37 2.618835190638044
38 2.5049113187269905
39 2.4519381196335472
40 2.8793782572438564
41 2.6774632027856957
42 2.8718926113447347
43 2.6250354486325196
44 2.7643044621065416
45 2.838262607718539
46 2.712246940158617
47 2.883281026499578
48 2.902658605170047
49 2.6920807148111408
