0 1.0
1 1.0946334657467696
2 1.1882102008043465
3 1.2862905361327994
4 1.3713835253489834
5 1.3713835253489834
6 1.4713835253489835
7 1.5688937759781283
8 1.6688937759781284
9 1.6688937759781284
10 1.756662869470935
11 1.756662869470935
12 1.8495513091859115
13 1.9495513091859116
14 1.9495513091859116
15 2.0364955861184075
16 2.1237264239774993
17 2.2224568682611676
18 2.2224568682611676
19 2.3212922576117068
20 2.417356977240944
21 2.5169075094048154
22 2.6169075094048155
23 2.7143832599650173
24 2.7143832599650173
25 2.7143832599650173
26 2.7143832599650173
27 2.8135439314184065
28 2.8135439314184065
29 2.8962675305066505
30 2.9855920654416335
31 2.9855920654416335
32 3.0855920654416336
33 3.1855920654416336
34 3.2855920654416337
35 3.385592065441634
36 3.4711386098581323
37 3.5711386098581324
38 3.6636456096312773
39 3.6636456096312773
40 3.755885517849169
41 3.855885517849169
42 3.953793043986567
43 3.953793043986567
44 4.041581308544334
45 4.041581308544334
46 4.133897148224315
47 4.133897148224315
48 4.2325470055418
49 4.324219523854861
