0 1.09592034134639
1 1.1780929648223364
2 1.2756553662497465
3 1.3756553662497466
4 1.4632118972833632
5 1.5632118972833633
6 1.6522295679558199
7 1.75222956795582
8 1.8467955044519162
9 1.9421660610834084
10 1.9421660610834084
11 1.9421660610834084
12 1.9421660610834084
13 2.0297698900740477
14 2.0297698900740477
15 2.0297698900740477
16 2.1259692883712784
17 2.2259692883712785
18 2.3154077942741806
19 2.3154077942741806
20 2.3154077942741806
21 2.3154077942741806
22 2.4138919831889196
23 2.4960360386332856
24 2.585714203818935
25 2.678739807781731
26 2.76566929324844
27 2.8655096309753865
28 2.9570630223261545
29 3.0450396410706846
30 3.1396596649212083
31 3.236802748393623
32 3.3347832107892947
33 3.3347832107892947
34 3.4256976417312512
35 3.4256976417312512
36 3.4976577210740127
37 3.5974576995287304
38 3.679134893037976
39 3.7772684995150283
40 3.7772684995150283
41 3.7772684995150283
42 3.7772684995150283
43 3.86019609153902
44 3.935923078244129
45 4.0325645294469545
46 4.120455738799656
47 4.120455738799656
48 4.212971177221457
49 4.300897105249343
