0 1.0
1 1.164666172860546
2 1.364666172860546
3 1.5023212825518526
4 1.7023212825518526
5 1.7424842030016146
6 1.9398352789777888
7 2.139835278977789
8 2.1923499669765945
9 2.327115206933554
10 2.327115206933554
11 2.327115206933554
12 2.327115206933554
13 2.527115206933554
14 2.527115206933554
15 2.566178737067307
16 2.566178737067307
17 2.6226810884519502
18 2.6543810805044785
19 2.6543810805044785
20 2.687073450227503
21 2.687073450227503
22 2.76847074377822
23 2.76847074377822
24 2.76847074377822
25 2.9068705037977534
26 3.1068705037977535
27 3.156000905226269
28 3.1963374361674193
29 3.2908706864750097
30 3.2908706864750097
31 3.415838006909245
32 3.4645363572902093
33 3.6645363572902094
34 3.7919392573908017
35 3.7919392573908017
36 3.7919392573908017
37 3.7919392573908017
38 3.7919392573908017
39 3.7919392573908017
40 3.7919392573908017
41 3.7919392573908017
42 3.7919392573908017
43 3.7919392573908017
44 3.7919392573908017
45 3.82051068596223
46 3.869583051011153
47 3.869583051011153
48 3.869583051011153
49 3.869583051011153
50 3.96916935572331
51 3.9977407842947383
52 4.026312212866167
53 4.026312212866167
54 4.026312212866167
55 4.026312212866167
56 4.026312212866167
57 4.056334629861591
58 4.056334629861591
59 4.056334629861591
60 4.056334629861591
61 4.056334629861591
62 4.056334629861591
63 4.056334629861591
64 4.159365993983589
65 4.159365993983589
66 4.159365993983589
67 4.159365993983589
68 4.159365993983589
69 4.359365993983589
70 4.359365993983589
71 4.359365993983589
72 4.359365993983589
73 4.359365993983589
74 4.359365993983589
75 4.359365993983589
76 4.359365993983589
77 4.359365993983589
78 4.359365993983589
79 4.387937422555018
80 4.387937422555018
81 4.387937422555018
82 4.4344031378030255
83 4.4344031378030255
84 4.4344031378030255
85 4.4344031378030255
86 4.4344031378030255
87 4.4771818305344375
88 4.4771818305344375
89 4.4771818305344375
90 4.4771818305344375
91 4.4771818305344375
92 4.4771818305344375
93 4.4771818305344375
94 4.4771818305344375
95 4.6673874766371055
96 4.6673874766371055
97 4.674843736257141
98 4.674843736257141
99 4.674843736257141
