0 1.0
1 1.1479684104558279
2 1.3097321474154395
3 1.5097321474154395
4 1.6211368111175324
5 1.6211368111175324
6 1.6786628512607846
7 1.6786628512607846
8 1.73117753925959
9 1.877090243802615
10 1.877090243802615
11 1.877090243802615
12 1.877090243802615
13 1.877090243802615
14 1.9224007228602569
15 1.9224007228602569
16 1.9238448772116827
17 1.9238448772116827
18 1.9238448772116827
19 1.9238448772116827
20 1.9524776120486191
21 1.9938324723861007
22 2.111467597433264
23 2.224245046635287
24 2.2528164752067155
25 2.4528164752067156
26 2.4528164752067156
27 2.587060692530541
28 2.587060692530541
29 2.7870606925305412
30 2.826397459340089
31 2.826397459340089
32 2.8622169687562193
33 2.896157356752446
34 2.9825062564261775
35 3.011077684997606
36 3.011077684997606
37 3.011077684997606
38 3.011077684997606
39 3.0396491135690344
40 3.0396491135690344
41 3.234402770298507
42 3.234402770298507
43 3.234402770298507
44 3.234402770298507
45 3.234402770298507
46 3.288789250160175
47 3.288789250160175
48 3.4887892501601754
49 3.4887892501601754
50 3.6634443049054113
51 3.6634443049054113
52 3.6920157334768398
53 3.6920157334768398
54 3.6920157334768398
55 3.7205871620482682
56 3.7205871620482682
57 3.7205871620482682
58 3.7205871620482682
59 3.7205871620482682
60 3.7205871620482682
61 3.7205871620482682
62 3.7205871620482682
63 3.7205871620482682
64 3.775046986235313
65 3.775046986235313
66 3.775046986235313
67 3.775046986235313
68 3.775046986235313
69 3.804761149259985
70 3.804761149259985
71 3.804761149259985
72 4.004761149259985
73 4.004761149259985
74 4.004761149259985
75 4.004761149259985
76 4.004761149259985
77 4.004761149259985
78 4.004761149259985
79 4.004761149259985
80 4.004761149259985
81 4.004761149259985
82 4.122978537009611
83 4.122978537009611
84 4.122978537009611
85 4.122978537009611
86 4.122978537009611
87 4.143428916212252
88 4.1814893023840805
89 4.1814893023840805
90 4.1814893023840805
91 4.1814893023840805
92 4.1814893023840805
93 4.1814893023840805
94 4.1814893023840805
95 4.381489302384081
96 4.381489302384081
97 4.581489302384081
98 4.581489302384081
99 4.581489302384081
