0 1.0
1 1.1568190286676554
2 1.3009781412271135
3 1.336320996990922
4 1.336320996990922
5 1.336320996990922
6 1.4779700506157705
7 1.5325013765763495
8 1.5325013765763495
9 1.6410342019961224
10 1.6410342019961224
11 1.6410342019961224
12 1.6806024675291202
13 1.6806024675291202
14 1.6806024675291202
15 1.6806024675291202
16 1.7093802038650383
17 1.7093802038650383
18 1.7424802027296853
19 1.7424802027296853
20 1.7424802027296853
21 1.7424802027296853
22 1.7424802027296853
23 1.7424802027296853
24 1.7424802027296853
25 1.8139496601749543
26 1.8425210887463828
27 1.8425210887463828
28 1.8425210887463828
29 1.8425210887463828
30 1.9516223073601568
31 1.9516223073601568
32 1.9516223073601568
33 1.9516223073601568
34 1.9516223073601568
35 1.9516223073601568
36 1.9516223073601568
37 1.9516223073601568
38 1.987265133362619
39 1.987265133362619
40 1.987265133362619
41 1.987265133362619
42 2.0158365619340475
43 2.0158365619340475
44 2.0158365619340475
45 2.0158365619340475
46 2.1393108155397487
47 2.1393108155397487
48 2.1393108155397487
49 2.1393108155397487
50 2.197882244111177
51 2.257882244111177
52 2.257882244111177
53 2.257882244111177
54 2.257882244111177
55 2.3964536726826056
56 2.3964536726826056
57 2.3964536726826056
58 2.3964536726826056
59 2.3964536726826056
60 2.3964536726826056
61 2.3964536726826056
62 2.3964536726826056
63 2.3964536726826056
64 2.3964536726826056
65 2.3964536726826056
66 2.4364536726826056
67 2.4364536726826056
68 2.4364536726826056
69 2.6164536726826056
70 2.6164536726826056
71 2.6164536726826056
72 2.6164536726826056
73 2.6164536726826056
74 2.6164536726826056
75 2.6164536726826056
76 2.6164536726826056
77 2.6164536726826056
78 2.6164536726826056
79 2.6164536726826056
80 2.6164536726826056
81 2.6164536726826056
82 2.6164536726826056
83 2.6164536726826056
84 2.6164536726826056
85 2.6164536726826056
86 2.6164536726826056
87 2.8192323654140176
88 2.8192323654140176
89 3.0192323654140176
90 3.0192323654140176
91 3.0192323654140176
92 3.0192323654140176
93 3.0192323654140176
94 3.0192323654140176
95 3.0192323654140176
96 3.0192323654140176
97 3.1692323654140176
98 3.1692323654140176
99 3.1692323654140176
100 3.1692323654140176