0 1.0
1 1.1992157265886967
2 1.3527329922513875
3 1.388075848015196
4 1.4347966393723828
5 1.4347966393723828
6 1.5764456929972313
7 1.6705705201247358
8 1.7230852081235413
9 1.831618033543314
10 1.8601894621147426
11 1.8601894621147426
12 1.9371673208457278
13 1.9976615874138177
14 1.9976615874138177
15 2.0535470416905994
16 2.2535470416905996
17 2.310049393075243
18 2.510049393075243
19 2.510049393075243
20 2.510049393075243
21 2.567394237316009
22 2.767394237316009
23 2.8657063238158487
24 2.894277752387277
25 2.965747209832546
26 2.965747209832546
27 2.97541580250833
28 2.97541580250833
29 3.089301970611093
30 3.1646593382779287
31 3.1646593382779287
32 3.1646593382779287
33 3.2711141688056196
34 3.4711141688056197
35 3.4711141688056197
36 3.4711141688056197
37 3.6471134140871877
38 3.6471134140871877
39 3.6471134140871877
40 3.6471134140871877
41 3.6471134140871877
42 3.6471134140871877
43 3.6471134140871877
44 3.6471134140871877
45 3.6471134140871877
46 3.6878898958048634
47 3.6878898958048634
48 3.716461324376292
49 3.716461324376292
50 3.7626788720909103
51 3.7626788720909103
52 3.791250300662339
53 3.791250300662339
54 3.791250300662339
55 3.791250300662339
56 3.791250300662339
57 3.991250300662339
58 3.991250300662339
59 4.019821729233768
60 4.019821729233768
61 4.019821729233768
62 4.019821729233768
63 4.019821729233768
64 4.019821729233768
65 4.019821729233768
66 4.019821729233768
67 4.019821729233768
68 4.019821729233768
69 4.019821729233768
70 4.019821729233768
71 4.019821729233768
72 4.019821729233768
73 4.019821729233768
74 4.019821729233768
75 4.019821729233768
76 4.019821729233768
77 4.019821729233768
78 4.019821729233768
79 4.019821729233768
80 4.019821729233768
81 4.019821729233768
82 4.026864348220199
83 4.026864348220199
84 4.026864348220199
85 4.026864348220199
86 4.026864348220199
87 4.026864348220199
88 4.026864348220199
89 4.026864348220199
90 4.026864348220199
91 4.026864348220199
92 4.026864348220199
93 4.026864348220199
94 4.026864348220199
95 4.125636324807308
96 4.125636324807308
97 4.125636324807308
98 4.125636324807308
99 4.154207753378737
