0 803
4 2999
6 2999
7 2999
9 2999
11 2999
12 2999
13 2999
14 2999
16 2999
17 2999
20 2999
21 2999
22 2999
24 2999
25 2999
26 2999
28 2999
29 2999
30 2999
31 2999
32 2999
33 2999
34 2999
36 2999
38 2999
39 2999
40 2999
41 2999
42 2999
43 2999
51 2999
52 2999
54 2999
55 2999
56 2999
58 2999
59 2999
60 2999
62 2999
64 2999
66 2999
67 2999
69 2999
70 2999
71 2999
72 2999
73 2999
74 2999
75 2999
76 2999
77 2999
78 2999
79 2999
83 2999
85 2999
87 2999
90 2999
92 2999
93 2999
94 2999
95 2999
96 2999
97 2999
99 2999
