0 2.301478556479854
1 2.301478556479854
2 4.848436627523967
3 1.5641655187835808
4 3.8871176951285777
5 1.2911264047198083
6 0.9816071680929137
7 0.5474043530693884
8 0.4205632304149368
9 0.264514422136405
10 0.1648603616400681
11 0.20530870885566332
12 0.18292837799817935
13 0.24803072758291053
14 0.1662533013797689
15 0.12797059742300554
16 0.12342374797178066
17 0.11314560036888237
18 0.10477359008124139
19 0.09078347208952087
20 0.07177798501707394
21 0.06579484425488862
22 0.09651261838847187
23 0.06898471393649014
24 0.08362054977828769
25 0.06420221020853806
26 0.07238301839222903
27 0.05594756003989167
28 0.0559433314487107
29 0.05603540847203757
30 0.06397233847873458
31 0.06518664169663367
32 0.05824964703724586
33 0.053180167238121336
34 0.05171593398171635
35 0.05246840443055874
36 0.048181665757519115
37 0.04900460949297128
38 0.047328694141877556
39 0.04706143978410114
40 0.05155077832995571
41 0.044804971053657786
42 0.048726602058891226
43 0.05028996521279984
44 0.05125604688528629
45 0.04757079603187758
46 0.04708445628172252
47 0.04985167148926963
48 0.04117840340872551
49 0.04520371824124639
