0 2.1909486057366503
1 2.1909486057366503
2 5.891302528753254
3 11.160415658446075
4 41.85793248551138
5 1.3174020037345568
6 1.357142955745495
7 1.167408879155236
8 1.0970437472909274
9 3.463749390657898
10 1.0882362074838707
11 1.6798877210006076
12 1.1247566863686926
13 1.721592553279526
14 1.241760175805902
15 0.9943797774965717
16 0.8907696024621098
17 0.8109787354894336
18 1.3750407413519856
19 1.572163022394632
20 1.1632928226651587
21 0.9918539050561804
22 0.8205619819981143
23 0.8594337950177844
24 1.3243785608445702
25 1.6037117202965994
26 0.7714605242096946
27 0.628570340536431
28 1.012915818272859
29 1.0546982336841253
30 0.6154024505847676
31 0.8513471479203376
32 1.0471042328890319
33 1.034900579611903
34 1.1269786403039703
35 0.7298502668696858
36 0.874745603889476
37 0.642288903190565
38 1.17327910558759
39 0.7052156051885451
40 0.922231200544947
41 0.9550214196314054
42 0.6494845364751258
43 0.6271477550849277
44 0.6590424309533951
45 1.2266326827923235
46 0.6494741791470137
47 1.0743460580167
48 0.7109540154674924
49 1.964847679722608
50 0.8231193914386887
51 0.8973004195019395
52 0.5918912393136941
53 0.828326714935409
54 0.9064538624957411
55 0.9447101646479126
56 0.6020078350574525
57 0.6309750491198058
58 1.351172983081892
59 0.685798286727544
60 0.8006449122946907
61 0.59249043102716
62 0.6012698783515887
63 0.6291804381399766
64 0.724181865184752
65 0.5262312243575837
66 0.6222854623223414
67 0.7588562346766586
68 1.212540511766184
69 1.4007599075524588
70 0.6808386016688971
71 0.56405858644868
72 1.0361574196217784
73 1.120299142051208
74 0.6479543958533773
75 0.8518392517374086
76 0.7345312832789833
77 0.6327276110981168
78 0.5437798590713224
79 0.5585014880699699
80 0.7802188898195463
81 0.8905853056974066
82 0.7851606241507783
83 0.7644652307863687
84 0.6050670731034452
85 0.5904797749599042
86 0.5338262605799938
87 0.6554180037012339
88 0.5885659089327523
89 0.7544798364214246
90 0.814748647418859
91 0.5191048861048015
92 0.6884984931241835
93 0.6423353908287781
94 0.748427103090419
95 0.813648120174833
96 0.7505149065286004
97 0.7036518326708865
98 0.9488129491261453
99 0.770554456372115
