0 2.1909486057366503
1 2.1909486057366503
2 1.7378654757582046
3 2.089087180108413
4 1.641202999555965
5 1.3174020084497988
6 1.357142961456915
7 1.1674089002077959
8 1.097043707975106
9 1.4346409974324006
10 1.6260468665603807
11 1.6798877126327132
12 1.1247567546400852
13 1.0960049876927664
14 0.9011383965154877
15 0.9943797218434326
16 0.8907695389059592
17 0.7635571582403687
18 0.9571137126773844
19 1.3542449298343286
20 0.8390972888901373
21 0.9918540460485602
22 0.8205614282892275
23 0.8594339036675881
24 1.324378566622402
25 1.1188513742515969
26 0.771460528792113
27 0.6285704849324186
28 1.0129158845518957
29 1.0546983271256132
30 0.6154024559143194
31 0.8513471726255497
32 1.8981774755839185
33 0.726723185289537
34 0.7785834310778669
35 0.7298503001420279
36 0.8747456844470627
37 0.7937677043228096
38 1.173279202748142
39 0.7052156483562544
40 0.922231526129093
41 0.9550215943610104
42 0.6494845025718711
43 0.7222870033431518
44 0.9402176881899077
45 0.9955008832857137
46 0.649474245658492
47 0.8282479588367813
48 1.3331361075297703
49 1.7067061106806678
50 0.8231192103999571
51 0.967370035256516
52 0.5918911702453592
53 0.7538598558364804
54 1.1634018148884469
55 0.8109597101517042
56 0.6020079048563178
57 0.6309749304086053
58 1.3511710494341624
59 0.6857980274224348
60 0.8006440590351073
61 0.592490423921091
62 0.6012700009810892
63 0.6744397408450878
64 0.7241817165550083
65 0.5262311229466727
66 0.62228532020096
67 0.8438092207842218
68 0.6754482664769739
69 0.9717291969442766
70 0.6808385781258925
71 0.6665035085093676
72 1.4594333429522501
73 1.1191639680384262
74 0.6479543501288114
75 0.8518390616002521
76 0.7345313879440754
77 0.6327277294108462
78 0.5437798890230715
79 0.5585014329979346
80 0.6556121234110139
81 0.890585174135511
82 0.7851606646620132
83 0.7354094494352101
84 0.6050671151753587
85 0.5904797535752851
86 0.5338264793738682
87 0.6554179073044184
88 0.5885658127351724
89 0.7544798117494185
90 0.8147484728552837
91 0.6984867440292762
92 0.6884981552206374
93 0.6423353960753151
94 0.7484269844124244
95 0.9623188424907355
96 0.6494761637990522
97 0.7036519455710494
98 0.6686914571812558
99 0.7705545157111122
