0 0.0009060948688112196
1 0.0
2 0.0
3 0.0
4 0.00017303185561271802
5 0.0
6 -0.00011026089929987416
7 -0.0002241689428052741
8 8.703784823152345e-05
9 0.0
10 -0.0007865724346352275
11 0.0004923145149270085
12 0.0
13 -7.800077440305176e-05
14 0.0
15 0.0006167205467359593
16 0.0003609077376885515
17 0.0007612852744379545
18 0.0
19 0.0
20 0.0005939743408730145
21 0.00032175104935797295
22 0.0
23 0.0
24 0.0015666159170879652
25 0.00117141328625169
26 0.0
27 0.0011078711719783524
28 -0.00019295811222473118
29 0.0001555859466866583
30 0.00048477151831552185
31 -0.0016596456043246684
32 0.0
33 -0.0007613693851444581
34 0.0
35 -0.00022194663948707039
36 0.0009517216317759145
37 0.0015625618079144424
38 3.724589168768431e-06
39 0.0
40 0.0
41 0.0
42 0.0018739674923888903
43 0.0
44 -0.0011454881172306061
45 0.0019458925312131553
46 -0.00033589128715550857
47 0.0
48 -0.00016989148613761864
49 0.0
50 0.0
51 0.0005012873766681281
52 -9.734811288162433e-05
53 -0.0016215433300828012
54 0.0
55 -0.00012809465032116772
56 -0.00014431995551752308
57 -0.0012511798235684782
58 0.0029041646706966773
59 0.001056264628532529
60 0.000333461525207491
61 -0.0013431268654097441
62 0.00015402002978230118
63 0.001274095922176735
64 0.0035640871872438377
65 0.0
66 -2.8508239305927527e-05
67 -0.0008733202353494194
68 -0.0003463544508843997
69 0.006790380716399047
70 0.0008097667764274798
71 0.0009708794675316335
72 -0.001186456838977242
73 0.0
74 0.009036856821447248
75 0.0
76 0.00025079610859051534
77 0.0
78 0.00017742609001474715
79 0.0
80 -0.00045216595364460526
81 -0.0006814890197510561
82 -7.576666649748415e-05
83 -0.0005702038093649419
84 0.0
85 -9.501959777347835e-05
86 0.0
87 0.01161335662592239
88 0.004673715800404378
89 0.0019292688685025783
90 -8.879163473302453e-07
91 -0.001821965232187175
92 -0.00010407455148621434
93 0.0
94 -0.0016242296989096186
95 -0.001985091666965154
96 -0.003638015881496187
97 -0.0014221314132694938
98 -0.004272060144330427
99 -0.003265973555763873
