0 0.0
1 0.0006622254180580734
2 0.0005491716832977779
3 0.0
4 -0.0005178855178671265
5 0.0
6 0.0006588395351581353
7 0.001989767916205756
8 0.0
9 -0.000300199386089962
10 0.0006273798378861656
11 0.0
12 0.0
13 0.0015819794971538071
14 0.0008372914167927964
15 0.00043602463145080703
16 2.3614747854866743e-05
17 0.0001246313797844935
18 0.00106246964205249
19 0.0027697184070127803
20 0.0012864413222740034
21 1.878909053566997e-05
22 -0.0005659694606337276
23 0.00027820383371375806
24 0.0024941441358916363
25 -0.0009272010007410192
26 0.0
27 0.0005595606919789215
28 0.0008949948617068566
29 9.44391342901226e-05
30 0.0
31 0.0006210440984920627
32 0.0007832462847627697
33 0.0018073379131024938
34 -5.095867623297181e-05
35 0.0
36 -0.0009791590190756886
37 0.0
38 0.0
39 0.00033610471012947464
40 -0.0010323417791693952
41 0.0
42 -0.0005069970558648277
43 0.0001942672467011187
44 0.0
45 -0.00042580198145413575
46 0.0004429928797353086
47 0.0
48 -9.398060103205464e-05
49 0.0010469475284115455
50 0.0026759855667843014
51 0.001879157487858364
52 -0.0013633072165585205
53 0.0
54 0.00032625501172857114
55 -0.0016286810111453298
56 0.00011282036927131929
57 -0.0006663683094571378
58 0.0
59 -0.000537309690226005
60 0.0
61 -0.0009832385532373114
62 0.0
63 0.0008597606443896766
64 0.000711668811144951
65 0.0008447429553241045
66 -1.0977742138806769e-05
67 0.0
68 0.0
69 -0.00026668103081479094
70 -0.000275522024798916
71 0.005087096587528923
72 0.0012619226090766758
73 0.0018501209773531518
74 0.0
75 0.004123227178194857
76 0.0017191059641083958
77 -0.0013079021216851965
78 0.0
79 -0.0014495996279613465
80 0.0021173700476071196
81 0.0
82 0.005085650988645024
83 0.0
84 0.0
85 0.0
86 -0.00020297789515581277
87 0.0
88 0.0031742724052837637
89 0.0
90 0.009573583635051588
91 0.0023279817918087885
92 0.0004111695225776017
93 0.005766004445303911
94 0.0020058357021345992
95 0.0
96 0.0
97 -0.0008206565608470773
98 0.0018090613021123677
99 0.0020810069508865473
