0 0.0
1 0.0
2 0.0
3 3.08096876034092e-05
4 0.0
5 0.00014146004122276656
6 -0.0005434690274260998
7 -0.0005256526269218227
8 0.0015455430933373222
9 -0.00010128484750290122
10 0.0
11 0.0004181374074642934
12 0.002743256912386006
13 0.002447870449134579
14 0.0
15 0.0005329844439686297
16 0.0
17 -0.00052669148292617
18 -0.00011293684292370126
19 0.0
20 -0.0003323402053953629
21 -0.000798999910386597
22 -0.00024831788724907745
23 0.0012576646931992525
24 0.0007394887993740099
25 0.0
26 3.156274358201949e-05
27 0.0
28 0.0026138558837832233
29 -6.188342923421075e-05
30 2.457259028480016e-05
31 0.0012700428270540287
32 -0.001188993224861782
33 0.0007119767754904603
34 2.2014844900203762e-05
35 0.0
36 -0.00043505354357095514
37 0.001097676843839801
38 -1.0360854429860095e-05
39 0.0007991490246356769
40 -0.00037851794780274816
41 -0.00020831396843356303
42 0.0009949958122680964
43 0.0016940377363981144
44 0.0003544271351348101
45 -0.0004821055425619821
46 -0.00017125781160013393
47 -0.000677847907613439
48 0.0
49 0.0
50 0.0015164587815562948
51 -0.0005136692831975724
52 0.000529143397931812
53 -0.0007757176517891739
54 0.0004868862501154603
55 -0.0005609025226784712
56 0.0
57 0.0
58 -0.0006601181580275636
59 0.0014270424948026898
60 0.0030350853760809505
61 0.0
62 -0.0002916557019834102
63 0.0
64 0.0
65 -0.0009292650087060482
66 -6.4329638234163775e-06
67 0.0
68 0.0029370626847624926
69 0.0
70 0.0012319015207950036
71 0.0008008866811299285
72 0.0
73 -0.00034668512164513126
74 -0.0021465573820203467
75 -0.001603747387028302
76 0.0
77 0.0
78 0.0012252710938949005
79 0.0003597819683454311
80 0.0032473209091565753
81 0.0
82 0.003269652251166025
83 0.0
84 0.0
85 0.00030610851294909355
86 0.0001595398283487672
87 -0.0002721392315282397
88 0.00204513175204317
89 -0.0015674265337744316
90 0.004748682202050933
91 0.0074213690777468165
92 0.0004905355178671174
93 0.0
94 0.001344032466465127
95 0.004524696188401155
96 0.011585888323508835
97 0.0012305499019719746
98 -0.0031801501115839895
99 -0.0026099664011576163
