0 2.3042177771138452
1 2.3042177771138452
2 2.1464685901157137
3 1.8276977072721008
4 1.5218102900966397
5 1.4329443655949106
6 1.3618392684329683
7 1.28837123747287
8 1.2392881288714501
9 1.2172429850245787
10 1.198944344527725
11 1.1725297885396708
12 1.1096653986597371
13 1.111494449152238
14 1.081960244796585
15 1.112439323747796
16 1.0610474835579964
17 1.0858027968423374
18 1.0572948914101388
19 1.0709660271515304
20 1.0831952694358082
21 1.0511408356978573
22 1.0854251418130405
23 1.0625963231037114
24 1.09723329752788
25 1.0669915827290304
26 1.0855698283759876
27 1.1143372281901296
28 1.1162644504546642
29 1.1066913457439207
30 1.1119478684535558
31 1.1334600264636083
32 1.1505851396743867
33 1.143421998138485
34 1.1659659275476666
35 1.1914760311464478
36 1.187200647523965
37 1.2298836594167024
38 1.2137946703840699
39 1.276174696699985
40 1.2889071202624016
41 1.3368850356641562
42 1.3280829893701849
43 1.2991468749563952
44 1.294955370902061
45 1.3477856113410938
46 1.323523963791779
47 1.3893419505954683
48 1.4145438981807608
49 1.4316339858953449
50 1.4119930050860887
51 1.3858963187305018
52 1.4268917385013535
53 1.4464336889514093
54 1.4928350310256446
55 1.4560518130592968
56 1.5171219525544748
57 1.5109085591809042
58 1.5317047801597408
59 1.5073374187785307
60 1.5335518655447795
61 1.5477878614447604
62 1.5236311869480539
63 1.5607357170654572
64 1.510008901462011
65 1.5296685893038262
66 1.5057360180143478
67 1.548684496471678
68 1.5137897714368698
69 1.5493003670843677
70 1.5958118518630882
71 1.5410891599569279
72 1.5919195014634926
73 1.6072213361118959
74 1.6008886941496643
75 1.5565827823746734
76 1.577476451670068
77 1.576565381227105
78 1.5848077066902402
79 1.515378446266495
80 1.5403707032802405
81 1.5225898101963122
82 1.4931837353126713
83 1.4968451780340206
84 1.4959772883682863
85 1.4990230947211123
86 1.4581384259262582
87 1.4538110390849683
88 1.4397101832247186
89 1.454383303547812
90 1.4458212513754283
91 1.4135983646243975
92 1.4482135764952597
93 1.4377987291170038
94 1.4303466637412448
95 1.4540281021457842
96 1.4553467532644992
97 1.451809010963669
98 1.4763885750777725
99 1.5032245450880959
