1 1.882197
2 1.914224
3 1.946747
4 1.979836
5 2.013380
6 2.047106
7 2.080604
8 2.113362
9 2.144807
10 2.174346
11 2.201410
12 2.225496
13 2.246208
14 2.263280
15 2.276604
16 2.286239
17 2.292412
18 2.295507
19 2.296050
20 2.294672
21 2.292081
22 2.289015
23 2.286203
24 2.284322
25 2.283953
26 2.285556
27 2.289434
28 2.295722
29 2.304382
30 2.315200
31 2.327807
32 2.341704
33 2.356288
34 2.370900
35 2.384858
36 2.397508
37 2.408260
38 2.416631
39 2.422272
40 2.424992
41 2.424771
42 2.421760
43 2.416277
44 2.408781
45 2.399851
46 2.390146
47 2.380367
48 2.371212
49 2.363333
50 2.357300
51 2.353559
52 2.352412
53 2.353993
54 2.358262
55 2.365009
56 2.373865
57 2.384327
58 2.395788
59 2.407577
60 2.419000
61 2.429382
62 2.438111
63 2.444674
64 2.448693
65 2.449944
66 2.448374
67 2.444106
68 2.437424
69 2.428765
70 2.418687
71 2.407833
72 2.396894
73 2.386565
74 2.377503
75 2.370285
76 2.365371
77 2.363078
78 2.363560
79 2.366796
80 2.372594
81 2.380603
82 2.390331
83 2.401183
84 2.412490
85 2.423555
86 2.433697
87 2.442290
88 2.448806
89 2.452843
90 2.454156
91 2.452668
92 2.448473
93 2.441838
94 2.433178
95 2.423034
96 2.412040
97 2.400882
98 2.390258
99 2.380828
100 2.373183
