1 1.050196
2 1.056850
3 1.061906
4 1.065774
5 1.068886
6 1.071678
7 1.074559
8 1.077894
9 1.081982
10 1.087040
11 1.093193
12 1.100468
13 1.108791
14 1.118000
15 1.127853
16 1.138043
17 1.148223
18 1.158027
19 1.167093
20 1.175087
21 1.181728
22 1.186803
23 1.190183
24 1.191831
25 1.191805
26 1.190259
27 1.187427
28 1.183617
29 1.179187
30 1.174524
31 1.170025
32 1.166067
33 1.162987
34 1.161061
35 1.160489
36 1.161379
37 1.163745
38 1.167504
39 1.172480
40 1.178421
41 1.185008
42 1.191879
43 1.198652
44 1.204948
45 1.210413
46 1.214745
47 1.217706
48 1.219145
49 1.219000
50 1.217309
51 1.214201
52 1.209893
53 1.204675
54 1.198891
55 1.192920
56 1.187151
57 1.181960
58 1.177683
59 1.174602
60 1.172921
61 1.172757
62 1.174131
63 1.176970
64 1.181105
65 1.186291
66 1.192212
67 1.198508
68 1.204797
69 1.210693
70 1.215836
71 1.219914
72 1.222677
73 1.223959
74 1.223686
75 1.221879
76 1.218655
77 1.214217
78 1.208846
79 1.202879
80 1.196690
81 1.190667
82 1.185187
83 1.180593
84 1.177174
85 1.175144
86 1.174631
87 1.175670
88 1.178197
89 1.182057
90 1.187012
91 1.192755
92 1.198930
93 1.205154
94 1.211043
95 1.216230
96 1.220394
97 1.223278
98 1.224702
99 1.224580
100 1.222919
