1 1.000000
2 1.000000
3 1.000000
4 1.000000
5 1.001538
6 1.005012
7 1.009776
8 1.015735
9 1.022732
10 1.030555
11 1.038945
12 1.047610
13 1.056243
14 1.064529
15 1.072169
16 1.078889
17 1.084456
18 1.088686
19 1.091460
20 1.092721
21 1.092721
22 1.092721
23 1.092721
24 1.092721
25 1.092721
26 1.092721
27 1.092721
28 1.092721
29 1.092721
30 1.092721
31 1.092721
32 1.092721
33 1.092721
34 1.092721
35 1.092721
36 1.092721
37 1.092721
38 1.092721
39 1.092721
40 1.092721
41 1.092721
42 1.092721
43 1.098156
44 1.104083
45 1.109040
46 1.112813
47 1.115244
48 1.116237
49 1.116237
50 1.116237
51 1.116237
52 1.116237
53 1.116237
54 1.116237
55 1.116237
56 1.116237
57 1.116237
58 1.116237
59 1.116237
60 1.116237
