1 0.607097
2 0.615176
3 0.621981
4 0.627346
5 0.631170
6 0.633415
7 0.634117
8 0.633378
9 0.631363
10 0.628294
11 0.624438
12 0.620093
13 0.615578
14 0.611214
15 0.607310
16 0.604149
17 0.601973
18 0.600975
19 0.601284
20 0.602965
21 0.606011
22 0.610349
23 0.615837
24 0.622277
25 0.629422
26 0.636986
27 0.644663
28 0.652138
29 0.659102
30 0.665269
31 0.670391
32 0.674266
33 0.676751
34 0.677768
35 0.677308
36 0.675431
37 0.672264
38 0.667994
39 0.662861
40 0.657143
41 0.651147
42 0.645191
43 0.639590
44 0.634639
45 0.630604
46 0.627702
47 0.626097
48 0.625889
49 0.627107
50 0.629714
51 0.633604
52 0.638607
53 0.644500
54 0.651015
55 0.657854
56 0.664704
57 0.671248
58 0.677186
59 0.682243
60 0.686190
