1 1.000000
2 1.002679
3 1.003796
4 1.003796
5 1.003796
6 1.003796
7 1.003796
8 1.003796
9 1.003796
10 1.003796
11 1.003796
12 1.003796
13 1.003796
14 1.003796
15 1.003796
16 1.003796
17 1.003796
18 1.003796
19 1.003796
20 1.003796
21 1.006403
22 1.014223
23 1.022117
24 1.029769
25 1.036875
26 1.043151
27 1.048352
28 1.052282
29 1.054805
30 1.055849
31 1.055849
32 1.055849
33 1.055849
34 1.055849
35 1.055849
36 1.055849
37 1.055849
38 1.055849
39 1.055849
40 1.055849
41 1.055849
42 1.055849
43 1.055849
44 1.055849
45 1.055849
46 1.055849
47 1.055849
48 1.055849
49 1.055849
50 1.055849
51 1.055849
52 1.055849
53 1.055849
54 1.058052
55 1.063070
56 1.066956
57 1.069537
58 1.070704
59 1.070704
60 1.070704
