1 0.652955
2 0.649807
3 0.646505
4 0.643372
5 0.640715
6 0.638811
7 0.637895
8 0.638146
9 0.639682
10 0.642555
11 0.646742
12 0.652158
13 0.658648
14 0.666003
15 0.673969
16 0.682255
17 0.690552
18 0.698547
19 0.705937
20 0.712445
21 0.717832
22 0.721910
23 0.724552
24 0.725696
25 0.725350
26 0.723591
27 0.720560
28 0.716459
29 0.711537
30 0.706082
31 0.700405
32 0.694826
33 0.689656
34 0.685186
35 0.681673
36 0.679323
37 0.678287
38 0.678648
39 0.680423
40 0.683558
41 0.687932
42 0.693364
43 0.699618
44 0.706421
45 0.713470
46 0.720449
47 0.727044
48 0.732960
49 0.737933
50 0.741743
51 0.744226
52 0.745281
53 0.744874
54 0.743041
55 0.739888
56 0.735581
57 0.730343
58 0.724440
59 0.718171
60 0.711849
