1 0.677343
2 0.684282
3 0.692195
4 0.700867
5 0.710033
6 0.719402
7 0.728664
8 0.737509
9 0.745641
10 0.752791
11 0.758734
12 0.763296
13 0.766367
14 0.767901
15 0.767924
16 0.766529
17 0.763874
18 0.760173
19 0.755687
20 0.750712
21 0.745561
22 0.740557
23 0.736008
24 0.732199
25 0.729378
26 0.727740
27 0.727422
28 0.728493
29 0.730954
30 0.734737
31 0.739708
32 0.745672
33 0.752385
34 0.759566
35 0.766908
36 0.774096
37 0.780820
38 0.786789
39 0.791750
40 0.795496
41 0.797875
42 0.798803
43 0.798262
44 0.796305
45 0.793051
46 0.788683
47 0.783432
48 0.777575
49 0.771415
50 0.765269
51 0.759452
52 0.754264
53 0.749972
54 0.746800
55 0.744917
56 0.744428
57 0.745372
58 0.747719
59 0.751367
60 0.756154
