1 1.000000
2 1.002569
3 1.003581
4 1.003581
5 1.003581
6 1.003581
7 1.003581
8 1.003581
9 1.003581
10 1.003581
11 1.003581
12 1.003581
13 1.003581
14 1.003581
15 1.003581
16 1.003581
17 1.003581
18 1.003581
19 1.003581
20 1.003581
21 1.006888
22 1.014729
23 1.022620
24 1.030246
25 1.037301
26 1.043507
27 1.048621
28 1.052452
29 1.054867
30 1.055799
31 1.055799
32 1.055799
33 1.055799
34 1.055799
35 1.055799
36 1.055799
37 1.055799
38 1.055799
39 1.055799
40 1.055799
41 1.055799
42 1.055799
43 1.055799
44 1.055799
45 1.055799
46 1.055799
47 1.055799
48 1.055799
49 1.055799
50 1.055799
51 1.055799
52 1.055799
53 1.055799
54 1.058450
55 1.063390
56 1.067182
57 1.069660
58 1.070717
59 1.070717
60 1.070717
