1 1.000000
2 1.005494
3 1.009424
4 1.011763
5 1.012555
6 1.012555
7 1.012555
8 1.012555
9 1.012555
10 1.012555
11 1.012555
12 1.012555
13 1.012555
14 1.012555
15 1.012555
16 1.012555
17 1.012555
18 1.012555
19 1.012555
20 1.012555
21 1.012555
22 1.012555
23 1.012555
24 1.019766
25 1.027545
26 1.035078
27 1.042060
28 1.048208
29 1.053279
30 1.057079
31 1.059472
32 1.060387
33 1.060387
34 1.060387
35 1.060387
36 1.060387
37 1.060387
38 1.060387
39 1.060387
40 1.060387
41 1.060387
42 1.060387
43 1.060387
44 1.060387
45 1.060387
46 1.060387
47 1.060387
48 1.060387
49 1.060387
50 1.060387
51 1.060387
52 1.060387
53 1.060387
54 1.060387
55 1.060387
56 1.061592
57 1.066551
58 1.070374
59 1.072889
60 1.073988
