1 0.653987
2 0.655235
3 0.657742
4 0.661551
5 0.666635
6 0.672896
7 0.680177
8 0.688261
9 0.696889
10 0.705770
11 0.714593
12 0.723048
13 0.730835
14 0.737682
15 0.743358
16 0.747684
17 0.750542
18 0.751881
19 0.751718
20 0.750140
21 0.747299
22 0.743403
23 0.738709
24 0.733510
25 0.728118
26 0.722854
27 0.718028
28 0.713929
29 0.710806
30 0.708859
31 0.708231
32 0.708997
33 0.711164
34 0.714670
35 0.719385
36 0.725120
37 0.731635
38 0.738650
39 0.745862
40 0.752953
41 0.759613
42 0.765550
43 0.770504
44 0.774264
45 0.776674
46 0.777642
47 0.777143
48 0.775225
49 0.772001
50 0.767647
51 0.762391
52 0.756505
53 0.750291
54 0.744065
55 0.738144
56 0.732827
57 0.728387
58 0.725050
59 0.722992
60 0.722324
