0 0.0005061030336208484
1 0.00041657227687251925
2 0.0008402076274395738
3 0.0
4 0.0
5 0.0010175050552337736
6 0.001548790065322828
7 0.0
8 0.0008282527247867822
9 -0.00013919855111615764
10 0.0007290381491183623
11 0.0005888195870940241
12 0.00041272383637898385
13 0.0
14 0.0
15 0.00131850774945203
16 0.0
17 0.0
18 0.0
19 0.00024166901594991909
20 0.0
21 0.0002269304546981008
22 -3.905841858383564e-05
23 0.0014257043819284488
24 0.0003211256651298256
25 0.0
26 0.0007331066897497146
27 0.0
28 0.0007573928521790635
29 0.00032092933813524345
30 -0.00020124432179413084
31 0.0
32 0.0021389681992244336
33 3.963714884581351e-05
34 0.0008860311348515905
35 0.0011331477016130465
36 0.0
37 -0.0022478446560572035
38 0.0
39 0.0
40 -0.0006275564060269514
41 -0.00025378870794110154
42 0.0
43 -9.821832196994775e-05
44 -8.241629282917168e-05
45 5.4911636198498674e-06
46 -0.0001644823634696965
47 0.0
48 -9.322555924616635e-05
49 0.0003675004722898138
