0 -0.0013759528172245599
1 0.0
2 0.002045178635146057
3 0.0
4 0.0
5 0.0009413621056850214
6 -0.0033070362499384933
7 -0.0026399145232668766
8 -0.0025644361157901585
9 0.0
10 0.0
11 -0.0024964862483708807
12 0.0
13 0.0
14 0.0
15 -0.0028953056316822767
16 -0.0028928733430802823
17 0.0
18 -0.002580361848231405
19 0.0
20 -0.0028845340479165316
21 -0.0025291871279478073
22 0.0
23 -0.0026232359232380986
24 -0.0005602651983433631
25 -0.0011299995966390331
26 -0.0015743012384073257
27 -0.0023212836949824123
28 0.0
29 -0.0013275361967354609
30 -9.14477878871242e-05
31 -0.0006183732100393088
32 0.0
33 0.0
34 0.0
35 0.0
36 0.0005208800718156619
37 -0.0023188513987406623
38 -0.000675314012914896
39 -0.0009280172447597625
40 0.0001008590330203606
41 0.0
42 0.00019319611676300811
43 0.0
44 0.0005946316863640373
45 -0.0011709556951786779
46 0.0
47 0.00026685633485414343
48 0.000547539128839889
49 -0.0014029911811608761
