0 1.0209821908029653
1 1.0209821908029653
2 1.044634450298386
3 1.0815429248848605
4 1.1044140840102457
5 1.1241334748093048
6 1.1458470826325935
7 1.1793342780930844
8 1.2095197107835038
9 1.2095197107835038
10 1.2317170914065179
11 1.259954223239752
12 1.259954223239752
13 1.2838124311796282
14 1.2838124311796282
15 1.3092708078133835
16 1.341887099177102
17 1.3737936266465702
18 1.3737936266465702
19 1.3737936266465702
20 1.398428036139589
21 1.4217144665662662
22 1.4438551151760146
23 1.4438551151760146
24 1.4738391204462324
25 1.4960803835474519
26 1.5199880618373436
27 1.5398746706858297
28 1.5398746706858297
29 1.5398746706858297
30 1.5757096894624159
31 1.603965456126777
32 1.6244408240359396
33 1.6492327728761402
34 1.6722203003169303
35 1.695058655916656
36 1.7241267219393968
37 1.7567718927499738
38 1.7854206467718916
39 1.8109041759115454
40 1.8109041759115454
41 1.836033533981973
42 1.8492335600813354
43 1.8492335600813354
44 1.8709678423912872
45 1.8709678423912872
46 1.8951003190536622
47 1.8951003190536622
48 1.9186428060624172
49 1.9186428060624172
50 1.9353974286955362
51 1.9775612487012149
52 1.9775612487012149
53 2.0008008336120815
54 2.0173895446129895
55 2.033988679524532
56 2.033988679524532
57 2.033988679524532
58 2.0702191062983513
59 2.0702191062983513
60 2.0982834241802624
61 2.1328021066666
62 2.152476395882482
63 2.152476395882482
64 2.1760088563061646
65 2.1927523969310747
66 2.215256666687165
67 2.215256666687165
68 2.2274922292545623
69 2.2274922292545623
70 2.2274922292545623
71 2.2611976109692344
72 2.278904930768879
73 2.3103484143949045
74 2.3341971326000115
75 2.3477154004735996
76 2.3477154004735996
77 2.360226899728535
78 2.3772583192691656
79 2.399059423537778
80 2.4347800084315954
81 2.452026334646281
82 2.4597934049285555
83 2.4642033850494354
84 2.4909454461859033
85 2.5213436966651264
86 2.5213436966651264
87 2.5715477559449145
88 2.612733508161654
89 2.6251547682122958
90 2.6586780922570443
91 2.6697347827037197
92 2.695256331377626
93 2.695256331377626
94 2.695256331377626
95 2.710161329924673
96 2.7240436722531918
97 2.7240436722531918
98 2.7783515416378126
99 2.845712498640035
