0 1.0214445104342076
1 1.046155657133428
2 1.0689891840661683
3 1.0689891840661683
4 1.097175093882604
5 1.097175093882604
6 1.1175780671333893
7 1.1383522941776638
8 1.163378552695293
9 1.1961667623174106
10 1.1961667623174106
11 1.2285715208358738
12 1.2539595750828931
13 1.2909146001233371
14 1.3122211089506204
15 1.3377260037050962
16 1.3377260037050962
17 1.3377260037050962
18 1.360848937650214
19 1.3875588581772915
20 1.404216945476981
21 1.4245564915407802
22 1.4245564915407802
23 1.4245564915407802
24 1.4245564915407802
25 1.4245564915407802
26 1.4518162658883424
27 1.4694274346650547
28 1.4900035346397573
29 1.4900035346397573
30 1.4900035346397573
31 1.4900035346397573
32 1.4900035346397573
33 1.4900035346397573
34 1.521052684226761
35 1.547174295038432
36 1.5756824790728419
37 1.5942602938714503
38 1.6124804584567716
39 1.6124804584567716
40 1.6399075629167574
41 1.6635963468429744
42 1.6827970917522634
43 1.716746759144024
44 1.716746759144024
45 1.7403637781188557
46 1.7561707004238944
47 1.7731804774019224
48 1.8052122794288612
49 1.8052122794288612
50 1.8052122794288612
51 1.8255301343919128
52 1.8506770940436414
53 1.8695799437038618
54 1.8909698702727082
55 1.9137788920210597
56 1.9323429300602142
57 1.9538895764048494
58 1.9846772144426192
59 2.00467608242677
60 2.00467608242677
61 2.00467608242677
62 2.03532172411271
63 2.058201796422972
64 2.093551946348294
65 2.1251601978500276
66 2.1409278570569703
67 2.154151048662227
68 2.162616550855793
69 2.1737842909818736
70 2.189695245567629
71 2.2137483895634156
72 2.2374010217659825
73 2.2374010217659825
74 2.2374010217659825
75 2.275230211952398
76 2.3287438502676907
77 2.3821490504757112
78 2.4099736603238413
79 2.4304604001848498
80 2.4304604001848498
81 2.448135261954987
82 2.45618178570599
83 2.45618178570599
84 2.464994638153069
85 2.4742829994353635
86 2.4840082263087035
87 2.4951153708926537
88 2.5007288498588998
89 2.5007288498588998
90 2.508597785778003
91 2.518092590664378
92 2.518092590664378
93 2.537750082431889
94 2.537750082431889
95 2.5842720583074006
96 2.5842720583074006
97 2.5842720583074006
98 2.608483932351907
99 2.632073012181833
