0 1.0
1 1.017155901331572
2 1.026151782228774
3 1.0108031163783986
4 1.0329834892655938
5 1.0334680681290223
6 1.0334680681290223
7 1.0334680681290223
8 1.0454447826570494
9 1.0387426754858458
10 1.0531764190778679
11 1.050644808035021
12 1.050644808035021
13 1.0612487187038446
14 1.0581415103705363
15 1.0624136487522768
16 1.0624668789091034
17 1.0621968235496104
18 1.0622359596147235
19 1.0626244469959891
20 1.0626244469959891
21 1.0676399647677566
22 1.066150845161707
23 1.067409038454463
24 1.06742888851817
25 1.0677254725831984
26 1.0690116056285557
27 1.0690116056285557
28 1.0733209261521386
29 1.072509859410919
30 1.072509859410919
31 1.0786842959170042
32 1.0786842959170042
33 1.0822096424219594
34 1.0816901190532076
35 1.0816901190532076
36 1.0864804623862678
37 1.0864804623862678
38 1.0864804623862678
39 1.0864804623862678
40 1.0901227898124128
41 1.0890674429565688
42 1.0899107830145212
43 1.0904012751220622
44 1.0904012751220622
45 1.093146855102795
46 1.093146855102795
47 1.093146855102795
48 1.0956406637568523
49 1.0954644079714182
50 1.0954644079714182
51 1.0954644079714182
52 1.0954644079714182
53 1.0954644079714182
54 1.0954644079714182
55 1.0991002597784365
56 1.098668287848268
57 1.098668287848268
58 1.1006423224396513
59 1.1001220848226685
60 1.1015146626829948
61 1.101816399035276
62 1.1030894534896853
63 1.1027289080824905
64 1.1027289080824905
65 1.105128365024908
66 1.105453169262341
67 1.105938622891715
68 1.1063661927638313
69 1.1068512935160861
70 1.1068611095884962
71 1.1068611095884962
72 1.1080927959644158
73 1.1084475823256768
74 1.1083248283539786
75 1.1083248283539786
76 1.1083248283539786
77 1.111562469796442
78 1.1113144059053766
79 1.1143923054543774
80 1.114493803916999
81 1.1168148841496344
82 1.1168148841496344
83 1.1168148841496344
84 1.1189919371884887
85 1.1189919371884887
86 1.123543816878247
87 1.124096627559902
88 1.124096627559902
89 1.124096627559902
90 1.124096627559902
91 1.129884492393865
92 1.1285934142619103
93 1.132218237916386
94 1.132218237916386
95 1.1367439782569813
96 1.1367439782569813
97 1.1406735314781455
98 1.1406325546087588
99 1.1447569852490203
