0 1.0233558838944379
1 1.0481193755779759
2 1.069813077647369
3 1.0913717598729569
4 1.1164037020435167
5 1.1438799353192186
6 1.1662442367264092
7 1.1662442367264092
8 1.1874086502906849
9 1.1874086502906849
10 1.210268392739169
11 1.2392061031122783
12 1.2591409988063509
13 1.2811661362000726
14 1.3041967154795255
15 1.3281985670867014
16 1.3592310564625898
17 1.3907843150580705
18 1.4167125184469396
19 1.4167125184469396
20 1.4167125184469396
21 1.4399580410046382
22 1.4616926482297021
23 1.4852510671807533
24 1.5156240577939672
25 1.5156240577939672
26 1.5156240577939672
27 1.5348891820427184
28 1.5554455981773785
29 1.5783930191754754
30 1.6001760982898938
31 1.6309486999280962
32 1.6613769572990793
33 1.6613769572990793
34 1.6887667711413927
35 1.6887667711413927
36 1.7282337068912
37 1.7282337068912
38 1.7282337068912
39 1.7427147596698807
40 1.7737135600429526
41 1.8115820274760395
42 1.8468237435037351
43 1.8468237435037351
44 1.8468237435037351
45 1.8715995365292615
46 1.9062103666868941
47 1.930886252657814
48 1.9572567185108263
49 1.9855066847614318
50 2.0007327233112577
51 2.0128659925633783
52 2.032694452922774
53 2.048451542596268
54 2.0686849096851563
55 2.0879043683617367
56 2.1011643766857655
57 2.1175989051166577
58 2.1175989051166577
59 2.1394929299008805
60 2.16953748706665
61 2.16953748706665
62 2.16953748706665
63 2.16953748706665
64 2.1838778787895827
65 2.203111796760151
66 2.203111796760151
67 2.2270568631640963
68 2.269253515057553
69 2.269253515057553
70 2.286997877290411
71 2.3094880711387216
72 2.334073826983494
73 2.353766504298268
74 2.366885621042777
75 2.3751438416090216
76 2.3832746355399905
77 2.3832746355399905
78 2.4121641163097443
79 2.4121641163097443
80 2.4686255729984707
81 2.4686255729984707
82 2.4898435870929583
83 2.5301420347132493
84 2.5301420347132493
85 2.553861875844113
86 2.553861875844113
87 2.553861875844113
88 2.56341393907013
89 2.6035814454627926
90 2.62752150871556
91 2.648564360361874
92 2.680795565457532
93 2.680795565457532
94 2.7399001998420345
95 2.7652382010797543
96 2.7844262867060183
97 2.7844262867060183
98 2.808247491614116
99 2.808247491614116
