0 1.0229741735424203
1 1.0229741735424203
2 1.0229741735424203
3 1.0229741735424203
4 1.0229741735424203
5 1.041175623588128
6 1.064050177907838
7 1.086169258831836
8 1.111832042726163
9 1.13305785193613
10 1.15872455556153
11 1.15872455556153
12 1.1813382419733442
13 1.2051501055165592
14 1.2212128571577185
15 1.2212128571577185
16 1.2212128571577185
17 1.2212128571577185
18 1.252403257448919
19 1.2814193344803262
20 1.2974220186811634
21 1.3156728899071917
22 1.338529133136459
23 1.3678838732634149
24 1.3678838732634149
25 1.4017225401822173
26 1.424783256386105
27 1.424783256386105
28 1.424783256386105
29 1.4577155962160904
30 1.4757428278455618
31 1.4757428278455618
32 1.4929217878233283
33 1.519963500950652
34 1.5414637360159513
35 1.5599005893071844
36 1.5764909098066482
37 1.5962182074130276
38 1.6271758634187758
39 1.6457236164907159
40 1.6697029723423333
41 1.700160530026423
42 1.7178348393297993
43 1.7394164846321578
44 1.752069026853946
45 1.752069026853946
46 1.7807763300058415
47 1.7807763300058415
48 1.8048856256496617
49 1.8222287740464458
50 1.8395288554390068
51 1.8581665371167102
52 1.8786205243759486
53 1.8905284080337315
54 1.9219496738184632
55 1.9538937444956062
56 1.9538937444956062
57 1.9719266911666624
58 1.9932652794374017
59 1.9932652794374017
60 2.0082900026863326
61 2.03047819160282
62 2.03047819160282
63 2.074576162636691
64 2.0975547953115234
65 2.0975547953115234
66 2.0975547953115234
67 2.0975547953115234
68 2.1226910614168526
69 2.146028398790003
70 2.146028398790003
71 2.146028398790003
72 2.172201643210624
73 2.1838020749921037
74 2.2000517185143917
75 2.2156195272825405
76 2.2330596045496005
77 2.2530606389824284
78 2.2530606389824284
79 2.303798980451083
80 2.303798980451083
81 2.3413992892475006
82 2.376594622030556
83 2.3896358198745946
84 2.3991830695559577
85 2.3991830695559577
86 2.410389685716304
87 2.4159383255295466
88 2.4641664341767506
89 2.4641664341767506
90 2.482421331803475
91 2.500064032667784
92 2.520183696026918
93 2.5324711216623377
94 2.5357791051989578
95 2.5357791051989578
96 2.5357791051989578
97 2.542014479281611
98 2.5518890462734336
99 2.562368880898856
