0 1.023056638861308
1 1.0523736844796656
2 1.0523736844796656
3 1.0699860140864172
4 1.095727488857271
5 1.1210436596957745
6 1.1415760534662285
7 1.162677657462493
8 1.162677657462493
9 1.189602483206973
10 1.2125258673131583
11 1.2359660154985546
12 1.2582854278318072
13 1.2582854278318072
14 1.2813716899521614
15 1.2813716899521614
16 1.3095687698153944
17 1.3329042815934462
18 1.36239136785887
19 1.36239136785887
20 1.3830645314920926
21 1.3830645314920926
22 1.4146067475240134
23 1.4146067475240134
24 1.4441105250710904
25 1.4729238391760964
26 1.4949787169768305
27 1.51696489877993
28 1.5402603465223033
29 1.5662406396647433
30 1.585821001910157
31 1.612922523784423
32 1.634142601430046
33 1.659836330601966
34 1.659836330601966
35 1.659836330601966
36 1.6826189836372696
37 1.7067464996641433
38 1.7231172719314312
39 1.7231172719314312
40 1.7462192174601117
41 1.7462192174601117
42 1.7728885681421354
43 1.7728885681421354
44 1.8061692973734311
45 1.8277332136640738
46 1.8488734162420064
47 1.872365562574505
48 1.872365562574505
49 1.9053415468508565
50 1.9590528718502354
51 1.9869057493345719
52 2.011329168093181
53 2.0234584748496514
54 2.0340975983500127
55 2.0340975983500127
56 2.0340975983500127
57 2.0340975983500127
58 2.0340975983500127
59 2.081625223510889
60 2.103791534412701
61 2.1254503441241277
62 2.1254503441241277
63 2.1486542366646555
64 2.171710386105903
65 2.195886906266783
66 2.2356372510375806
67 2.2723749775236652
68 2.296505205519541
69 2.313275311254345
70 2.318944435208008
71 2.327928114046713
72 2.327928114046713
73 2.327928114046713
74 2.327928114046713
75 2.327928114046713
76 2.327928114046713
77 2.327928114046713
78 2.3634470153610168
79 2.3634470153610168
80 2.3634470153610168
81 2.3634470153610168
82 2.3894244994605147
83 2.4407958546299895
84 2.4407958546299895
85 2.470163619280247
86 2.470163619280247
87 2.4853871487051875
88 2.4853871487051875
89 2.4963958764822385
90 2.5217617503226433
91 2.563150889764592
92 2.563150889764592
93 2.628638939863435
94 2.6730875863005643
95 2.7020024980194894
96 2.7504774397242824
97 2.7920414436427867
98 2.7920414436427867
99 2.807199924678004
