0 0.0007707427473402146
1 0.0
2 0.001078198432696847
3 0.00039283123562578733
4 0.0
5 0.00025310367787304114
6 0.0
7 0.0006521163806956972
8 -0.00019965863128417936
9 0.001374189355225266
10 0.0
11 0.0009912809162685354
12 0.0014553438162135377
13 0.0009504415130955324
14 0.0013647405476477008
15 0.0003813554702988426
16 0.001539378999224521
17 0.0018015656260891922
18 0.0
19 0.0
20 0.0007292781292576689
21 0.0018315756592135633
22 0.001730542686625152
23 0.000711535317342795
24 0.00130914733071243
25 0.00041227740995294476
26 0.0012443522522903492
27 0.0
28 0.001660943952197117
29 0.0005786693679618553
30 0.0014751181861096705
31 -2.0436575540721554e-08
32 0.00035441137650900773
33 0.00014209581273900732
34 0.0
35 0.0007911524715803421
36 0.0
37 0.0010328622832239884
38 0.00046144829165311625
39 0.0007128398982667609
40 0.0004986998727505644
41 -2.1820058939501538e-05
42 0.0
43 0.0022552145432092768
44 0.00034660592942853413
45 9.583847927071825e-05
46 0.0011900114897275328
47 -0.0002286584316348047
48 -0.0003782731643354717
49 0.0009133380046203657
50 0.0
51 0.0009690477980406806
52 0.0015379438960722188
53 0.00013081637720191157
54 0.00015860692215902407
55 0.0
56 0.0011595086613786735
57 6.0120880373392975e-05
58 0.00037878133335622816
59 -0.0004885681570328536
60 0.0
61 0.0012972862126617093
62 0.0013770947210719196
63 0.0
64 -7.6697948450817e-05
65 0.0007022240458269515
66 0.0
67 0.0
68 0.0024712900095062583
69 0.0023044842085754827
70 0.0
71 0.0007867419779905886
72 0.0
73 0.002175354171659522
74 0.0017137536210221618
75 0.0005741385042617017
76 0.0
77 0.0
78 0.0
79 0.0
80 0.0032159678553640722
81 0.007765204485713755
82 0.0
83 0.0
84 0.008370837626583057
85 0.0032224339457929863
86 0.0
87 0.0
88 0.004091560770046072
89 0.006215014937208191
90 0.00640750758580368
91 0.005662582450240804
92 0.0009074585902301359
93 0.0
94 0.00016356466500669903
95 -0.0008692540182222266
96 -0.003099977137309689
97 -0.0010768627981052555
98 -0.002635490728742093
99 -0.0007240227610034574
