0 0.0
1 0.0016292999533899883
2 1.799428792942998e-05
3 0.0005207632566298456
4 0.0004931813519111122
5 0.0
6 0.0010303424991789142
7 0.0006719428528586721
8 0.00012596620829493006
9 0.0013248503839711201
10 0.0018396047490849348
11 0.0007654972639644919
12 0.001570378760116072
13 0.0
14 0.0
15 0.0009568243469933592
16 0.0
17 0.0021495668609758205
18 0.0004557861426956856
19 0.0016651677389597655
20 0.0
21 0.0019219085653759546
22 0.0014902973226074184
23 0.0005013275134038357
24 0.0
25 0.0008538125004703556
26 0.001420181541937562
27 0.0013897011456083749
28 0.0014696080299251208
29 0.0
30 0.0017111382692386263
31 3.780510699214727e-09
32 0.0
33 0.0004456402894813331
34 0.0004996593081827917
35 0.0
36 0.0009860200037477489
37 0.0008162074568457638
38 0.0
39 0.001286362121154182
40 0.0
41 0.0014435982725867474
42 0.001481940666533606
43 0.0016701837931647574
44 -0.0003784817831446087
45 -0.00015314012808606263
46 0.0009516088814375475
47 0.0
48 2.481297586136451e-05
49 0.0013324634148824562
50 0.0012575158994104034
51 0.0008116461764560465
52 0.0003984454120855153
53 1.4382827119859373e-05
54 0.0
55 0.0021200413505118934
56 0.0
57 0.0008950214104720119
58 0.0
59 0.0011212382515202596
60 0.0006190201235690278
61 0.0
62 0.0
63 0.0019708966191839916
64 0.0
65 0.0
66 0.0043402935482561465
67 0.0031815299451295746
68 0.0006742464474169546
69 -0.00033995963039141233
70 0.0
71 0.0011594535919709663
72 0.0014579850134224625
73 0.0
74 0.0
75 0.0008331788150820114
76 0.004073739247543238
77 0.0009514017541244788
78 0.0008053785474659202
79 -0.0005345750630856287
80 -0.00227623812278679
81 -0.002511651107714522
82 -0.0013603556549597919
83 -0.001900448847824934
84 0.0
85 0.0
86 -0.0004149032560675113
87 0.006579725299159664
88 -0.0005858366024277013
89 -0.0011957421906631032
90 -0.0021318204784485056
91 -0.002976995943879782
92 -0.0030785128235292685
93 0.0
94 -0.0005188334188608603
95 -0.0005181453643417576
96 -0.002438868679412131
97 0.0
98 -0.0011775699768641111
99 -0.00019231206966200182
