0 0.0
1 -0.0022921477254807137
2 -0.006116949244396163
3 -0.0024929611270546074
4 0.0
5 -0.001196213052205643
6 -0.0067545195342304095
7 -0.003973968318541198
8 0.0
9 -0.003631879005804199
10 -0.004728222414521031
11 -0.005173762055954666
12 -0.005174928386013421
13 -0.003841951115220061
14 -0.00513811540105944
15 -0.00412866946438547
16 -0.005040815967930025
17 -0.004025349927704953
18 0.0
19 -0.003249251948263438
20 -0.004228332448430879
21 -0.004499939896093422
22 -0.004102550293316273
23 0.0
24 -0.0036904906259345614
25 0.0
26 -0.0033407322361743087
27 -0.004292845121276521
28 -0.0038546208691399952
29 -0.0048308823242383635
30 -0.004067300656594021
31 0.0
32 -0.004502411160279153
33 -0.004481311030119671
34 0.0
35 -0.004053942834653451
36 -0.004817081917538583
37 0.0
38 0.0
39 0.0
40 0.0
41 -0.00400296370447766
42 -0.004187478693116932
43 -0.003868327298773251
44 0.0
45 0.0
46 -0.003802686233396714
47 -0.0045303789773956825
48 0.0
49 -0.003729103043307616
50 -0.00406600418352553
51 -0.00410527582653175
52 -0.0039963849677731676
53 -0.0033925982059621216
54 -0.0040427289224209805
55 -0.0039166367181701816
56 -0.00414144240806641
57 -0.003583084623397268
58 -0.004064339787961337
59 0.0
60 -0.00381657370678089
61 -0.00401528770288912
62 -0.003907107709323745
63 -0.004078886345998996
64 -0.0037768904582859064
65 -0.0044983590869507265
66 -0.003951845102256462
67 -0.0038139703911001985
68 -0.0037314646016687286
69 -0.0045768110506164954
70 -0.0038980777512243135
71 -0.00400008851656249
72 -0.004011891747384577
73 -0.003864173515649883
74 -0.004066727432484094
75 0.0
76 -0.003616445476190928
77 0.0
78 -0.0037212520961113376
79 0.0
80 0.0
81 -0.003389810826464703
82 -0.0039050678242942695
83 -0.002940129867661438
84 -0.004005351003389309
85 -0.0026222895460813332
86 0.0
87 -0.002567197870771643
88 0.0
89 -0.0023995422450006007
90 -0.003961608261064235
91 -0.0037416300366828813
92 -0.003978306991919237
93 -0.0032663094583305807
94 -0.0038575566289558
95 -0.0016723626356352824
96 0.0
97 -0.0006857583416454422
98 -0.003901035542764911
99 0.0
