0 1.0
1 1.0
2 1.1
3 1.1
4 1.1874054185883849
5 1.1874054185883849
6 1.2825952863613233
7 1.3825952863613233
8 1.4795477542386963
9 1.5763643713727489
10 1.675293924273544
11 1.7752939242735442
12 1.8752939242735442
13 1.9641878858340214
14 1.9641878858340214
15 1.9641878858340214
16 1.9641878858340214
17 2.0641878858340212
18 2.1595471619610453
19 2.1595471619610453
20 2.2537810973161783
21 2.3438872062328517
22 2.4360648865397914
23 2.533595354127228
24 2.533595354127228
25 2.6214608242942576
26 2.7214608242942577
27 2.821460824294258
28 2.9175796438279717
29 2.9175796438279717
30 2.9175796438279717
31 2.9175796438279717
32 2.9175796438279717
33 3.014998083634262
34 3.014998083634262
35 3.1126609790305593
36 3.204092651049536
37 3.2900818961915457
38 3.3778178958862983
39 3.4732118937862837
40 3.573211893786284
41 3.671389114527974
42 3.7666267910656397
43 3.7666267910656397
44 3.853469888285701
45 3.9324457647341404
46 3.9324457647341404
47 4.02553885208665
48 4.02553885208665
49 4.116590683429496
