0 1.1
1 1.1753126576745132
2 1.2499517575293726
3 1.3228627778178887
4 1.3228627778178887
5 1.4013125539198705
6 1.4730402638859421
7 1.566385523786799
8 1.566385523786799
9 1.566385523786799
10 1.6546103507434171
11 1.7430516424588465
12 1.8260906489714641
13 1.9136578027667812
14 2.012360562288613
15 2.012360562288613
16 2.094628952972746
17 2.1752189683729446
18 2.1752189683729446
19 2.266323865317104
20 2.266323865317104
21 2.350412644376184
22 2.4366502584201397
23 2.5299320467597926
24 2.608329848433815
25 2.608329848433815
26 2.6890991046568105
27 2.7728119974175205
28 2.849595040288468
29 2.929678025959311
30 3.016593167370303
31 3.0988878019904322
32 3.1872607504937807
33 3.272597846968184
34 3.364808157186639
35 3.364808157186639
36 3.458113899928242
37 3.458113899928242
38 3.5376638236463736
39 3.6150600325173095
40 3.693440601724973
41 3.693440601724973
42 3.693440601724973
43 3.781361674400119
44 3.781361674400119
45 3.781361674400119
46 3.8502377866491417
47 3.8502377866491417
48 3.9202087146486573
49 4.0038404687678
