0 0.099219
1 0.073160
2 0.072103
3 0.057089
4 0.054895
5 0.058503
6 0.046681
7 0.044206
8 0.049461
9 0.057628
10 0.054336
11 0.050268
12 0.045698
13 0.044184
14 0.052000
15 0.053045
16 0.056224
17 0.050326
18 0.051481
19 0.052692
20 0.051212
21 0.043132
22 0.048340
23 0.048759
24 0.040756
25 0.049802
26 0.040365
27 0.052294
28 0.055492
29 0.061100
30 0.050525
31 0.056418
32 0.053443
33 0.042663
34 0.047720
35 0.039099
36 0.044989
37 0.050197
38 0.062568
39 0.058000
40 0.043104
41 0.056140
42 0.054723
43 0.051020
44 0.046430
45 0.048573
46 0.047175
47 0.051156
48 0.050032
49 0.056278
50 0.047659
51 0.054556
52 0.053380
53 0.051477
54 0.064915
55 0.056995
56 0.051032
57 0.057674
58 0.047066
59 0.043427
60 0.049460
61 0.051991
62 0.047552
63 0.053915
64 0.049375
65 0.050592
66 0.046992
67 0.052681
68 0.053122
69 0.055691
70 0.049931
71 0.045648
72 0.046068
73 0.057945
74 0.050698
75 0.052541
76 0.052962
77 0.052611
78 0.050233
79 0.050401
80 0.040075
81 0.049983
82 0.044794
83 0.059504
84 0.045402
85 0.051466
86 0.050500
87 0.044244
88 0.051189
89 0.050313
90 0.048793
91 0.050946
92 0.050110
93 0.061653
94 0.065820
95 0.055657
96 0.048560
97 0.042900
98 0.045306
99 0.055715
