2 2399
3 3263
4 2766
7 2963
8 3568
9 3002
10 3088
11 2638
12 2661
13 3357
15 2748
18 3388
19 2881
20 2298
21 3144
23 2787
25 2811
26 3000
28 3086
30 2382
31 3135
32 2262
34 2086
35 2674
36 2100
37 2599
38 2013
39 2826
40 2329
43 1915
45 1930
47 2220
51 2470
52 2174
53 2498
55 2697
56 2214
57 2668
58 2273
59 2643
60 2131
61 2634
62 2619
63 2482
65 2663
66 2865
67 2545
68 2439
69 2367
70 2548
71 2487
72 2673
74 2320
79 2239
80 2529
81 2346
82 2660
84 2681
85 2338
86 2380
87 2252
88 2565
89 2202
90 2689
91 2554
93 2563
94 2284
97 2582
98 2472
99 2051
