0 3411
1 3627
2 4565
3 4232
4 3541
5 3330
6 3336
7 3466
8 4457
9 4717
10 4235
11 4154
12 3747
13 3748
14 4074
15 3996
16 3760
17 3714
19 4107
20 4138
21 4005
22 4472
23 4088
24 3928
27 3993
29 3654
30 3548
32 3533
34 3215
36 2974
37 3260
38 3074
42 2916
43 2587
46 2868
47 2913
48 2683
49 2886
51 3028
52 2690
53 2961
54 2691
55 2977
56 2578
58 2394
59 2857
60 2442
62 2655
64 2601
65 2867
67 2685
68 2652
69 2621
70 2813
71 2763
72 2943
74 2604
75 3003
76 2836
77 2963
78 2815
79 2708
80 2968
81 2800
82 3109
83 2994
84 3096
85 2826
86 2883
87 2777
89 2544
90 3060
91 2963
94 2713
96 2509
97 2878
99 2469
