0 2.300688256262234
1 2.3006882598390237
2 4.1089999551414715
3 1.5850942126681657
4 3.4364306333661507
5 0.728088582808809
6 0.6078867484610632
7 0.5241550729477094
8 0.3986521509438349
9 0.31293209430864494
10 0.2724110203430404
11 0.28143199993203516
12 0.2353573871763421
13 0.16390331303145922
14 0.17550850529364728
15 0.165807491095194
16 0.16382912123994428
17 0.12504764522275066
18 0.1377370571088222
19 0.1354319267741381
20 0.1375291243263131
21 0.11991409735403107
22 0.12313236977683083
23 0.1044611526936067
24 0.11275215150692885
25 0.1130241009939405
26 0.11038696104033893
27 0.11744017794181115
28 0.12469793309060134
29 0.10854571695015174
30 0.10107076764218526
31 0.10472512274851738
32 0.09002560429242568
33 0.0918804269883069
34 0.0881739258561254
35 0.09340204884461682
36 0.0930332252123702
37 0.09541850539609888
38 0.08104978091557045
39 0.08555760796475
40 0.08558276924208191
41 0.08377404494368361
42 0.08439736644420595
43 0.08105683952832365
44 0.0842841389287087
45 0.08261818816440382
46 0.08002626617938219
47 0.07332737940651139
48 0.07326902752452888
49 0.07354432827017159
