0 2.3118382487097437
1 2.3118382628806438
2 7.755620224507541
3 2.2159165918426798
4 7.1538845737553745
5 2.2007420183096738
6 6.69076153577643
7 2.0632711963187558
8 6.9814939310183135
9 2.0872173040045006
10 6.389691203709142
11 2.060567252328352
12 2.82610722701368
13 2.4109117477037922
14 2.1301985571155857
15 1.871495250685417
16 4.384428170361269
17 1.9662124594376247
18 2.55491567644192
19 2.1997284881556642
20 2.1488465092866518
21 2.0924333899101883
22 2.8424767978805563
23 2.2384933708974133
24 1.8085114126257222
25 2.3130033698009074
26 1.8019595726641064
27 2.16972424999648
28 2.169607959418386
29 1.9071686137896093
30 2.513117187839693
31 1.4576211379142912
32 2.9266061385983586
33 2.060387066575966
34 1.705194181008822
35 1.5569106231571725
36 1.8358802271495633
37 1.6559014386458981
38 1.5319761141042467
39 1.907528158800485
40 1.703401865593313
41 1.5641662728396428
42 1.8349175439389847
43 1.8949515962621146
44 2.0130596575966595
45 1.7194834683755242
46 1.688174760500045
47 1.6246745006274046
48 1.3475701714059356
49 1.9270785771909655
50 1.5032875576195062
51 1.9874351453842445
52 1.5926704874616433
53 1.760663285206379
54 1.4679081579637043
55 1.8252108197226526
56 1.789574204453197
57 1.5111039331562606
58 1.4914537958288758
59 1.5599213070589435
60 1.450590548250978
61 1.4474860020136218
62 1.3706274002275223
63 1.7567873590246985
64 1.4216867184226794
65 1.8138307874280055
66 1.3572381759715226
67 1.8734996181025576
68 1.3791813421699044
69 1.3473208409954027
70 1.5215990299973459
71 1.5706656952639413
72 1.598403974028379
73 1.5516563454497319
74 1.5349337094714768
75 1.4010782991414208
76 1.694605897879461
77 1.492567423429297
78 1.3873197682535057
79 1.3486351441410478
80 1.695638966468389
81 1.45894070083132
82 1.5810865511603314
83 1.4331839516565177
84 1.4541360864742838
85 1.4426250020373395
86 1.4475270117635572
87 1.43326401584471
88 1.4203345763511293
89 1.5341291490291284
90 1.4250946420144142
91 1.5889913870753825
92 1.419796233876192
93 1.7187350563261061
94 1.4948622914514706
95 1.5205268926800344
96 1.4500385254753507
97 1.487310091722589
98 1.4844879765291863
99 1.5913994143325647
