0 2.3118382487097437
1 2.3118382628806438
2 7.7556201793377975
3 2.2159165847572297
4 7.153884488457457
5 2.200742039020989
6 6.690761468192138
7 2.0632711912601533
8 6.981494016384359
9 2.087217327287698
10 6.389691429489731
11 2.0605672516300264
12 2.826107278894162
13 2.410911612398949
14 2.130198559244627
15 1.8714952583159017
16 4.384428157280438
17 1.9662126358585164
18 2.554915746359642
19 2.1997284828245443
20 2.148846455328225
21 2.0924333992609383
22 2.842476738403654
23 2.23849337299239
24 1.8085114208012414
25 2.313003394940629
26 1.8019595605200538
27 2.1697239595781923
28 2.1696079717157297
29 1.9071686108770805
30 2.5131172765270438
31 1.4576211136943154
32 2.926606326567171
33 2.0603869699515482
34 1.7051942117521808
35 1.55691068084568
36 1.8358803200609328
37 1.6559014114963615
38 1.531976286795058
39 1.9075282667684357
40 1.7034018840904253
41 1.5641663709118088
42 1.8349175241133506
43 1.8949517652398775
44 2.0130596505112095
45 1.719483512216746
46 1.6881747600742367
47 1.6246745050047138
48 1.347570197925276
49 1.9270787146929793
50 1.50328708459759
51 1.9874350705612114
52 1.5926704776169556
53 1.7606632646824194
54 1.4679082338938392
55 1.8252112629720527
56 1.7895744648605163
57 1.5111039896865694
58 1.491453870089842
59 1.559921442653336
60 1.4505904216326242
61 1.447486098978686
62 1.370627562681902
63 1.7567872710952863
64 1.4216867969076639
65 1.8138305726843675
66 1.3572383021470358
67 1.8734995929798683
68 1.3791813501751002
69 1.3473208320534285
70 1.5215990785394913
71 1.5706656884510086
72 1.5984040580148067
73 1.5516562198873827
74 1.5349335103294546
75 1.4010782421853034
76 1.69460614236155
77 1.4925673351507218
78 1.3873201063112253
79 1.3486348841425044
80 1.6956389206173523
81 1.4589409069395658
82 1.581086594269163
83 1.4331837320246004
84 1.4541363356402643
85 1.4426249743427682
86 1.4475268718599847
87 1.4332641545730516
88 1.4203346435266455
89 1.5341291449073042
90 1.4250944314266651
91 1.5889911865707738
92 1.4197964081169452
93 1.7187345105420693
94 1.4948621107384314
95 1.5205269931026621
96 1.450038287499612
97 1.4873099207520435
98 1.4844882556039412
99 1.591399566908192
