0 2.3118382487097437
1 2.3118382487097437
2 7.755620212039874
3 2.215916577126745
4 7.153884453847759
5 2.2007420253951238
6 6.690761444210614
7 2.063271200525742
8 6.981494116670729
9 2.087217305554443
10 6.389691292141008
11 2.0605672320769095
12 2.8261071987740736
13 2.4109117920900482
14 2.1301984692457863
15 1.871495236821099
16 4.384428168215195
17 1.966212605336578
18 2.5549157702730354
19 2.1997284578040492
20 2.1488464318917364
21 2.0924332104405092
22 2.842477068933083
23 2.2384933421638697
24 1.808511482390153
25 2.3130035848511272
26 1.8019595089120888
27 2.1697242661431306
28 2.1696079196989886
29 1.9071685882240794
30 2.5131172663246772
31 1.4576211411844988
32 2.9266062149032046
33 2.060386930794218
34 1.7051941813835332
35 1.5569107649172693
36 1.8358798191570898
37 1.6559013788283492
38 1.531975956265629
39 1.9075281302883618
40 1.7034018292292847
41 1.5641664048402135
42 1.8349174372825237
43 1.894951706478333
44 2.0130596729598227
45 1.7194835958114298
46 1.6881747742621689
47 1.6246745471767672
48 1.3475701187760307
49 1.9270786701874965
50 1.5032871039292866
51 1.9874351457078587
52 1.5926705399893542
53 1.7606627845750533
54 1.46790850198274
55 1.8252110820546255
56 1.7895751385743965
57 1.5111039754816047
58 1.4914536692445866
59 1.5599213384324984
60 1.4505902906539934
61 1.4474859163920901
62 1.3706274723935117
63 1.756787210903026
64 1.4216868888822551
65 1.813830609627495
66 1.3572380523167946
67 1.8734996926701057
68 1.3791816071929854
69 1.3473207274408472
70 1.5215989586148437
71 1.5706655951819601
72 1.5984038341077742
73 1.5516559830528103
74 1.5349337521204354
75 1.4010780323640093
76 1.6946055657319605
77 1.4925673829604769
78 1.3873201589411301
79 1.3486349792340122
80 1.6956387764045997
81 1.4589406080221445
82 1.5810862910425616
83 1.4331837307471755
84 1.4541361926368073
85 1.4426248854339967
86 1.4475269052092903
87 1.4332640363516373
88 1.420334448165801
89 1.534128557462184
90 1.4250946393744028
91 1.588990561671556
92 1.4197965450739245
93 1.7187353289456073
94 1.4948622836336305
95 1.5205267119840276
96 1.4500385577686514
97 1.4873099621576418
98 1.4844883717133464
99 1.5913993217788742
