0 2.300688256262234
1 2.300688256262234
2 4.109000060878186
3 1.5850942192085813
4 3.436430626825735
5 0.728088582246742
6 0.6078866979091027
7 0.5241549806920848
8 0.3986521284398666
9 0.3129320584811352
10 0.27241101358546277
11 0.28143198559506993
12 0.23535737932017914
13 0.1639033088287314
14 0.17550848350290793
15 0.16580750342340858
16 0.16382925696633752
17 0.12504764967244733
18 0.13773696438055036
19 0.13543192665916987
20 0.13752917042644786
21 0.11991409144833617
22 0.12313236292770444
23 0.10446113220477618
24 0.11275214133543326
25 0.11302408892014637
26 0.11038694812317826
27 0.11744016409878356
28 0.1246979688276268
29 0.10854571805405973
30 0.1010707550180339
31 0.10472509163177803
32 0.0900255969530875
33 0.09188039892381461
34 0.08817396676352807
35 0.09340205523812833
36 0.09303322581488893
37 0.09541830515336223
38 0.08104978890160498
39 0.08555762071291802
40 0.08558278290281034
41 0.08377400974024916
42 0.08439738109467251
43 0.08105680169020041
44 0.08428414337920374
45 0.08261820522175176
46 0.08002632199247024
47 0.07332736963554173
48 0.07326902123214683
49 0.07354431568327846
