0 2.300688256262234
1 2.300688256262234
2 4.109000060878186
3 1.5850942159383736
4 3.4364305385301277
5 0.7280885697109458
6 0.6078866975343914
7 0.5241549651585983
8 0.39865213224233464
9 0.3129320528945304
10 0.27241101149048597
11 0.28143198271660586
12 0.23535738096379913
13 0.1639033231103415
14 0.17550848382013512
15 0.1658074980795145
16 0.16382925622330205
17 0.12504764864199128
18 0.13773695116771903
19 0.1354319306979615
20 0.13752916496332748
21 0.11991409550841825
22 0.1231323878837962
23 0.1044611342646238
24 0.11275214448002752
25 0.11302408500058103
26 0.11038684272551293
27 0.11744013026299213
28 0.1246979709375069
29 0.1085457166712473
30 0.10107075167756785
31 0.10472509215844965
32 0.09002559489749797
33 0.09188039760593794
34 0.08817397737094489
35 0.09340205242034197
36 0.09303323094055625
37 0.09541830406116396
38 0.08104978955841427
39 0.08555762012051223
40 0.0855827877202989
41 0.08377401247447065
42 0.08439738266271155
43 0.08105680041889651
44 0.084284147603222
45 0.08261820188181797
46 0.08002632438897254
47 0.07332736896808724
48 0.07326901994700419
49 0.07354431324499373
