0 2.2379458582832954
1 2.2379458582832954
2 2.2379458582832954
3 1.677702884554531
4 1.5801277195842818
5 1.1877908813588134
6 1.2372816953818446
7 1.2372816953818446
8 0.8455740239294791
9 1.2372816953818446
10 0.9550145105399129
11 1.2751338386934115
12 0.8934682734165351
13 0.8118422926302408
14 0.8842084217204357
15 0.7084341932804139
16 1.2414428294535136
17 0.77063944814597
18 0.866979128006109
19 0.9074031223161639
20 0.9211269907964638
21 0.9814004801774091
22 0.6928753279377823
23 0.7716712525296012
24 0.7716712525296012
25 0.757783541739153
26 0.7156605677020251
27 0.7329753797034367
28 0.8263872209033594
29 0.8029998802208966
30 0.9627499207812763
31 0.8087232620603195
32 0.8358386660352722
33 0.8358386660352722
34 0.7268425816280928
35 0.6470582432401546
36 0.934025504130839
37 0.9179314117909806
38 0.6490560204869857
39 0.7551741982236878
40 0.861483818242809
41 0.7054202259084973
42 0.7336966045387608
43 0.5683909798066928
44 0.6718675780927238
45 0.8727836718798347
46 0.7038970565065368
47 0.7372181507538288
48 0.7803539528820176
49 0.7328500899431766
50 0.8109758020775564
51 0.5944233595494772
52 0.8355164156982826
53 0.7926344971470846
54 0.7926344971470846
55 0.6924504295697119
56 0.7279957663381996
57 0.8810310539428903
58 0.8189891427008222
59 0.785805147504408
60 0.8566670768108209
61 0.893880020111052
62 0.9890769623448258
63 0.6561598427780492
64 0.6758614372078091
65 0.7393374919891358
66 0.7929434689970734
67 0.7311392564295394
68 0.7929434689970734
69 0.851570171864916
70 0.987679135301319
71 0.813576480173467
72 0.8695962138494742
73 0.8198844184616482
74 0.7769395859792704
75 0.8121743291865484
76 0.759148939074248
77 0.7552982449033466
78 0.8071527915744728
79 0.8204693761376617
80 0.8204693761376617
81 0.8204693761376617
82 0.8672552179825339
83 0.8672552179825339
84 0.7147892047435792
85 0.6276314319508322
86 0.7658710970519977
87 0.7658710970519977
88 0.8376902231598963
89 0.8401097751593524
90 0.6681571047618197
91 1.0121626113782687
92 1.0511835224117076
93 0.8004887789404824
94 0.7892938634479278
95 0.7555744994649648
96 0.7080153411477389
97 0.7080153411477389
98 0.8132491121053032
99 0.8132491121053032
100 0.8132491121053032
