0 2.2379458582832954
1 2.2379458582832954
2 2.254987227219393
3 1.6777028421837639
4 1.5801277138728618
5 1.1877908810267541
6 1.237281652346959
7 1.447528189005626
8 0.8455739842151865
9 1.7526612915368465
10 0.9550144944350367
11 1.2751338352399948
12 0.8934682694318234
13 0.8118422636082577
14 0.884208386854209
15 0.7084341931475903
16 1.241442816303965
17 0.7706394644832877
18 0.8669790291188487
19 0.9074030217686071
20 0.9211270274558108
21 0.9814004999681436
22 0.6928753432457162
23 0.7716712919782464
24 1.0752295897863702
25 0.7577835832133598
26 0.7156605574081867
27 0.7329754153666058
28 0.8263872013782725
29 0.8029997376678382
30 0.9627500890689308
31 0.808723342252641
32 0.8358386776905538
33 1.0898870711207058
34 0.7268425781414701
35 0.6470581943278193
36 0.9340254829454555
37 0.9179314797303139
38 0.6490560045813452
39 0.7551740617141086
40 0.861483789154414
41 0.7054203201137214
42 0.7336964543483383
43 0.5683909575421165
44 0.6718676302592402
45 0.8727837460618829
46 0.7038969871061426
47 0.7372182765378925
48 0.7803539058956264
49 0.7328499477885891
50 0.8109758602543462
51 0.5944236383132616
52 0.8355164165284308
53 0.9012951551705681
54 0.7926345730558412
55 0.6924502903040405
56 0.7279958466633448
57 0.8810310080522946
58 0.8189891410405258
59 0.7858051502272944
60 0.8566670125905518
61 0.8938798317006039
62 0.9890766952363229
63 0.6561598097713545
64 0.675861462444316
65 0.7393375342934909
66 1.476794785775846
67 0.7311391629880517
68 0.7929436974206675
69 0.8515702066647309
70 0.9876791583462345
71 0.8135770335170884
72 0.8695961675272015
73 0.8198844345665244
74 0.7769394264911875
75 0.8121742526468793
76 0.759148919582367
77 0.7552981631171405
78 0.807152714835568
79 0.8204692333853676
80 1.0524966745987576
81 1.0438203146530725
82 1.2681971577216655
83 0.8672551068754913
84 0.7147890011082121
85 0.6276313765633406
86 1.142546561169425
87 0.7658710204459166
88 0.8376901888581704
89 0.8401098260972493
90 0.6681570818497278
91 1.0121626539150652
92 1.0511834873462453
93 0.8004888683474496
94 0.7892937111323258
95 0.7555743111707374
96 1.039465130272018
97 0.7080151996240642
98 0.8132494407776006
99 0.9693853484886934
