0 0.0003733133268580269
1 -9.308566835455924e-05
2 0.0004770906866109129
3 0.0006296804602921104
4 0.00011104252388588522
5 0.0
6 0.0005522962805970458
7 0.0
8 0.0006834045630689002
9 0.0004980046806269778
10 1.0642541590145544e-05
11 -0.0008004265976877903
12 -2.7949280439561536e-05
13 0.00037265640869549554
14 0.00017313351730393763
15 0.0001433967870119133
16 -3.184409086206052e-05
17 0.0
18 0.0
19 0.0
20 0.0
21 0.0023287503238111507
22 2.6368163228573672e-05
23 0.000723868977377045
24 0.0
25 0.0
26 -0.0012797887281692675
27 1.4790590250038149e-05
28 -0.0024231689793918114
29 -0.0028953056316822767
30 0.0008862108229026648
31 -0.0002119215509241901
32 0.0010154679789350985
33 0.002882584437667839
34 0.0
35 -8.584610182022074e-05
36 -0.002773574972525239
37 -0.0006089133062004542
38 0.0
39 0.0
40 0.0
41 0.001996932885165002
42 0.0
43 0.003492107437510589
44 5.922061810038354e-08
45 0.0
46 -0.0006553619106507303
47 0.0023113352370961685
48 0.0022637500335118133
49 -0.00033596873115197075
