0 0.00029662075097019547
1 0.0
2 0.00033799586638534086
3 -0.00022429291513197198
4 1.7441396830890808e-05
5 8.343074059046185e-05
6 0.00038188108404017454
7 -1.9384703411377345e-05
8 0.0
9 0.0010468229026852818
10 0.0
11 0.0012759310113766526
12 0.00013894708060566732
13 0.0015265658313677868
14 0.00029087381827544694
15 0.0028322218957655084
16 -0.0002759147615889555
17 0.0
18 8.535712887625631e-05
19 0.00033692304409053286
20 0.0
21 0.0014709616180693724
22 0.00048220260861445114
23 0.0002851975366778659
24 0.001271898451266662
25 0.00010353408304611885
26 0.0
27 0.0028267396447235913
28 0.0001662925216935152
29 -2.8278154675633757e-05
30 -0.0006009446901344623
31 0.0
32 0.0
33 5.390376963574894e-05
34 0.0
35 8.19959983085822e-05
36 0.0
37 0.00030315144823607097
38 0.0
39 0.0002777988448560282
40 0.0005210609448946863
41 0.003120719836706894
42 0.0
43 0.0
44 0.007031617000132392
45 0.00037247949227778743
46 0.0005179859424567906
47 0.0008704025925895784
48 -6.903958448727327e-05
49 -6.0027135643335146e-05
