0 0.0
1 0.0003953635408873697
2 0.0003354519684384887
3 0.0
4 0.0
5 0.0010671680450903605
6 0.0
7 0.0
8 -0.0028953056316822767
9 -0.0003960948789687013
10 -0.0003773493515601946
11 -0.0028953056316822767
12 0.0
13 0.0
14 0.0
15 -0.002807163866236806
16 -0.0013092939771013334
17 -0.0010351995673091954
18 -0.0002659080861213003
19 -0.0009742460353877594
20 -0.002565555740147829
21 0.0
22 0.0
23 0.0
24 -0.002473707601893693
25 0.0
26 0.0
27 -0.0024237876175902786
28 -0.0023398154764436184
29 0.0
30 0.0
31 -0.002942503779195249
32 -0.001722822990268469
33 0.0
34 0.0
35 0.0
36 0.0
37 0.0
38 -0.0009192513515038456
39 -8.876257422360945e-05
40 0.0
41 0.0
42 -0.0027862866409122944
43 -0.002730980864726007
44 0.0
45 -0.00021329353065766555
46 0.0
47 -0.001377726483923425
48 -0.0007035834967356304
49 -6.146699344389751e-05
