0 0.0003010818095462774
1 0.0
2 0.0006096121948618525
3 -4.853134492680013e-05
4 -2.223731452758158e-05
5 0.0
6 0.0005488397406896691
7 2.0129078595915498e-07
8 0.0
9 0.0004218542385189318
10 -1.0970976179684878e-05
11 0.0008955061609615987
12 -9.376570932324488e-05
13 0.0005491713453100106
14 -5.005433370514827e-05
15 0.0022409264641560585
16 -0.0002093362656332677
17 0.0002588777588850209
18 -0.00010161740938949301
19 0.0
20 0.00042728648458584
21 0.0
22 0.0
23 0.0006923963719832764
24 0.0010183578447357838
25 4.2775640641585255e-05
26 -0.0004635060771848615
27 0.0005272046170537378
28 0.0
29 0.00012066230310149573
30 0.0
31 0.0
32 0.0012356128701062966
33 3.063446915569651e-05
34 0.00020356552188393543
35 0.0
36 0.00018272397619092378
37 0.0
38 0.0
39 0.00010676451558638692
40 0.0
41 0.0
42 0.003000718380922499
43 0.0012374278923217071
44 0.00011583237672592594
45 0.0
46 0.0012706259347988592
47 -0.00023491779045318586
48 -0.00018598471647137297
49 -0.00033224666692835186
