0 0.0
1 0.00041857898336462146
2 0.0
3 0.0007085713588394534
4 0.0001394819562543788
5 -5.780708697229673e-05
6 0.00037890196583793845
7 -6.5028518193375586e-06
8 0.0009207689162537465
9 0.0
10 7.079258340672465e-05
11 0.0014751995651126647
12 3.9461430101878545e-05
13 0.0006774014141158513
14 0.0
15 0.0032294420308067564
16 0.0
17 0.0
18 0.0004558255168956039
19 0.0010694798289752371
20 0.0007986070103319021
21 0.0005679536915220577
22 0.0002591811173589708
23 9.482982591958203e-05
24 0.0
25 0.0012355696529732529
26 0.0007128908449979199
27 0.0
28 0.00020201915993960402
29 0.0
30 0.001458164571989631
31 0.0
32 0.0014579138103905003
33 0.0
34 0.0010386560020666097
35 -7.958439934456557e-05
36 0.0003347530769309156
37 -2.9007699599206083e-05
38 0.0001304919948266224
39 0.0
40 0.0002117357717661009
41 0.0
42 0.0002714777672152618
43 0.002281272403028079
44 0.0
45 1.7489835889969056e-05
46 0.0
47 0.002494259302328403
48 0.000600226413472289
49 0.00047891415173331514
