0 -0.0003159455292206183
1 -0.00014213368110231923
2 0.0
3 0.0
4 0.0
5 -0.0001728616560679768
6 -0.000679531563929537
7 -0.0005330308414761473
8 -0.00012734297475652876
9 -0.0006168536824083998
10 0.00011408080847723994
11 0.0
12 -0.0007384330804283476
13 0.0
14 -9.80259559122751e-05
15 0.0
16 -0.001343460931396488
17 0.0
18 -7.647041413399568e-05
19 0.00010808666279219704
20 -0.0007161138611463089
21 -6.932820510651047e-05
22 -0.0016010246501980852
23 -0.00025635742096969305
24 0.0005403155790894605
25 -9.021898961286347e-05
26 -0.0002108209196145885
27 0.0004328295028204816
28 -0.0012127433681750521
29 -0.001407044624797704
30 0.0010689422308641314
31 -0.0003772164168749207
32 0.00016550412411195682
33 -0.00022975144345215468
34 -0.0007650717483744079
35 -4.938841401132072e-05
36 -0.0006820301388588784
37 0.0
38 -4.43106666101481e-05
39 -0.0002327279643516537
40 -0.0008570768461977892
41 0.000458171544010568
42 -0.0007550187421914425
43 0.0
44 2.7630282971647136e-05
45 0.0002190396626506083
46 0.0006604753678453465
47 -0.0007858142298645496
48 0.0
49 0.00032912888671886254
