0 0.0
1 -0.00011738803070282144
2 0.0002022019571058871
3 -0.00024401521882245613
4 9.07976041278129e-05
5 0.0
6 5.322810638458658e-06
7 -0.0006142624010165076
8 -0.00016830841153197044
9 -0.0007901728279980709
10 0.0003991151440773859
11 0.0016453712562141084
12 -0.0002850881902894779
13 0.00032435691183760166
14 0.0005466770553609957
15 0.0
16 -0.0008339563917561825
17 0.0
18 0.0
19 0.0009267557677678536
20 0.0
21 -0.0006108853238737641
22 -0.0012279883332533665
23 0.0
24 0.0
25 0.0
26 -0.00023708996968289768
27 0.0011417139380991827
28 0.0
29 0.0
30 -0.0006144339035424292
31 0.0
32 0.00036308304587327983
33 0.0
34 0.0005314285850849151
35 -0.0007870395890759108
36 0.0003804683807772644
37 0.0007774668011969331
38 -0.0008143999700688227
39 0.0009931663315930447
40 0.0
41 -0.0001751293826057947
42 0.0
43 0.0
44 0.001273834081152015
45 0.0
46 -0.0005202030924196873
47 -0.0006704364268258104
48 -0.001145274202380914
49 0.0005834399323885127
50 0.0009953039596078868
51 0.0010495884127794462
52 -0.0004366300266381827
53 0.0
54 0.0
55 0.0
56 0.0
57 0.0
58 0.0
59 0.0
60 0.0
61 -0.00042699802822936827
62 0.0
63 -0.00025648078298281683
64 0.0
65 -0.0014735577269260082
66 -0.00027335337635355075
67 9.776402117616807e-06
68 -0.0010281974478208945
69 -8.490658399657614e-05
70 0.0011954574956754777
71 6.298423930479701e-05
72 0.0
73 -0.00022995246225626857
74 0.0004796546273881766
75 0.0006237837734099823
76 0.0009728771833599596
77 0.0
78 0.0011299218981326688
79 -0.00048501258063135864
80 0.0
81 0.0011018156339541935
82 -0.0008129665658490628
83 -0.0008814968745478921
84 -0.0008669219628240828
85 -0.00033148188215712855
86 0.0006765388418996511
87 0.0008642893526668603
88 0.0
89 -0.0007639177179975837
90 0.0
91 -0.0010352743918988533
92 -0.000664762718950664
93 -0.0010755425736804103
94 0.0
95 0.0
96 0.0009396185711905087
97 0.0013651286874533418
98 0.0
99 -0.0005166434277441774
