0 0.0
1 0.0005641707501985152
2 0.0
3 -0.00017331476488596757
4 0.0
5 0.0005443770550358871
6 0.0
7 0.0
8 0.0008853265409510773
9 0.0
10 0.0010149120518647434
11 0.0015917263805085124
12 0.0006801507077850711
13 6.755475106207429e-05
14 0.0
15 0.001984200579645693
16 0.002422374145312493
17 0.0007036162209089298
18 -0.00031191769739912867
19 0.000370973920366685
20 -0.0006891007369008755
21 0.0020873233388979074
22 0.0026777031343062957
23 0.0020009311700489338
24 0.0
25 -0.0001527272216892749
26 -0.000335963766087793
27 0.0014112457738128293
28 0.0011614114674058582
29 0.00021691984774787246
30 -0.0006877769590630623
31 0.0014568850442555176
32 -8.698011759942047e-06
33 0.0
34 0.0
35 -0.0008886612846179865
36 6.485262106660073e-06
37 0.00033565709219423565
38 0.0
39 0.0
40 0.0
41 0.0
42 0.002656185242834039
43 -0.0001451836535985538
44 0.0
45 -0.0005160221423730677
46 -0.0004961813111847214
47 0.0012501107723379829
48 -0.0001548775441017622
49 0.0
50 -0.0008169370581424505
51 0.00029843143407943574
52 0.0
53 0.001466040635307695
54 0.0
55 0.0008141004009287583
56 0.0014637542114355254
57 0.0
58 -0.000686991722129494
59 -7.614270682633018e-05
60 0.0009497200148269366
61 0.001312860263328727
62 -0.0002041597697642952
63 -0.00091786436633854
64 0.0008750105616663212
65 0.0014380615295818012
66 0.0008408508575338038
67 0.0013637531465561644
68 0.0
69 0.001775675827215463
70 0.0
71 0.0
72 0.00030867945227314636
73 -0.0009783368622313393
74 0.00047452196791661187
75 0.0
76 0.000427077748612381
77 0.0018903433851601452
78 -0.001138036570444942
79 -1.1394342203852006e-05
80 0.0
81 0.0007326206408826876
82 0.0
83 -0.00021919593617312065
84 0.0
85 0.001451859828949088
86 0.0007668400031124073
87 0.0
88 -0.0007416434554147417
89 -7.294386465570287e-05
90 0.001184762479353913
91 0.0006443485468250172
92 0.0023746191557973383
93 0.0012317061256496178
94 -0.0006299613856922128
95 -0.000781070514596717
96 -0.00032929124711136024
97 0.0016073413458147885
98 -0.0002688514607071258
99 0.00041636997584871996
