0 -0.001643930480917976
1 -0.0007359044508700405
2 0.0
3 -9.301006944054377e-05
4 -0.0005851465813159697
5 -0.0015362857670207133
6 0.0
7 -0.00040650375032286965
8 -0.00036128525119751795
9 -0.0008567898278091067
10 0.0
11 -0.0017680440083286122
12 -0.000821094087693078
13 0.0
14 -0.001495275146494545
15 -0.000659428320023644
16 -0.0002969703597813304
17 -0.0010118964868601494
18 -0.0006236400695221718
19 -0.0007225279188449313
20 0.0
21 0.0
22 -0.0004592035311837898
23 -0.00011987605391009602
24 -0.0008271783572497373
25 -0.0008347065694431651
26 0.0
27 -0.0006966388562562798
28 -0.0003880094037110722
29 -0.0008788126365643033
30 -0.0006890078607991381
31 -0.00025579991705474586
32 -0.0006872026958630095
33 0.0
34 0.0
35 0.0
36 0.0
37 0.0
38 -0.0006200654542394618
39 -0.0012686639798819295
40 0.0
41 -0.0013669703348729123
42 0.0
43 0.0009056360842664017
44 0.0
45 -0.0011080357874680374
46 -0.0004936480619941213
47 0.0
48 -0.0009997651101311526
49 0.0
