0 0.0
1 0.0
2 0.0
3 -0.0028445964165158227
4 0.0
5 0.0
6 -0.001764673368567208
7 -0.0014126046308908936
8 -0.001583697819386157
9 -0.0007208900662997174
10 0.0
11 -0.0014906737874983344
12 -0.0007623761744609881
13 -0.0018129920755924549
14 -0.0008703380324449799
15 -0.0013164884053419867
16 -0.002034162002201387
17 0.0
18 0.0
19 0.0
20 -0.0007845584712491007
21 -0.0018414546718967845
22 -0.0016074017312809434
23 -0.00012202402594653281
24 0.0
25 0.0
26 0.0
27 -0.002384858030998854
28 -0.001561624561900369
29 0.0
30 0.0
31 0.0005060341372740844
32 0.0
33 9.986137758771196e-05
34 -0.0017639747376180543
35 -0.00043633084264992696
36 -0.002278401066308952
37 0.0
38 -0.0022350231667122283
39 -0.0018595421878598297
40 0.00021627452665401076
41 0.0
42 -0.0014598651496063155
43 -0.0003964720062353876
44 -0.0010604177874487363
45 -0.0028102465991645172
46 -0.0006266841004740334
47 -2.0495863774817232e-05
48 -0.004104511195651173
49 0.0015041007176969446
50 0.0
