0 1.0
1 1.0485924971586342
2 1.098760537152257
3 1.098760537152257
4 1.0216168168949036
5 1.028524186962299
6 1.028524186962299
7 1.037394250611446
8 1.028524186962299
9 1.042363826008022
10 1.042363826008022
11 1.0506551485654718
12 1.093045217696407
13 1.0590527151926121
14 1.1062441128565383
15 1.1527849930854708
16 1.1527849930854708
17 1.1627739852994923
18 1.1627739852994923
19 1.1627739852994923
20 1.1627739852994923
21 1.1732081131467988
22 1.1732081131467988
23 1.1838889822100724
24 1.2058491338917627
25 1.2058491338917627
26 1.2183119743218274
27 1.2183119743218274
28 1.2601835246512032
29 1.2601835246512032
30 1.267298571307664
31 1.2601835246512032
32 1.2601835246512032
33 1.2643844192013525
34 1.2643844192013525
35 1.2811575782771207
36 1.3025087203935724
37 1.3586595128053154
38 1.3586595128053154
39 1.3586595128053154
40 1.3736867658217982
41 1.3736867658217982
42 1.3736867658217982
43 1.3804703238118465
44 1.3804703238118465
45 1.3804703238118465
46 1.3804703238118465
47 1.3804703238118465
48 1.3916976278225233
49 1.4196193379284276
50 1.4196193379284276
51 1.4239572882004932
52 1.4428580683821324
53 1.450667380317729
54 1.450667380317729
55 1.4523195714982795
56 1.4523195714982795
57 1.4616734123408728
58 1.4616734123408728
59 1.4616734123408728
60 1.4616734123408728
61 1.4693756097614108
62 1.498163291013057
63 1.498163291013057
64 1.5111684804049634
65 1.5111684804049634
66 1.5150971989414148
67 1.5150971989414148
68 1.5150971989414148
69 1.5204343267898335
70 1.5204343267898335
71 1.5288366608183166
72 1.5288366608183166
73 1.536129065316882
74 1.5288366608183166
75 1.5550988052000727
76 1.5550988052000727
77 1.564524697520565
78 1.600485788708095
79 1.600485788708095
80 1.6114303273053252
81 1.583901237492596
82 1.583901237492596
83 1.583901237492596
84 1.583901237492596
85 1.583901237492596
86 1.6114417215587287
87 1.583901237492596
88 1.5919021686240735
89 1.5933405976195367
90 1.5933405976195367
91 1.5933405976195367
92 1.5933405976195367
93 1.5933405976195367
94 1.598622613261431
95 1.6065876155621992
96 1.654036154587558
97 1.654036154587558
98 1.6065876155621992
99 1.6235086963693892
100 1.626372145184517
101 1.626372145184517
102 1.6631522932992753
103 1.6631522932992753
104 1.6799667984961053
105 1.6649460434637429
106 1.6649460434637429
107 1.6767856587681018
108 1.7247684124386997
109 1.7721473393127667
110 1.7721473393127667
111 1.725219346601995
112 1.7275205585961961
113 1.7503739951167059
114 1.7368807185785433
115 1.7862111563713425
116 1.7862111563713425
117 1.7474319379446317
118 1.7474319379446317
119 1.7488393602238586
120 1.8046588955884588
121 1.8113736145531811
122 1.8113736145531811
123 1.8187720187848921
124 1.8187720187848921
125 1.8187993266729228
126 1.8606833643911431
127 1.8606833643911431
128 1.8606833643911431
129 1.8680230487108624
130 1.8802608940611643
131 1.8802608940611643
132 1.8802608940611643
133 1.8888770321500405
134 1.8888770321500405
135 1.8929049224262742
136 1.8929049224262742
137 1.9376765900079145
138 1.9376765900079145
139 1.894650473709378
140 1.894650473709378
141 1.9082600266806153
142 1.9373667884274732
143 1.9210012641816347
144 1.9210012641816347
145 1.9210012641816347
146 1.9341830108893368
147 1.9343340160807274
148 1.9407316433574475
149 1.949262904179491
150 1.949262904179491
151 1.949262904179491
152 1.9961956810699313
153 1.9653386938244335
154 1.9653386938244335
155 1.9771041829132652
156 1.9713579467815574
157 1.9713579467815574
158 1.9713579467815574
159 1.9713579467815574
160 1.9713579467815574
161 1.9713579467815574
162 1.9713579467815574
163 1.9713579467815574
164 1.9713579467815574
165 1.9887370000907858
166 1.9887370000907858
167 1.9887370000907858
168 2.0040227089603366
169 2.007099490591083
170 2.007099490591083
171 2.0071077891295586
172 2.0263806283517836
173 2.0263806283517836
174 2.0263806283517836
175 2.0263806283517836
176 2.0484789827766403
177 2.0484789827766403
178 2.080361121889684
179 2.108940168352654
180 2.108940168352654
181 2.0828731601663506
182 2.0828731601663506
183 2.1139269900317292
184 2.094487548128761
185 2.1012781596625296
186 2.1012781596625296
187 2.1059107120058655
188 2.1059107120058655
189 2.1059107120058655
190 2.114129617632108
191 2.143015240494107
192 2.143015240494107
193 2.143015240494107
194 2.143015240494107
195 2.1685665051525893
196 2.2202073203711405
197 2.2202073203711405
198 2.1629203646709865
199 2.174976440706524
200 2.218733379322389
201 2.201025958189438
202 2.201025958189438
203 2.2123222341653803
204 2.24128916873178
205 2.24128916873178
206 2.24128916873178
207 2.24128916873178
208 2.2414208618040354
209 2.2611323756291153
210 2.2611323756291153
211 2.2621873700039283
212 2.2621873700039283
213 2.2621873700039283
214 2.287494441113278
215 2.287494441113278
216 2.2904784259961097
217 2.301431131113541
218 2.301431131113541
219 2.3033785383093557
220 2.313694131205088
221 2.313694131205088
222 2.3578889167624313
223 2.322166865077803
224 2.3581637838701117
225 2.3581637838701117
226 2.3258963072987306
227 2.330185143199873
228 2.330185143199873
229 2.3528129308913304
230 2.3528129308913304
231 2.330185143199873
232 2.3378975511742914
233 2.335308967503201
234 2.335308967503201
235 2.335308967503201
236 2.3360605882127237
237 2.3380224308504385
238 2.3380224308504385
239 2.3392877226940936
240 2.3392877226940936
241 2.359898143986536
242 2.3456982097576726
243 2.3456982097576726
244 2.359861554031369
245 2.359861554031369
246 2.359861554031369
247 2.359861554031369
248 2.362156996488883
249 2.3927093520851885
250 2.3927093520851885
251 2.377747731631377
252 2.38751044542368
253 2.3919683112584043
254 2.38751044542368
255 2.38751044542368
256 2.38751044542368
257 2.401780915957295
258 2.403133756120084
259 2.4079002740696267
260 2.410271013397908
261 2.4179540356977522
262 2.410271013397908
263 2.410271013397908
264 2.4379388133082966
265 2.414507088667498
266 2.419634494703805
267 2.4518498881170925
268 2.4518498881170925
269 2.4203909503505594
270 2.4242081480510596
271 2.4242081480510596
272 2.4320701616907834
273 2.4321992484035393
274 2.4321992484035393
275 2.4377817203629624
276 2.4521205045555434
277 2.4521205045555434
278 2.4534217217814813
279 2.4534217217814813
280 2.4537366202406066
281 2.4537366202406066
282 2.4537366202406066
283 2.47623344531326
284 2.47623344531326
285 2.47623344531326
286 2.47623344531326
287 2.4778268307287448
288 2.5133671012891985
289 2.5502458431754373
290 2.5502458431754373
291 2.5502458431754373
292 2.5503232948807812
293 2.587386850058769
294 2.587386850058769
295 2.5995028570650804
296 2.593354223582258
297 2.5878426629343663
298 2.5878426629343663
299 2.587843012169043
300 2.587843012169043
301 2.587843012169043
302 2.5885257176961236
303 2.632663893311453
304 2.632663893311453
305 2.632663893311453
306 2.632663893311453
307 2.63403153978546
308 2.63403153978546
309 2.6655610826088325
310 2.6655610826088325
311 2.690145508253925
312 2.6928942999613708
313 2.6928942999613708
314 2.6928942999613708
315 2.7076882217751432
316 2.7076882217751432
317 2.711341816806573
318 2.733688617652212
319 2.733688617652212
320 2.7077100129170457
321 2.7077100129170457
322 2.7123292919640734
323 2.7123292919640734
324 2.7123292919640734
325 2.750979452527153
326 2.7924885956825136
327 2.7924885956825136
328 2.7509891594743565
329 2.793551873865104
330 2.793551873865104
331 2.7738896519466505
332 2.7738896519466505
333 2.780621631697294
334 2.8035353545889143
335 2.805498929489735
336 2.805498929489735
337 2.8055022949091053
338 2.8055022949091053
339 2.8055022949091053
340 2.8162103153356326
341 2.824523527415714
342 2.8569829624857803
343 2.884403478043969
344 2.8607711594329577
345 2.860904055879653
346 2.8648603117840805
347 2.8648603117840805
348 2.860904055879653
349 2.869855143222439
350 2.9023155443330477
351 2.9023155443330477
352 2.871217028074191
353 2.871217028074191
354 2.871217028074191
355 2.871217028074191
356 2.8712187290511335
357 2.8712187290511335
358 2.8712187290511335
359 2.8712187290511335
360 2.9011423541493784
361 2.8842271854040793
362 2.8842271854040793
363 2.8842271854040793
364 2.8842271854040793
365 2.8842271854040793
366 2.8842271854040793
367 2.8842271854040793
368 2.896144762595422
369 2.896144762595422
370 2.896144762595422
371 2.896144762595422
372 2.896144762595422
373 2.896144762595422
374 2.8974825289772634
375 2.8974825289772634
376 2.9000583139035965
377 2.900179659640303
378 2.900179659640303
379 2.904072515078146
380 2.90409535997769
381 2.93318030716311
382 2.93318030716311
383 2.9094422841128647
384 2.9443488506453295
385 2.9443488506453295
386 2.9443488506453295
387 2.972345869922756
388 2.961456007579768
389 2.961456007579768
390 2.961456007579768
391 2.961456007579768
392 2.961456007579768
393 2.972299642026969
394 2.972299642026969
395 2.972299642026969
396 3.002133431027894
397 2.981285738884828
398 2.9854172492988504
399 2.9854172492988504
400 2.9854172492988504
401 3.0000784708409443
402 3.0000784708409443
403 3.0000784708409443
404 3.0000784708409443
405 3.0454034837377764
406 3.0454034837377764
407 3.0454034837377764
408 3.065625623934648
409 3.0487727506919358
410 3.068120963191203
411 3.068120963191203
412 3.098847278525086
413 3.0685094726933575
414 3.0914568157011493
415 3.0914568157011493
416 3.0924594298064347
417 3.096757562865035
418 3.0924594298064347
419 3.0924594298064347
420 3.0924594298064347
421 3.0924594298064347
422 3.1433909640233657
423 3.165806665425845
424 3.108595256564632
425 3.108595256564632
426 3.140996697733923
427 3.140996697733923
428 3.1446319677067085
429 3.1429331743294644
430 3.1429331743294644
431 3.1431026800758115
432 3.1431026800758115
433 3.156495400535762
434 3.1431026800758115
435 3.146805055328208
436 3.143182466863829
437 3.1500044667372644
438 3.1548628547407276
439 3.1548628547407276
440 3.1548628547407276
441 3.1571299951317706
442 3.1571299951317706
443 3.1571299951317706
444 3.177673218435154
445 3.1810314238589115
446 3.1810314238589115
447 3.2196853873534725
448 3.2196853873534725
449 3.2196853873534725
450 3.2196853873534725
451 3.2196853873534725
452 3.2295414439606898
453 3.2295414439606898
454 3.235242244849641
455 3.235242244849641
456 3.235116906247495
457 3.235116906247495
458 3.246547470625921
459 3.246547470625921
460 3.252206481239474
461 3.252206481239474
462 3.252206481239474
463 3.252206481239474
464 3.261251569440453
465 3.261251569440453
466 3.2535230818695604
467 3.2535230818695604
468 3.2535230818695604
469 3.2535230818695604
470 3.2535230818695604
471 3.254073161929385
472 3.255238166590551
473 3.2601794748969946
474 3.2601794748969946
475 3.2601794748969946
476 3.2612448567708094
477 3.268989052397442
478 3.262117640220155
479 3.262117640220155
480 3.2660087109454103
481 3.2660087109454103
482 3.2660087109454103
483 3.2660087109454103
484 3.2692644710830367
485 3.2692644710830367
486 3.284606368029679
487 3.284733520401748
488 3.2851662649028923
489 3.2851662649028923
490 3.290985583379687
491 3.290985583379687
492 3.290985583379687
493 3.290985583379687
494 3.321138282507334
495 3.3543104498703453
496 3.3543104498703453
497 3.2912254291787986
498 3.2912254291787986
499 3.2912254291787986
