0 1.0
1 1.0
2 1.0
3 1.0
4 1.0
5 1.0061481215535883
6 1.0061481215535883
7 1.0061481215535883
8 1.014540680687271
9 1.014540680687271
10 1.021433295698915
11 1.021433295698915
12 1.0291673212191164
13 1.0291673212191164
14 1.0291673212191164
15 1.0464993571533723
16 1.0927657457076345
17 1.1350095292028053
18 1.1816647592080782
19 1.1816647592080782
20 1.1853630730499172
21 1.1931624661169944
22 1.2026034503965821
23 1.2026034503965821
24 1.1931624661169944
25 1.1931624661169944
26 1.198551871658105
27 1.2092402798131892
28 1.2092402798131892
29 1.2514272381574056
30 1.3028139508387846
31 1.3443067291480701
32 1.3443067291480701
33 1.3561848950422866
34 1.4030838697504016
35 1.4030838697504016
36 1.4109675616368693
37 1.4177149040278965
38 1.4260392082190492
39 1.4260392082190492
40 1.4208426800940828
41 1.4267865093892478
42 1.4267865093892478
43 1.4267865093892478
44 1.4476833606087551
45 1.4476833606087551
46 1.4423553796425521
47 1.4518417687624325
48 1.460186643416421
49 1.467208904403072
50 1.5256269457203173
51 1.5829869956561564
52 1.5829869956561564
53 1.506901590693081
54 1.5191360426910325
55 1.5191360426910325
56 1.5232768891464084
57 1.5232768891464084
58 1.557621742830462
59 1.557621742830462
60 1.557621742830462
61 1.557621742830462
62 1.557621742830462
63 1.565137883198651
64 1.565137883198651
65 1.570075560831182
66 1.570075560831182
67 1.575988049493691
68 1.575988049493691
69 1.58004791860478
70 1.58004791860478
71 1.58004791860478
72 1.6286960142217395
73 1.6716545023126488
74 1.6716545023126488
75 1.6730483452441016
76 1.6801821378306232
77 1.6801821378306232
78 1.6851495196223267
79 1.6921210570353973
80 1.6921210570353973
81 1.6968244665326957
82 1.7452123476791002
83 1.8009309171347798
84 1.8404302990322272
85 1.8404302990322272
86 1.8009309171347798
87 1.8040691126001749
88 1.8125388941295781
89 1.8263930061178373
90 1.8263930061178373
91 1.8293952632187287
92 1.8263930061178373
93 1.8666403101168543
94 1.8666403101168543
95 1.8337503382542992
96 1.8337503382542992
97 1.8428683959224899
98 1.8819596021375098
99 1.8819596021375098
100 1.8501253977617744
101 1.8618534692020268
102 1.8618534692020268
103 1.8618534692020268
104 1.8618534692020268
105 1.9023905194057409
106 1.939246387709342
107 1.9830459596023324
108 1.9830459596023324
109 1.9150170565848186
110 1.9184629354639238
111 1.9184629354639238
112 1.9313196785273141
113 1.9342568074825606
114 1.9472966697747407
115 1.9472966697747407
116 1.9528029247611614
117 1.9563489689009765
118 1.9642425253134923
119 1.9934413476798962
120 1.9934413476798962
121 1.9764891842460957
122 1.9764891842460957
123 1.978135922627262
124 1.978135922627262
125 1.9881720922410036
126 1.9881720922410036
127 1.9881720922410036
128 1.9881720922410036
129 2.037590912304117
130 2.037590912304117
131 1.9976430975347554
132 1.9976430975347554
133 2.0037199229976355
134 2.0037199229976355
135 2.0105747802285543
136 2.016056055690875
137 2.031021447868497
138 2.031021447868497
139 2.031021447868497
140 2.0365217129965782
141 2.046749048562498
142 2.046749048562498
143 2.0493888287347737
144 2.0832277485689534
145 2.124831397941487
146 2.124831397941487
147 2.0953464581902987
148 2.140220348173015
149 2.140220348173015
150 2.096959890501078
151 2.096959890501078
152 2.096959890501078
153 2.096959890501078
154 2.096959890501078
155 2.1168084717556406
156 2.1168084717556406
157 2.1138087966146366
158 2.1138087966146366
159 2.131102121089075
160 2.131102121089075
161 2.131102121089075
162 2.131102121089075
163 2.131102121089075
164 2.131102121089075
165 2.1367355456096617
166 2.1367355456096617
167 2.1411350886597633
168 2.1466592560668776
169 2.1466592560668776
170 2.1466592560668776
171 2.18121208781618
172 2.18121208781618
173 2.212179303273593
174 2.246560833698213
175 2.246560833698213
176 2.194201660824861
177 2.2023138675300395
178 2.2023138675300395
179 2.2023138675300395
180 2.204857548373159
181 2.2073934568550966
182 2.2096970177707487
183 2.209739361331122
184 2.213993074908425
185 2.239211989252783
186 2.2752081529107837
187 2.2752081529107837
188 2.2752081529107837
189 2.2752081529107837
190 2.2792794719480676
191 2.283873252710357
192 2.2839573414038545
193 2.28490458626642
194 2.312938676871346
195 2.312938676871346
196 2.3177559984003446
197 2.325265137909481
198 2.3456064202084734
199 2.3456064202084734
200 2.3547158471400196
201 2.3940743666937268
202 2.3940743666937268
203 2.367054771482677
204 2.3670619081958915
205 2.402000129724518
206 2.402000129724518
207 2.3670619081958915
208 2.368234731809063
209 2.3735959988186726
210 2.398164709902363
211 2.398164709902363
212 2.385795998924756
213 2.385795998924756
214 2.386484989150903
215 2.386484989150903
216 2.3922209041527664
217 2.396759028501671
218 2.4282530747262543
219 2.4282530747262543
220 2.401116758848345
221 2.401533061598833
222 2.401533061598833
223 2.401533061598833
224 2.401533061598833
225 2.401533061598833
226 2.401533061598833
227 2.401533061598833
228 2.401533061598833
229 2.401533061598833
230 2.401533061598833
231 2.413442395749598
232 2.4510490702468744
233 2.4510490702468744
234 2.452169253102061
235 2.452169253102061
236 2.460194867738796
237 2.4760260427967893
238 2.4760260427967893
239 2.4760260427967893
240 2.4760260427967893
241 2.4906235001997654
242 2.4906235001997654
243 2.4954984493031365
244 2.525987056629599
245 2.5564022038486787
246 2.5564022038486787
247 2.5717871221840256
248 2.5914320837103197
249 2.5914320837103197
250 2.599824353896096
251 2.599824353896096
252 2.6011505832113433
253 2.603640973573584
254 2.603640973573584
255 2.603640973573584
256 2.603640973573584
257 2.603640973573584
258 2.6055129278933564
259 2.6055339666192605
260 2.650365187392165
261 2.690671211100201
262 2.690671211100201
263 2.690671211100201
264 2.690671211100201
265 2.690671211100201
266 2.690671211100201
267 2.690671211100201
268 2.694705554207216
269 2.7381114753536435
270 2.7381114753536435
271 2.7529303942931573
272 2.8007279259178106
273 2.8007279259178106
274 2.761293012856037
275 2.8011525636599854
276 2.8011525636599854
277 2.8370221069814376
278 2.8370221069814376
279 2.820943844623982
280 2.820943844623982
281 2.834399770419165
282 2.8685591219082287
283 2.8685591219082287
284 2.842739177714596
285 2.852817978114603
286 2.8623530818043488
287 2.8989286826164617
288 2.8989286826164617
289 2.8989286826164617
290 2.934141698024128
291 2.934141698024128
292 2.927726115236263
293 2.927726115236263
294 2.907325031969521
295 2.907325031969521
296 2.9082336343740063
297 2.9082336343740063
298 2.9215737830850776
299 2.963808180965286
300 2.963808180965286
301 2.96764832559923
302 2.998817443082203
303 2.998817443082203
304 2.96764832559923
305 2.9701395121595118
306 2.9940420256877522
307 2.9940420256877522
308 2.9749524835148144
309 2.9761692439858
310 2.9773612520415846
311 2.9773612520415846
312 2.980479589370929
313 2.980479589370929
314 2.98234575744604
315 2.98234575744604
316 3.0147033469032247
317 3.052516432024784
318 3.052516432024784
319 3.061406178129709
320 3.061406178129709
321 3.098035163540914
322 3.098035163540914
323 3.099365711511577
324 3.1102149282324953
325 3.1468907149462484
326 3.1468907149462484
327 3.1116138732533924
328 3.1116138732533924
329 3.1116138732533924
330 3.134919000462978
331 3.134919000462978
332 3.1186399495610266
333 3.1186399495610266
334 3.1275047183769042
335 3.1275047183769042
336 3.1358557845980286
337 3.1358557845980286
338 3.1485709773564077
339 3.1485709773564077
340 3.157800597529749
341 3.1817796513378833
342 3.1817796513378833
343 3.2002473901513904
344 3.2002473901513904
345 3.2119843439014777
346 3.2119843439014777
347 3.216294299897045
348 3.249238450449871
349 3.249238450449871
350 3.252404019983613
351 3.252404019983613
352 3.2545681378803697
353 3.2545681378803697
354 3.2545681378803697
355 3.263995857542348
356 3.263995857542348
357 3.263995857542348
358 3.2887048597238566
359 3.2887048597238566
360 3.270542118440776
361 3.274219571741692
362 3.274219571741692
363 3.274219571741692
364 3.274219571741692
365 3.274219571741692
366 3.315024602074553
367 3.315024602074553
368 3.286200473721349
369 3.286200473721349
370 3.286200473721349
371 3.293301541982848
372 3.302883995621957
373 3.302883995621957
374 3.3142881178314423
375 3.3150808191703303
376 3.3150808191703303
377 3.3150808191703303
378 3.3287599523444342
379 3.380145071672836
380 3.380145071672836
381 3.3400343382512663
382 3.3400343382512663
383 3.3553843185470966
384 3.3665739863619115
385 3.3665739863619115
386 3.3665739863619115
387 3.3683945665231474
388 3.3683945665231474
389 3.3730212831203845
390 3.4073099878722233
391 3.448823855502847
392 3.448823855502847
393 3.4043397878614132
394 3.4043397878614132
395 3.4066753666506124
396 3.4066753666506124
397 3.417078077607736
398 3.4208538473207093
399 3.4208538473207093
400 3.4208538473207093
401 3.4208538473207093
402 3.444039025404343
403 3.444039025404343
404 3.5034721433301117
405 3.5034721433301117
406 3.508082040429325
407 3.5356774933598842
408 3.5356774933598842
409 3.509762400887166
410 3.509762400887166
411 3.5113103187143984
412 3.5201657640743096
413 3.5201657640743096
414 3.521108883826705
415 3.521108883826705
416 3.538155184948677
417 3.538155184948677
418 3.538155184948677
419 3.5438452423316367
420 3.5438452423316367
421 3.5485404699616576
422 3.5485404699616576
423 3.5485404699616576
424 3.5487422383857328
425 3.5556698238473143
426 3.5556698238473143
427 3.5556698238473143
428 3.5556698238473143
429 3.5556698238473143
430 3.565467939911545
431 3.589273329884312
432 3.589273329884312
433 3.5996897860513544
434 3.5996897860513544
435 3.598482611350488
436 3.596055110565913
437 3.5964685877833866
438 3.6003130997252923
439 3.631891726596656
440 3.631891726596656
441 3.6048607625688693
442 3.6048607625688693
443 3.639593303175301
444 3.639593303175301
445 3.609903819143745
446 3.609903819143745
447 3.6127738883038867
448 3.6163437443999467
449 3.6163437443999467
450 3.6163437443999467
451 3.6163437443999467
452 3.6163437443999467
453 3.6163437443999467
454 3.6570255170848234
455 3.7009849655448974
456 3.7009849655448974
457 3.7009849655448974
458 3.742181137097162
459 3.742181137097162
460 3.7426742592432234
461 3.7523413875979768
462 3.7574065279140134
463 3.7700764354722334
464 3.7700764354722334
465 3.7700764354722334
466 3.8081761008606083
467 3.8081761008606083
468 3.78039004793822
469 3.8014300511514514
470 3.8014300511514514
471 3.8019653768378396
472 3.8066155908773807
473 3.8163307881388806
474 3.8163307881388806
475 3.8081827299173256
476 3.823742864368136
477 3.8239304014887825
478 3.8239304014887825
479 3.8239304014887825
480 3.8611357635889663
481 3.90315002716364
482 3.90315002716364
483 3.90315002716364
484 3.90315002716364
485 3.946845549713836
486 3.946845549713836
487 3.9273808956182137
488 3.9273808956182137
489 3.9316257449426457
490 3.936447339362684
491 3.936447339362684
492 3.936447339362684
493 3.936447339362684
494 3.9394108273790716
495 3.9394108273790716
496 3.9515574395481967
497 3.9532806145158723
498 3.9635709543760216
499 3.98735903217066
