0 1.0
1 1.0
2 1.0073361937215584
3 1.0073361937215584
4 1.021368875961661
5 1.0191583517858684
6 1.0142653677496647
7 1.0142653677496647
8 1.0203931713849164
9 1.0278176193749076
10 1.0278176193749076
11 1.0278176193749076
12 1.0346420068509952
13 1.0346420068509952
14 1.0411366757664744
15 1.0411366757664744
16 1.0411366757664744
17 1.0771452543699354
18 1.0411366757664744
19 1.0411366757664744
20 1.0411366757664744
21 1.0882102769512876
22 1.0411366757664744
23 1.0496025104069526
24 1.0496025104069526
25 1.06457074996419
26 1.0496025104069526
27 1.0496025104069526
28 1.0496025104069526
29 1.0572546373372356
30 1.0572546373372356
31 1.0572546373372356
32 1.0572546373372356
33 1.0572546373372356
34 1.0572546373372356
35 1.1043957902577317
36 1.0572546373372356
37 1.0572546373372356
38 1.0680740023161965
39 1.0572546373372356
40 1.067550536178892
41 1.067550536178892
42 1.067550536178892
43 1.0724013303951534
44 1.0724013303951534
45 1.0724013303951534
46 1.0724013303951534
47 1.0788746668078297
48 1.0875695507033547
49 1.0875695507033547
50 1.095472001323323
51 1.0938100631973704
52 1.0938100631973704
53 1.0938100631973704
54 1.0938100631973704
55 1.0938100631973704
56 1.0938100631973704
57 1.1089738842649872
58 1.1141522286872496
59 1.1089738842649872
60 1.165729045403974
61 1.1771096104726866
62 1.165729045403974
63 1.165729045403974
64 1.165729045403974
65 1.165729045403974
66 1.165729045403974
67 1.165729045403974
68 1.165729045403974
69 1.1693094218805358
70 1.2046781750099271
71 1.2046781750099271
72 1.2136190996342142
73 1.2201086468177502
74 1.2136190996342142
75 1.2153949031583497
76 1.2153949031583497
77 1.2225830486134415
78 1.2189473545370664
79 1.2543392488820697
80 1.2543392488820697
81 1.2583143472672493
82 1.2583143472672493
83 1.2758714506724598
84 1.2583143472672493
85 1.2583143472672493
86 1.2583143472672493
87 1.2681284887365476
88 1.271445910764881
89 1.2752843299729284
90 1.3274281738197744
91 1.3502156804632899
92 1.2752843299729284
93 1.2752843299729284
94 1.2847829888133018
95 1.2853690605559573
96 1.313668383181632
97 1.30771133395021
98 1.2853690605559573
99 1.2853690605559573
100 1.3118978680375957
101 1.2853690605559573
102 1.2853690605559573
103 1.2853690605559573
104 1.2853690605559573
105 1.2853690605559573
106 1.2853690605559573
107 1.2853690605559573
108 1.312484592440703
109 1.2945717959022633
110 1.2991965295616292
111 1.3101019064822343
112 1.3480063422389905
113 1.3272847173224465
114 1.3272847173224465
115 1.3272847173224465
116 1.332718473320329
117 1.3352493697897743
118 1.3675846179100235
119 1.3675846179100235
120 1.3675846179100235
121 1.3675846179100235
122 1.3675846179100235
123 1.3678906531707964
124 1.3737164592746496
125 1.3806361089785588
126 1.387202035882591
127 1.3901551250250515
128 1.3901551250250515
129 1.3958853553261577
130 1.398368775228941
131 1.406286034976727
132 1.4082788821720968
133 1.4082788821720968
134 1.411519459807579
135 1.4190734410622539
136 1.4190734410622539
137 1.4190734410622539
138 1.4222040165214005
139 1.426626931527764
140 1.4400942759028763
141 1.452637527203797
142 1.441294022608178
143 1.4643040255634714
144 1.4643040255634714
145 1.4873065958606915
146 1.4873065958606915
147 1.4937744280590588
148 1.5018359634486351
149 1.5018359634486351
150 1.5018359634486351
151 1.5018359634486351
152 1.503271296329189
153 1.503271296329189
154 1.503271296329189
155 1.503271296329189
156 1.503271296329189
157 1.503271296329189
158 1.503271296329189
159 1.5071165574175145
160 1.503271296329189
161 1.503271296329189
162 1.503271296329189
163 1.503271296329189
164 1.503271296329189
165 1.503271296329189
166 1.503271296329189
167 1.503271296329189
168 1.5090058920816638
169 1.5172872042454153
170 1.5320809762729677
171 1.5320809762729677
172 1.5320809762729677
173 1.5320809762729677
174 1.5363151678300753
175 1.5363151678300753
176 1.5363151678300753
177 1.5468301871506789
178 1.5468301871506789
179 1.5468301871506789
180 1.5468301871506789
181 1.547906787461681
182 1.5508679252750608
183 1.5546903747232832
184 1.5559682215956614
185 1.5559682215956614
186 1.5675369469862779
187 1.5559682215956614
188 1.5574334796408755
189 1.5559682215956614
190 1.562336564492381
191 1.5847210084462784
192 1.562336564492381
193 1.562336564492381
194 1.5836140097452351
195 1.562336564492381
196 1.5711348031990633
197 1.5711348031990633
198 1.5797516232611284
199 1.5813076945379652
200 1.5813076945379652
201 1.5813076945379652
202 1.5842919838922074
203 1.5946508400198034
204 1.6015398152532279
205 1.6015398152532279
206 1.6015398152532279
207 1.6015398152532279
208 1.6368712312791893
209 1.6085849045328573
210 1.6241999056667507
211 1.6119999055489933
212 1.6119999055489933
213 1.6119999055489933
214 1.6158676378813064
215 1.6158676378813064
216 1.6158676378813064
217 1.6158676378813064
218 1.6158676378813064
219 1.6158676378813064
220 1.6158676378813064
221 1.6158676378813064
222 1.6158676378813064
223 1.6158676378813064
224 1.6158676378813064
225 1.6158676378813064
226 1.6158676378813064
227 1.6158676378813064
228 1.6277790132720966
229 1.6277790132720966
230 1.6277790132720966
231 1.6316460563349928
232 1.631680957372124
233 1.6317475778210473
234 1.6533126402696172
235 1.6533126435075887
236 1.6533126402696172
237 1.6533126402696172
238 1.6533126402696172
239 1.6533126402696172
240 1.653451721756412
241 1.6533126402696172
242 1.658607410259374
243 1.6640029198345214
244 1.6640029198345214
245 1.6640029198345214
246 1.686882471387714
247 1.6640029198345214
248 1.6798598917486074
249 1.6873940689993516
250 1.6873940689993516
251 1.6873940689993516
252 1.7047775083644727
253 1.7047775083644727
254 1.7047775083644727
255 1.7164229769936956
256 1.7047775083644727
257 1.706362633362083
258 1.706362633362083
259 1.706362633362083
260 1.7079449344150373
261 1.7151594182750247
262 1.7079449344150373
263 1.7079449344150373
264 1.7079449344150373
265 1.7147676088184352
266 1.729623888180598
267 1.7296469644039707
268 1.745293304318278
269 1.7296469644039707
270 1.7296469644039707
271 1.7320683649663888
272 1.7320683649663888
273 1.7320683649663888
274 1.7320683649663888
275 1.7354132660103578
276 1.7354132660103578
277 1.7354132660103578
278 1.7354132660103578
279 1.7525866477582013
280 1.7525866477582013
281 1.7525866477582013
282 1.7525866477582013
283 1.7525866477582013
284 1.7525866477582013
285 1.7525866477582013
286 1.7616778844005148
287 1.7525866477582013
288 1.7525866477582013
289 1.7525866477582013
290 1.7525866477582013
291 1.7525866477582013
292 1.7525866477582013
293 1.7525866477582013
294 1.7525866477582013
295 1.7641855077944362
296 1.7641855077944362
297 1.7731689918234532
298 1.7731689918234532
299 1.7731689918234532
300 1.7731689918234532
301 1.7731689918234532
302 1.7844153418984494
303 1.7890850421002247
304 1.7890850421002247
305 1.791744750852368
306 1.801637676353014
307 1.801637676353014
308 1.801637676353014
309 1.801637676353014
310 1.801637676353014
311 1.801637676353014
312 1.8039778739714454
313 1.8079307684955417
314 1.8115138613045638
315 1.8122827487020015
316 1.8171872615836517
317 1.8213432211396636
318 1.8171872615836517
319 1.836786604660856
320 1.836786604660856
321 1.8378701048141384
322 1.836786604660856
323 1.838474800667582
324 1.855135632026851
325 1.855135632026851
326 1.855135632026851
327 1.8611768878681958
328 1.8615360219380577
329 1.8611768878681958
330 1.8960455147066089
331 1.8960455147066089
332 1.90476192077204
333 1.9127975663729715
334 1.9390931234125417
335 1.9390931234125417
336 1.9390931234125417
337 1.940989509133415
338 1.9598967455188234
339 1.971035483546418
340 1.9801099218810712
341 2.0030065425571744
342 1.9801099218810712
343 1.9818547648203375
344 1.9818547648203375
345 1.9818547648203375
346 1.986969580242357
347 2.0198770767393155
348 2.006403834927663
349 1.9955638749111126
350 1.9964373059415892
351 1.9964676656816356
352 2.000733737299086
353 2.000733737299086
354 2.003697228380909
355 2.003697228380909
356 2.018711854081282
357 2.0294313692262835
358 2.0209341039778743
359 2.0209341039778743
360 2.0258337230773944
361 2.0307645264217684
362 2.0307645264217684
363 2.033448447199813
364 2.037910637228082
365 2.073517722442797
366 2.037910637228082
367 2.038837379278546
368 2.038837379278546
369 2.0409521039570415
370 2.0409521039570415
371 2.0409521039570415
372 2.0732310931094253
373 2.0732310931094253
374 2.0922664346674886
375 2.0890599597353674
376 2.0890599597353674
377 2.0994935852927474
378 2.098590477458925
379 2.10363085335189
380 2.111637781015911
381 2.111637781015911
382 2.121370481369377
383 2.1282105613669167
384 2.1282105613669167
385 2.1282105613669167
386 2.1517833802350212
387 2.1282105613669167
388 2.1384519028922218
389 2.1656715583379325
390 2.1656715583379325
391 2.1656715583379325
392 2.1656715583379325
393 2.1656715583379325
394 2.1656715583379325
395 2.1962093239977842
396 2.1656715583379325
397 2.1939083881324537
398 2.1697256173214035
399 2.1697256173214035
400 2.1697256173214035
401 2.1697256173214035
402 2.17539976311046
403 2.1752815478976006
404 2.190168245456747
405 2.190168245456747
406 2.1951640743560414
407 2.190168245456747
408 2.196464264221632
409 2.196464264221632
410 2.196464264221632
411 2.196464264221632
412 2.196464264221632
413 2.2207489573530044
414 2.225536363703312
415 2.2207489573530044
416 2.2207489573530044
417 2.2207489573530044
418 2.2207489573530044
419 2.2289883424280887
420 2.234485381233287
421 2.2731285654515063
422 2.2375663010309377
423 2.2636228647473158
424 2.2407389914625933
425 2.247666576920671
426 2.2407389914625933
427 2.249062326613469
428 2.259145494259802
429 2.2407389914625933
430 2.2407389914625933
431 2.2506154252989874
432 2.2506154252989874
433 2.251953084016887
434 2.276814643569253
435 2.276814643569253
436 2.2633386462388136
437 2.2633386462388136
438 2.2705879274585676
439 2.270599696230138
440 2.270599696230138
441 2.270599696230138
442 2.270599696230138
443 2.2723169373101575
444 2.300940149248419
445 2.278515005429955
446 2.272339854607275
447 2.2973422559469516
448 2.272339854607275
449 2.2959897640072686
450 2.272339854607275
451 2.273862709464901
452 2.273862709464901
453 2.273862709464901
454 2.273862709464901
455 2.280026795085337
456 2.273862709464901
457 2.273862709464901
458 2.278031423909774
459 2.278031423909774
460 2.278031423909774
461 2.278031423909774
462 2.278031423909774
463 2.278031423909774
464 2.278031423909774
465 2.289016416076582
466 2.289016416076582
467 2.289016416076582
468 2.289016416076582
469 2.289016416076582
470 2.289016416076582
471 2.289016416076582
472 2.297402018983122
473 2.297402018983122
474 2.297402018983122
475 2.301097423199826
476 2.301097423199826
477 2.301097423199826
478 2.301097423199826
479 2.3126312411964336
480 2.3126321738453215
481 2.322553230453248
482 2.3126321738453215
483 2.3126321738453215
484 2.3126321738453215
485 2.3126321738453215
486 2.3127231846747947
487 2.3127231846747947
488 2.3127231846747947
489 2.3145242540578064
490 2.3145242540578064
491 2.3354084269002855
492 2.3374368054872092
493 2.3354084269002855
494 2.3453142246897163
495 2.3677837244884987
496 2.3467581716417882
497 2.3651416837867343
498 2.3467581716417882
499 2.3467581716417882
