0 1.0
1 1.0082033734468407
2 1.0142603814927809
3 1.0142603814927809
4 1.0142603814927809
5 1.0224268968551058
6 1.0224268968551058
7 1.0224268968551058
8 1.0293316031705673
9 1.037295401440147
10 1.037295401440147
11 1.037295401440147
12 1.0860053002379289
13 1.0860053002379289
14 1.0860053002379289
15 1.095926233808398
16 1.1421926223626602
17 1.095926233808398
18 1.095926233808398
19 1.095926233808398
20 1.1004875902386118
21 1.1004875902386118
22 1.1004875902386118
23 1.1099285745210017
24 1.1099285745210017
25 1.1125818937138483
26 1.1125818937138483
27 1.1125818937138483
28 1.1125818937138483
29 1.1125818937138483
30 1.1125818937138483
31 1.1308601039182533
32 1.1125818937138483
33 1.1125818937138483
34 1.1125818937138483
35 1.1125818937138483
36 1.1125818937138483
37 1.1125818937138483
38 1.1125818937138483
39 1.1125818937138483
40 1.1175537188740654
41 1.1525217179161413
42 1.1525217179161413
43 1.158622718785153
44 1.158622718785153
45 1.193837901233861
46 1.193837901233861
47 1.2078910179136222
48 1.2078910179136222
49 1.207995862325035
50 1.207995862325035
51 1.2221456861401554
52 1.2221456861401554
53 1.225044903583842
54 1.2310238065531562
55 1.236458416129529
56 1.236458416129529
57 1.254598211248081
58 1.254598211248081
59 1.254598211248081
60 1.2612466918030287
61 1.277950082791732
62 1.277950082791732
63 1.265686218787378
64 1.265686218787378
65 1.265686218787378
66 1.265686218787378
67 1.2730917410888907
68 1.2730917410888907
69 1.2760278306255501
70 1.2760278306255501
71 1.3086218831821779
72 1.3086218831821779
73 1.2857832036786976
74 1.3150762975744255
75 1.3150762975744255
76 1.2871183593773845
77 1.2975988193627432
78 1.2975988193627432
79 1.301050569145158
80 1.3470499992265392
81 1.3470499992265392
82 1.309233797196887
83 1.3137923065750539
84 1.3137923065750539
85 1.3156082982416581
86 1.3156082982416581
87 1.3156082982416581
88 1.3156082982416581
89 1.3342518725196135
90 1.3893979734396469
91 1.417755521291306
92 1.417755521291306
93 1.420309555656241
94 1.420309555656241
95 1.4262717228384814
96 1.4353171030740535
97 1.4353171030740535
98 1.4353171030740535
99 1.4551552246349038
100 1.4551552246349038
101 1.4784248615534856
102 1.515604907295725
103 1.515604907295725
104 1.5311441725183308
105 1.5311441725183308
106 1.4972231735521069
107 1.4972231735521069
108 1.4972231735521069
109 1.4972231735521069
110 1.5018950056702323
111 1.5061054552031035
112 1.5127226593895178
113 1.5326852921686767
114 1.5326852921686767
115 1.5368404413697383
116 1.5411126124503738
117 1.5540649935402282
118 1.5540649935402282
119 1.5540649935402282
120 1.56053382305862
121 1.56053382305862
122 1.56053382305862
123 1.569720141373034
124 1.6112319714277608
125 1.6112319714277608
126 1.569824483519287
127 1.5957665115441448
128 1.5957665115441448
129 1.5752437870668792
130 1.589615269488462
131 1.5947405046258922
132 1.5947405046258922
133 1.5947405046258922
134 1.6070816828661512
135 1.6070816828661512
136 1.6120539183758653
137 1.6120539183758653
138 1.6535004203689672
139 1.6535004203689672
140 1.6920599251723172
141 1.6988622773152613
142 1.725838927543394
143 1.7048546023739357
144 1.7048546023739357
145 1.708438868279916
146 1.7084688844715226
147 1.7084688844715226
148 1.7084688844715226
149 1.7084688844715226
150 1.7084688844715226
151 1.7084688844715226
152 1.7431480092467884
153 1.7847802817592138
154 1.7847802817592138
155 1.785514990630394
156 1.7882120467982618
157 1.8009590198615184
158 1.7882120467982618
159 1.7940383854405175
160 1.8025686213857313
161 1.8107823750227194
162 1.8288016869202524
163 1.8107823750227194
164 1.811104761669263
165 1.8207315080757536
166 1.8210844420345647
167 1.8210844420345647
168 1.8210844420345647
169 1.8360071928193435
170 1.8385741887167828
171 1.8475249782560992
172 1.8385741887167828
173 1.8472419329407728
174 1.8455222721623028
175 1.845694761945454
176 1.845694761945454
177 1.8676229029434743
178 1.8676229029434743
179 1.8509668107097044
180 1.8509668107097044
181 1.8509713780811299
182 1.867596707687114
183 1.8996712718465312
184 1.8592466323187553
185 1.8592466323187553
186 1.8680477766919714
187 1.9100569710485464
188 1.9100569710485464
189 1.8845538560001382
190 1.8845538560001382
191 1.8790505981032612
192 1.8790505981032612
193 1.8904557347646225
194 1.8951031847367406
195 1.901213941982722
196 1.908804994284327
197 1.9353882565959237
198 1.9353882565959237
199 1.919989395057879
200 1.9519966471367258
201 1.9519966471367258
202 1.9519966471367258
203 1.9519966471367258
204 1.9519966471367258
205 1.9519966471367258
206 1.9519966471367258
207 1.9604972535861827
208 1.9604972535861827
209 1.988141558692742
210 1.988141558692742
211 1.9556418028587599
212 1.966756463540851
213 1.96676300986101
214 1.9683552228557346
215 2.0033741852830973
216 2.004256099358531
217 1.9727970426164634
218 1.976618879782226
219 1.976618879782226
220 1.976618879782226
221 1.9778274549014583
222 2.02584161021657
223 2.02584161021657
224 2.044965178066995
225 2.044965178066995
226 2.0701886785174914
227 2.0701886785174914
228 2.0801198848290703
229 2.0801198848290703
230 2.0881372952220807
231 2.1063536064205777
232 2.1114774307239057
233 2.1063536064205777
234 2.1067164433248218
235 2.1067227652316722
236 2.1135492756874257
237 2.1135492756874257
238 2.147221258569017
239 2.165463149905836
240 2.165463149905836
241 2.1192516747774044
242 2.1192516747774044
243 2.1192516747774044
244 2.1209463673441067
245 2.1350654351658624
246 2.1209463673441067
247 2.1264892444681887
248 2.1264892444681887
249 2.1356025863153714
250 2.168843599679232
251 2.1522645712287907
252 2.1522645712287907
253 2.1865432615195357
254 2.1865432615195357
255 2.160798864409764
256 2.1636599361307307
257 2.1854164086056627
258 2.1854164086056627
259 2.215638163486445
260 2.215638163486445
261 2.210656608241748
262 2.1776363542160397
263 2.1776363542160397
264 2.1776363542160397
265 2.1776363542160397
266 2.1779285993129074
267 2.1779285993129074
268 2.18429549456525
269 2.1858180272898755
270 2.1910845321271983
271 2.1910845321271983
272 2.1916654941672267
273 2.1962143018213545
274 2.2193254925180965
275 2.213479685136997
276 2.213479685136997
277 2.2192819678271527
278 2.22731340833755
279 2.22731340833755
280 2.283553002570401
281 2.283553002570401
282 2.28847023884649
283 2.3312089680274424
284 2.3729841148947863
285 2.411401062518652
286 2.411401062518652
287 2.3383328636732874
288 2.3401576003608557
289 2.3401576003608557
290 2.3401576003608557
291 2.3422594363535474
292 2.3422594363535474
293 2.3479293468169926
294 2.3479293468169926
295 2.3760868086461175
296 2.413520120431989
297 2.413520120431989
298 2.413520120431989
299 2.4151226969382464
300 2.4153839749691333
301 2.4153839749691333
302 2.426005895434013
303 2.426005895434013
304 2.426005895434013
305 2.434558413121435
306 2.432777449628915
307 2.476363081760112
308 2.476363081760112
309 2.442267159488391
310 2.4424379650258006
311 2.445420164664347
312 2.445420164664347
313 2.4482033466736666
314 2.4482033466736666
315 2.4510910743684895
316 2.4510910743684895
317 2.4510910743684895
318 2.4547446693991826
319 2.4622435183125004
320 2.4676547144336807
321 2.4676547144336807
322 2.4677553930432556
323 2.4677553930432556
324 2.4677553930432556
325 2.4677553930432556
326 2.4677553930432556
327 2.488017615711697
328 2.488017615711697
329 2.488017615711697
330 2.493571332461244
331 2.493571332461244
332 2.493571332461244
333 2.4977557948453075
334 2.4977557948453075
335 2.50794728905478
336 2.5534273863618413
337 2.5534273863618413
338 2.517986681366739
339 2.536262556436379
340 2.5821059383202973
341 2.5223447267614256
342 2.5232537729320814
343 2.530393604569349
344 2.530393604569349
345 2.530393604569349
346 2.534633995263968
347 2.534633995263968
348 2.539427553607845
349 2.5423793160994377
350 2.5423793160994377
351 2.5394278485867567
352 2.5394278485867567
353 2.5394278485867567
354 2.54238156387197
355 2.54238156387197
356 2.580118891912771
357 2.557363060328059
358 2.557363060328059
359 2.557363060328059
360 2.557844773046632
361 2.5879379761277725
362 2.5879379761277725
363 2.592709147053672
364 2.5937982757990343
365 2.5980179720288215
366 2.614162625105622
367 2.614162625105622
368 2.6171693542860326
369 2.6171693542860326
370 2.6171693548439947
371 2.6190068986229296
372 2.625530343482695
373 2.6536981070120857
374 2.624612008898774
375 2.6247064200766252
376 2.6247064200766252
377 2.628512875647572
378 2.628512875647572
379 2.6967442420696335
380 2.6506969829351155
381 2.6506969829351155
382 2.6506969829351155
383 2.692805317115695
384 2.692805317115695
385 2.6506969829351155
386 2.6506969829351155
387 2.658276788698911
388 2.6770222707056504
389 2.7217410795591133
390 2.7217410795591133
391 2.6682903071688617
392 2.6990612761466846
393 2.709377831086069
394 2.738029431033586
395 2.738029431033586
396 2.743839551258829
397 2.743848072354046
398 2.743848072354046
399 2.751059956836366
400 2.7563176379323866
401 2.7563176379323866
402 2.7563176379323866
403 2.7563176379323866
404 2.7564501781500783
405 2.7564501781500783
406 2.763947959843123
407 2.789964855201376
408 2.8296684716429588
409 2.8296684716429588
410 2.832743046597949
411 2.837628571785701
412 2.8461317663977064
413 2.8833439562709007
414 2.8833439562709007
415 2.903120890117713
416 2.9372157757498085
417 2.979280235169445
418 3.0223999500151058
419 3.0223999500151058
420 2.9795716453279852
421 2.998998074328992
422 2.998998074328992
423 2.987442429434084
424 2.987442429434084
425 2.987442429434084
426 2.988223478879431
427 2.989045287867113
428 2.9899396662692075
429 2.9899396662692075
430 3.02708203534556
431 3.02708203534556
432 3.02708203534556
433 3.0414373269451196
434 3.043315954869851
435 3.043315954869851
436 3.043315954869851
437 3.043315954869851
438 3.07064638324095
439 3.0472362176664687
440 3.0472362176664687
441 3.0472362176664687
442 3.0492568446435944
443 3.0534551291079812
444 3.0492568446435944
445 3.0492568446435944
446 3.0492568446435944
447 3.0492568446435944
448 3.068686945372547
449 3.068686945372547
450 3.068686945372547
451 3.0693084555987906
452 3.0696267499675716
453 3.099542942935877
454 3.0725498442827686
455 3.1045789121222764
456 3.1014301398970714
457 3.1014301398970714
458 3.1014301398970714
459 3.10270291085906
460 3.10270291085906
461 3.10270291085906
462 3.10270291085906
463 3.10270291085906
464 3.10270291085906
465 3.103404064462812
466 3.103404064462812
467 3.1293469034377313
468 3.173009662448173
469 3.1226858084793916
470 3.1226858084793916
471 3.1297010881566454
472 3.1467487237069878
473 3.1467487237069878
474 3.1788451239350572
475 3.2218684549926486
476 3.2530133493982407
477 3.284272864282064
478 3.284272864282064
479 3.2192849169202584
480 3.222533688706348
481 3.222083296542472
482 3.239585213686663
483 3.226429181263442
484 3.226429181263442
485 3.2264472360351104
486 3.231381643772716
487 3.231381643772716
488 3.2399576190272117
489 3.25003906458197
490 3.25003906458197
491 3.248285204822941
492 3.248285204822941
493 3.2427946655766324
494 3.2479907485824353
495 3.2479907485824353
496 3.254698973518058
497 3.254698973518058
498 3.260482226576825
499 3.260482226576825
