0 1.0
1 1.007551417141634
2 1.0153687928916544
3 1.0736358271369997
4 1.1169780057595748
5 1.0278124122652066
6 1.0623438241629959
7 1.0684686682327216
8 1.036995096416274
9 1.046433492036862
10 1.0555211900594936
11 1.0555211900594936
12 1.0555211900594936
13 1.0620486654866603
14 1.0706678983570825
15 1.1187586767556794
16 1.0706678983570825
17 1.0706678983570825
18 1.073425351521299
19 1.1204070124473895
20 1.0779324221872315
21 1.0849986332242672
22 1.1333336085977728
23 1.1040589670801644
24 1.1100085402227795
25 1.0994492458594556
26 1.0994492458594556
27 1.0994492458594556
28 1.0994492458594556
29 1.1053163718164825
30 1.1053163718164825
31 1.1388512298744358
32 1.118071653403259
33 1.1053163718164825
34 1.1053163718164825
35 1.1053163718164825
36 1.1053163718164825
37 1.1053163718164825
38 1.1053163718164825
39 1.1053163718164825
40 1.1108175117459649
41 1.162268491796961
42 1.1321266098713396
43 1.1451668595371234
44 1.1451668595371234
45 1.1518736001463825
46 1.161540076710987
47 1.161540076710987
48 1.1846956061069787
49 1.1846956061069787
50 1.1846956061069787
51 1.185669918779759
52 1.2060492807537673
53 1.2060492807537673
54 1.208747484353349
55 1.208747484353349
56 1.2131958808297392
57 1.2131958808297392
58 1.2167952190145483
59 1.2495795232141345
60 1.2220117831974175
61 1.2220117831974175
62 1.2220117831974175
63 1.2220117831974175
64 1.2220117831974175
65 1.2220117831974175
66 1.2315066568399604
67 1.2878184493821894
68 1.2939004148593192
69 1.2939004148593192
70 1.2939004148593192
71 1.3019489872225884
72 1.3019489872225884
73 1.3137606468281189
74 1.3019489872225884
75 1.3019489872225884
76 1.3019489872225884
77 1.3019489872225884
78 1.3074424047143134
79 1.3074424047143134
80 1.3102412576602476
81 1.3236214332722058
82 1.3236214332722058
83 1.3236214332722058
84 1.3481376804288114
85 1.3236214332722058
86 1.3236214332722058
87 1.3236214332722058
88 1.3389960135660204
89 1.3389960135660204
90 1.3389960135660204
91 1.347724448283846
92 1.3519429992377872
93 1.3519429992377872
94 1.3666694362264153
95 1.3666694362264153
96 1.3666694362264153
97 1.3784272686610737
98 1.400597388671675
99 1.3808362104799525
100 1.3913112496023972
101 1.3808362104799525
102 1.3808362104799525
103 1.3808362104799525
104 1.3808362104799525
105 1.384230592353686
106 1.384230592353686
107 1.3896166123310247
108 1.427638523648432
109 1.3896166123310247
110 1.403211581368229
111 1.4068247837237184
112 1.4134997987573354
113 1.4134997987573354
114 1.4237496888727665
115 1.4309848658830233
116 1.4309848658830233
117 1.4309848658830233
118 1.4363933922358438
119 1.4363933922358438
120 1.4363933922358438
121 1.4363933922358438
122 1.4454100535543286
123 1.445104018293485
124 1.445104018293485
125 1.445104018293485
126 1.445104018293485
127 1.445104018293485
128 1.445104018293485
129 1.4549336793003822
130 1.470168758470447
131 1.4929771789052335
132 1.4929771789052335
133 1.4970022558031888
134 1.5262071917109508
135 1.5059768316794586
136 1.5081344585467658
137 1.512216464722206
138 1.512216464722206
139 1.512216464722206
140 1.5134889177237507
141 1.5162782763348945
142 1.5162782763348945
143 1.5167879449404005
144 1.5167879449404005
145 1.5167879449404005
146 1.5167879449404005
147 1.5167879449404005
148 1.524960706358133
149 1.5258621171361897
150 1.5390035377249736
151 1.5258621171361897
152 1.5258621171361897
153 1.5258621171361897
154 1.533934891767811
155 1.533934891767811
156 1.5388302669500127
157 1.5507930319986065
158 1.5507930319986065
159 1.5527630368914835
160 1.5578242693555284
161 1.5578242693555284
162 1.5578242693555284
163 1.5578242693555284
164 1.5733142385903693
165 1.5817906591088216
166 1.5882087813235979
167 1.5817906591088216
168 1.5817906591088216
169 1.5817906591088216
170 1.5932229397871016
171 1.5932229397871016
172 1.597348749071685
173 1.6087008873477608
174 1.627555262288287
175 1.627555262288287
176 1.6370943772913658
177 1.6537497247575903
178 1.6537497247575903
179 1.6537497247575903
180 1.6568285643725362
181 1.660464429291759
182 1.660464429291759
183 1.660464429291759
184 1.660464429291759
185 1.6653891666846374
186 1.6700217190262954
187 1.666742533225968
188 1.666742533225968
189 1.666742533225968
190 1.672195727480326
191 1.672195727480326
192 1.672195727480326
193 1.672195727480326
194 1.6847110237379137
195 1.6847110237379137
196 1.73496608068795
197 1.707224398204577
198 1.707224398204577
199 1.707224398204577
200 1.7105755150962252
201 1.7105755150962252
202 1.7199484469414181
203 1.7199484469414181
204 1.7295684879440099
205 1.7295684879440099
206 1.7295684879440099
207 1.7295684879440099
208 1.7295684879440099
209 1.7618136115728096
210 1.7295684879440099
211 1.7295684879440099
212 1.7295684879440099
213 1.7295684879440099
214 1.7302050388613623
215 1.7394537837824326
216 1.7394537837824326
217 1.7394537837824326
218 1.7419278991472953
219 1.7419278991472953
220 1.7422531370001033
221 1.7422531370001033
222 1.7509259658703
223 1.7509259658703
224 1.7604777515450571
225 1.7973011523664824
226 1.7973011523664824
227 1.7973011523664824
228 1.8099254522413284
229 1.813294988382436
230 1.8232724847100223
231 1.8232724847100223
232 1.8233740061960768
233 1.8374293241987973
234 1.843014919164279
235 1.858554469727523
236 1.858554469727523
237 1.8696060941005872
238 1.86874472450819
239 1.86874472450819
240 1.8817025220926586
241 1.86874472450819
242 1.8896047231777953
243 1.8777797969298662
244 1.8855152729553473
245 1.8801000962465029
246 1.8801000962465029
247 1.8801000962465029
248 1.8801000962465029
249 1.8801000962465029
250 1.8801000962465029
251 1.8801000962465029
252 1.8801000962465029
253 1.8801000962465029
254 1.8801000962465029
255 1.915632218822964
256 1.8928807210005483
257 1.9027166689876847
258 1.9089212270663196
259 1.9089212270663196
260 1.9089532087073728
261 1.9111467426737352
262 1.9089532087073728
263 1.9089532087073728
264 1.9089532087073728
265 1.9325443056819114
266 1.9113968032188327
267 1.9113968032188327
268 1.9276434542163883
269 1.9276434542163883
270 1.9409951291744607
271 1.9538155738220002
272 1.9443306182345332
273 1.9447259451796872
274 1.9694917044347706
275 1.9480986456262905
276 1.9599340189147982
277 1.9480986456262905
278 1.9507785327961955
279 1.9507785327961955
280 1.9550173707039613
281 1.9550173707039613
282 1.9550173707039613
283 1.959723534990791
284 1.9794170332708396
285 1.9794170332708396
286 1.9808185922517374
287 2.0275693830525885
288 2.025287252325389
289 1.9909752821715225
290 1.9909752821715225
291 2.0055265570951075
292 1.993211500710086
293 2.0390428268487373
294 2.0050384387816806
295 2.005529464686119
296 2.0101091116894656
297 2.028861464765546
298 2.0381014465696112
299 2.0381014465696112
300 2.0381014465696112
301 2.0381014465696112
302 2.044304341751997
303 2.0852957659181803
304 2.0463229128375557
305 2.075770971572107
306 2.047646398701483
307 2.047646398701483
308 2.0565141021229216
309 2.0565141021229216
310 2.0565141021229216
311 2.0565141021229216
312 2.0877788260677406
313 2.0877788260677406
314 2.1012435494299515
315 2.103861370347459
316 2.0924256799596104
317 2.0924256799596104
318 2.1088046392981723
319 2.0924256799596104
320 2.117655151328788
321 2.117655151328788
322 2.1341039652384564
323 2.1481641988601115
324 2.1481641988601115
325 2.1481641988601115
326 2.16643247643135
327 2.162505011310438
328 2.162505011310438
329 2.176528906465482
330 2.185329046991122
331 2.185329046991122
332 2.185329046991122
333 2.185329046991122
334 2.185850380479138
335 2.185850380479138
336 2.185850380479138
337 2.185850380479138
338 2.185850380479138
339 2.1899235452629178
340 2.1899235452629178
341 2.1899235452629178
342 2.1899235452629178
343 2.1899235452629178
344 2.1983579468529184
345 2.2066265868506503
346 2.216633393303144
347 2.221426951657072
348 2.2261754983573705
349 2.2261754983573705
350 2.2261754983573705
351 2.248519871998058
352 2.273855385244096
353 2.273855385244096
354 2.306648103173628
355 2.3109119349561626
356 2.282737097311607
357 2.2839516202310093
358 2.2839516202310093
359 2.2910205294833306
360 2.3291087934746932
361 2.2973964535828686
362 2.2973964535828686
363 2.3005162040062848
364 2.3249863859105506
365 2.3249863859105506
366 2.3255504659571224
367 2.338394785197086
368 2.3648702955989833
369 2.356397515421096
370 2.376038687216663
371 2.356397515421096
372 2.3589986696207843
373 2.3589986696207843
374 2.3589986696207843
375 2.3589986696207843
376 2.3589986696207843
377 2.359825896896192
378 2.3612995171956728
379 2.3612995171956728
380 2.3612995171956728
381 2.3612995171956728
382 2.3612995171956728
383 2.3772735652857486
384 2.3796320325689573
385 2.4107061601218063
386 2.4107061601218063
387 2.4113332564993297
388 2.4251703808281335
389 2.4251703808281335
390 2.4251703808281335
391 2.4317234998418185
392 2.4436416779223036
393 2.4436416779223036
394 2.4436416779223036
395 2.4609550248042127
396 2.4609550248042127
397 2.46210147559938
398 2.46210147559938
399 2.46210147559938
400 2.46210147559938
401 2.50264440402353
402 2.4779056864277096
403 2.480446850256906
404 2.5143470070003757
405 2.480446850256906
406 2.480446850256906
407 2.484959700137019
408 2.487299190210179
409 2.484959700137019
410 2.484959700137019
411 2.5216662418148164
412 2.5216662418148164
413 2.5245454888108716
414 2.526453636329355
415 2.5216662418148164
416 2.524560554142561
417 2.5520882460463463
418 2.524560554142561
419 2.5287400739607615
420 2.549861576802131
421 2.5287400739607615
422 2.530329563615805
423 2.530329563615805
424 2.530329563615805
425 2.530329563615805
426 2.530329563615805
427 2.538652898765293
428 2.538652898765293
429 2.5411688212974513
430 2.5411688212974513
431 2.5417371809132043
432 2.5417371809132043
433 2.5459903462360605
434 2.5662028578925
435 2.553039580444464
436 2.5536020680134195
437 2.56500337710732
438 2.5596323006528983
439 2.563485129014938
440 2.604788896046119
441 2.604788896046119
442 2.607429703219796
443 2.608163753263291
444 2.609741040526966
445 2.640158498470424
446 2.618363556555604
447 2.618363556555604
448 2.618363556555604
449 2.618363556555604
450 2.618363556555604
451 2.625694961220187
452 2.618363556555604
453 2.6216469999324463
454 2.621874653298174
455 2.6259390725135416
456 2.6503534322573246
457 2.621874653298174
458 2.6286083802339135
459 2.649538663654418
460 2.649538663654418
461 2.6495788804593463
462 2.6495788804593463
463 2.668914945052949
464 2.6495788804593463
465 2.6541522289894632
466 2.6541522289894632
467 2.6815170354429734
468 2.6815170354429734
469 2.6815170354429734
470 2.6835061383104306
471 2.6918235482536748
472 2.6918235482536748
473 2.6918235482536748
474 2.704515007163579
475 2.6977461464148424
476 2.706769871150015
477 2.706769871150015
478 2.709603456133273
479 2.709603456133273
480 2.7200337478154286
481 2.7200337478154286
482 2.7233818534963605
483 2.720123754035334
484 2.7279461629766386
485 2.731901265489179
486 2.773922050525963
487 2.773922050525963
488 2.7818105129051958
489 2.754152293604641
490 2.781729794788659
491 2.781729794788659
492 2.781729794788659
493 2.781729794788659
494 2.781729794788659
495 2.781729794788659
496 2.784260742962313
497 2.784260742962313
498 2.7852801449441538
499 2.7852801449441538
