0 1.0
1 1.0
2 1.0
3 1.0076790843472012
4 1.0076790843472012
5 1.0167679899591273
6 1.070539248795859
7 1.070539248795859
8 1.0268251527858
9 1.0268251527858
10 1.0698871233365888
11 1.0698871233365888
12 1.076166956932182
13 1.076166956932182
14 1.0834073013334757
15 1.0834073013334757
16 1.0834073013334757
17 1.0834073013334757
18 1.0834073013334757
19 1.1260395475102007
20 1.0952217530909607
21 1.1320555451372571
22 1.1320555451372571
23 1.1388897239982
24 1.1388897239982
25 1.1388897239982
26 1.1436979131542686
27 1.1478729002603492
28 1.1478729002603492
29 1.1478729002603492
30 1.1478729002603492
31 1.153789428471855
32 1.1478729002603492
33 1.1478729002603492
34 1.1478729002603492
35 1.1478729002603492
36 1.1556714936764458
37 1.1558985772627357
38 1.1558985772627357
39 1.1621546621522578
40 1.1814118720835247
41 1.1621546621522578
42 1.1621546621522578
43 1.1621546621522578
44 1.1621546621522578
45 1.1751947278054387
46 1.1899863364322527
47 1.1899863364322527
48 1.2009319065750779
49 1.2024425526984865
50 1.2047156922544273
51 1.212561551745813
52 1.212561551745813
53 1.2225781573255494
54 1.2735329911113478
55 1.2735329911113478
56 1.3156485855535656
57 1.289051511089125
58 1.289051511089125
59 1.2946648730166705
60 1.2946648730166705
61 1.2946648730166705
62 1.2946648730166705
63 1.3025361773195143
64 1.3072454801648423
65 1.3072454801648423
66 1.3218455229845263
67 1.3218455229845263
68 1.3218455229845263
69 1.3735406237372942
70 1.3735406237372942
71 1.3735406237372942
72 1.3735406237372942
73 1.389664799425322
74 1.3735406237372942
75 1.3798113471338462
76 1.382186752202774
77 1.382186752202774
78 1.3937835889019843
79 1.3965865344223987
80 1.3965865344223987
81 1.3965865344223987
82 1.4067512073290076
83 1.4067512073290076
84 1.4067512073290076
85 1.4272663765201756
86 1.41045030938876
87 1.41045030938876
88 1.41045030938876
89 1.4503889520741504
90 1.4503889520741504
91 1.4503889520741504
92 1.41045030938876
93 1.41045030938876
94 1.41045030938876
95 1.41045030938876
96 1.41045030938876
97 1.41045030938876
98 1.41045030938876
99 1.4157755378717773
100 1.417194972678396
101 1.417194972678396
102 1.417194972678396
103 1.417194972678396
104 1.4327250045829982
105 1.4378619620433633
106 1.4454995559380146
107 1.4454995559380146
108 1.4492853307252291
109 1.4492853307252291
110 1.4541956372338594
111 1.4650345241672482
112 1.4650345241672482
113 1.4667687022660256
114 1.4690248476014387
115 1.4739401552656812
116 1.4769146807859224
117 1.4873274460264632
118 1.4922589976071559
119 1.4922589976071559
120 1.4922589976071559
121 1.4922589976071559
122 1.4922589976071559
123 1.5376183460397794
124 1.5376183460397794
125 1.5420862028470463
126 1.55374917866929
127 1.5441739198827629
128 1.5441739198827629
129 1.5441739198827629
130 1.5556028449122163
131 1.5556028449122163
132 1.5556028449122163
133 1.5657631800774714
134 1.5657631800774714
135 1.5657631800774714
136 1.565920043868683
137 1.5690048909311063
138 1.5729742063449417
139 1.5729742063449417
140 1.582946371541986
141 1.582946371541986
142 1.582946371541986
143 1.610796454876644
144 1.610796454876644
145 1.5966815628807136
146 1.598110203168596
147 1.6004217280547923
148 1.6083873947418799
149 1.6083873947418799
150 1.6083873947418799
151 1.6284071048844064
152 1.6103139611281547
153 1.6103139611281547
154 1.6103139611281547
155 1.6103139611281547
156 1.6255219081267975
157 1.6323669982472226
158 1.650298816633483
159 1.650298816633483
160 1.650298816633483
161 1.650298816633483
162 1.650298816633483
163 1.6700659213368676
164 1.6700659213368676
165 1.6700659213368676
166 1.6744284594570227
167 1.6744284594570227
168 1.6758434504991617
169 1.7164784866834204
170 1.6804477322130367
171 1.690713300816354
172 1.7150120270014306
173 1.7066885863780263
174 1.7066885863780263
175 1.7066885863780263
176 1.7066885863780263
177 1.7066885863780263
178 1.7158594355925803
179 1.739565904480939
180 1.723359599961294
181 1.7186425673596437
182 1.7186425673596437
183 1.7186425673596437
184 1.7186425673596437
185 1.7195256718332652
186 1.7195256718332652
187 1.7195256718332652
188 1.7195256718332652
189 1.7195256718332652
190 1.7238143513497308
191 1.7537897335182586
192 1.7364056018340974
193 1.738071762810918
194 1.7418458414663802
195 1.7521196354784672
196 1.7521196354784672
197 1.7521196354784672
198 1.756674277703498
199 1.761148480519034
200 1.764962938968575
201 1.7780211087696787
202 1.7780211087696787
203 1.790120483728999
204 1.7981646377064233
205 1.7981646377064233
206 1.7981646377064233
207 1.7981646377064233
208 1.7981646377064233
209 1.7981646377064233
210 1.8044674985075142
211 1.8044910692068283
212 1.8350707753800253
213 1.8350707753800253
214 1.8556938320620824
215 1.8637241822946666
216 1.8637241822946666
217 1.8637241822946666
218 1.8637241822946666
219 1.8637241822946666
220 1.8719805141887103
221 1.8719805141887103
222 1.872033621171623
223 1.8719805141887103
224 1.8783659894024656
225 1.9131678639740286
226 1.8918015539430653
227 1.9127297294869177
228 1.9127297294869177
229 1.9603903402812408
230 1.992451190875727
231 1.9603903402812408
232 1.9603903402812408
233 1.9603903402812408
234 1.9603903402812408
235 1.9603903402812408
236 1.9611594466165516
237 1.9611594466165516
238 1.9702950269913249
239 1.9702950269913249
240 1.9702950269913249
241 1.9813484839892292
242 1.9916278925971203
243 1.9916278925971203
244 2.019548073009132
245 2.003362593559715
246 2.003362593559715
247 2.003362593559715
248 2.012055325366327
249 2.012055325366327
250 2.0124103166342575
251 2.018550435684833
252 2.023709462655476
253 2.023709462655476
254 2.031109501267754
255 2.023709462655476
256 2.023709462655476
257 2.0253298321825643
258 2.0253298321825643
259 2.0374512907790945
260 2.0374512907790945
261 2.0374512907790945
262 2.0707155283431686
263 2.0374512907790945
264 2.0374512907790945
265 2.056565649531459
266 2.056565649531459
267 2.0883632602958264
268 2.079550203013351
269 2.0865358260913283
270 2.079550203013351
271 2.079550203013351
272 2.1017275472963868
273 2.1017275472963868
274 2.1129126097343303
275 2.115245009258949
276 2.1401094255810946
277 2.128895051376779
278 2.1235783527212733
279 2.128773240207057
280 2.159895144024396
281 2.1433950045769192
282 2.1310689825462124
283 2.1310689825462124
284 2.1310689825462124
285 2.1523078860545066
286 2.150906327083121
287 2.153139840168204
288 2.153158340180368
289 2.153158340180368
290 2.153158340180368
291 2.153158340180368
292 2.153158340180368
293 2.153158340180368
294 2.153158340180368
295 2.153158340180368
296 2.1604863800469674
297 2.1755926205248355
298 2.1604863800469674
299 2.1835434636562137
300 2.225027022052473
301 2.225027022052473
302 2.225027022052473
303 2.2320120093624776
304 2.2320120093624776
305 2.238783561997315
306 2.2320120093624776
307 2.2419382194190423
308 2.256189882063408
309 2.2771521834141435
310 2.256189882063408
311 2.2628052969942223
312 2.2628052969942223
313 2.2628052969942223
314 2.264810727594118
315 2.264810727594118
316 2.264810727594118
317 2.2715994949872176
318 2.264810727594118
319 2.265542418024971
320 2.265542418024971
321 2.2966251656017875
322 2.265542418024971
323 2.2761028621847488
324 2.2761028621847488
325 2.2887156310127197
326 2.2887156310127197
327 2.2982550576920513
328 2.2887156310127197
329 2.2887156310127197
330 2.292733143760609
331 2.2952564569031084
332 2.2939521055211163
333 2.306059342573192
334 2.30650993109581
335 2.3090157831836713
336 2.3090157831836713
337 2.3264124499401966
338 2.345232648058703
339 2.3264124499401966
340 2.3292243501284027
341 2.356801569743375
342 2.336362066254515
343 2.3558700484283044
344 2.345314842968872
345 2.345314842968872
346 2.345314842968872
347 2.345314842968872
348 2.349382299266751
349 2.349382299266751
350 2.3501436725324876
351 2.3501436725324876
352 2.363418535129386
353 2.363418535129386
354 2.4120696609535193
355 2.4120696609535193
356 2.4120696609535193
357 2.4366963239887816
358 2.4366963239887816
359 2.4366963239887816
360 2.4427943018362956
361 2.4474026962527256
362 2.460670734175749
363 2.460670734175749
364 2.460670734175749
365 2.5018075369378896
366 2.4696953261593664
367 2.4737006074262413
368 2.5117449673233208
369 2.5117449673233208
370 2.5117449673233208
371 2.5246383978017253
372 2.5121351402930707
373 2.5121351402930707
374 2.5121351402930707
375 2.5175677715404112
376 2.5406159445089638
377 2.5406159445089638
378 2.5509282243001428
379 2.5509282243001428
380 2.5509282243001428
381 2.5509282243001428
382 2.5509282243001428
383 2.552414475071215
384 2.552414475071215
385 2.5610904946362547
386 2.568418677416417
387 2.552414475071215
388 2.552414475071215
389 2.5535193838168184
390 2.5535193838168184
391 2.5574407812186206
392 2.569678902889368
393 2.5765289486103717
394 2.5765289486103717
395 2.5765289486103717
396 2.5765289486103717
397 2.5765289486103717
398 2.591375791331497
399 2.5838878724071637
400 2.588510219432822
401 2.590124066734168
402 2.590124066734168
403 2.590124066734168
404 2.590124066734168
405 2.590124066734168
406 2.590124066734168
407 2.590124066734168
408 2.590124066734168
409 2.590124066734168
410 2.5918397153996344
411 2.5918397153996344
412 2.6310594616600644
413 2.5918397153996344
414 2.5918397153996344
415 2.5998562513143844
416 2.5998562513143844
417 2.617687398543368
418 2.6025169357647986
419 2.6428559569455685
420 2.6428559569455685
421 2.6428559569455685
422 2.6428559569455685
423 2.6428559569455685
424 2.654091100306554
425 2.654091100306554
426 2.658140981011467
427 2.658140981011467
428 2.658140981011467
429 2.658140981011467
430 2.658140981011467
431 2.667939097073163
432 2.667939097073163
433 2.668023133682225
434 2.674444910179384
435 2.674449508902761
436 2.674444910179384
437 2.6824095906294474
438 2.691906529769808
439 2.6957552140408896
440 2.6957552140408896
441 2.6957552140408896
442 2.695974224636219
443 2.695974224636219
444 2.695974224636219
445 2.695974224636219
446 2.695974224636219
447 2.695974224636219
448 2.695974224636219
449 2.695974224636219
450 2.695974224636219
451 2.701996380908161
452 2.720416129714784
453 2.703465442003015
454 2.7159866201976435
455 2.7159866201976435
456 2.7159866201976435
457 2.7159866201976435
458 2.7159866201976435
459 2.7159866201976435
460 2.7159866201976435
461 2.7342017551301416
462 2.7342017551301416
463 2.7342017551301416
464 2.763691016786255
465 2.7541807406055843
466 2.768877152117925
467 2.7689357605215767
468 2.7689357605215767
469 2.7689357605215767
470 2.784531999244595
471 2.793311184374315
472 2.7849255814766942
473 2.80532233204491
474 2.80532233204491
475 2.815311591690817
476 2.815311591690817
477 2.815311591690817
478 2.815311591690817
479 2.815311591690817
480 2.815311591690817
481 2.815311591690817
482 2.815311591690817
483 2.815311591690817
484 2.8303449541826686
485 2.834969148023316
486 2.834969148023316
487 2.834969148023316
488 2.834969148023316
489 2.834969148023316
490 2.8410672826780066
491 2.847256119460157
492 2.8762083776476572
493 2.8762083776476572
494 2.9044593288858946
495 2.9044593288858946
496 2.9044593288858946
497 2.9044593288858946
498 2.9092824568633624
499 2.9075503655324795
