0 1.0
1 1.0
2 1.0206615095833922
3 1.0206615095833922
4 1.0206615095833922
5 1.0533004667975199
6 1.0533004667975199
7 1.0533004667975199
8 1.0533004667975199
9 1.0533004667975199
10 1.0533004667975199
11 1.0533004667975199
12 1.0533004667975199
13 1.0533004667975199
14 1.0533004667975199
15 1.0533004667975199
16 1.0533004667975199
17 1.0845568821444616
18 1.0533004667975199
19 1.0533004667975199
20 1.0886005582368437
21 1.0602380702369867
22 1.0602380702369867
23 1.1200993474145133
24 1.1200993474145133
25 1.1200993474145133
26 1.1300666483778334
27 1.1330078560690153
28 1.1330078560690153
29 1.1330078560690153
30 1.1330078560690153
31 1.1398490930358876
32 1.1349941618432167
33 1.1535751077836827
34 1.1349941618432167
35 1.1349941618432167
36 1.1800822099845243
37 1.139739491209077
38 1.139739491209077
39 1.1449060796131314
40 1.1720120117714183
41 1.1720120117714183
42 1.1720120117714183
43 1.1720120117714183
44 1.1720120117714183
45 1.1841741537842918
46 1.1911443671468271
47 1.2471746410259457
48 1.2051361956855855
49 1.2305599190143675
50 1.2051361956855855
51 1.2051361956855855
52 1.2110674528122558
53 1.2110674528122558
54 1.2110674528122558
55 1.2110674528122558
56 1.2168608410488286
57 1.2232307347401112
58 1.2292004517686
59 1.2292004517686
60 1.2535886372106613
61 1.2535886372106613
62 1.2450265947901629
63 1.2407081026071731
64 1.2407081026071731
65 1.2407081026071731
66 1.2415411197518165
67 1.24886222808264
68 1.24886222808264
69 1.24886222808264
70 1.24886222808264
71 1.24886222808264
72 1.2601491036768642
73 1.2601491036768642
74 1.281322068615433
75 1.2602607745192709
76 1.2801144133612503
77 1.2801144133612503
78 1.2674489199743626
79 1.2674489199743626
80 1.2674489199743626
81 1.2674489199743626
82 1.2933032204467596
83 1.2674489199743626
84 1.2696602092415614
85 1.2696602092415614
86 1.2696602092415614
87 1.279469652562914
88 1.2836947397114837
89 1.2927346810608007
90 1.2927346810608007
91 1.2927346810608007
92 1.3448337669116008
93 1.3099413898539891
94 1.3099413898539891
95 1.3218889992553315
96 1.3316681137511155
97 1.3540103871710862
98 1.3316681137511155
99 1.3436381199250833
100 1.3316681137511155
101 1.3316681137511155
102 1.3316681137511155
103 1.3316681137511155
104 1.3316681137511155
105 1.3316681137511155
106 1.3316681137511155
107 1.3317536837421857
108 1.3390731322260334
109 1.3390731322260334
110 1.3449840599414369
111 1.3449840599414369
112 1.3449840599414369
113 1.374941511093236
114 1.3449840599414369
115 1.3449840599414369
116 1.3553968251726822
117 1.3502817078998743
118 1.3531998664155058
119 1.363877459842553
120 1.363877459842553
121 1.363877459842553
122 1.3676569217629013
123 1.3676569217629013
124 1.3676569217629013
125 1.3749079765081598
126 1.3764104085595317
127 1.3818276262095408
128 1.3818276262095408
129 1.388159134886783
130 1.3944627716476725
131 1.41683070207639
132 1.395880513576605
133 1.405120512880414
134 1.405120512880414
135 1.4062111238249906
136 1.4130706718461514
137 1.4153511820951452
138 1.4486867084668773
139 1.424329242010995
140 1.4246426753099595
141 1.4246426753099595
142 1.4246426753099595
143 1.4289553851978236
144 1.4289553851978236
145 1.4289553851978236
146 1.4367777198223317
147 1.4367777198223317
148 1.4369809154848576
149 1.461459941861952
150 1.4914626830577378
151 1.4914626830577378
152 1.4953856194623145
153 1.4953856194623145
154 1.4953856194623145
155 1.4953856194623145
156 1.4953856194623145
157 1.5154604958751632
158 1.5150107034225526
159 1.5652882837773898
160 1.5652882837773898
161 1.579403570857678
162 1.5448407613147617
163 1.5721593329219314
164 1.6182496126004153
165 1.6182496126004153
166 1.5560795894274406
167 1.556271656923471
168 1.556271656923471
169 1.5579083396188806
170 1.5581934151582286
171 1.5581934151582286
172 1.5581934151582286
173 1.5584333586290275
174 1.5782577767648265
175 1.578831482065435
176 1.578831482065435
177 1.5789413139543877
178 1.5789413139543877
179 1.599864651091715
180 1.6154997315085777
181 1.6082467904562547
182 1.6082467904562547
183 1.6188599388098748
184 1.6188599388098748
185 1.6188599388098748
186 1.6188599388098748
187 1.6190791024591
188 1.620697569937976
189 1.6190791024591
190 1.6191291661059064
191 1.6191291661059064
192 1.6191291661059064
193 1.6191291661059064
194 1.6633195960321903
195 1.6325834836523128
196 1.6325834836523128
197 1.6425589186517329
198 1.6478465006187435
199 1.6869212184233588
200 1.6869212184233588
201 1.657972127323343
202 1.657972127323343
203 1.657972127323343
204 1.657972127323343
205 1.657972127323343
206 1.657972127323343
207 1.6713642608210313
208 1.6713642608210313
209 1.6718041023299586
210 1.6738621254948018
211 1.7041750831577283
212 1.7041750831577283
213 1.7066065334663458
214 1.7066065334663458
215 1.7066065334663458
216 1.717427769020072
217 1.717427769020072
218 1.7363151923881919
219 1.7626785083545473
220 1.7626785083545473
221 1.7713832916041754
222 1.7733314118001902
223 1.7733314118001902
224 1.7763427625631327
225 1.7763427625631327
226 1.7763427625631327
227 1.7763427625631327
228 1.7774053854508651
229 1.7774053854508651
230 1.7774053854508651
231 1.7797463125512527
232 1.7874587205256711
233 1.7874587205256711
234 1.7947019909296575
235 1.8344852945755818
236 1.8093491958889594
237 1.8125599811105932
238 1.8109074421728788
239 1.8109074421728788
240 1.8109074421728788
241 1.8187533027890002
242 1.8303556595066603
243 1.8303556595066603
244 1.8324244868039545
245 1.837399499902899
246 1.863952126934784
247 1.8701187101182717
248 1.837570640989091
249 1.837570640989091
250 1.837570640989091
251 1.837570640989091
252 1.8431159071445062
253 1.878832277564083
254 1.878832277564083
255 1.878832277564083
256 1.8815882793406293
257 1.8843899674045244
258 1.8843899674045244
259 1.8843899674045244
260 1.896621372288546
261 1.896621372288546
262 1.9329907638485924
263 1.9362930126694047
264 1.9362930126694047
265 1.941054599697385
266 1.941054599697385
267 1.941054599697385
268 1.9432681810892292
269 1.947264969702798
270 1.947264969702798
271 1.949371648897391
272 1.960632604329317
273 1.960632604329317
274 1.960632604329317
275 1.9634477171838982
276 1.9634477171838982
277 1.9634477171838982
278 1.9725238407428443
279 1.9767481059634493
280 1.9769757577133753
281 1.9769757577133753
282 1.9773489740937003
283 1.9773489740927856
284 1.9773489740927856
285 1.9851990492477172
286 1.9870701069720456
287 1.9939278305233608
288 1.9939278305233608
289 1.9939278305233608
290 2.0150820266721303
291 2.059141563502438
292 2.059141563502438
293 2.066580949722737
294 2.066580949722737
295 2.066580949722737
296 2.06997921147599
297 2.06997921147599
298 2.06997921147599
299 2.06997921147599
300 2.06997921147599
301 2.06997921147599
302 2.06997921147599
303 2.0735931143437405
304 2.0735931143437405
305 2.0735931143437405
306 2.0735931143437405
307 2.079480390904536
308 2.079480390904536
309 2.098853597243563
310 2.098853597243563
311 2.1014891894363847
312 2.1014891894363847
313 2.114778394991166
314 2.1147783969171488
315 2.1147783969171488
316 2.1429358931410807
317 2.1429358931410807
318 2.1147783969171488
319 2.1147783969171488
320 2.123643893353323
321 2.127088971215971
322 2.1484525405549024
323 2.1484525405549024
324 2.1484525405549024
325 2.1484525405549024
326 2.1484525405549024
327 2.1484525405549024
328 2.1484525405549024
329 2.1484525405549024
330 2.1484525405549024
331 2.1484525405549024
332 2.1618903978628916
333 2.168881646867573
334 2.1602388791065428
335 2.1602388791065428
336 2.1602388791065428
337 2.160375191274286
338 2.1627481925306746
339 2.164867384568855
340 2.164867384568855
341 2.164867384568855
342 2.164867384568855
343 2.164867384568855
344 2.164867384568855
345 2.166274968999962
346 2.197343255538193
347 2.197343255538193
348 2.2006632481056
349 2.2006632481056
350 2.2304488071240143
351 2.2304488071240143
352 2.2337982272301504
353 2.2337982272301504
354 2.2362358887919496
355 2.2388618149987254
356 2.2388618149987254
357 2.240903721326904
358 2.240910363725792
359 2.240910363725792
360 2.2423135142596378
361 2.249970528848851
362 2.249970528848851
363 2.249970528848851
364 2.2670640684045953
365 2.2670640684045953
366 2.253707543129358
367 2.2543311859413206
368 2.300841288663736
369 2.3354246763976256
370 2.3354246763976256
371 2.272740164000104
372 2.272740164000104
373 2.2795994992607818
374 2.2800177180843466
375 2.2800177180843466
376 2.2800177180843466
377 2.2800177180843466
378 2.2800177180843466
379 2.280211432649895
380 2.28147596409113
381 2.3108256833961294
382 2.2817298736526785
383 2.283224283513577
384 2.290341906904749
385 2.290341906904749
386 2.290341906904749
387 2.290341906904749
388 2.308144035718789
389 2.336325829977005
390 2.3175766077214486
391 2.3289321826503464
392 2.330599769901803
393 2.349504098711981
394 2.355517646723287
395 2.3308600642967736
396 2.3308600642967736
397 2.3623532395873097
398 2.3664847500004766
399 2.398446421171484
400 2.379464461597603
401 2.379464461597603
402 2.379464461597603
403 2.379464461597603
404 2.380541215277338
405 2.380939701459137
406 2.380939701459137
407 2.3958273704647595
408 2.3958273704647595
409 2.3958273704647595
410 2.399516125853823
411 2.403579153964384
412 2.403579153964384
413 2.439204253643896
414 2.407872766596775
415 2.407872766596775
416 2.4134941603079314
417 2.413507042115517
418 2.4134941603079314
419 2.4134941603079314
420 2.421840638080329
421 2.421840638080329
422 2.4616725334467473
423 2.4616725334467473
424 2.4703947008425713
425 2.4703947008425713
426 2.4704745192484534
427 2.4704745192484534
428 2.4915605142028694
429 2.4915605142028694
430 2.498659259477088
431 2.4915605142028694
432 2.500267046849759
433 2.500532043285217
434 2.501330824667047
435 2.5276489421953756
436 2.501330824667047
437 2.5080439464659636
438 2.5080439464659636
439 2.545684583275509
440 2.545684583275509
441 2.545684583275509
442 2.569462706818436
443 2.545684583275509
444 2.5679261224695376
445 2.5698192034906495
446 2.5698192034906495
447 2.5698192034906495
448 2.5698192034906495
449 2.6044698264946913
450 2.6044698264946913
451 2.616672808019447
452 2.616672808019447
453 2.632324971933356
454 2.6377771864693793
455 2.6377771864693793
456 2.6377771864693793
457 2.6377771864693793
458 2.6377771864693793
459 2.6377771864693793
460 2.6378141461442284
461 2.6607037504952666
462 2.63990093673444
463 2.6563498693873564
464 2.6427880681211757
465 2.655214603775653
466 2.655214603775653
467 2.6581997221740647
468 2.6613233324634455
469 2.6613233324634455
470 2.6613233324634455
471 2.6658861505309788
472 2.6658861505309788
473 2.6658861505309788
474 2.6658861505309788
475 2.6658861505309788
476 2.6760378304597325
477 2.6658861505309788
478 2.6658861505309788
479 2.6666611051396267
480 2.6669276626764837
481 2.6669276626764837
482 2.6669276626764837
483 2.6669276626764837
484 2.6672898539188306
485 2.6672898539188306
486 2.6685748616546774
487 2.6747809042361324
488 2.677779523953393
489 2.677779523953393
490 2.677779523953393
491 2.677779523953393
492 2.677779523953393
493 2.677779523953393
494 2.677779523953393
495 2.677779523953393
496 2.687476131894364
497 2.6904873248705563
498 2.6921819667979308
499 2.6921819667979308
