0 2.301478556479854
1 2.301478556479854
2 4.149174128967026
3 1.4427445144758277
4 0.6103485253913931
5 0.71945784260715
6 0.2509158348488533
7 0.2487411571628395
8 0.22811614907253022
9 0.17450242596918372
10 0.13661200099211446
11 0.12271704934742404
12 0.1193144052229326
13 0.1130008185566545
14 0.0846064031970179
15 0.09282087192513336
16 0.0931944226554449
17 0.07436079470969069
18 0.06914924910518454
19 0.06457538451494396
20 0.08319797809084337
21 0.06798770312982061
22 0.059605151851880006
23 0.07028985633167731
24 0.050109944452138885
25 0.06130213445968453
26 0.05472516489884685
27 0.04839813254872386
28 0.04893645102446111
29 0.0476244721783436
30 0.04840089113038292
31 0.048889070086781235
32 0.04435991437587628
33 0.042807643450871145
34 0.04626674262602711
35 0.04957296843060468
36 0.05356480611610288
37 0.046313374232465385
38 0.050064931579377726
39 0.0518780779652577
40 0.050550810194175025
41 0.03666992892994321
42 0.04644757817071183
43 0.0468711064259087
44 0.03858474423836781
45 0.03623898351285933
46 0.040769401281744076
47 0.040081849455667576
48 0.036423133057227663
49 0.03548086828155245
