0 2.301478556479854
1 2.301478541213432
2 4.149174075773086
3 1.442744522109039
4 0.6103485780933489
5 0.7194578719771224
6 0.25091583821820046
7 0.24874111929495613
8 0.2281161688637173
9 0.17450251966983213
10 0.1366121472307239
11 0.12271705290126526
12 0.11931440843573923
13 0.11300083646003815
14 0.08460641824540166
15 0.09282095797020773
16 0.09319444277834868
17 0.07436082814412454
18 0.06914925412286545
19 0.06457540820007505
20 0.08319798326413294
21 0.06798767370021361
22 0.05960516208943992
23 0.07028985218055968
24 0.05010992501549732
25 0.061302156472255315
26 0.054725151077628494
27 0.04839814398549553
28 0.04893650734548333
29 0.04762446731999852
30 0.048400874379621615
31 0.04888907745536445
32 0.04435991738368946
33 0.04280768019525057
34 0.046266755946875064
35 0.049572987950641315
36 0.05356478136221041
37 0.04631336518340167
38 0.0500649080666275
39 0.051878105289954554
40 0.05055073753424201
41 0.03666994361213412
42 0.046447615665879814
43 0.04687115013983292
44 0.038584738486437585
45 0.0362389864766455
46 0.040769352893037104
47 0.04008185724076024
48 0.03642313096256719
49 0.0354808828829107
