0 2.301478556479854
1 2.301478556479854
2 4.149174128967026
3 1.442744565761465
4 0.6103487342461876
5 0.719457965946126
6 0.2509158241221045
7 0.2487409105817934
8 0.22811614382469755
9 0.17450246012109466
10 0.13661209922684556
11 0.1227170498524534
12 0.11931436050826755
13 0.11300089134610612
14 0.08460640727638781
15 0.092821051231052
16 0.0931944501469319
17 0.07436074824699049
18 0.0691491942321616
19 0.06457533588024483
20 0.08319798410460613
21 0.06798767612752257
22 0.059605161271329636
23 0.0702899136394635
24 0.050109929062720535
25 0.061302121095974306
26 0.05472508200508108
27 0.04839814197050297
28 0.04893646036843588
29 0.04762460077074303
30 0.04840085100943503
31 0.048889083816684324
32 0.044359923888737704
33 0.04280768400067468
34 0.046266748305743725
35 0.04957294372796058
36 0.053564811825170824
37 0.046313381433792565
38 0.05006489380746856
39 0.051877942918359544
40 0.05055080905180236
41 0.03666991919461729
42 0.046447590417207675
43 0.046871054696740064
44 0.03858472935071754
45 0.03623896565513332
46 0.04076941945627816
47 0.04008183341772445
48 0.03642313914157342
49 0.035480871301478874
