0 5.792600488097503e-07
1 5.291810070163422e-07
2 4.969992804427441e-07
3 4.6195770588303516e-07
4 4.5025990412976855e-07
5 4.3520204935887357e-07
6 4.3142128072829615e-07
7 4.0153156838117287e-07
8 4.0647161250124417e-07
9 3.7430604583464977e-07
10 3.600830710695444e-07
11 3.739419170863854e-07
12 3.390045420388059e-07
13 3.2839779207423967e-07
14 3.483307977615027e-07
15 3.148144029711822e-07
16 3.090376656344817e-07
17 3.0452158989229693e-07
18 2.645764641212381e-07
19 3.338316908192746e-07
20 2.6636240183283655e-07
21 2.774255100896324e-07
22 2.924962528610549e-07
23 2.6710574541706276e-07
24 2.740430336797179e-07
25 2.1390749820026426e-07
26 2.43706511839467e-07
27 2.2502776558728626e-07
28 2.0181742065445286e-07
29 2.3085642838479685e-07
30 2.7488271616699174e-07
31 2.446436204379071e-07
32 2.6432320283341456e-07
33 2.1006427725976565e-07
34 2.2186936079088368e-07
35 2.41061318404475e-07
36 2.533808606027452e-07
37 2.127522331119008e-07
38 1.8809213901933034e-07
39 2.1334462999426174e-07
40 2.048884702063305e-07
41 2.1669440999213588e-07
42 2.039431749347446e-07
43 1.7240805864747613e-07
44 2.1075323708427173e-07
45 1.9968446616694503e-07
46 1.940783070336227e-07
47 2.1565694544701245e-07
48 2.0755737917401448e-07
49 2.250649021068797e-07
50 2.0285850778894275e-07
51 2.0593195532394152e-07
52 2.135764958958597e-07
53 1.7861206355634127e-07
54 2.0307875928662646e-07
55 1.8634551904555904e-07
56 1.7304166931816414e-07
57 1.9021747162328764e-07
58 1.537186398605603e-07
59 2.084020700979559e-07
60 1.703619267885404e-07
61 1.4626173875008308e-07
62 1.992526677080258e-07
63 1.7780895838034448e-07
64 1.7423554738088191e-07
65 1.8194045712512288e-07
66 2.0020032239281032e-07
67 1.7086554215870597e-07
68 1.8111126072595208e-07
69 1.6620115188760232e-07
70 1.2878103317310162e-07
71 1.428610977756602e-07
72 1.425681033354611e-07
73 1.7794684310463272e-07
74 2.0508597210389647e-07
75 1.6132580337409022e-07
76 1.3545383117447858e-07
77 1.6293925637479366e-07
78 1.8475741223745685e-07
79 1.580594019992701e-07
80 1.6082807981412771e-07
81 1.7528131755813069e-07
82 1.7515701347589183e-07
83 1.570985734214304e-07
84 1.7442358564977764e-07
85 2.006518238815307e-07
86 1.4227236765772384e-07
87 1.8411968589618315e-07
88 1.8411968589618315e-07
89 1.617380709946914e-07
90 1.327227124174827e-07
91 1.3002358644273148e-07
92 1.277439382544406e-07
93 1.6422502752534764e-07
94 1.672617669200947e-07
95 1.541681073471983e-07
96 1.2727465380401796e-07
97 1.6182677071845848e-07
98 1.4281827841615968e-07
99 1.66319079134941e-07
