0 0.0011899121016291352
1 0.002135086093391959
2 0.0
3 0.0015536554825390356
4 0.0008056068944493822
5 0.0018904225540171526
6 0.0010777765528939612
7 0.0015725682794799126
8 0.0
9 0.0019177789274864414
10 0.001064827522901285
11 0.0017010526594869204
12 0.0008498413488275915
13 0.0012922660085905985
14 0.0009511387221041897
15 0.0
16 0.0021131067233591022
17 0.0008427117315156176
18 0.0
19 0.0017052602565935052
20 0.0
21 0.0
22 0.0017835083150040563
23 0.0
24 0.002043265251312961
25 0.001754539697366941
26 0.0
27 0.0002299379260757346
28 0.0
29 0.0024163423242438966
30 0.0023150157884807036
31 0.001928017332318148
32 0.00041831521277453394
33 0.003062360628092922
34 0.0017855850016673367
35 0.0006803616262713313
36 0.0
37 0.0036398940629077028
38 0.0004173222046241243
39 0.000710311666545907
40 0.0016764416616346371
41 0.0
42 0.0023416682732494863
43 0.002280003239873343
44 0.0025869777092969856
45 0.0
46 0.0
47 0.005142071575975167
48 0.002492052690904382
49 0.0012907155786726768
50 0.001935439899370906
51 0.00014444909564923327
52 0.0
53 0.0
54 0.004406652065024557
55 0.005600007449940182
56 0.001290424310924397
57 -0.00019037834916562838
58 0.0019211604228372232
59 -0.00014470861628751482
60 -0.0009826293408390153
61 0.0
62 0.005718520903177231
63 0.0
64 0.0
65 0.004407212630095613
66 0.0018101503502390573
67 0.0
68 0.0012790666901021696
69 0.0039885788447463115
70 0.00639495860501018
71 0.0
72 0.0
73 0.0
74 0.0
75 0.0
76 0.0
77 0.00411278366966211
78 0.012995327410139047
79 0.0
80 0.014794441451573269
81 0.005368580217967999
82 0.008219820693224347
83 0.0
84 0.0065995033809589905
85 0.0020562539172304783
86 0.009836088019787595
87 0.006901977186292961
88 0.007620849603830474
89 0.0
90 0.001260018640620481
91 0.0017519402954892713
92 -0.004475173931550209
93 -0.0015805385812054477
94 -0.004980680015943592
95 -0.002160945178001856
96 -0.0013948402918579981
97 -0.0035320768339425455
98 -0.0027607947020940517
99 -0.0003716629600374919
