0 18.109455085742944
1 18.109455085742944
2 651.5859576516774
3 17.138971980158686
4 94.73044102617715
5 19.503542447340614
6 8.460474430530772
7 7.225608752213937
8 4.806046133464179
9 5.198951977858131
10 4.909776062295098
11 4.52142779910301
12 4.486301135396647
13 4.138193651698362
14 6.979670936313494
15 3.2152983990831934
16 3.563345006550991
17 3.2316972280276186
18 2.998248406563359
19 3.340249232377572
20 3.2895137575520703
21 2.90282391285288
22 2.855601308762043
23 2.59427705963234
24 2.579649212361575
25 2.7784484598027164
26 2.616551798304777
27 2.2975539794380846
28 2.2733469965936184
29 2.270644329978864
30 2.567876770712245
31 2.8216436609379825
32 2.864895347835661
33 2.7665193761927656
34 2.979362795119984
35 2.7349997513767716
36 2.0876627018476737
37 2.241618543580033
38 2.3492055684104183
39 2.7752356443362216
40 2.6023550744412125
41 2.798475787423741
42 2.5961584617878093
43 3.074504332759489
44 2.6435703813820974
45 2.5516579555475216
46 2.658533042642461
47 2.1827446098041987
48 2.624337552010029
49 2.4347424201812666
