0 1.0115884007476843
1 1.0257849319765024
2 1.0496491308981
3 1.055906485892243
4 1.055906485892243
5 1.056482403772548
6 1.0757121778143774
7 1.0757121778143774
8 1.1043577452594455
9 1.1462474444900017
10 1.17861390389396
11 1.2220639390737205
12 1.2220639390737205
13 1.2220639390737205
14 1.2429815417907817
15 1.2429815417907817
16 1.2429815417907817
17 1.2711235606559073
18 1.2711235606559073
19 1.2931579330348733
20 1.3503221612877578
21 1.3970508507467725
22 1.4456577114869908
23 1.4456577114869908
24 1.4760358399897882
25 1.5283800724419674
26 1.5283800724419674
27 1.552580835945895
28 1.552580835945895
29 1.552580835945895
30 1.588270113873511
31 1.588270113873511
32 1.6170802069988814
33 1.672589208306054
34 1.672589208306054
35 1.692504770360351
36 1.7515821742808413
37 1.795519632803524
38 1.8384991619173836
39 1.8969881101639077
40 1.9191040244849995
41 1.9567135124744206
42 2.0004796646086445
43 2.043991910899823
44 2.043991910899823
45 2.077321805896233
46 2.12529381319968
47 2.1489480118924598
48 2.213466798372148
49 2.2533398281876007
