0 1.0
1 1.0073266684976123
2 1.0073266684976123
3 1.0073266684976123
4 1.0073266684976123
5 1.0073266684976123
6 1.022563530159468
7 1.022563530159468
8 1.0540563925022146
9 1.1134043709470343
10 1.1569715910984988
11 1.213238063712111
12 1.2762789275869506
13 1.3467353850599872
14 1.3467353850599872
15 1.3467353850599872
16 1.3769607197264748
17 1.4474676148350474
18 1.5011180533370956
19 1.5651809525249458
20 1.6148485073311964
21 1.685527877190311
22 1.7432605516712023
23 1.8000994677504238
24 1.8480302292473494
25 1.8480302292473494
26 1.8810392857698128
27 1.8810392857698128
28 1.9166175399917096
29 1.9166175399917096
30 1.9166175399917096
31 1.9370685629267168
32 2.006666992546457
33 2.0628034308655967
34 2.109226837207921
35 2.163781571126652
36 2.2150269324739718
37 2.2150269324739718
38 2.2150269324739718
39 2.242321890416484
40 2.2872621397809554
41 2.3310980124867835
42 2.379305610413462
43 2.379305610413462
44 2.379305610413462
45 2.4013813819612504
46 2.464118224137804
47 2.5079856080713703
48 2.562015439164311
49 2.562015439164311
