0 1.0
1 1.1
2 1.1
3 1.1644477638913278
4 1.2644477638913278
5 1.2644477638913278
6 1.2644477638913278
7 1.3483817471739488
8 1.4475407706121417
9 1.5475407706121418
10 1.646129765816964
11 1.7456872462060664
12 1.8455737972441613
13 1.9403416967853224
14 2.0355411585471064
15 2.1355411585471065
16 2.2355411585471066
17 2.2355411585471066
18 2.3355411585471066
19 2.3355411585471066
20 2.4355411585471067
21 2.535541158547107
22 2.6210563261083406
23 2.7134855311188235
24 2.7134855311188235
25 2.8134855311188236
26 2.9044963305495175
27 3.000517545939684
28 3.095283934723211
29 3.19064035779583
30 3.2788364891684285
31 3.3788364891684286
32 3.3788364891684286
33 3.3788364891684286
34 3.4734689354635315
35 3.4734689354635315
36 3.5621434728347565
37 3.654416195255699
38 3.754416195255699
39 3.754416195255699
40 3.754416195255699
41 3.754416195255699
42 3.841158747750246
43 3.921689736539127
44 3.921689736539127
45 4.016925254856829
46 4.104823647930637
47 4.180517567105309
48 4.280517567105309
49 4.380517567105309
