0 2.2379458582832954
1 2.237945872096962
2 2.262345473015873
3 1.49865647444818
4 2.0182440179968277
5 1.3267288795752779
6 1.61064819725111
7 1.4142229980745022
8 1.1262215804256768
9 1.1207546244756756
10 1.0884329113787596
11 1.042558855333036
12 1.1155735782926128
13 0.8896320185289409
14 0.9368285794444071
15 1.0551268404240728
16 0.7879307913248917
17 0.840720469606288
18 0.8711601031523893
19 1.0967873125687284
20 0.7123316859136385
21 0.7740190076296708
22 0.7761556209960023
23 0.7886712360182845
24 0.6916797175214815
25 0.7356429198160145
26 0.6210178811736093
27 1.2039130610011746
28 0.7636631659146471
29 0.8597324243827118
30 0.7522276135872333
31 0.7273430076150177
32 0.8768931406122065
33 0.7984946476715853
34 0.8167499608482159
35 0.6167323467625216
36 0.7641176727488844
37 0.8309054244527577
38 0.7747375294358617
39 0.6996183231182417
40 0.6721973583724837
41 0.7190612985397116
42 1.0243990663698457
43 0.9834854247510267
44 0.823116769133172
45 1.052477001546153
46 0.6297526389443443
47 0.821631861363945
48 0.7804590803334972
49 0.7853318098527807
50 0.8030148629690611
51 0.8186335818017093
52 0.8068044685055619
53 0.67442939580317
54 0.6956202902501673
55 0.6978426648049634
56 0.7192350151147019
57 0.9140816132338266
58 0.8536674458004306
59 0.9125326453145168
60 1.298896793004198
61 0.8140152243518564
62 0.867523969215935
63 0.6760885785549132
64 1.0170528308926852
65 1.002324484184924
66 0.7690480360413661
67 0.7975800376748641
68 0.863738004576861
69 0.8031141525523576
70 1.0088987995323033
71 0.7960324180657485
72 0.8246153513037062
73 0.8924558821162806
74 0.9209333823749946
75 0.9167893463522611
76 1.0545672721517452
77 1.127094350286181
78 0.8882527475901633
79 0.8610493169189496
80 0.9264857671719076
81 0.9070546876089155
82 0.9151076906570818
83 1.0278111635476435
84 1.31778282096459
85 0.7823157113242615
86 0.9386242250214049
87 0.8209567482424978
88 0.858729967001753
89 1.1670454875340368
90 0.7957651293709418
91 0.8951741357699742
92 0.9084733897929073
93 0.8784051988118207
94 0.8990226460366528
95 0.998031495573793
96 1.755544222164951
97 0.7390926343484842
98 1.0725959890068075
99 0.630911725875727
