0 2.2379458582832954
1 2.2379458582832954
2 2.262345460530443
3 1.4986564308819996
4 2.01824400165951
5 1.326728830961796
6 1.610648165771888
7 1.4142230137477014
8 1.1262215792302634
9 1.1207546109276563
10 1.0884329125077612
11 1.0425588288679097
12 1.115573463134447
13 0.8896320014942988
14 0.9368287283065924
15 1.055126857425509
16 0.7879307625685562
17 0.8407205133717041
18 0.8711601007615624
19 1.0967873237923327
20 0.7123316811319845
21 0.7740190228711927
22 0.7761556755201399
23 0.7886712730761026
24 0.6916798283462737
25 0.735642972414208
26 0.6210178805094908
27 1.2039131834646453
28 0.7636631779351939
29 0.8597325920062477
30 0.752227604189955
31 0.7273430437762757
32 0.8768931269313631
33 0.7984945790017216
34 0.8167499485454187
35 0.6167323501661295
36 0.7641176892190259
37 0.8309054522295184
38 0.7747347048066121
39 0.6996183886169391
40 0.672197496774801
41 0.7190613396154473
42 1.0243991707028786
43 0.9834853983855181
44 0.8231168039329869
45 1.0524770995036474
46 0.6297525766500192
47 0.8216318040505093
48 0.7804591633815288
49 0.7853318518250766
50 0.8030150212617305
51 0.8186337055934173
52 0.8068046065758198
53 0.6744294878168027
54 0.69562041457317
55 0.6978427124886791
56 0.7192351185843805
57 0.9140816494947024
58 0.8536675641463659
59 0.9125326162261219
60 1.2988967162320872
61 0.8140151717536629
62 0.8675240018573644
63 0.6760883840677798
64 1.0170527554488116
65 1.002324538841885
66 0.7690480105060057
67 0.7975809838114343
68 0.8637380081963074
69 0.8031142233474009
70 1.0088988706594058
71 0.7960326916826137
72 0.8246152117059755
73 0.8924555838108063
74 0.9209335581837922
75 0.916789291164005
76 1.0545666126487647
77 1.1270944755389498
78 0.8882525424771323
79 0.8610490804595203
80 0.9264857754733902
81 0.907054457458613
82 0.9151073027786106
83 1.0278110335796324
84 1.3177828858489777
85 0.7823156797786277
86 0.9386241822521667
87 0.820956846199992
88 0.8587295998769883
89 1.1670456823200237
90 0.7957650518350946
91 0.8951742899783143
92 0.9084735663820442
93 0.8784049442551595
94 0.8990222587558885
95 0.9980318850627516
96 1.7555439258352297
97 0.7390926593027407
98 1.072596003086122
99 0.6309116850324328
