0 1.0
1 1.0303050190393857
2 1.0841288342950288
3 1.1619707251492406
4 1.256102452798798
5 1.3561024527987982
6 1.4561024527987982
7 1.5561024527987983
8 1.6561024527987984
9 1.7561024527987985
10 1.7561024527987985
11 1.7561024527987985
12 1.8561024527987986
13 1.9561024527987987
14 1.9561024527987987
15 2.0561024527987986
16 2.1561024527987986
17 2.2561024527987987
18 2.356102452798799
19 2.456102452798799
20 2.456102452798799
21 2.556102452798799
22 2.656102452798799
23 2.656102452798799
24 2.756102452798799
25 2.8561024527987993
26 2.8561024527987993
27 2.9561024527987994
28 2.9561024527987994
29 3.0561024527987994
30 3.1561024527987995
31 3.1561024527987995
32 3.2561024527987996
33 3.3561024527987997
34 3.3561024527987997
35 3.4561024527988
36 3.5561024527988
37 3.6561024527988
38 3.6561024527988
39 3.6561024527988
40 3.7561024527988
41 3.7561024527988
42 3.8561024527988
43 3.8561024527988
44 3.8561024527988
45 3.9561024527988002
46 4.0561024527988
47 4.1561024527988
48 4.2561024527988
49 4.356102452798799
