0 1.087125703469829
1 1.187125703469829
2 1.2832034708462747
3 1.2832034708462747
4 1.3756853557839732
5 1.46722137823916
6 1.5523806719889721
7 1.6153117932545944
8 1.6153117932545944
9 1.6153117932545944
10 1.6752393144777467
11 1.728048991397604
12 1.7901256275066597
13 1.8504830316397696
14 1.8962687771091808
15 1.8962687771091808
16 1.953242029107279
17 2.0152377455973336
18 2.0152377455973336
19 2.0152377455973336
20 2.0506622527270495
21 2.085383823075346
22 2.1253324768805184
23 2.1765420341663178
24 2.1765420341663178
25 2.219968048410377
26 2.269777672541421
27 2.269777672541421
28 2.3027317976277075
29 2.3027317976277075
30 2.3027317976277075
31 2.3374696616282473
32 2.3374696616282473
33 2.3764613769988583
34 2.4180450954400414
35 2.482348479982202
36 2.528908173589162
37 2.5648768427511794
38 2.6169862830378263
39 2.6169862830378263
40 2.6169862830378263
41 2.65491965073757
42 2.65491965073757
43 2.706901633420227
44 2.743476976875815
45 2.783378403269392
46 2.835855010620899
47 2.835855010620899
48 2.8956496538169048
49 2.8956496538169048
