0 9997
2 9997
3 9997
4 9997
5 9997
6 9997
7 9997
8 9997
10 9997
11 9997
13 9997
15 9997
16 9997
17 9997
20 8283
21 9997
22 9997
24 9997
25 9997
26 9865
27 8243
30 9997
31 9997
32 9939
33 9997
34 9997
35 9997
36 9997
37 9997
38 9997
39 9997
41 9997
42 9997
44 9752
46 9473
48 9997
50 9997
51 9997
53 8860
54 9997
55 9997
58 9997
60 8674
61 9997
62 9997
64 9476
65 9997
66 9997
68 9703
71 8673
72 9997
73 9997
74 9997
75 9028
77 9997
78 8277
79 9997
80 9997
81 9997
82 9787
83 9997
84 9997
85 8351
87 9997
88 7093
89 9997
90 9997
91 9997
92 9997
95 9997
96 9073
98 9997
99 9997
