0 9997
5 9997
6 9997
7 9997
8 9997
9 9997
10 9997
12 9997
13 9997
14 9997
18 9997
19 9997
20 6927
21 9997
22 9997
23 9997
25 9997
26 8770
29 9997
30 9997
32 8565
33 9996
34 8878
35 9997
36 9997
37 9063
38 9996
39 9246
40 9997
41 9997
42 9433
43 9997
44 8787
46 7476
48 9997
49 8221
50 9996
51 9740
52 9997
53 8008
54 9997
55 9997
57 9258
58 9997
60 8046
61 9997
63 9997
64 8885
68 7709
69 7123
72 5068
73 4307
74 9997
75 8051
76 5862
77 9996
79 9997
81 9997
82 9068
83 9996
84 9548
86 9997
87 4922
88 2953
90 1913
91 3535
92 9996
93 9997
94 7877
97 9997
98 9997
99 9997
