1 9996
2 9997
3 9997
5 9997
7 9997
8 9997
9 9997
10 9997
12 9997
13 9997
14 9997
15 9997
19 9997
20 7763
21 9997
23 9997
25 9997
26 9153
27 6713
29 9997
30 9997
31 9997
32 9299
34 8673
35 9996
37 9393
38 9997
39 9513
41 9996
42 9523
43 9997
44 9024
47 9997
49 8444
50 9997
52 9997
56 9997
57 9293
58 9997
60 8015
61 9997
62 9997
63 9997
65 9997
66 9997
67 9997
69 9912
70 9997
71 9161
73 9996
74 9997
76 9997
77 9997
78 8657
79 9997
80 9997
81 9997
84 9997
85 8588
86 9997
87 9997
88 7553
89 9997
90 9997
93 9997
94 9011
96 8135
97 9997
98 9997
99 9997
