0 1.1971716849955314
1 1.3971716849955313
2 1.4991165976341514
3 1.5975195899129182
4 1.6828028026410042
5 1.753783959083816
6 1.753783959083816
7 1.753783959083816
8 1.753783959083816
9 1.753783959083816
10 1.753783959083816
11 1.7823553876552445
12 1.7823553876552445
13 1.7823553876552445
14 1.7823553876552445
15 1.810926816226673
16 1.810926816226673
17 1.8394982447981014
18 1.8394982447981014
19 1.8394982447981014
20 1.8394982447981014
21 1.8394982447981014
22 1.8394982447981014
23 1.8394982447981014
24 1.8394982447981014
25 1.8394982447981014
26 1.8394982447981014
27 1.8394982447981014
28 1.8394982447981014
29 1.8394982447981014
30 1.8394982447981014
31 1.8394982447981014
32 1.8394982447981014
33 1.8394982447981014
34 1.8394982447981014
35 1.8394982447981014
36 1.8394982447981014
37 1.8394982447981014
38 1.8394982447981014
39 1.8394982447981014
40 1.8394982447981014
41 1.8394982447981014
42 1.8394982447981014
43 1.87653831061825
44 1.87653831061825
45 1.87653831061825
46 1.87653831061825
47 1.87653831061825
48 1.9092177022346701
49 1.9092177022346701
