0 1.0118035905700402
1 1.0118035905700402
2 1.0118035905700402
3 1.0118035905700402
4 1.0118035905700402
5 1.0118035905700402
6 1.0118035905700402
7 1.0118035905700402
8 1.0403750191414687
9 1.0689464477128972
10 1.0689464477128972
11 1.0689464477128972
12 1.0975178762843256
13 1.0975178762843256
14 1.126089304855754
15 1.126089304855754
16 1.126089304855754
17 1.1546607334271826
18 1.183232161998611
19 1.2118035905700395
20 1.2118035905700395
21 1.2118035905700395
22 1.240375019141468
23 1.2689464477128964
24 1.297517876284325
25 1.297517876284325
26 1.297517876284325
27 1.3260893048557534
28 1.3260893048557534
29 1.3260893048557534
30 1.3796705784923042
31 1.3796705784923042
32 1.4082420070637327
33 1.4082420070637327
34 1.4082420070637327
35 1.4082420070637327
36 1.4082420070637327
37 1.4082420070637327
38 1.4082420070637327
39 1.4368134356351612
40 1.4368134356351612
41 1.4653848642065896
42 1.4653848642065896
43 1.4653848642065896
44 1.4653848642065896
45 1.4939562927780181
46 1.4939562927780181
47 1.4939562927780181
48 1.4939562927780181
49 1.4939562927780181
