0 1.1159732298802114
1 1.256167259367574
2 1.4561672593675739
3 1.6546649747653088
4 1.7399481874933949
5 1.8039340936033261
6 1.8039340936033261
7 1.8039340936033261
8 1.8325055221747546
9 1.8325055221747546
10 1.8325055221747546
11 1.8325055221747546
12 1.861076950746183
13 1.861076950746183
14 1.861076950746183
15 1.861076950746183
16 1.9071576417877787
17 1.9357290703592072
18 1.9643004989306356
19 1.9643004989306356
20 1.9643004989306356
21 1.9643004989306356
22 1.9643004989306356
23 1.9643004989306356
24 1.9643004989306356
25 1.992871927502064
26 1.992871927502064
27 1.992871927502064
28 1.992871927502064
29 1.992871927502064
30 2.0464532011386147
31 2.075024629710043
32 2.075024629710043
33 2.075024629710043
34 2.075024629710043
35 2.075024629710043
36 2.075024629710043
37 2.075024629710043
38 2.1035960582814717
39 2.1321674868529
40 2.1321674868529
41 2.1321674868529
42 2.171783676724918
43 2.2088237425450665
44 2.2088237425450665
45 2.2088237425450665
46 2.2088237425450665
47 2.2088237425450665
48 2.237579483860008
49 2.237579483860008
