0 0.0
1 0.0
2 -0.0007471365830373069
3 -0.0006343713383430021
4 -0.0006114679186105925
5 0.0
6 0.0
7 -0.0007890887650945028
8 -0.0005773878381011542
9 -0.0006020379009118021
10 0.0
11 -0.0006073606341047261
12 -0.000604790893906588
13 -0.0008352680517076219
14 0.0
15 -0.0004400691638407852
16 -0.000418921523473608
17 0.0
18 -1.1762000451836089e-05
19 -1.0286849016674195e-07
20 -1.2817833658413025e-07
21 0.0
22 0.0
23 -7.80543445584406e-09
24 -2.9474378728902683e-08
25 -1.067050311497326e-07
26 -1.635324171967406e-07
27 -1.4814626750118368e-06
28 -6.118666318619064e-05
29 0.0
30 -0.0002085856206512487
31 0.0
32 -0.0005785956979393995
33 0.0
34 0.0
35 0.00044240062934913847
36 -0.0002213861031507263
37 0.0
38 0.0
39 0.0002102465608571973
40 -0.0002601657020266461
41 -0.0005947860680713034
42 -0.00011760827823048679
43 8.657497302865326e-05
44 -0.00012091440805062683
45 -8.977242207017072e-08
46 0.0
47 0.0
48 1.6689139191934952e-07
49 0.0
