0 0.0
1 0.0
2 0.0
3 -0.0006522860403129133
4 0.0
5 -0.0009615136090858656
6 -0.00118793954762013
7 -0.0007963340760807385
8 -0.0005846945324920102
9 -0.0006092635137861864
10 0.0
11 -0.0006144306783379677
12 -0.000611869228894986
13 -0.0008422256012288507
14 -0.0007262807316315213
15 -0.00048550521421624046
16 -0.000458465586550929
17 -0.00011242668831825607
18 0.0
19 5.6219353574533804e-08
20 0.0
21 1.1202690828545619e-07
22 8.037995643263989e-08
23 1.306215310106737e-08
24 4.871056734730487e-09
25 0.0
26 1.6583760730065408e-08
27 1.3807526968718696e-06
28 -6.106006406268684e-05
29 0.0
30 -0.00020843156008650595
31 0.0
32 0.001368943247186587
33 0.0005062967843409043
34 0.0007073903480069141
35 0.0007593400004388874
36 0.00011370954931120365
37 -0.00013358178904578598
38 0.0
39 0.0
40 0.0
41 0.0
42 0.0
43 0.0
44 -7.263518645693247e-05
45 -4.372090888351039e-08
46 0.0
47 6.771025819181683e-08
48 4.846784148448821e-08
49 -1.376585089206936e-07
