0 1.0964073896573794
1 1.0964073896573794
2 1.1908206317440182
3 1.27815453448453
4 1.3650653446078413
5 1.455466939313602
6 1.5481533353348875
7 1.6387117948286125
8 1.6387117948286125
9 1.6387117948286125
10 1.6387117948286125
11 1.6387117948286125
12 1.7271718599513335
13 1.7271718599513335
14 1.810020426949467
15 1.9005381355384097
16 1.9005381355674607
17 1.9981368919595073
18 2.088772644360763
19 2.188772644360763
20 2.188772644360763
21 2.279312648883961
22 2.279312648883961
23 2.279312648883961
24 2.362191492253583
25 2.4445916948484605
26 2.540446206058366
27 2.540446206058366
28 2.6109480430100644
29 2.696482378471067
30 2.796482378471067
31 2.890734437363088
32 2.890734437363088
33 2.990361836741574
34 2.990361836741574
35 3.083911947555075
36 3.183911947555075
37 3.183911947555075
38 3.266446266633211
39 3.360673148532873
40 3.43783619290458
41 3.43783619290458
42 3.43783619290458
43 3.43783619290458
44 3.4942981830826265
45 3.5942981830826266
46 3.5942981830826266
47 3.5942981830826266
48 3.6917203531645693
49 3.7718464131882508
