0 0.0014538562989002246
1 0.0005427910649081139
2 0.0
3 0.0
4 0.0004944887313891091
5 0.0005306394475285914
6 2.9797029432695863e-05
7 0.002259744212821079
8 0.00014678297844020614
9 0.0
10 -0.0004975814938448997
11 0.0008499264050579259
12 0.00231913366286237
13 0.00133061835952274
14 0.00023632463551545344
15 0.00151781199118154
16 0.0022355726634833207
17 7.520730964211133e-06
18 0.00010055019845106521
19 2.231540125204681e-05
20 0.0
21 -0.0008842564807119376
22 0.0022144265113099113
23 0.0
24 0.0
25 -0.0001382868558729116
26 -0.00029457532774408593
27 0.0
28 0.0007136833009104917
29 0.0005006244915375379
30 -0.00046683773411861817
31 0.00010519552795500191
32 -0.0001616558063168571
33 0.0011055623568992487
34 0.0
35 -0.0012288316925639041
36 0.0
37 0.0
38 0.0010751608338683924
39 -0.0005941015487970375
40 0.00015117401838232733
41 0.0
42 0.00017338420857212586
43 -0.001250072924505761
44 -0.00010379343422126473
45 0.0
46 0.001592689044118955
47 0.0011582043344172722
48 0.0
49 -0.0005258076396116666
50 -0.00012212887474579565
51 0.00031622361581988724
52 0.0
53 0.0
54 7.283880960447365e-05
55 -0.00024288524368635352
56 -0.0004024760079886384
57 -0.0009499863786726262
58 -0.0001773425004110761
59 -2.6380698980487353e-05
60 0.0008566642953541158
61 -0.0003752747974596244
62 -0.0003328975380080654
63 -0.00011423602574268669
64 0.000815364584887493
65 0.0
66 0.0008045190330937753
67 0.0006450994913113823
68 0.001590193492640405
69 0.0
70 0.002057780095233466
71 0.001011935334507365
72 -0.0008691626896294329
73 0.0
74 0.0011785786860297252
75 0.0
76 -0.0005653910667972533
77 -0.0009520718910347106
78 -0.00017482963069254074
79 0.0
80 0.0010789434130476711
81 0.0
82 0.0
83 -0.001022641125868254
84 0.0
85 0.0002725268093801665
86 0.00030203322973894667
87 0.0
88 0.0
89 -0.0010605170017924626
90 0.0012615743154492647
91 0.0018435210420208934
92 -0.0005467737465847028
93 -0.00023619730867665883
94 0.0
95 -6.878489571777908e-05
96 0.0
97 0.0
98 -0.0012349332391938012
99 -0.00010810651536140027
