0 0.0
1 -2.2372061336791917e-05
2 0.00022837069946179934
3 -0.0008777452682672833
4 0.00015485081829717657
5 0.0003221403337487124
6 0.0006393963172999826
7 -0.0008058560623111885
8 0.0
9 -0.0006912269070779397
10 0.00039691905380839434
11 0.0003909286019844416
12 -0.00023495597479137638
13 0.0
14 0.0005611248716749114
15 -0.00031781990633766323
16 0.00029945657343541013
17 0.0
18 -0.00020734459329761125
19 0.0003082789103512429
20 0.0006493327457642609
21 0.0009904617567173418
22 -0.0008738869050959825
23 0.0
24 -0.0003002905322564893
25 -0.00023117300849664603
26 0.0
27 0.0008176163708368115
28 -0.0009454007248235121
29 -0.00041903559229211325
30 0.0
31 0.0
32 0.0006973770323663321
33 0.0008818968012070693
34 -8.665069943528095e-05
35 0.0004528655043250843
36 0.0015102369674067644
37 1.1188088513976012e-05
38 0.0
39 0.001119613798642264
40 0.00028462421553207833
41 0.0
42 0.0
43 0.0013493253293209485
44 7.787279483658254e-06
45 -3.938588996349078e-05
46 0.00047272605557508465
47 0.0
48 -0.0007094677488039659
49 0.00033783607956942223
50 0.001087287413282696
51 0.0014815158114685977
52 -0.0010860383215419982
53 0.0
54 0.0006020304881590034
55 0.0008827574208949723
56 -0.0007334999491969054
57 0.0
58 0.00102738609904173
59 0.0007482692626292823
60 -0.0010554134013135885
61 -0.00043100048092882884
62 0.0
63 0.0001619562939219524
64 0.0008576172109680901
65 -0.00046305751611091763
66 0.0
67 0.0
68 -0.002482250251330182
69 0.000316597828765056
70 -0.0006835129319645025
71 0.0
72 -0.00024296952425704348
73 0.0005302454875945246
74 0.0007021371197712062
75 0.0007082490440317569
76 -0.0003878857880657149
77 0.0
78 0.0
79 -0.0007372273816999247
80 0.0
81 0.0008986943275252918
82 -0.0014584779133615072
83 0.0
84 0.0003177790496477494
85 -0.0013824382007158616
86 -0.0009934602343362232
87 0.0
88 0.0005120553378864837
89 0.0
90 -0.0003863794356373711
91 0.0
92 0.0
93 0.0
94 0.0
95 -0.0006285768804769496
96 0.0
97 0.00015923660571186485
98 0.00038228584825378937
99 -0.0004903407878639835
