0 -0.0003159455292206183
1 1.3895128400290606e-06
2 0.0
3 0.0
4 0.0
5 0.0
6 0.0
7 0.0
8 -5.677008651573123e-05
9 -8.062267310595238e-05
10 -0.0006298100133895999
11 0.0
12 -0.0008242868204665583
13 0.0
14 0.0
15 -0.0008432793227322365
16 0.0
17 0.0001567594973480563
18 -0.00017424510340033507
19 0.0
20 -0.0005506079236973459
21 -0.00027607269300794875
22 -0.0008734133177650603
23 -0.0007912571387093613
24 0.00012433367003675686
25 0.00015748857272734212
26 0.0
27 0.0
28 0.0
29 0.0
30 -0.0006437582491754499
31 0.0
32 -0.00035854315567564204
33 -0.0005914448492002528
34 -0.0010539596064601873
35 0.0
36 -0.0012089208946725345
37 -0.000853215779797487
38 -0.0017309687699713285
39 0.0003517564827490626
40 -0.0015038715643076472
41 -0.000594494212917444
42 0.0015330961888922873
43 -0.0012036329431012972
44 0.0
45 -0.0005624058766863323
46 -0.0009345066290737669
47 -0.00116808058496055
48 -0.000375660792030007
49 0.0005010626039985672
50 0.0006120841262021883
51 -0.0017834465070718758
52 -0.0004932477819783501
53 0.0004105245752007241
54 0.0
55 0.0
56 -0.0002429447503124674
57 0.0005016293650608702
58 -0.00041252120426951683
59 0.0
60 0.0
61 0.0
62 -0.0005403033338897751
63 0.0
64 0.0
65 -0.00023005995739305862
66 -0.001386629634393291
67 -0.0013976879931232
68 -0.0012897135655298654
69 0.0
70 -0.0006421632993175703
71 -0.00033382488631115824
72 0.0
73 -0.0011533081407366088
74 0.0
75 3.985899860438725e-06
76 0.0
77 0.0005792997836152698
78 -0.0006641705598075332
79 -0.000980469458431689
80 0.0
81 0.0
82 -0.0015261927404280875
83 -0.00102119789571426
84 -0.0005269524484665121
85 7.110149363672452e-05
86 0.000875884806482831
87 -0.0005769417797510029
88 -0.00011704322538518579
89 0.0003183818984451463
90 0.0
91 -0.0009493853748497988
92 -0.00017029625062542459
93 -0.000807500089092442
94 0.0003750646078328849
95 0.0
96 0.0006103035257680584
97 -0.0004966903917149782
98 0.0
99 -0.0011737330417811145
