0 -0.001643930480917976
1 -0.0005290326214194938
2 -0.0013293397284633475
3 -0.0009654244478580656
4 -0.00046241923895339753
5 -0.0017421041152212674
6 -0.0006722666213739348
7 -0.0009904650591409732
8 0.0
9 -0.0004755676310845077
10 0.0
11 0.0
12 0.0
13 -0.001277188125676751
14 -0.0017002265581994413
15 -0.0010992041554219725
16 -0.0009041328643209035
17 -0.0009074694612811252
18 -0.0006874594089990874
19 -0.0018692261061525428
20 -0.00038512641749116275
21 0.0
22 -0.0007362737041479308
23 -0.0010370358607379895
24 -0.00039932469887343097
25 -0.0008003770057654645
26 -0.0001209837108268759
27 -0.0013203604732386252
28 0.0
29 5.249444039947245e-05
30 -0.0003778901674183156
31 0.0
32 -0.0010678589602173673
33 -0.0016480504783422782
34 0.0
35 -0.0007802017297250652
36 -0.001110183062607815
37 -0.001652755224203922
38 0.0
39 0.0
40 0.0
41 -0.00024918411247773037
42 -0.00064687957141923
43 -0.0014501770231759548
44 0.0
45 -0.0010024091415070796
46 -0.0019253494742978673
47 -0.000298998462373475
48 -0.0007318748933021331
49 0.0
50 -0.0010468095576606354
51 -0.0010261131675500575
52 -0.0004056316841315672
53 -0.000634841845581389
54 0.0
55 -8.39046294236086e-05
56 0.0
57 0.0
58 -0.001320381418584241
59 0.0
60 -0.0005965970380188627
61 -0.00044063513249259533
62 0.0
63 0.0
64 -0.0014118237625869018
65 -0.0007299435137923267
66 -0.0017341996251070625
67 0.0
68 -0.0015031155780724254
69 0.0004303926954576291
70 0.0
71 0.00010126848265487992
72 -0.0004159279224875504
73 0.0
74 0.00016385968120496576
75 0.0
76 -0.00012008506998858726
77 -0.0010616064099366336
78 0.0
79 0.0
80 -0.0004677478290870253
81 -0.0009374339464377218
82 -4.114739498233781e-05
83 -0.001049186152117758
84 0.0
85 -0.00014692430420792102
86 -0.0004857028747264847
87 -0.00018112958731098016
88 0.0
89 -0.0001269139583422333
90 -0.0005357323601855067
91 -0.0006438466377763984
92 0.00035157766685896616
93 -0.001090048704409565
94 0.0
95 0.0002692179239834135
96 0.0
97 -0.00033881623577508455
98 -0.000496435499368969
99 0.0
