0 5.793548217896073e-07
1 5.317390297984416e-07
2 4.6136173004317536e-07
3 4.4055901171725144e-07
4 4.0972689093380544e-07
5 4.188623940309012e-07
6 3.986646344414792e-07
7 3.918578590279946e-07
8 3.6317255646598887e-07
9 3.894350574615349e-07
10 4.090038775400694e-07
11 3.696189859784695e-07
12 3.565553958768157e-07
13 3.7198757333948347e-07
14 4.070552916714507e-07
15 3.7598656909865717e-07
16 4.139428804845986e-07
17 4.131809742106945e-07
18 3.8315561303239363e-07
19 3.8202594956302906e-07
20 4.1143854845851107e-07
21 4.0375695887434043e-07
22 3.77523684908734e-07
23 4.040134793059009e-07
24 3.9253865610703107e-07
25 3.811920193405561e-07
26 3.9230922624566607e-07
27 3.965514257110201e-07
28 4.028490103804818e-07
29 3.7198757333948347e-07
30 3.9609224434352865e-07
31 3.852693253550931e-07
32 4.1395001456386117e-07
33 4.0610243193828883e-07
34 3.936582376065067e-07
35 3.6946163389452727e-07
36 3.445902260235131e-07
37 3.6593796774534986e-07
38 3.779021129513718e-07
39 3.7247986144598453e-07
40 3.3798078563934714e-07
41 3.6448605300777357e-07
42 3.623912050083382e-07
43 3.701231008292477e-07
44 3.199492090882708e-07
45 3.633601616242177e-07
46 2.9313952587244903e-07
47 3.625346914153332e-07
48 2.939265340216044e-07
49 3.502649627208662e-07
