0 0.0015170043752306618
1 0.0005811493993469595
2 0.0016050303383088316
3 0.0
4 0.0005186046361072071
5 0.001331107440045842
6 0.000522658463354228
7 0.0
8 0.0006593303533966499
9 0.00024236526513163412
10 0.0
11 0.00010279778419848305
12 0.0008979270427927423
13 0.0
14 0.0016710498106174592
15 0.0006865489077695051
16 0.0009014017518616174
17 0.0003859865733118063
18 0.0015899732656770396
19 0.0
20 0.001096564577896771
21 0.001624141238187645
22 0.0
23 0.000635007389914524
24 0.0005041266816535608
25 0.000339078000881992
26 0.001331686558223988
27 0.0013843863124352609
28 0.00032807475549722075
29 0.0
30 0.0014886275845015149
31 0.0
32 0.0
33 0.0016137171109810197
34 0.0015204790842995371
35 0.0010311242237662892
36 0.0
37 0.0
38 0.0
39 0.0
40 0.0
41 4.6044202740189235e-05
42 0.0005678296812496049
43 0.00020298522901771601
44 0.00030433091019324066
45 0.0006286370899549196
46 0.001278986804012715
47 0.0
48 0.0
49 0.00015202282934088072
50 0.0013959686759981778
51 0.0
52 7.442099346933614e-05
53 0.0006604885897529417
54 0.00171564191033469
55 0.0011220457777351884
56 0.0002302037833905712
57 0.0009749497604861412
58 0.00014391517484683877
59 0.0
60 0.001272037385874965
61 0.00043521161845420394
62 0.0
63 0.0
64 0.0002215170107183834
65 0.001152159922998773
66 0.00013928222942167189
67 0.0009263038335218893
68 0.001003326551215288
69 0.0004502686910859962
70 0.0013739621852286357
71 0.0001358075203527968
72 0.00013464928399650508
73 0.00016244695654750612
74 0.0009575762151417654
75 0.0014689375664445556
76 0.00061879208092644
77 0.0006297953263112113
78 0.0010844030961557078
79 0.001087298687046437
80 0.00127551209494384
81 0.0003141759192217202
82 0.0008764996702013457
83 0.0012888318130411947
84 0.001584182083895581
85 0.0
86 0.00025394762869455125
87 0.0006685962442469837
88 0.0
89 0.0
90 0.0015048428934895989
91 0.0
92 0.001511213193449203
93 0.0013085218310981538
94 0.0
95 0.0012940438766445076
96 0.001019541860203372
97 0.0008649173066384286
98 0.0016177709382280405
99 0.001328211849155113
