0 0.0
1 0.0011620049320272524
2 0.0
3 0.00015086459298458904
4 0.0
5 0.0026625001316031636
6 0.0
7 0.0
8 0.0016142962291591655
9 0.0
10 0.0018025096370565682
11 0.002864033257597921
12 0.002543780905083263
13 0.002619066268242224
14 0.0
15 0.003667270170686222
16 0.0041108746951459465
17 0.0021511387803003733
18 0.0016855277650711057
19 0.0028900935756144843
20 0.000775153989025821
21 0.004390009657012249
22 0.003998525768585651
23 0.003818999133360436
24 0.0
25 0.0010085386148186008
26 0.0006778621350973173
27 0.0035340729897126756
28 0.0035439179987411546
29 0.0017173792648691277
30 0.00043115779120718293
31 0.0029769613023363627
32 0.0018256743641824026
33 0.0
34 0.0
35 0.0005290287633138325
36 0.0021522970166566644
37 0.0024082672513971327
38 0.0
39 0.0
40 0.0
41 0.0
42 0.004168786512960533
43 0.0011428940321484393
44 0.0
45 0.0006089470718979605
46 0.0012575594314213187
47 0.004406804084178479
48 0.001892852072847322
49 0.0
50 0.0003037517920150948
51 0.0027916434853296887
52 0.0
53 0.004295613393974475
54 0.0
55 0.0031738614829059535
56 0.003431569072180859
57 0.0
58 0.0004473731001952669
59 0.0020092548266546387
60 0.0031947097373192044
61 0.003454733799306693
62 0.0009089302881775135
63 0.0006651215351781085
64 0.0021945726436613123
65 0.003833477087814083
66 0.0030939431743218252
67 0.004394642602437417
68 0.0
69 0.004102187922473759
70 0.0
71 0.0
72 0.002006938353942055
73 0.0009008226336834717
74 0.0027476305037906043
75 0.0
76 0.002385681642449444
77 0.004557953928674547
78 0.0003251791646064914
79 0.0019154376817950103
80 0.0
81 0.0031188452559820974
82 0.0
83 0.0011324699049418139
84 0.0
85 0.004407383202356625
86 0.0029468471570727782
87 0.0
88 0.0006286370899549196
89 0.0017532845919141708
90 0.003955671023402858
91 0.0031686494193026403
92 0.00445429177478644
93 0.00422090714899366
94 0.0012923065221100698
95 0.0009656838696358075
96 0.0011915399591126909
97 0.0039348227689896065
98 0.0015824447293611434
99 0.0035166994443683
