0 0.0015170043752306618
1 0.0
2 0.0
3 0.0014006016214233449
4 0.00022209612889652924
5 0.001331107440045842
6 0.000522658463354228
7 0.00037845803699591016
8 0.0
9 0.0
10 0.00022962466521242537
11 0.00010279778419848305
12 0.0
13 0.0014909440572140982
14 0.0016710498106174592
15 0.0006865489077695051
16 0.0009014017518616174
17 0.0003859865733118063
18 0.0015899732656770396
19 0.0012668253222716521
20 0.0
21 0.0
22 7.615834800377369e-05
23 0.0
24 0.0005041266816535608
25 0.0
26 0.0005852032265939804
27 0.0
28 0.0008585470066788241
29 0.0002157258289369248
30 0.0
31 0.0009129841154245346
32 0.0013125756583451747
33 0.0015204790842995371
34 0.0010311242237662892
35 0.0
36 0.0012042805590318998
37 0.00036282184618597203
38 0.0014208707576584497
39 0.0002655299922574684
40 0.00013754487488723435
41 0.001735911046569795
42 0.00030433091019324066
43 0.0006286370899549196
44 0.001278986804012715
45 0.0015934479747459144
46 0.0
47 0.00015202282934088072
48 0.0013959686759981778
49 0.0
50 0.0
51 0.001219337631663692
52 0.0
53 0.00171564191033469
54 0.0011220457777351884
55 0.0002302037833905712
56 0.0009749497604861412
57 0.00014391517484683877
58 0.0005898361720191473
59 0.0003327077009223876
60 0.0010971436960749165
61 0.0013056262402074245
62 0.0002215170107183834
63 0.0
64 0.0009512059151821611
65 0.0
66 0.001079191032552395
67 0.0
68 0.0005162881633946237
69 0.0007438816074059447
70 0.0011926981954689829
71 0.0
72 0.0
73 0.0009575762151417654
74 0.0
75 0.0
76 0.0
77 0.0005660923267151672
78 0.0015934479747459144
79 0.0
80 0.0014735705118697226
81 0.00127551209494384
82 0.0003141759192217202
83 0.0008764996702013457
84 0.0
85 0.001584182083895581
86 0.0
87 0.0
88 0.0006460106352992953
89 0.0004826993090621641
90 0.0
91 0.0015048428934895989
92 8.40152116070864e-06
93 0.000383090982421077
94 0.0013305283218676964
95 0.0016391983108194372
96 0.0008759205520231998
97 0.0
98 0.000731141007486736
99 0.0
