0 1.0
1 1.0
2 1.0134042010510715
3 1.0324516752501174
4 1.0324516752501174
5 1.064182920036266
6 1.0551098523023952
7 1.0863420079337576
8 1.0863420079337576
9 1.1168868098438511
10 1.1068760662792714
11 1.1068760662792714
12 1.1294028891274601
13 1.1172813770156815
14 1.1529536306101433
15 1.1433933144497275
16 1.164629506112951
17 1.164629506112951
18 1.164629506112951
19 1.1882457395172945
20 1.180714462232411
21 1.1907403492400017
22 1.193341699159489
23 1.1903745623930346
24 1.199386695897899
25 1.199386695897899
26 1.22385823907695
27 1.2192316307040194
28 1.2315156488559855
29 1.2279087417630064
30 1.2384508301177102
31 1.2318500985193155
32 1.2318500985193155
33 1.2393076470772604
34 1.2393076470772604
35 1.258562677177697
36 1.254301928200443
37 1.263997432294337
38 1.262154140924835
39 1.262154140924835
40 1.2714064521087793
41 1.271738846311035
42 1.273737252047246
43 1.273737252047246
44 1.273737252047246
45 1.273737252047246
46 1.282461936928438
47 1.2793300704867951
48 1.286165791088411
49 1.2865320660051063
50 1.2857389237757284
51 1.2857389237757284
52 1.2857389237757284
53 1.2992090466951882
54 1.2971716126662916
55 1.3002545844024225
56 1.3002545844024225
57 1.3062741097411363
58 1.3066757589692746
59 1.307389510909723
60 1.307389510909723
61 1.307389510909723
62 1.3181961731481895
63 1.3181961731481895
64 1.3181961731481895
65 1.3243588691010104
66 1.3231599232428533
67 1.325644776957075
68 1.325644776957075
69 1.3341376042511497
70 1.33213591247691
71 1.33213591247691
72 1.335034136161199
73 1.334176744861999
74 1.3350801884411345
75 1.3360155437258834
76 1.3358611901687856
77 1.3358611901687856
78 1.3427165628093376
79 1.341266069042905
80 1.341266069042905
81 1.3474441570915807
82 1.347558735037256
83 1.3477332219301537
84 1.3488714571059248
85 1.350442880371981
86 1.350397017357756
87 1.3510633944422374
88 1.3526837583942704
89 1.3516166837974872
90 1.3540870206044562
91 1.3540870206044562
92 1.3621093879281352
93 1.3621093879281352
94 1.3621093879281352
95 1.3645846149254859
96 1.3645846149254859
97 1.3735551550656178
98 1.3713363591257512
99 1.3713363591257512
