0 1.0
1 1.018955745105183
2 1.0385681649724732
3 1.0697943692008272
4 1.0697943692008272
5 1.0970565127316931
6 1.1281252941257447
7 1.1281252941257447
8 1.152030659606435
9 1.177478857218559
10 1.2072189895119145
11 1.2072189895119145
12 1.2354588223472354
13 1.2354588223472354
14 1.2585461558022324
15 1.2842970264489784
16 1.3080864648261101
17 1.3287172220021997
18 1.3567791079114042
19 1.3917376177749132
20 1.3917376177749132
21 1.4193650287424504
22 1.4424610963781805
23 1.465675368238077
24 1.4971867732204538
25 1.5164508348980459
26 1.542635792088697
27 1.542635792088697
28 1.542635792088697
29 1.5798770067695562
30 1.5798770067695562
31 1.5798770067695562
32 1.5798770067695562
33 1.5798770067695562
34 1.6068499992642995
35 1.629944833315368
36 1.629944833315368
37 1.629944833315368
38 1.6573912243661233
39 1.6573912243661233
40 1.6895842839332835
41 1.7154123369568586
42 1.7154123369568586
43 1.7421436639159484
44 1.77154448859793
45 1.77154448859793
46 1.77154448859793
47 1.77154448859793
48 1.7994307862208279
49 1.8283478400604518
50 1.8522495169802176
51 1.8788481433257225
52 1.8788481433257225
53 1.8788481433257225
54 1.8788481433257225
55 1.9004384524735907
56 1.9204047581272459
57 1.951758610096857
58 1.977936605025994
59 1.9945539364474578
60 1.9945539364474578
61 2.019824968738237
62 2.054880642686944
63 2.054880642686944
64 2.054880642686944
65 2.054880642686944
66 2.054880642686944
67 2.0795938068281012
68 2.103177494801431
69 2.133010658783331
70 2.133010658783331
71 2.133010658783331
72 2.16369001054384
73 2.1960528194780644
74 2.1960528194780644
75 2.1960528194780644
76 2.1960528194780644
77 2.2186670195021025
78 2.2487450460640934
79 2.2817245910694877
80 2.3156234506119246
81 2.350354737091374
82 2.370583894042711
83 2.3983807077948023
84 2.426962964787975
85 2.461286390832461
86 2.4781271983432043
87 2.4781271983432043
88 2.5009694620196563
89 2.5009694620196563
90 2.533507974082165
91 2.533507974082165
92 2.5793826616034394
93 2.601818917714081
94 2.615526185090221
95 2.615526185090221
96 2.6348644492547364
97 2.6612478745266985
98 2.6612478745266985
99 2.686605255307352
