0 1.0
1 1.0200520329433445
2 1.0200520329433445
3 1.039508579655885
4 1.0612194406884172
5 1.0612194406884172
6 1.0875285362346767
7 1.0875285362346767
8 1.0875285362346767
9 1.0875285362346767
10 1.1137934391401862
11 1.1333572628430202
12 1.1333572628430202
13 1.1635784095670578
14 1.1635784095670578
15 1.1635784095670578
16 1.1887770751055313
17 1.209620913478732
18 1.23660837623387
19 1.260476938686864
20 1.2905814705858083
21 1.2905814705858083
22 1.3095416986175743
23 1.3095416986175743
24 1.3358130373922792
25 1.3358130373922792
26 1.3358130373922792
27 1.3713034249754403
28 1.402268670972573
29 1.4298645554775526
30 1.4565565760548855
31 1.4565565760548855
32 1.484467005696366
33 1.5129582597331666
34 1.5364151499734608
35 1.5559557570238243
36 1.5834385835736522
37 1.6114745069851426
38 1.649842495547277
39 1.6710970616171756
40 1.6946383842099229
41 1.6946383842099229
42 1.722573460515339
43 1.745819923613602
44 1.771014726687365
45 1.7926872196113433
46 1.818794066913407
47 1.8437757249207953
48 1.8682715520297155
49 1.8682715520297155
50 1.8888197861643525
51 1.9127912410128889
52 1.935744243631389
53 1.9623604342420342
54 1.9623604342420342
55 1.9840790006885856
56 2.0138087919734216
57 2.0138087919734216
58 2.0138087919734216
59 2.0522845154261464
60 2.078670100160752
61 2.105197164505228
62 2.105197164505228
63 2.1442953118054873
64 2.1662273508321848
65 2.184230370536044
66 2.204354439943366
67 2.2404530716742395
68 2.2615947195251893
69 2.2615947195251893
70 2.302267537483568
71 2.334894608405469
72 2.3594709059551287
73 2.3594709059551287
74 2.389843995069701
75 2.4135992580270194
76 2.4135992580270194
77 2.437861395392108
78 2.4556394018845498
79 2.4806318877621014
80 2.513009238495551
81 2.513009238495551
82 2.548809398224994
83 2.548809398224994
84 2.5831123827341944
85 2.6040327484219175
86 2.6040327484219175
87 2.6293208398909322
88 2.645353951459353
89 2.645353951459353
90 2.645353951459353
91 2.6657400153934696
92 2.6944513833574546
93 2.7128950242926564
94 2.7379240423497557
95 2.7600685086126346
96 2.7921336519866156
97 2.8216601420657526
98 2.848364024088531
99 2.848364024088531
