0 1.0236013104817279
1 1.0432524879792748
2 1.0432524879792748
3 1.0608923450216066
4 1.0803165263556525
5 1.0803165263556525
6 1.0803165263556525
7 1.0803165263556525
8 1.1003747136114481
9 1.1003747136114481
10 1.1003747136114481
11 1.1275162235587746
12 1.1558899669808036
13 1.1558899669808036
14 1.1794482592402429
15 1.1794482592402429
16 1.1794482592402429
17 1.2018715273686353
18 1.2018715273686353
19 1.2258390275406486
20 1.2616068986489977
21 1.288599696287953
22 1.310998136877049
23 1.3368250104675117
24 1.3368250104675117
25 1.3368250104675117
26 1.3663114053364755
27 1.3986329289091266
28 1.4261173338945778
29 1.4641116704720434
30 1.4641116704720434
31 1.495210947615598
32 1.5268495466063563
33 1.5566498748773279
34 1.5867642870838135
35 1.5867642870838135
36 1.6147457945094492
37 1.6147457945094492
38 1.6415107652454302
39 1.6679379532757006
40 1.6974905437760825
41 1.6974905437760825
42 1.7295452292909277
43 1.7518037701564066
44 1.7728780122377625
45 1.8077102474764928
46 1.8462456818212811
47 1.8462456818212811
48 1.8462456818212811
49 1.8684235243391687
50 1.8684235243391687
51 1.8911154704890922
52 1.924182537993405
53 1.9510666049050527
54 1.9872655749937957
55 2.009020053500367
56 2.0282954857350184
57 2.0589964249369213
58 2.0858669931998515
59 2.0858669931998515
60 2.1116121543628776
61 2.1116121543628776
62 2.145640492967751
63 2.1729556773779453
64 2.199646562951475
65 2.2192760305200085
66 2.251991941197937
67 2.279900881375412
68 2.279900881375412
69 2.3035442217361672
70 2.33402588693929
71 2.3543434733053226
72 2.3826725551130785
73 2.3826725551130785
74 2.4139994154524844
75 2.4369939238885108
76 2.4644817948955824
77 2.495471917698342
78 2.5151495429758106
79 2.5151495429758106
80 2.5151495429758106
81 2.5453306988292064
82 2.5668877246200057
83 2.5896528053735333
84 2.628500155562371
85 2.628500155562371
86 2.6567435434023237
87 2.6799788591334446
88 2.7108218860988504
89 2.736382080723549
90 2.7612387804433327
91 2.786568538899408
92 2.812455576301904
93 2.8363802207003506
94 2.8751261415258877
95 2.8751261415258877
96 2.8751261415258877
97 2.89628984664319
98 2.923785890224982
99 2.9387977495030557
