0 1.0253007718189668
1 1.044834576190369
2 1.0650637297852714
3 1.0853786602422164
4 1.104097711689329
5 1.1269504510844932
6 1.150049482648179
7 1.1733175911780591
8 1.1733175911780591
9 1.2020084933297512
10 1.242180309998854
11 1.242180309998854
12 1.268239835007296
13 1.3011464594558717
14 1.3201849166493735
15 1.3443973671914469
16 1.3443973671914469
17 1.371733133486313
18 1.39964067002929
19 1.39964067002929
20 1.425005837447903
21 1.4569351657282847
22 1.4809342003111157
23 1.4809342003111157
24 1.5096639749424556
25 1.5361800350120616
26 1.5361800350120616
27 1.5693483990063195
28 1.6099495290677972
29 1.6099495290677972
30 1.636719018654216
31 1.636719018654216
32 1.6688406854409266
33 1.6923997547585399
34 1.7169129948458912
35 1.7378859685196684
36 1.765735265946448
37 1.7954817956283828
38 1.823429881348969
39 1.8528071183255705
40 1.8742511933361437
41 1.8970010994869215
42 1.8970010994869215
43 1.8970010994869215
44 1.8970010994869215
45 1.8970010994869215
46 1.9218147572107651
47 1.9497401690639649
48 1.9745206592440832
49 1.9946035805169497
50 2.0240338735070105
51 2.0240338735070105
52 2.0457408253081883
53 2.0696381693408057
54 2.0909890171261023
55 2.121906863396892
56 2.1464787269514902
57 2.1464787269514902
58 2.173864943554713
59 2.193013900382312
60 2.21541261495879
61 2.2446897355777207
62 2.2733544374119843
63 2.2953563907136365
64 2.2953563907136365
65 2.332259818410315
66 2.3538283629985086
67 2.3873255853891933
68 2.409819459658554
69 2.409819459658554
70 2.4337131090078112
71 2.452359867720895
72 2.4833247768896407
73 2.4833247768896407
74 2.508350188945445
75 2.5235481782286446
76 2.5432488762857006
77 2.5612575641198543
78 2.5612575641198543
79 2.592106002692082
80 2.6105374064193265
81 2.6105374064193265
82 2.6105374064193265
83 2.6105374064193265
84 2.6105374064193265
85 2.6105374064193265
86 2.6319082736817063
87 2.6677896080215984
88 2.6888973981193334
89 2.7243775708790854
90 2.754150014298962
91 2.782017083331414
92 2.8131200136740504
93 2.8131200136740504
94 2.831411764276221
95 2.858309953923268
96 2.8789944234797304
97 2.904750219626861
98 2.904750219626861
99 2.904750219626861
