0 1.007632823277169
1 1.007632823277169
2 1.007632823277169
3 1.007632823277169
4 1.0211676868364539
5 1.0076792230977196
6 1.030952371473092
7 1.0165133565092974
8 1.035628785658176
9 1.022425992600638
10 1.05747947400927
11 1.0470819692359563
12 1.058998363083562
13 1.071207515863208
14 1.071207515863208
15 1.107513439090732
16 1.101908628331288
17 1.1131673198795593
18 1.113911414473125
19 1.113011561304645
20 1.113011561304645
21 1.1270370672061891
22 1.1270370672061891
23 1.1505979509879007
24 1.1452050215792018
25 1.1483759243009366
26 1.1501623988828669
27 1.1546610998898739
28 1.155053945572375
29 1.1539160017154846
30 1.1539160017154846
31 1.1786020247961189
32 1.1691576047435686
33 1.1819878638475156
34 1.1807869000740554
35 1.1807869000740554
36 1.1807869000740554
37 1.1975173067980736
38 1.1952487699496994
39 1.1984960322070652
40 1.200594741244486
41 1.200594741244486
42 1.200594741244486
43 1.2132930469453136
44 1.2094860617233107
45 1.211614411474429
46 1.2122471987334684
47 1.2156260572375879
48 1.2171405227514152
49 1.2171405227514152
50 1.2329400994079094
51 1.2296260775057615
52 1.2371702444193293
53 1.2348272887966083
54 1.2400831504720977
55 1.2400831504720977
56 1.2491917766250042
57 1.2456319684258168
58 1.2550096953884986
59 1.2550096953884986
60 1.2632972939282192
61 1.2604929655245534
62 1.2639460872261097
63 1.26634763438024
64 1.265467389916652
65 1.2676849656217573
66 1.2676849656217573
67 1.2676849656217573
68 1.2783331154997353
69 1.2758212747201845
70 1.280327416831593
71 1.280327416831593
72 1.280327416831593
73 1.2900427681571214
74 1.2884025958837764
75 1.2884025958837764
76 1.2884025958837764
77 1.2947955207338835
78 1.2947955207338835
79 1.2947955207338835
80 1.305510446663717
81 1.303724432587461
82 1.303724432587461
83 1.312722700911291
84 1.3115531595563867
85 1.3141678139191173
86 1.3141678139191173
87 1.3141678139191173
88 1.3141678139191173
89 1.3206869930678802
90 1.3208442366212783
91 1.3208125556518837
92 1.3219755557828907
93 1.3219755557828907
94 1.3219755557828907
95 1.328234455168897
96 1.3264543686806354
97 1.3264543686806354
98 1.33535753254186
99 1.3340796989011838
