0 1.0106582449091377
1 1.0106582449091377
2 1.0273662991671293
3 1.0273662991671293
4 1.0273662991671293
5 1.0273662991671293
6 1.0273662991671293
7 1.0435378188558773
8 1.0464999456494106
9 1.0651653368055678
10 1.0603436454500919
11 1.0737780466440217
12 1.0696889037408668
13 1.087773282545227
14 1.0863755730796363
15 1.103682765023133
16 1.103682765023133
17 1.1221621319324286
18 1.119368508148925
19 1.1226519772951735
20 1.1254733669017547
21 1.1237290083914444
22 1.1237290083914444
23 1.133767872118002
24 1.133767872118002
25 1.1516852405596685
26 1.145071693238086
27 1.157445026797617
28 1.1519487774331656
29 1.1617840342379817
30 1.1582142663716242
31 1.1649593683919899
32 1.170532018092189
33 1.1673868139824832
34 1.1770853831241603
35 1.1770853831241603
36 1.1945739316215396
37 1.1892934228224836
38 1.1892934228224836
39 1.2014076041008372
40 1.2014076041008372
41 1.2161349955389094
42 1.2130795170361746
43 1.2155500463438966
44 1.2165558496908058
45 1.218205363909574
46 1.218205363909574
47 1.235554777344671
48 1.235554777344671
49 1.2484439585445148
50 1.2484439585445148
51 1.261419037639766
52 1.259025305708247
53 1.259025305708247
54 1.259025305708247
55 1.259025305708247
56 1.259025305708247
57 1.2718530920861424
58 1.2718530920861424
59 1.2718530920861424
60 1.2778340691936945
61 1.278723043848596
62 1.279507096917638
63 1.2829111089445369
64 1.2832387227192694
65 1.2832387227192694
66 1.2961354921467312
67 1.294157609432172
68 1.2954258635161682
69 1.2954258635161682
70 1.306228184953627
71 1.3059052747639408
72 1.3061802964886737
73 1.3065911692022791
74 1.308975619955422
75 1.3088381274233265
76 1.3094516084212535
77 1.3094516084212535
78 1.3094516084212535
79 1.315299036175561
80 1.3139486240101486
81 1.3139486240101486
82 1.3200025082822293
83 1.3194169072124717
84 1.3233961229272257
85 1.3233961229272257
86 1.332220741222934
87 1.3319573823890762
88 1.3319573823890762
89 1.338933902924486
90 1.338933902924486
91 1.3450381913433063
92 1.3442768006582284
93 1.348562148115706
94 1.3480971775897226
95 1.3480971775897226
96 1.3594936103849435
97 1.3577940302513443
98 1.3627851970230338
99 1.3637687321778211
