0 1.0867276030200628
1 1.1867276030200629
2 1.2759579482705492
3 1.2759579482705492
4 1.3677519499481272
5 1.462025056395455
6 1.462025056395455
7 1.462025056395455
8 1.462025056395455
9 1.5200434875732622
10 1.568168488023284
11 1.6639364867762225
12 1.6639364867762225
13 1.7157407637169135
14 1.7540294356934032
15 1.7540294356934032
16 1.7540294356934032
17 1.7993717531346622
18 1.7993717531346622
19 1.8296995157382294
20 1.8296995157382294
21 1.855188912222095
22 1.8894200567378072
23 1.9162649328123433
24 1.9456297882207871
25 1.9744232069908945
26 1.9744232069908945
27 2.013574854563164
28 2.054989220942227
29 2.054989220942227
30 2.090160390009096
31 2.1143300104973854
32 2.1143300104973854
33 2.1430342777499036
34 2.17132768239878
35 2.17132768239878
36 2.197869221851928
37 2.197869221851928
38 2.225849861400772
39 2.3056564530266637
40 2.336808341073794
41 2.336808341073794
42 2.336808341073794
43 2.336808341073794
44 2.36179336640615
45 2.4416099402424436
46 2.4678589984784995
47 2.492744931132084
48 2.520617713821424
49 2.520617713821424
