0 1.0004740777012269
1 1.0004740777012269
2 1.0490048050988894
3 1.1126188793838951
4 1.1126188793838951
5 1.1126188793838951
6 1.1126188793838951
7 1.1126188793838951
8 1.1126188793838951
9 1.1126188793838951
10 1.2126188793838952
11 1.2126188793838952
12 1.2126188793838952
13 1.3126188793838953
14 1.4126188793838954
15 1.4126188793838954
16 1.4126188793838954
17 1.5126188793838955
18 1.6126188793838956
19 1.6126188793838956
20 1.7126188793838957
21 1.8126188793838958
22 1.8126188793838958
23 1.8126188793838958
24 1.9126188793838959
25 1.9126188793838959
26 2.0126188793838957
27 2.112618879383896
28 2.212618879383896
29 2.212618879383896
30 2.312618879383896
31 2.312618879383896
32 2.412618879383896
33 2.512618879383896
34 2.6126188793838963
35 2.7126188793838963
36 2.8126188793838964
37 2.9126188793838965
38 3.0126188793838966
39 3.0126188793838966
40 3.1126188793838967
41 3.1126188793838967
42 3.212618879383897
43 3.312618879383897
44 3.312618879383897
45 3.312618879383897
46 3.312618879383897
47 3.412618879383897
48 3.512618879383897
49 3.612618879383897
