0 1.0
1 1.0907084250579582
2 1.1896835457428716
3 1.2896835457428717
4 1.3853547639902961
5 1.47821751836903
6 1.555298085114635
7 1.6235338094669358
8 1.6907494547033175
9 1.6907494547033175
10 1.7364069699187532
11 1.8224738337151125
12 1.8659156121269809
13 1.8659156121269809
14 1.90225655390916
15 1.9363057846147167
16 1.9686688768047167
17 1.9686688768047167
18 2.0065360986698626
19 2.0450961263613228
20 2.0450961263613228
21 2.0450961263613228
22 2.072512902676291
23 2.072512902676291
24 2.100640002594133
25 2.12901184763526
26 2.1589209772446947
27 2.1937698417130242
28 2.2354562416830337
29 2.2603614821949143
30 2.3061451776041966
31 2.3338325951548207
32 2.374718818931272
33 2.374718818931272
34 2.374718818931272
35 2.374718818931272
36 2.374718818931272
37 2.418270481583887
38 2.4535496299709374
39 2.5519343173058333
40 2.5814762017214474
41 2.5814762017214474
42 2.6043534415909315
43 2.636471196747184
44 2.6713169888540196
45 2.7471800661673145
46 2.774559804522252
47 2.774559804522252
48 2.8013037930587577
49 2.8013037930587577
