0 2.312163829803467
1 2.2890334129333496
2 2.2890334129333496
3 2.26224946975708
4 2.3821802139282227
5 2.3821802139282227
6 2.368630886077881
7 2.356135606765747
8 2.356135606765747
9 2.3522071838378906
10 2.309628486633301
11 2.352198362350464
12 2.3305115699768066
13 2.320943593978882
14 2.3487157821655273
15 2.236187696456909
16 2.2507593631744385
17 2.2706549167633057
18 2.2706549167633057
19 2.3460047245025635
20 2.295987129211426
21 2.295987129211426
22 2.2913668155670166
23 2.3018136024475098
24 2.3018136024475098
25 2.268794298171997
26 2.3246476650238037
27 2.304699420928955
28 2.227980136871338
29 2.28609561920166
30 2.3455750942230225
31 2.2936489582061768
32 2.2936489582061768
33 2.2936489582061768
34 2.2936489582061768
35 2.3707945346832275
36 2.3707945346832275
37 2.2918167114257812
38 2.2648987770080566
39 2.3176755905151367
40 2.2624945640563965
41 2.2740321159362793
42 2.2740321159362793
43 2.2949345111846924
44 2.282630443572998
45 2.2825567722320557
46 2.318189859390259
47 2.318189859390259
48 2.302683115005493
49 2.3465490341186523
50 2.2421061992645264
51 2.3177523612976074
52 2.330540657043457
53 2.330540657043457
54 2.3110806941986084
55 2.3110806941986084
56 2.2924678325653076
57 2.25026273727417
58 2.25026273727417
59 2.25026273727417
60 2.25026273727417
61 2.2648561000823975
62 2.2514126300811768
63 2.2514126300811768
64 2.2514126300811768
65 2.258336067199707
66 2.317981719970703
67 2.233574628829956
68 2.2890069484710693
69 2.304744005203247
70 2.304744005203247
71 2.304744005203247
72 2.304744005203247
73 2.262481212615967
74 2.262481212615967
75 2.244572639465332
76 2.2577667236328125
77 2.2404744625091553
78 2.304962158203125
79 2.2546937465667725
80 2.2546937465667725
81 2.2546937465667725
82 2.2546937465667725
83 2.225499153137207
84 2.2296879291534424
85 2.266022205352783
86 2.234290838241577
87 2.2773139476776123
88 2.246793746948242
89 2.2835209369659424
90 2.2542076110839844
91 2.2418854236602783
92 2.3243720531463623
93 2.2682831287384033
94 2.216948986053467
95 2.314676284790039
96 2.314676284790039
97 2.2588305473327637
98 2.2583210468292236
99 2.2583210468292236
100 2.2444145679473877
101 2.2264270782470703
102 2.2663307189941406
103 2.2816784381866455
104 2.271791458129883
105 2.271791458129883
106 2.271791458129883
107 2.271791458129883
108 2.2654242515563965
109 2.2268972396850586
110 2.248599052429199
111 2.208465099334717
112 2.258625030517578
113 2.2303695678710938
114 2.2891035079956055
115 2.287412405014038
116 2.2094366550445557
117 2.2647132873535156
118 2.1989059448242188
119 2.247209310531616
120 2.310689687728882
121 2.193416118621826
122 2.185161828994751
123 2.3324456214904785
124 2.2512810230255127
125 2.239184856414795
126 2.2070021629333496
127 2.241231679916382
128 2.1600003242492676
129 2.245229721069336
130 2.2066361904144287
131 2.2066361904144287
132 2.3041629791259766
133 2.3041629791259766
134 2.3041629791259766
135 2.208418846130371
136 2.177363634109497
137 2.177363634109497
138 2.2043774127960205
139 2.210989236831665
140 2.210989236831665
141 2.282020092010498
142 2.2841720581054688
143 2.200148582458496
144 2.2551465034484863
145 2.240272045135498
146 2.240607738494873
147 2.2519474029541016
148 2.263774871826172
149 2.263774871826172
150 2.2157294750213623
151 2.2157294750213623
152 2.2256815433502197
153 2.3195769786834717
154 2.2194221019744873
155 2.2357711791992188
156 2.178867816925049
157 2.196974992752075
158 2.2528276443481445
159 2.2528276443481445
160 2.1214590072631836
161 2.166719913482666
162 2.211740255355835
163 2.2069621086120605
164 2.1955344676971436
165 2.1955344676971436
166 2.2199084758758545
167 2.2131173610687256
168 2.255030393600464
169 2.190103769302368
170 2.2419869899749756
171 2.2426581382751465
172 2.2380661964416504
173 2.2380661964416504
174 2.2380661964416504
175 2.285691499710083
176 2.220139741897583
177 2.1977121829986572
178 2.1977121829986572
179 2.17008900642395
180 2.17008900642395
181 2.149972915649414
182 2.20837140083313
183 2.244966983795166
184 2.244966983795166
185 2.2379682064056396
186 2.1708974838256836
187 2.2334024906158447
188 2.2334024906158447
189 2.2334024906158447
190 2.2334024906158447
191 2.1598782539367676
192 2.2807726860046387
193 2.23203182220459
194 2.23203182220459
195 2.173978328704834
196 2.1868948936462402
197 2.1868948936462402
198 2.1868948936462402
199 2.1868948936462402
200 2.2224373817443848
201 2.1808626651763916
202 2.183171272277832
203 2.202284574508667
204 2.177868366241455
205 2.177868366241455
206 2.1641998291015625
207 2.209876537322998
208 2.209876537322998
209 2.2542688846588135
210 2.177290201187134
211 2.177290201187134
212 2.177290201187134
213 2.1422998905181885
214 2.192643165588379
215 2.1715614795684814
216 2.2252252101898193
217 2.1802475452423096
218 2.1728858947753906
219 2.072395086288452
220 2.1611168384552
221 2.2879700660705566
222 2.209176540374756
223 2.136920928955078
224 2.136920928955078
225 2.1686949729919434
226 2.2400097846984863
227 2.1713883876800537
228 2.201054096221924
229 2.1695194244384766
230 2.2815287113189697
231 2.2815287113189697
232 2.2082791328430176
233 2.23675799369812
234 2.23675799369812
235 2.23675799369812
236 2.202244281768799
237 2.179316997528076
238 2.1635091304779053
239 2.172029733657837
240 2.172029733657837
241 2.1800429821014404
242 2.179616928100586
243 2.1589512825012207
244 2.175739049911499
245 2.175739049911499
246 2.175739049911499
247 2.175739049911499
248 2.2393741607666016
249 2.103992223739624
250 2.1275241374969482
251 2.2323412895202637
252 2.23073410987854
253 2.23073410987854
254 2.1471261978149414
255 2.1471261978149414
256 2.1643173694610596
257 2.215017557144165
258 2.215017557144165
259 2.116936683654785
260 2.116936683654785
261 2.201493263244629
262 2.2089431285858154
263 2.2089431285858154
264 2.0664165019989014
265 2.1931874752044678
266 2.226125955581665
267 2.2173104286193848
268 2.1701252460479736
269 2.153534173965454
270 2.138261318206787
271 2.162965774536133
272 2.162965774536133
273 2.1264617443084717
274 2.0659234523773193
275 2.0659234523773193
276 2.0659234523773193
277 2.0659234523773193
278 2.0117712020874023
279 2.0117712020874023
280 2.0117712020874023
281 2.0117712020874023
282 2.069652557373047
283 2.1167354583740234
284 2.0968103408813477
285 2.0968103408813477
286 2.0509660243988037
287 2.030402660369873
288 2.0625245571136475
289 2.2111093997955322
290 2.2111093997955322
291 2.0786449909210205
292 2.1037890911102295
293 2.1037890911102295
294 2.2021877765655518
295 2.1590380668640137
296 2.1590380668640137
297 2.171773910522461
298 2.12724232673645
299 2.1930882930755615
300 2.1930882930755615
301 2.2959585189819336
302 2.103829860687256
303 2.1739537715911865
304 2.0839741230010986
305 2.1333167552948
306 2.1067118644714355
307 2.1666994094848633
308 2.1666994094848633
309 2.169329881668091
310 2.139235258102417
311 2.2365057468414307
312 2.160433769226074
313 2.1389482021331787
314 2.1389482021331787
315 2.236241102218628
316 2.1650173664093018
317 2.11683988571167
318 2.11683988571167
319 2.069737672805786
320 2.171093463897705
321 2.1760685443878174
322 2.0814125537872314
323 2.1166858673095703
324 2.1673576831817627
325 1.9598581790924072
326 2.1784307956695557
327 2.0734164714813232
328 2.230931282043457
329 2.168067693710327
330 2.168067693710327
331 2.168067693710327
332 2.1905739307403564
333 2.1905739307403564
334 2.055448293685913
335 2.0380892753601074
336 2.0380892753601074
337 2.1842877864837646
338 2.1842877864837646
339 2.1083672046661377
340 2.1982946395874023
341 2.1681735515594482
342 2.0579285621643066
343 2.0873711109161377
344 2.0873711109161377
345 2.1160385608673096
346 2.1329212188720703
347 2.189674139022827
348 2.189674139022827
349 2.189674139022827
350 2.189674139022827
351 2.022150993347168
352 2.1570661067962646
353 2.0622119903564453
354 2.1135311126708984
355 2.1569743156433105
356 2.041154146194458
357 2.0268425941467285
358 2.0268425941467285
359 2.058493137359619
360 2.0107643604278564
361 2.080331325531006
362 1.936824083328247
363 1.936824083328247
364 2.2076821327209473
365 2.2076821327209473
366 2.2076821327209473
367 2.0893657207489014
368 1.9589223861694336
369 2.025458335876465
370 2.025458335876465
371 2.0366506576538086
372 2.0887598991394043
373 2.0596299171447754
374 2.0565359592437744
375 2.0748376846313477
376 2.1384642124176025
377 2.0227808952331543
378 2.1663320064544678
379 2.029146909713745
380 2.029146909713745
381 2.1569297313690186
382 2.1569297313690186
383 2.0402286052703857
384 2.0402286052703857
385 2.0230493545532227
386 2.1328344345092773
387 2.154163360595703
388 2.057874917984009
389 1.9699668884277344
390 2.156641960144043
391 1.9308099746704102
392 1.9308099746704102
393 1.9308099746704102
394 1.992405891418457
395 1.992405891418457
396 1.992405891418457
397 2.0500404834747314
398 1.9817357063293457
399 2.0719363689422607
400 1.9445452690124512
401 1.9624052047729492
402 1.9735450744628906
403 2.004377603530884
404 2.112544059753418
405 2.0162477493286133
406 2.0605108737945557
407 2.0605108737945557
408 2.0605108737945557
409 2.0916671752929688
410 1.9135795831680298
411 1.9135795831680298
412 2.1530206203460693
413 2.054769515991211
414 1.9269129037857056
415 2.0949792861938477
416 2.0526857376098633
417 1.9906846284866333
418 1.9325098991394043
419 2.0536108016967773
420 1.917870283126831
421 2.1142311096191406
422 2.070584535598755
423 2.078947067260742
424 2.078947067260742
425 1.9297494888305664
426 2.0403034687042236
427 1.8267749547958374
428 2.0694379806518555
429 2.022123098373413
430 2.012622356414795
431 2.012622356414795
432 2.012622356414795
433 2.012622356414795
434 2.029306173324585
435 2.029306173324585
436 2.029306173324585
437 2.1662206649780273
438 2.1662206649780273
439 1.9037708044052124
440 1.9037708044052124
441 2.0530173778533936
442 1.8957399129867554
443 2.0213489532470703
444 1.9641242027282715
445 1.9641242027282715
446 1.9412264823913574
447 1.993765115737915
448 2.0800981521606445
449 2.0800981521606445
450 1.9721977710723877
451 1.9721977710723877
452 1.8243036270141602
453 1.9942947626113892
454 1.9942947626113892
455 1.9182066917419434
456 1.9182066917419434
457 1.9303371906280518
458 1.9303371906280518
459 1.9303371906280518
460 1.9602991342544556
461 1.9332706928253174
462 1.9332706928253174
463 1.9486104249954224
464 1.8266525268554688
465 1.9735839366912842
466 2.037130355834961
467 2.037130355834961
468 2.023665189743042
469 1.759522557258606
470 1.759522557258606
471 1.7550013065338135
472 1.7550013065338135
473 2.118298292160034
474 1.9537631273269653
475 1.9089653491973877
476 1.7715387344360352
477 1.9200469255447388
478 1.7445603609085083
479 2.0703344345092773
480 2.0703344345092773
481 2.0378777980804443
482 2.0378777980804443
483 1.7862552404403687
484 1.7862552404403687
485 1.839949369430542
486 1.839949369430542
487 1.9105284214019775
488 1.864548683166504
489 1.7948497533798218
490 1.9687998294830322
491 1.864406943321228
492 1.7753090858459473
493 1.8159453868865967
494 1.7974164485931396
495 2.0425167083740234
496 1.7740907669067383
497 1.7740907669067383
498 1.8918139934539795
499 1.852706789970398
500 1.852706789970398
501 1.852706789970398
502 2.0207083225250244
503 1.7071821689605713
504 1.7071821689605713
505 1.9262406826019287
506 2.027327537536621
507 2.027327537536621
508 1.894864559173584
509 1.894864559173584
510 1.685592770576477
511 1.685592770576477
512 1.685592770576477
513 1.685592770576477
514 1.6749845743179321
515 1.7790406942367554
516 1.776902675628662
517 1.9479105472564697
518 1.8157281875610352
519 1.8157281875610352
520 1.8157281875610352
521 1.9669936895370483
522 1.8972527980804443
523 1.7333298921585083
524 1.7333298921585083
525 1.8920822143554688
526 1.8297063112258911
527 1.8297063112258911
528 1.6966007947921753
529 1.706595540046692
530 1.8206764459609985
531 1.8206764459609985
532 1.8303344249725342
533 1.8303344249725342
534 2.0058305263519287
535 1.7546757459640503
536 2.011843681335449
537 2.011843681335449
538 1.7348276376724243
539 1.7348276376724243
540 1.6989483833312988
541 1.705134391784668
542 1.6314213275909424
543 1.6688551902770996
544 1.6688551902770996
545 1.6749882698059082
546 1.485100507736206
547 1.485100507736206
548 1.8469185829162598
549 1.8469185829162598
550 1.8469185829162598
551 1.8469185829162598
552 1.8469185829162598
553 1.7997541427612305
554 1.5815552473068237
555 1.7318739891052246
556 1.2896342277526855
557 1.8105034828186035
558 1.8105034828186035
559 1.8285982608795166
560 1.8285982608795166
561 1.8285982608795166
562 1.6862378120422363
563 1.8137598037719727
564 1.6078274250030518
565 1.6078274250030518
566 1.686468482017517
567 1.686468482017517
568 1.686468482017517
569 1.7816081047058105
570 1.6733424663543701
571 1.6104487180709839
572 1.6426554918289185
573 1.6177884340286255
574 1.573193073272705
575 1.7143571376800537
576 1.6434193849563599
577 1.6434193849563599
578 1.9684044122695923
579 1.667337417602539
580 1.6388243436813354
581 1.5174839496612549
582 1.5873429775238037
583 1.5873429775238037
584 1.6431152820587158
585 1.748567819595337
586 1.7184923887252808
587 1.508824110031128
588 1.508824110031128
589 1.508824110031128
590 1.7362061738967896
591 1.5880647897720337
592 1.6542166471481323
593 1.6542166471481323
594 1.6937187910079956
595 1.5664547681808472
596 1.6844390630722046
597 1.6431324481964111
598 1.7807193994522095
599 1.782112717628479
600 1.900388479232788
601 1.603909969329834
602 1.5502777099609375
603 1.50527024269104
604 1.7033084630966187
605 1.56765878200531
606 1.56765878200531
607 1.3282843828201294
608 1.3282843828201294
609 1.9428166151046753
610 1.9428166151046753
611 1.9428166151046753
612 1.6045905351638794
613 1.6045905351638794
614 1.3655198812484741
615 1.3655198812484741
616 1.3636460304260254
617 1.8306832313537598
618 1.8306832313537598
619 1.5378122329711914
620 1.5665488243103027
621 1.5665488243103027
622 1.9101357460021973
623 1.9101357460021973
624 1.9101357460021973
625 1.4145793914794922
626 1.3278732299804688
627 1.3089885711669922
628 1.3089885711669922
629 1.3089885711669922
630 1.7800235748291016
631 1.3396542072296143
632 1.3396542072296143
633 1.3396542072296143
634 1.3537178039550781
635 1.3537178039550781
636 1.6524953842163086
637 1.5789375305175781
638 1.3540388345718384
639 1.4893995523452759
640 1.609595775604248
641 1.3166953325271606
642 1.3166953325271606
643 1.3166953325271606
644 1.4343582391738892
645 1.487720251083374
646 1.4759209156036377
647 1.4905171394348145
648 1.5804082155227661
649 1.1464051008224487
650 1.604597568511963
651 1.2346928119659424
652 1.1756844520568848
653 1.5821715593338013
654 1.6428508758544922
655 1.3085484504699707
656 1.3085484504699707
657 1.3063846826553345
658 1.3239855766296387
659 1.3239855766296387
660 1.171401023864746
661 1.171401023864746
662 1.3038336038589478
663 1.3038336038589478
664 1.262336254119873
665 1.5271137952804565
666 1.5271137952804565
667 1.493727684020996
668 1.493727684020996
669 1.5334134101867676
670 1.3507298231124878
671 1.2435641288757324
672 1.2435641288757324
673 1.5414692163467407
674 1.2945568561553955
675 1.689656376838684
676 1.482805609703064
677 1.2436623573303223
678 1.2436623573303223
679 1.2436623573303223
680 1.2436623573303223
681 1.3115615844726562
682 1.4504156112670898
683 1.5449724197387695
684 1.5449724197387695
685 0.8910907506942749
686 0.8910907506942749
687 1.4748585224151611
688 1.489442229270935
689 1.0138615369796753
690 1.3175885677337646
691 0.9391263723373413
692 0.9391263723373413
693 0.6873486042022705
694 0.6873486042022705
695 1.3254355192184448
696 1.3254355192184448
697 1.4260079860687256
698 0.758747398853302
699 1.5898997783660889
700 1.1016297340393066
701 1.4823918342590332
702 1.3785816431045532
703 1.329567790031433
704 1.2324273586273193
705 1.0466315746307373
706 1.3612370491027832
707 0.827094316482544
708 1.1298359632492065
709 1.0711811780929565
710 1.0711811780929565
711 1.0930511951446533
712 0.8807648420333862
713 1.2435643672943115
714 1.3813178539276123
715 1.369692087173462
716 1.2596157789230347
717 0.768748939037323
718 1.695505142211914
719 1.3382489681243896
720 1.3382489681243896
721 1.0104851722717285
722 1.1074999570846558
723 1.1074999570846558
724 1.1074999570846558
725 1.166770339012146
726 1.0455503463745117
727 1.215517282485962
728 1.244354486465454
729 1.244354486465454
730 1.530381202697754
731 1.0705667734146118
732 1.0705667734146118
733 1.0410897731781006
734 1.1694961786270142
735 1.1694961786270142
736 1.1694961786270142
737 1.1694961786270142
738 1.002935528755188
739 0.9118606448173523
740 0.9118606448173523
741 0.9118606448173523
742 0.8584737181663513
743 0.9830316305160522
744 1.2945212125778198
745 1.2945212125778198
746 0.9346001148223877
747 0.9346001148223877
748 1.0105453729629517
749 0.7852084040641785
750 0.8267228007316589
751 1.2926868200302124
752 1.2926868200302124
753 1.2926868200302124
754 1.2319953441619873
755 0.9149967432022095
756 0.8441590070724487
757 0.8012011051177979
758 0.8784462809562683
759 0.8784462809562683
760 1.3879566192626953
761 1.3879566192626953
762 1.3879566192626953
763 1.3879566192626953
764 0.8694878816604614
765 0.7405210733413696
766 0.7405210733413696
767 1.1427695751190186
768 1.1427695751190186
769 1.1427695751190186
770 0.6183484196662903
771 0.8682133555412292
772 0.8682133555412292
773 0.7180403470993042
774 1.1534888744354248
775 1.5061523914337158
776 0.9330115914344788
777 1.0457208156585693
778 0.5111922025680542
779 0.5111922025680542
780 1.0813761949539185
781 0.8219823837280273
782 1.3470818996429443
783 0.669763445854187
784 0.9186648726463318
785 1.113372564315796
786 0.7588111162185669
787 0.7588111162185669
788 0.7588111162185669
789 0.9705838561058044
790 0.7030940055847168
791 1.0472773313522339
792 1.0472773313522339
793 1.0472773313522339
794 0.633715033531189
795 1.5857620239257812
796 0.6030616760253906
797 0.6030616760253906
798 1.2352831363677979
799 0.9543584585189819
800 0.6911306381225586
801 0.7189301252365112
802 0.7189301252365112
803 0.5598670244216919
804 0.7580040097236633
805 1.3275034427642822
806 0.646920919418335
807 0.36510199308395386
808 1.028290867805481
809 0.9537753462791443
810 0.6516201496124268
811 0.9777134656906128
812 1.1228163242340088
813 1.1228163242340088
814 1.1228163242340088
815 0.7250427007675171
816 1.173872470855713
817 1.0428385734558105
818 1.0428385734558105
819 0.9604076743125916
820 0.751669704914093
821 0.751669704914093
822 0.751669704914093
823 0.6731024980545044
824 0.7966348528862
825 0.7975175380706787
826 0.5291951894760132
827 0.7315506935119629
828 0.7315506935119629
829 0.6669331789016724
830 0.6669331789016724
831 1.1061840057373047
832 1.1061840057373047
833 0.6463931798934937
834 0.6463931798934937
835 0.4453546702861786
836 0.4346649944782257
837 0.6404022574424744
838 0.5587741136550903
839 0.5281004309654236
840 0.5281004309654236
841 0.5281004309654236
842 0.5281004309654236
843 0.8747302293777466
844 1.0234856605529785
845 0.6105310916900635
846 1.0324152708053589
847 0.6320087313652039
848 1.0560530424118042
849 0.9740641713142395
850 0.9740641713142395
851 0.9740641713142395
852 0.9740641713142395
853 0.9740641713142395
854 0.5919215083122253
855 0.5919215083122253
856 0.9698981046676636
857 0.9698981046676636
858 0.671124279499054
859 0.671124279499054
860 1.0393859148025513
861 1.0393859148025513
862 1.0301964282989502
863 1.0301964282989502
864 0.5547019839286804
865 0.4125784635543823
866 0.6116848587989807
867 0.7808302640914917
868 0.7137472629547119
869 0.4333004653453827
870 0.4333004653453827
871 0.827782392501831
872 0.827782392501831
873 0.6670445799827576
874 0.9540315270423889
875 1.0283937454223633
876 1.348543643951416
877 1.3239786624908447
878 1.138230323791504
879 1.138230323791504
880 1.138230323791504
881 1.138230323791504
882 0.6329893469810486
883 0.9420934915542603
884 1.4323159456253052
885 0.6557922959327698
886 0.6648235321044922
887 0.6648235321044922
888 0.6648235321044922
889 0.6648235321044922
890 0.6648235321044922
891 0.7071215510368347
892 0.6692543029785156
893 0.2720108926296234
894 1.0102368593215942
895 0.4350847899913788
896 0.8024227619171143
897 0.39962485432624817
898 0.3197844922542572
899 0.8472142219543457
900 0.8472142219543457
901 0.8472142219543457
902 0.8472142219543457
903 0.5740047693252563
904 0.7930207848548889
905 0.7930207848548889
906 0.7930207848548889
907 0.36687904596328735
908 0.4376148581504822
909 0.4376148581504822
910 0.514702558517456
911 1.5186879634857178
912 0.2725849151611328
913 0.2725849151611328
914 0.2725849151611328
915 0.9213278293609619
916 0.8911224603652954
917 0.8911224603652954
918 0.8911224603652954
919 0.8911224603652954
920 0.4131106436252594
921 0.4131106436252594
922 0.41535043716430664
923 0.41535043716430664
924 0.41535043716430664
925 0.41535043716430664
926 0.966212272644043
927 1.1291265487670898
928 0.7936742901802063
929 0.7936742901802063
930 0.9357218146324158
931 0.9357218146324158
932 0.31195202469825745
933 1.083083152770996
934 1.083083152770996
935 1.083083152770996
936 1.083083152770996
937 0.17497536540031433
938 0.7328447103500366
939 0.6539313197135925
940 1.034111738204956
941 0.9552721977233887
942 0.7961243391036987
943 0.47488781809806824
944 0.47488781809806824
945 0.23595689237117767
946 0.23595689237117767
947 0.23595689237117767
948 0.3090972900390625
949 0.5764016509056091
950 0.5764016509056091
951 0.6832892298698425
952 0.6832892298698425
953 0.9063664674758911
954 0.5068234205245972
955 1.3078675270080566
956 0.7168089747428894
957 0.946853756904602
958 0.946853756904602
959 0.40237751603126526
960 0.9124857783317566
961 1.1775459051132202
962 1.1775459051132202
963 0.4409506916999817
964 0.4409506916999817
965 0.6145060658454895
966 0.6145060658454895
967 0.6145060658454895
968 0.5713302493095398
969 0.5713302493095398
970 0.776566743850708
971 0.776566743850708
972 0.6462638974189758
973 0.9420700073242188
974 0.9420700073242188
975 0.9420700073242188
976 0.9420700073242188
977 0.6807816624641418
978 0.8595755696296692
979 1.054927110671997
980 0.18062318861484528
981 0.18062318861484528
982 0.3558761179447174
983 0.5595849752426147
984 0.3607683777809143
985 1.2192336320877075
986 0.2195490300655365
987 0.6396090984344482
988 0.6396090984344482
989 0.6216562390327454
990 0.3311399519443512
991 0.3311399519443512
992 0.3311399519443512
993 0.3264361321926117
994 0.7787525653839111
995 1.2088358402252197
996 0.7212371230125427
997 0.6225833892822266
998 0.6225833892822266
999 0.6225833892822266
1000 0.5011977553367615
1001 0.5011977553367615
1002 0.3229271471500397
1003 0.32220861315727234
1004 0.32220861315727234
1005 0.32220861315727234
1006 0.5120595097541809
1007 0.28953802585601807
1008 0.6002262830734253
1009 0.6409204006195068
1010 0.21286287903785706
1011 0.5435605645179749
1012 0.40596631169319153
1013 0.40596631169319153
1014 0.40596631169319153
1015 0.3020993173122406
1016 0.3020993173122406
1017 0.3020993173122406
1018 0.5378450155258179
1019 0.7756528258323669
1020 0.5691893696784973
1021 0.5691893696784973
1022 0.5868648290634155
1023 0.544950008392334
1024 0.7504591941833496
1025 0.7504591941833496
1026 0.3297094404697418
1027 0.9233169555664062
1028 0.32851555943489075
1029 1.1133829355239868
1030 0.3756695091724396
1031 0.4456726312637329
1032 0.4456726312637329
1033 0.22395208477973938
1034 0.22395208477973938
1035 0.6689454913139343
1036 0.7258631587028503
1037 0.3834674060344696
1038 0.3834674060344696
1039 0.20661287009716034
1040 0.8849834203720093
1041 0.8849834203720093
1042 0.7087851166725159
1043 0.7226347923278809
1044 0.7226347923278809
1045 0.7236377000808716
1046 0.6257445812225342
1047 1.489740252494812
1048 1.6105997562408447
1049 1.1670818328857422
1050 0.5499913096427917
1051 0.19329628348350525
1052 0.4074949622154236
1053 0.4074949622154236
1054 0.4074949622154236
1055 0.26263508200645447
1056 0.6333752274513245
1057 0.37308651208877563
1058 0.9764788150787354
1059 0.617601752281189
1060 0.617601752281189
1061 0.617601752281189
1062 0.617601752281189
1063 0.617601752281189
1064 0.3076629042625427
1065 0.4156932234764099
1066 0.4164598286151886
1067 0.15232107043266296
1068 0.2262164205312729
1069 0.2262164205312729
1070 0.2262164205312729
1071 0.2262164205312729
1072 0.7158995866775513
1073 1.1882612705230713
1074 1.067533254623413
1075 1.067533254623413
1076 0.8259583711624146
1077 0.8259583711624146
1078 1.1185450553894043
1079 0.23267188668251038
1080 0.23267188668251038
1081 0.056046269834041595
1082 0.6276586055755615
1083 0.6276586055755615
1084 0.554394006729126
1085 0.6463561654090881
1086 0.6463561654090881
1087 0.3805425465106964
1088 0.3480967581272125
1089 0.3480967581272125
1090 0.3480967581272125
1091 0.5767636895179749
1092 0.9909726977348328
1093 0.4344514310359955
1094 0.2921270728111267
1095 0.2921270728111267
1096 1.1650354862213135
1097 0.7900826334953308
1098 0.5106372237205505
1099 0.2502533197402954
1100 0.3946765959262848
1101 0.5640157461166382
1102 0.5640157461166382
1103 0.6816912889480591
1104 0.22922861576080322
1105 0.36594924330711365
1106 0.36594924330711365
1107 1.4982821941375732
1108 0.3976669907569885
1109 0.29185211658477783
1110 0.782258927822113
1111 0.782258927822113
1112 0.3204171061515808
1113 0.6580603122711182
1114 1.3022805452346802
1115 0.41925305128097534
1116 0.4995863437652588
1117 0.4995863437652588
1118 0.7169493436813354
1119 0.7169493436813354
1120 0.33395326137542725
1121 0.37095269560813904
1122 0.6103493571281433
1123 0.12776842713356018
1124 0.1749650239944458
1125 0.7117873430252075
1126 0.7117873430252075
1127 0.27977433800697327
1128 0.27977433800697327
1129 0.5217154026031494
1130 0.5217154026031494
1131 0.18084469437599182
1132 1.0615915060043335
1133 0.44044259190559387
1134 0.35774534940719604
1135 0.6344025135040283
1136 1.4216090440750122
1137 0.17417404055595398
1138 0.5241320133209229
1139 0.30746594071388245
1140 0.30746594071388245
1141 0.4866437017917633
1142 0.4105125367641449
1143 0.45242875814437866
1144 0.8171862363815308
1145 0.2864794135093689
1146 0.2864794135093689
1147 0.6454681754112244
1148 0.5540125370025635
1149 0.5540125370025635
1150 0.45915669202804565
1151 0.45915669202804565
1152 0.8285836577415466
1153 0.8285836577415466
1154 0.8285836577415466
1155 0.6136131882667542
1156 0.3637075424194336
1157 0.4900600016117096
1158 0.4900600016117096
1159 0.20153389871120453
1160 0.20153389871120453
1161 1.2035046815872192
1162 0.5362677574157715
1163 0.9663481712341309
1164 0.9663481712341309
1165 0.4197019934654236
1166 0.17438216507434845
1167 0.17438216507434845
1168 0.1328171044588089
1169 0.7995598912239075
1170 1.1316120624542236
1171 1.1316120624542236
1172 0.8124585747718811
1173 0.5664886236190796
1174 0.5664886236190796
1175 0.42271125316619873
1176 0.6843985915184021
1177 0.11364740878343582
1178 0.11364740878343582
1179 0.23954537510871887
1180 0.3823009133338928
1181 0.3823009133338928
1182 0.3823009133338928
1183 0.43564513325691223
1184 0.30701974034309387
1185 0.30701974034309387
1186 0.350816011428833
1187 1.008147954940796
1188 0.3566809892654419
1189 0.3566809892654419
1190 0.3566809892654419
1191 0.4307834208011627
1192 0.4307834208011627
1193 0.8708412051200867
1194 0.40818044543266296
1195 0.40818044543266296
1196 0.671436607837677
1197 0.7666593194007874
1198 0.5517076253890991
1199 0.2552117109298706
1200 0.2552117109298706
1201 0.15786747634410858
1202 0.46708306670188904
1203 0.3191501796245575
1204 0.37742772698402405
1205 0.37742772698402405
1206 0.5942777991294861
1207 0.22250446677207947
1208 0.22250446677207947
1209 0.6852110028266907
1210 0.6852110028266907
1211 0.1744539886713028
1212 0.41794735193252563
1213 0.6290867924690247
1214 0.6290867924690247
1215 0.19782133400440216
1216 0.4746374487876892
1217 0.4746374487876892
1218 1.383879542350769
1219 0.12701942026615143
1220 0.25224000215530396
1221 1.1198452711105347
1222 0.19311581552028656
1223 0.3441730737686157
1224 0.32204562425613403
1225 0.32204562425613403
1226 0.6898319721221924
1227 0.3434517979621887
1228 0.3434517979621887
1229 0.3975470960140228
1230 0.6742943525314331
1231 0.13482676446437836
1232 0.13482676446437836
1233 0.5561122894287109
1234 0.44010600447654724
1235 0.25852644443511963
1236 0.4362269341945648
1237 0.275210976600647
1238 0.275210976600647
1239 0.2674214541912079
1240 1.0985846519470215
1241 0.5546172857284546
1242 0.38975006341934204
1243 0.38975006341934204
1244 0.40418386459350586
1245 0.40418386459350586
1246 0.45744937658309937
1247 0.3405953049659729
1248 0.22359268367290497
1249 0.6036778688430786
1250 0.61384117603302
1251 0.5058863759040833
1252 0.9373819828033447
1253 0.32179784774780273
1254 0.32179784774780273
1255 0.32179784774780273
1256 0.21587896347045898
1257 0.1391933262348175
1258 0.11174145340919495
1259 0.11174145340919495
1260 0.5047503709793091
1261 0.5047503709793091
1262 0.5047503709793091
1263 0.956283450126648
1264 0.7080950736999512
1265 1.2007055282592773
1266 1.3289457559585571
1267 1.3289457559585571
1268 1.3289457559585571
1269 1.3289457559585571
1270 1.3289457559585571
1271 1.3289457559585571
1272 1.3289457559585571
1273 0.39188453555107117
1274 0.39188453555107117
1275 0.1042894646525383
1276 0.8515350818634033
1277 0.21542224287986755
1278 0.21542224287986755
1279 0.7467566728591919
1280 0.17901238799095154
1281 0.17901238799095154
1282 0.17901238799095154
1283 0.10042817890644073
1284 0.3530765771865845
1285 0.6680516004562378
1286 0.2869471609592438
1287 0.2869471609592438
1288 0.27370572090148926
1289 0.09038893133401871
1290 0.09038893133401871
1291 0.3317248523235321
1292 0.0917699933052063
1293 0.4345032572746277
1294 0.7309679985046387
1295 0.7309679985046387
1296 0.7309679985046387
1297 0.7309679985046387
1298 0.4130389988422394
1299 0.5725721120834351
1300 0.5725721120834351
1301 0.5725721120834351
1302 0.18955472111701965
1303 0.4539048671722412
1304 0.4539048671722412
1305 0.4477006494998932
1306 0.14227698743343353
1307 0.15803536772727966
1308 0.15803536772727966
1309 0.15803536772727966
1310 0.4305514693260193
1311 0.19749431312084198
1312 1.033401608467102
1313 0.8465225100517273
1314 0.8465225100517273
1315 0.6139056086540222
1316 0.6139056086540222
1317 0.3851768374443054
1318 0.3851768374443054
1319 0.3851768374443054
1320 0.9100145697593689
1321 0.3914138972759247
1322 0.3914138972759247
1323 0.3914138972759247
1324 0.3914138972759247
1325 0.08195355534553528
1326 0.08195355534553528
1327 0.3430865705013275
1328 0.3430865705013275
1329 0.26518094539642334
1330 1.6446915864944458
1331 0.3716191351413727
1332 0.3716191351413727
1333 0.3716191351413727
1334 0.3101661503314972
1335 0.3315437436103821
1336 0.6054894924163818
1337 0.9999476075172424
1338 0.08344176411628723
1339 0.22609522938728333
1340 0.8079507946968079
1341 0.8079507946968079
1342 0.7019549012184143
1343 0.29639843106269836
1344 0.29639843106269836
1345 0.42809420824050903
1346 1.7835745811462402
1347 0.26785939931869507
1348 0.26785939931869507
1349 0.4244651794433594
1350 0.6439397931098938
1351 0.4659383296966553
1352 0.6620211601257324
1353 0.6620211601257324
1354 0.6620211601257324
1355 0.15819869935512543
1356 0.15819869935512543
1357 0.31646254658699036
1358 0.7393481731414795
1359 0.6811291575431824
1360 0.31544622778892517
1361 0.9037541747093201
1362 0.5128300786018372
1363 0.19961723685264587
1364 0.26287150382995605
1365 0.39497026801109314
1366 0.16580983996391296
1367 0.16580983996391296
1368 0.39745450019836426
1369 0.1801997274160385
1370 0.1801997274160385
1371 0.7429309487342834
1372 0.7413454055786133
1373 0.7413454055786133
1374 0.23783236742019653
1375 0.23783236742019653
1376 1.2811986207962036
1377 0.7409250736236572
1378 0.3042115867137909
1379 0.36819538474082947
1380 0.5540584325790405
1381 0.1428309977054596
1382 0.1428309977054596
1383 0.4285014867782593
1384 0.26573964953422546
1385 0.635577917098999
1386 0.8373092412948608
1387 0.19000566005706787
1388 0.364987850189209
1389 0.364987850189209
1390 0.3684888482093811
1391 0.3684888482093811
1392 0.3386242687702179
1393 0.5236402750015259
1394 0.4693376123905182
1395 0.06064430996775627
1396 0.06064430996775627
1397 1.0657529830932617
1398 0.2436991184949875
1399 0.2436991184949875
1400 0.609973669052124
1401 0.609973669052124
1402 0.4662243127822876
1403 0.4662243127822876
1404 0.11697964370250702
1405 0.24084658920764923
1406 0.24084658920764923
1407 1.0396121740341187
1408 1.0396121740341187
1409 0.4180029630661011
1410 0.4180029630661011
1411 0.2616770267486572
1412 0.2616770267486572
1413 0.37072044610977173
1414 0.37072044610977173
1415 0.2384491264820099
1416 0.2384491264820099
1417 0.20278604328632355
1418 0.42826807498931885
1419 0.27263689041137695
1420 0.6360796689987183
1421 0.6360796689987183
1422 0.6360796689987183
1423 0.13438677787780762
1424 0.13438677787780762
1425 0.4272896945476532
1426 1.2590845823287964
1427 1.2590845823287964
1428 0.08830172568559647
1429 0.16147615015506744
1430 0.4514336884021759
1431 1.6363067626953125
1432 0.6907593011856079
1433 0.3512122631072998
1434 0.2832950949668884
1435 0.21681401133537292
1436 0.1677575558423996
1437 0.13783031702041626
1438 0.5677212476730347
1439 0.5677212476730347
1440 0.0764755979180336
1441 0.0764755979180336
1442 0.24281691014766693
1443 0.29346755146980286
1444 0.29346755146980286
1445 0.29346755146980286
1446 0.2039903849363327
1447 0.07788896560668945
1448 0.10452190786600113
1449 1.3349270820617676
1450 0.34010830521583557
1451 0.28962644934654236
1452 0.20431168377399445
1453 0.7879654765129089
1454 0.17937155067920685
1455 0.17937155067920685
1456 0.5926385521888733
1457 0.16518323123455048
1458 0.16518323123455048
1459 0.16330893337726593
1460 0.4068613350391388
1461 0.4068613350391388
1462 0.4068613350391388
1463 0.9476779699325562
1464 0.23341839015483856
1465 0.23341839015483856
1466 0.23341839015483856
1467 0.23341839015483856
1468 0.2269892394542694
1469 0.0737762525677681
1470 0.11478495597839355
1471 0.16760466992855072
1472 0.16760466992855072
1473 0.6429977416992188
1474 0.8906668424606323
1475 0.3654330372810364
1476 0.7010144591331482
1477 1.465439796447754
1478 0.4566683769226074
1479 0.918487548828125
1480 0.918487548828125
1481 0.25861889123916626
1482 0.3119133412837982
1483 0.49976566433906555
1484 0.5458625555038452
1485 0.5458625555038452
1486 0.5458625555038452
1487 0.6428483724594116
1488 0.2174752652645111
1489 0.16558586061000824
1490 0.16558586061000824
1491 0.6428386569023132
1492 0.35088735818862915
1493 0.35088735818862915
1494 0.387645959854126
1495 0.5369160175323486
1496 0.5369160175323486
1497 0.5369160175323486
1498 1.7587357759475708
1499 0.17819857597351074
