0 2.3233652114868164
1 2.3233652114868164
2 2.3172030448913574
3 2.3104758262634277
4 2.309750556945801
5 2.3127353191375732
6 2.307079553604126
7 2.307079553604126
8 2.3068323135375977
9 2.2825450897216797
10 2.2950103282928467
11 2.2950103282928467
12 2.30265736579895
13 2.30265736579895
14 2.30265736579895
15 2.3099563121795654
16 2.288943290710449
17 2.288943290710449
18 2.314636707305908
19 2.314636707305908
20 2.303117275238037
21 2.291806697845459
22 2.291806697845459
23 2.3112053871154785
24 2.3112053871154785
25 2.307089328765869
26 2.2799484729766846
27 2.2898590564727783
28 2.2898590564727783
29 2.2804198265075684
30 2.3315067291259766
31 2.274400234222412
32 2.2897226810455322
33 2.31382155418396
34 2.31382155418396
35 2.31382155418396
36 2.31382155418396
37 2.270045280456543
38 2.270045280456543
39 2.3101367950439453
40 2.3101367950439453
41 2.2951388359069824
42 2.2951388359069824
43 2.2821578979492188
44 2.3034157752990723
45 2.285863161087036
46 2.2802178859710693
47 2.2445552349090576
48 2.2445552349090576
49 2.304655075073242
50 2.2617931365966797
51 2.2617931365966797
52 2.2819788455963135
53 2.29154109954834
54 2.2524006366729736
55 2.2682905197143555
56 2.3209285736083984
57 2.267183780670166
58 2.2830677032470703
59 2.2830677032470703
60 2.2928221225738525
61 2.2928221225738525
62 2.2877821922302246
63 2.280416250228882
64 2.2716031074523926
65 2.2783539295196533
66 2.2846031188964844
67 2.2713372707366943
68 2.2836153507232666
69 2.2836153507232666
70 2.286031484603882
71 2.286031484603882
72 2.2881669998168945
73 2.2881669998168945
74 2.2881669998168945
75 2.270679235458374
76 2.282485246658325
77 2.282485246658325
78 2.2769079208374023
79 2.3052453994750977
80 2.2782273292541504
81 2.2916994094848633
82 2.300583839416504
83 2.291374683380127
84 2.270049810409546
85 2.2791860103607178
86 2.2640950679779053
87 2.306767463684082
88 2.306767463684082
89 2.2831802368164062
90 2.288018226623535
91 2.288018226623535
92 2.256985664367676
93 2.256985664367676
94 2.256985664367676
95 2.2847087383270264
96 2.2968873977661133
97 2.280386209487915
98 2.2719085216522217
99 2.2728710174560547
100 2.292342185974121
101 2.262230634689331
102 2.238685131072998
103 2.2729716300964355
104 2.265104293823242
105 2.265104293823242
106 2.2886722087860107
107 2.3044137954711914
108 2.3044137954711914
109 2.273974657058716
110 2.2690846920013428
111 2.2690846920013428
112 2.2690846920013428
113 2.2690846920013428
114 2.298281192779541
115 2.298281192779541
116 2.2870359420776367
117 2.269016742706299
118 2.2609305381774902
119 2.2609305381774902
120 2.294940710067749
121 2.2651379108428955
122 2.2488455772399902
123 2.250375986099243
124 2.250375986099243
125 2.246511936187744
126 2.257683515548706
127 2.257683515548706
128 2.257683515548706
129 2.253760814666748
130 2.253760814666748
131 2.264920711517334
132 2.273041009902954
133 2.273041009902954
134 2.2628040313720703
135 2.274472951889038
136 2.274472951889038
137 2.274472951889038
138 2.266644239425659
139 2.2677509784698486
140 2.277430772781372
141 2.236759901046753
142 2.2507407665252686
143 2.2507407665252686
144 2.268488883972168
145 2.239159107208252
146 2.2599680423736572
147 2.2631778717041016
148 2.2631778717041016
149 2.2669456005096436
150 2.2669456005096436
151 2.2553606033325195
152 2.2498655319213867
153 2.2311158180236816
154 2.2676470279693604
155 2.2676470279693604
156 2.2676470279693604
157 2.2606663703918457
158 2.2606663703918457
159 2.281181573867798
160 2.261662244796753
161 2.250267744064331
162 2.214871406555176
163 2.2517731189727783
164 2.242971420288086
165 2.2588140964508057
166 2.238089084625244
167 2.235422372817993
168 2.2621402740478516
169 2.2621402740478516
170 2.2379159927368164
171 2.2379159927368164
172 2.257981300354004
173 2.2564423084259033
174 2.245576858520508
175 2.245576858520508
176 2.2595579624176025
177 2.2595579624176025
178 2.2242422103881836
179 2.2387120723724365
180 2.2571120262145996
181 2.2401371002197266
182 2.2401371002197266
183 2.2401371002197266
184 2.2401371002197266
185 2.2616701126098633
186 2.2350258827209473
187 2.190375328063965
188 2.190375328063965
189 2.2424304485321045
190 2.2424304485321045
191 2.2369983196258545
192 2.2369983196258545
193 2.220546245574951
194 2.220546245574951
195 2.220546245574951
196 2.220546245574951
197 2.220546245574951
198 2.2505006790161133
199 2.2373571395874023
200 2.2373571395874023
201 2.2373571395874023
202 2.231870174407959
203 2.223355293273926
204 2.268176555633545
205 2.210521936416626
206 2.216848850250244
207 2.216848850250244
208 2.216848850250244
209 2.235680341720581
210 2.23850154876709
211 2.240485906600952
212 2.240485906600952
213 2.219179630279541
214 2.257240056991577
215 2.257240056991577
216 2.2092080116271973
217 2.2050750255584717
218 2.237990379333496
219 2.2322423458099365
220 2.2322423458099365
221 2.2272629737854004
222 2.2251741886138916
223 2.2192797660827637
224 2.2192797660827637
225 2.2111542224884033
226 2.2282705307006836
227 2.2311840057373047
228 2.235140800476074
229 2.2311007976531982
230 2.2238001823425293
231 2.24519944190979
232 2.2581820487976074
233 2.1958391666412354
234 2.2220654487609863
235 2.2388193607330322
236 2.195476531982422
237 2.247870445251465
238 2.204960584640503
239 2.231926918029785
240 2.233680486679077
241 2.233680486679077
242 2.2126598358154297
243 2.232863426208496
244 2.2094509601593018
245 2.2094509601593018
246 2.215627431869507
247 2.2080650329589844
248 2.2056925296783447
249 2.2056925296783447
250 2.2056925296783447
251 2.207176923751831
252 2.2200875282287598
253 2.2200875282287598
254 2.2200875282287598
255 2.2200875282287598
256 2.210496664047241
257 2.2155637741088867
258 2.216834545135498
259 2.1985793113708496
260 2.2171738147735596
261 2.2171738147735596
262 2.220842123031616
263 2.220842123031616
264 2.202511787414551
265 2.2143852710723877
266 2.2143852710723877
267 2.1972849369049072
268 2.1972849369049072
269 2.2417116165161133
270 2.2177469730377197
271 2.2177469730377197
272 2.219280242919922
273 2.219280242919922
274 2.2070915699005127
275 2.215883731842041
276 2.208986282348633
277 2.209963083267212
278 2.207491397857666
279 2.1775200366973877
280 2.1775200366973877
281 2.2050137519836426
282 2.2051782608032227
283 2.208588123321533
284 2.2079367637634277
285 2.1917941570281982
286 2.2098755836486816
287 2.2098755836486816
288 2.201991319656372
289 2.198948621749878
290 2.2003817558288574
291 2.2003817558288574
292 2.2003817558288574
293 2.2003817558288574
294 2.1947033405303955
295 2.201303005218506
296 2.201303005218506
297 2.201303005218506
298 2.180814743041992
299 2.179927110671997
300 2.172372341156006
301 2.167713165283203
302 2.1739089488983154
303 2.180952787399292
304 2.182868003845215
305 2.179312229156494
306 2.179312229156494
307 2.177720785140991
308 2.186736583709717
309 2.140134334564209
310 2.181486129760742
311 2.181486129760742
312 2.163635492324829
313 2.166259288787842
314 2.1610944271087646
315 2.1659486293792725
316 2.146512508392334
317 2.1982014179229736
318 2.1982014179229736
319 2.1982014179229736
320 2.1816799640655518
321 2.1739094257354736
322 2.1739094257354736
323 2.1739094257354736
324 2.148283004760742
325 2.172715425491333
326 2.172715425491333
327 2.1868972778320312
328 2.166372060775757
329 2.161506414413452
330 2.1144843101501465
331 2.158184289932251
332 2.1558310985565186
333 2.1522719860076904
334 2.149481773376465
335 2.149481773376465
336 2.1779143810272217
337 2.158144235610962
338 2.173452377319336
339 2.173452377319336
340 2.1552209854125977
341 2.1415586471557617
342 2.1617112159729004
343 2.129181385040283
344 2.129181385040283
345 2.129181385040283
346 2.1583518981933594
347 2.168286085128784
348 2.149807929992676
349 2.179462432861328
350 2.179462432861328
351 2.1432459354400635
352 2.124650478363037
353 2.178086996078491
354 2.178086996078491
355 2.178086996078491
356 2.1340861320495605
357 2.1340861320495605
358 2.1340861320495605
359 2.1274521350860596
360 2.1274521350860596
361 2.1080124378204346
362 2.1080124378204346
363 2.163144111633301
364 2.1740896701812744
365 2.127260684967041
366 2.127260684967041
367 2.150522470474243
368 2.1272389888763428
369 2.1272389888763428
370 2.1201608180999756
371 2.1351845264434814
372 2.102876663208008
373 2.102876663208008
374 2.145669460296631
375 2.135701894760132
376 2.121962547302246
377 2.1103594303131104
378 2.1103594303131104
379 2.1103594303131104
380 2.1103594303131104
381 2.0959744453430176
382 2.112462282180786
383 2.117417097091675
384 2.082676887512207
385 2.082676887512207
386 2.134713649749756
387 2.1093249320983887
388 2.1288821697235107
389 2.065609931945801
390 2.1397056579589844
391 2.1397056579589844
392 2.0814499855041504
393 2.0814499855041504
394 2.1073498725891113
395 2.0780723094940186
396 2.0861644744873047
397 2.0861644744873047
398 2.155487537384033
399 2.109570264816284
400 2.124032974243164
401 2.116335391998291
402 2.1081316471099854
403 2.1257944107055664
404 2.1257944107055664
405 2.077366828918457
406 2.110288619995117
407 2.0901620388031006
408 2.0901620388031006
409 2.0813469886779785
410 2.102938652038574
411 2.121675729751587
412 2.0742549896240234
413 2.0723392963409424
414 2.094528913497925
415 2.0884385108947754
416 2.065089702606201
417 2.0867578983306885
418 2.089962959289551
419 2.089962959289551
420 2.089714288711548
421 2.1131324768066406
422 2.102684736251831
423 2.102684736251831
424 2.07204532623291
425 2.078062057495117
426 2.078062057495117
427 2.0617706775665283
428 2.0617706775665283
429 2.0893735885620117
430 2.095588207244873
431 2.095588207244873
432 2.0652778148651123
433 2.0648815631866455
434 2.048898696899414
435 2.048898696899414
436 2.048898696899414
437 2.082862615585327
438 2.0845534801483154
439 2.0405001640319824
440 2.0405001640319824
441 2.0384280681610107
442 2.0384280681610107
443 2.045865058898926
444 2.040238857269287
445 2.0393309593200684
446 2.0393309593200684
447 2.0513718128204346
448 2.0513718128204346
449 2.0195472240448
450 2.051104784011841
451 2.0698065757751465
452 2.0698065757751465
453 2.0587215423583984
454 2.06137752532959
455 2.000591516494751
456 1.9957716464996338
457 1.9957716464996338
458 2.0056419372558594
459 2.048649549484253
460 2.0030357837677
461 2.0488290786743164
462 2.013944149017334
463 2.0631535053253174
464 2.0631535053253174
465 2.025334119796753
466 2.0500659942626953
467 2.0500659942626953
468 2.014944553375244
469 1.9656004905700684
470 1.9656004905700684
471 1.9607505798339844
472 2.024822473526001
473 2.024822473526001
474 2.0392844676971436
475 1.9677972793579102
476 2.023607015609741
477 2.0184078216552734
478 2.0184078216552734
479 1.9949535131454468
480 2.0307366847991943
481 2.0246081352233887
482 2.005431890487671
483 2.018965244293213
484 1.971017599105835
485 1.9699701070785522
486 1.9699701070785522
487 2.012376070022583
488 2.0442004203796387
489 2.0207958221435547
490 1.969514012336731
491 1.9744210243225098
492 1.953433871269226
493 1.953433871269226
494 1.956087589263916
495 1.9792494773864746
496 1.945585012435913
497 1.945585012435913
498 1.945585012435913
499 1.945585012435913
500 1.9327412843704224
501 1.9327412843704224
502 1.9544634819030762
503 1.9544634819030762
504 1.9551831483840942
505 1.9933265447616577
506 1.9933265447616577
507 1.9780021905899048
508 1.9376851320266724
509 1.9376851320266724
510 1.940638542175293
511 1.9598948955535889
512 1.9496372938156128
513 1.8976703882217407
514 1.8976703882217407
515 1.8992552757263184
516 1.9717527627944946
517 1.9072803258895874
518 1.949556827545166
519 1.956310749053955
520 1.870614767074585
521 1.870614767074585
522 1.916507601737976
523 1.9084908962249756
524 1.9169399738311768
525 1.9112443923950195
526 1.8700287342071533
527 1.9219287633895874
528 1.9219287633895874
529 1.847657322883606
530 1.847657322883606
531 1.8699958324432373
532 1.8699958324432373
533 1.8978629112243652
534 1.9392731189727783
535 1.9175907373428345
536 1.9175907373428345
537 1.9175907373428345
538 1.870375394821167
539 1.8855193853378296
540 1.8306076526641846
541 1.8550705909729004
542 1.8351006507873535
543 1.883262038230896
544 1.883262038230896
545 1.863510012626648
546 1.8599214553833008
547 1.8599214553833008
548 1.8781089782714844
549 1.8781089782714844
550 1.8521745204925537
551 1.8233221769332886
552 1.8070995807647705
553 1.862700343132019
554 1.8483266830444336
555 1.8483266830444336
556 1.8483266830444336
557 1.8483266830444336
558 1.8342646360397339
559 1.74607253074646
560 1.74607253074646
561 1.834584355354309
562 1.8442045450210571
563 1.841079592704773
564 1.8296798467636108
565 1.8066638708114624
566 1.7493407726287842
567 1.816599726676941
568 1.7543799877166748
569 1.8156728744506836
570 1.8299092054367065
571 1.7769259214401245
572 1.7704280614852905
573 1.7305076122283936
574 1.7305076122283936
575 1.7305076122283936
576 1.7305076122283936
577 1.7305076122283936
578 1.7305076122283936
579 1.7305076122283936
580 1.7305076122283936
581 1.775892972946167
582 1.775892972946167
583 1.7190110683441162
584 1.771613359451294
585 1.7335898876190186
586 1.7335898876190186
587 1.7335898876190186
588 1.7335898876190186
589 1.7335898876190186
590 1.7335898876190186
591 1.722151517868042
592 1.737356424331665
593 1.722173810005188
594 1.722173810005188
595 1.7761950492858887
596 1.7006481885910034
597 1.7377647161483765
598 1.7377647161483765
599 1.7469308376312256
600 1.7469308376312256
601 1.7469308376312256
602 1.7299920320510864
603 1.5994272232055664
604 1.6653655767440796
605 1.6834162473678589
606 1.7369358539581299
607 1.6267845630645752
608 1.6507370471954346
609 1.713526964187622
610 1.713526964187622
611 1.713526964187622
612 1.713526964187622
613 1.6263080835342407
614 1.5991020202636719
615 1.5991020202636719
616 1.6684640645980835
617 1.6864709854125977
618 1.6214497089385986
619 1.6520956754684448
620 1.638942837715149
621 1.6317845582962036
622 1.6450974941253662
623 1.6450974941253662
624 1.6450974941253662
625 1.6037074327468872
626 1.6037074327468872
627 1.6037074327468872
628 1.6268255710601807
629 1.5984290838241577
630 1.558239459991455
631 1.558239459991455
632 1.558239459991455
633 1.5641769170761108
634 1.6071295738220215
635 1.6071295738220215
636 1.5093578100204468
637 1.5001579523086548
638 1.5001579523086548
639 1.5715866088867188
640 1.5714012384414673
641 1.5141795873641968
642 1.5484713315963745
643 1.565660834312439
644 1.565660834312439
645 1.565660834312439
646 1.5319933891296387
647 1.5201977491378784
648 1.5401829481124878
649 1.5401829481124878
650 1.4338687658309937
651 1.4338687658309937
652 1.4338687658309937
653 1.488905429840088
654 1.488905429840088
655 1.488905429840088
656 1.488905429840088
657 1.4401992559432983
658 1.5031349658966064
659 1.517844557762146
660 1.517844557762146
661 1.517844557762146
662 1.4552286863327026
663 1.480149745941162
664 1.4317785501480103
665 1.4394745826721191
666 1.53725266456604
667 1.4679405689239502
668 1.4692670106887817
669 1.4692670106887817
670 1.4692670106887817
671 1.4521540403366089
672 1.378264307975769
673 1.3616442680358887
674 1.3841084241867065
675 1.429514765739441
676 1.429514765739441
677 1.344069242477417
678 1.440699815750122
679 1.36456298828125
680 1.3525091409683228
681 1.2713509798049927
682 1.2981137037277222
683 1.323738694190979
684 1.323738694190979
685 1.4458019733428955
686 1.3143843412399292
687 1.3143843412399292
688 1.3143843412399292
689 1.3631160259246826
690 1.3606903553009033
691 1.3606903553009033
692 1.3606903553009033
693 1.3453452587127686
694 1.3199186325073242
695 1.3449574708938599
696 1.4230592250823975
697 1.2797306776046753
698 1.2821117639541626
699 1.3561697006225586
700 1.338454008102417
701 1.338454008102417
702 1.3190393447875977
703 1.3223265409469604
704 1.3033276796340942
705 1.3033276796340942
706 1.2559889554977417
707 1.2559889554977417
708 1.3319156169891357
709 1.2289239168167114
710 1.2289239168167114
711 1.3148711919784546
712 1.3148711919784546
713 1.276243805885315
714 1.2596657276153564
715 1.3780584335327148
716 1.3018710613250732
717 1.3018710613250732
718 1.3018710613250732
719 1.3018710613250732
720 1.3018710613250732
721 1.3018710613250732
722 1.3018710613250732
723 1.3018710613250732
724 1.239869236946106
725 1.239869236946106
726 1.1817512512207031
727 1.1817512512207031
728 1.1817512512207031
729 1.2274245023727417
730 1.2196627855300903
731 1.2402039766311646
732 1.2402039766311646
733 1.313358187675476
734 1.1978741884231567
735 1.1901006698608398
736 1.1222071647644043
737 1.1222071647644043
738 1.2629884481430054
739 1.1953935623168945
740 1.1145319938659668
741 1.1022831201553345
742 1.1029030084609985
743 1.1282490491867065
744 1.140642523765564
745 1.1377769708633423
746 1.2305930852890015
747 1.1574920415878296
748 1.1574920415878296
749 1.0853339433670044
750 1.0853339433670044
751 1.0626412630081177
752 1.0626412630081177
753 1.1806073188781738
754 1.153746247291565
755 1.1824123859405518
756 1.1248958110809326
757 1.1248958110809326
758 1.0307520627975464
759 1.099239468574524
760 1.099239468574524
761 1.086472988128662
762 1.071091890335083
763 1.071091890335083
764 1.0558223724365234
765 1.0643399953842163
766 1.1292039155960083
767 1.1253993511199951
768 0.9439959526062012
769 0.9439959526062012
770 0.9439959526062012
771 1.0575230121612549
772 1.1109790802001953
773 0.9571540951728821
774 0.9025698900222778
775 0.9025698900222778
776 0.9025698900222778
777 0.9025698900222778
778 0.9025698900222778
779 0.9965274930000305
780 1.024641752243042
781 1.024641752243042
782 1.0061715841293335
783 1.1345340013504028
784 1.1345340013504028
785 1.1345340013504028
786 1.0888630151748657
787 1.0700241327285767
788 0.9736199378967285
789 0.9362651109695435
790 0.9891760349273682
791 1.030063509941101
792 1.030063509941101
793 1.030063509941101
794 1.0471575260162354
795 0.9823712110519409
796 0.9388923645019531
797 0.9388923645019531
798 0.9900444149971008
799 0.9900444149971008
800 0.981258749961853
801 0.9206957221031189
802 0.9603704810142517
803 0.9590507745742798
804 0.8270432353019714
805 0.8888236880302429
806 0.8849425315856934
807 0.9047573208808899
808 0.9062275886535645
809 0.8534707427024841
810 0.9943462610244751
811 0.8953770995140076
812 0.8953770995140076
813 1.0109727382659912
814 1.0109727382659912
815 1.024488925933838
816 0.859761118888855
817 0.9722687602043152
818 0.958383321762085
819 0.958383321762085
820 0.8948807716369629
821 1.0008575916290283
822 0.9639933109283447
823 0.9639933109283447
824 0.9639933109283447
825 0.8563036322593689
826 0.9619075655937195
827 0.9619075655937195
828 0.8648356795310974
829 0.8648356795310974
830 1.0815376043319702
831 1.0815376043319702
832 0.9081302881240845
833 0.9379226565361023
834 0.9379226565361023
835 0.8420348167419434
836 0.8340857625007629
837 0.8031206727027893
838 0.9111572504043579
839 0.9111572504043579
840 0.9745097160339355
841 0.9745097160339355
842 0.9051029682159424
843 0.8908957839012146
844 0.8032346963882446
845 0.8151203393936157
846 0.8151203393936157
847 0.9085414409637451
848 0.9135090112686157
849 0.822394847869873
850 0.9041895866394043
851 0.9046913981437683
852 0.8197844624519348
853 0.7728059887886047
854 0.7728059887886047
855 0.7658670544624329
856 0.7658670544624329
857 0.7935422658920288
858 0.9284178018569946
859 0.8726891279220581
860 0.8726891279220581
861 0.8336520195007324
862 0.7296469211578369
863 0.7350446581840515
864 0.8357334136962891
865 0.9099317193031311
866 0.9099317193031311
867 0.8463113307952881
868 0.8463113307952881
869 0.7895976901054382
870 0.9682880640029907
871 0.743603527545929
872 0.743603527545929
873 0.7645826935768127
874 0.7417125105857849
875 0.853407621383667
876 0.7430185079574585
877 0.7430185079574585
878 0.729340136051178
879 0.729340136051178
880 0.8663033246994019
881 0.7076632976531982
882 0.7872549295425415
883 0.7872549295425415
884 0.7940492033958435
885 0.7521311044692993
886 0.8022748827934265
887 0.8022748827934265
888 0.7361486554145813
889 0.7361486554145813
890 0.7372965216636658
891 0.8098209500312805
892 0.8098209500312805
893 0.9728548526763916
894 0.7835108041763306
895 0.9177257418632507
896 0.9177257418632507
897 0.8255746364593506
898 0.6887774467468262
899 0.7156270742416382
900 0.7991108894348145
901 0.8459237813949585
902 0.7821208238601685
903 0.7401787042617798
904 0.7401787042617798
905 0.7954450845718384
906 0.7954450845718384
907 0.7475296258926392
908 0.7724738121032715
909 0.789512038230896
910 0.6187436580657959
911 0.6187436580657959
912 0.8578589558601379
913 0.7906793355941772
914 0.7906793355941772
915 0.7906793355941772
916 0.7906793355941772
917 0.7906793355941772
918 0.7395128607749939
919 0.7635801434516907
920 0.8107419610023499
921 0.8107419610023499
922 0.8734258413314819
923 0.7505302429199219
924 0.7242465019226074
925 0.7260366082191467
926 0.8274557590484619
927 0.8949742317199707
928 0.7908684611320496
929 0.7801230549812317
930 0.6145579814910889
931 0.6145579814910889
932 0.6791289448738098
933 0.6791289448738098
934 0.6791289448738098
935 0.6961501240730286
936 0.6274604797363281
937 0.7680656909942627
938 0.7680656909942627
939 0.8164626359939575
940 0.8164626359939575
941 0.8164626359939575
942 0.8164626359939575
943 0.7872602343559265
944 0.7872602343559265
945 0.7804923057556152
946 0.6456971764564514
947 0.8363147974014282
948 0.7221818566322327
949 0.7323877215385437
950 0.6183566451072693
951 0.7966163754463196
952 0.7966163754463196
953 0.7966163754463196
954 0.763478696346283
955 0.6375648975372314
956 0.6375648975372314
957 0.6580401062965393
958 0.728049635887146
959 0.7139430046081543
960 0.5992560386657715
961 0.8029217720031738
962 0.8271645903587341
963 0.6912688612937927
964 0.8137134313583374
965 0.7376061081886292
966 0.7213526368141174
967 0.7213526368141174
968 0.5709291696548462
969 0.5709291696548462
970 0.6317075490951538
971 0.6317075490951538
972 0.6751741170883179
973 0.6751741170883179
974 0.6751741170883179
975 0.7856178283691406
976 0.655883252620697
977 0.655883252620697
978 0.6551709175109863
979 0.6551709175109863
980 0.6551709175109863
981 0.6551709175109863
982 0.6742957234382629
983 0.6605852246284485
984 0.6605852246284485
985 0.7483931183815002
986 0.7582622766494751
987 0.7582622766494751
988 0.6539813876152039
989 0.6539813876152039
990 0.6539813876152039
991 0.7409157752990723
992 0.718150794506073
993 0.6780449748039246
994 0.6780449748039246
995 0.6780449748039246
996 0.7152007818222046
997 0.638741672039032
998 0.5987410545349121
999 0.5987410545349121
1000 0.5987410545349121
1001 0.5987410545349121
1002 0.6103639006614685
1003 0.57833331823349
1004 0.6562028527259827
1005 0.7137733697891235
1006 0.7137733697891235
1007 0.7016724348068237
1008 0.7016724348068237
1009 0.629991352558136
1010 0.7073519825935364
1011 0.8535846471786499
1012 0.5163166522979736
1013 0.5572084188461304
1014 0.6099505424499512
1015 0.6099505424499512
1016 0.7822978496551514
1017 0.6011221408843994
1018 0.6001959443092346
1019 0.6312487125396729
1020 0.6832226514816284
1021 0.5229761600494385
1022 0.6897880434989929
1023 0.7946336269378662
1024 0.6906705498695374
1025 0.5282161831855774
1026 0.5956289172172546
1027 0.6131460070610046
1028 0.6627475023269653
1029 0.7192777395248413
1030 0.7192777395248413
1031 0.5642988681793213
1032 0.5571011900901794
1033 0.7187625169754028
1034 0.7187625169754028
1035 0.6081734895706177
1036 0.6257533431053162
1037 0.5686112642288208
1038 0.5994573831558228
1039 0.6073461771011353
1040 0.5421760678291321
1041 0.5421760678291321
1042 0.6082858443260193
1043 0.6723215579986572
1044 0.6087473034858704
1045 0.5706849098205566
1046 0.5706849098205566
1047 0.6988586187362671
1048 0.6988586187362671
1049 0.5142416954040527
1050 0.8079172372817993
1051 0.5053138136863708
1052 0.5345343947410583
1053 0.5438946485519409
1054 0.6299344897270203
1055 0.6299344897270203
1056 0.6051874756813049
1057 0.6051874756813049
1058 0.5990013480186462
1059 0.6144799590110779
1060 0.574982762336731
1061 0.6018051505088806
1062 0.5169227719306946
1063 0.513085126876831
1064 0.5256541967391968
1065 0.5325396656990051
1066 0.5325396656990051
1067 0.5940744280815125
1068 0.6960122585296631
1069 0.6527259349822998
1070 0.5388088822364807
1071 0.5751544833183289
1072 0.4571549594402313
1073 0.4571549594402313
1074 0.4571549594402313
1075 0.4618954062461853
1076 0.5421673059463501
1077 0.5421673059463501
1078 0.5421673059463501
1079 0.6648021936416626
1080 0.6798315644264221
1081 0.7462331652641296
1082 0.7462331652641296
1083 0.7462331652641296
1084 0.5042524933815002
1085 0.5042524933815002
1086 0.5920752882957458
1087 0.7110898494720459
1088 0.7110898494720459
1089 0.7110898494720459
1090 0.5152449011802673
1091 0.47992461919784546
1092 0.47992461919784546
1093 0.5153607130050659
1094 0.4642997086048126
1095 0.4348979592323303
1096 0.5598230957984924
1097 0.527431070804596
1098 0.527431070804596
1099 0.5110800862312317
1100 0.6277822852134705
1101 0.6277822852134705
1102 0.5231294631958008
1103 0.774273157119751
1104 0.5362451672554016
1105 0.4650641679763794
1106 0.5547536611557007
1107 0.6170187592506409
1108 0.5540265440940857
1109 0.48965680599212646
1110 0.5496623516082764
1111 0.6601206064224243
1112 0.6601206064224243
1113 0.7434779405593872
1114 0.7434779405593872
1115 0.7434779405593872
1116 0.6334967613220215
1117 0.5925334095954895
1118 0.7222673296928406
1119 0.5283327698707581
1120 0.5034785866737366
1121 0.5034785866737366
1122 0.5034785866737366
1123 0.6234993934631348
1124 0.5974538922309875
1125 0.5974538922309875
1126 0.5974538922309875
1127 0.5974538922309875
1128 0.44565537571907043
1129 0.5160315036773682
1130 0.6086719632148743
1131 0.6486278772354126
1132 0.6486278772354126
1133 0.6083055734634399
1134 0.6034371256828308
1135 0.48513832688331604
1136 0.5378888845443726
1137 0.5378888845443726
1138 0.4517088830471039
1139 0.4517088830471039
1140 0.4517088830471039
1141 0.41526004672050476
1142 0.41526004672050476
1143 0.4659918546676636
1144 0.5808623433113098
1145 0.501624584197998
1146 0.5506123900413513
1147 0.5287876129150391
1148 0.6046826839447021
1149 0.5537922382354736
1150 0.4913331866264343
1151 0.4479910731315613
1152 0.4661666452884674
1153 0.44998717308044434
1154 0.3988986611366272
1155 0.5037002563476562
1156 0.44171085953712463
1157 0.5291680693626404
1158 0.5291680693626404
1159 0.5291680693626404
1160 0.4570503234863281
1161 0.6451463103294373
1162 0.6451463103294373
1163 0.5835493206977844
1164 0.5835493206977844
1165 0.48021140694618225
1166 0.48021140694618225
1167 0.5719335675239563
1168 0.5112170577049255
1169 0.4731360375881195
1170 0.4731360375881195
1171 0.4607357382774353
1172 0.4607357382774353
1173 0.4607357382774353
1174 0.4607357382774353
1175 0.4607357382774353
1176 0.45316746830940247
1177 0.4708200693130493
1178 0.4197927415370941
1179 0.3912891745567322
1180 0.5857599377632141
1181 0.6081544160842896
1182 0.4083089530467987
1183 0.4083089530467987
1184 0.4083089530467987
1185 0.5776479840278625
1186 0.5776479840278625
1187 0.5776479840278625
1188 0.43061143159866333
1189 0.48212501406669617
1190 0.6339676976203918
1191 0.5146511793136597
1192 0.5146511793136597
1193 0.5155859589576721
1194 0.5155859589576721
1195 0.6395294070243835
1196 0.4684964716434479
1197 0.5935132503509521
1198 0.3960927724838257
1199 0.5238444805145264
1200 0.5406545400619507
1201 0.5912762880325317
1202 0.5912762880325317
1203 0.6029234528541565
1204 0.3849073648452759
1205 0.4783788323402405
1206 0.45078566670417786
1207 0.44342777132987976
1208 0.5254515409469604
1209 0.5254515409469604
1210 0.45056575536727905
1211 0.45056575536727905
1212 0.47854331135749817
1213 0.512702465057373
1214 0.512702465057373
1215 0.41054388880729675
1216 0.4310975670814514
1217 0.5376619696617126
1218 0.6662298440933228
1219 0.4567379653453827
1220 0.4567379653453827
1221 0.4567379653453827
1222 0.5281072854995728
1223 0.5666963458061218
1224 0.5882046222686768
1225 0.5882046222686768
1226 0.5882046222686768
1227 0.6056910157203674
1228 0.5198673009872437
1229 0.37343546748161316
1230 0.37343546748161316
1231 0.3738309442996979
1232 0.5621790289878845
1233 0.594161868095398
1234 0.4979170262813568
1235 0.4979170262813568
1236 0.5570484399795532
1237 0.5570484399795532
1238 0.49923408031463623
1239 0.5238394737243652
1240 0.5452757477760315
1241 0.467052698135376
1242 0.34904107451438904
1243 0.4397693872451782
1244 0.45397064089775085
1245 0.49733948707580566
1246 0.43529629707336426
1247 0.4331485629081726
1248 0.5047189593315125
1249 0.507602334022522
1250 0.507602334022522
1251 0.507602334022522
1252 0.507602334022522
1253 0.4809097647666931
1254 0.4809097647666931
1255 0.500046968460083
1256 0.500046968460083
1257 0.439314603805542
1258 0.5703060030937195
1259 0.5703060030937195
1260 0.4211748540401459
1261 0.4211748540401459
1262 0.4211748540401459
1263 0.40526923537254333
1264 0.4674748182296753
1265 0.4674748182296753
1266 0.4674748182296753
1267 0.4674748182296753
1268 0.4203147888183594
1269 0.5110869407653809
1270 0.35773617029190063
1271 0.35773617029190063
1272 0.35773617029190063
1273 0.7691266536712646
1274 0.5612567663192749
1275 0.5612567663192749
1276 0.5612567663192749
1277 0.5210458636283875
1278 0.5183757543563843
1279 0.5183757543563843
1280 0.42186692357063293
1281 0.5649835467338562
1282 0.4661133885383606
1283 0.48907020688056946
1284 0.4729618728160858
1285 0.4729618728160858
1286 0.4014486074447632
1287 0.5476101040840149
1288 0.5679565072059631
1289 0.5340693593025208
1290 0.5340693593025208
1291 0.39320358633995056
1292 0.46328315138816833
1293 0.3729478418827057
1294 0.499502032995224
1295 0.499502032995224
1296 0.499502032995224
1297 0.499502032995224
1298 0.44455990195274353
1299 0.48592352867126465
1300 0.4427420496940613
1301 0.46107909083366394
1302 0.46107909083366394
1303 0.46107909083366394
1304 0.46107909083366394
1305 0.4961506128311157
1306 0.45022761821746826
1307 0.45022761821746826
1308 0.4857517182826996
1309 0.3669000566005707
1310 0.3669000566005707
1311 0.5109171271324158
1312 0.4291292428970337
1313 0.4223308265209198
1314 0.4507828652858734
1315 0.4495996832847595
1316 0.7592262029647827
1317 0.7592262029647827
1318 0.4800967276096344
1319 0.3909919261932373
1320 0.3909919261932373
1321 0.3909919261932373
1322 0.4697461724281311
1323 0.47511306405067444
1324 0.5081107020378113
1325 0.5081107020378113
1326 0.34056729078292847
1327 0.4088047742843628
1328 0.4088047742843628
1329 0.38913416862487793
1330 0.38913416862487793
1331 0.463787317276001
1332 0.4150601625442505
1333 0.4528540372848511
1334 0.4528540372848511
1335 0.4528540372848511
1336 0.3249269127845764
1337 0.3249269127845764
1338 0.3249269127845764
1339 0.3249269127845764
1340 0.3249269127845764
1341 0.3997381329536438
1342 0.374601274728775
1343 0.374601274728775
1344 0.374601274728775
1345 0.40904396772384644
1346 0.4237552285194397
1347 0.4237552285194397
1348 0.29634785652160645
1349 0.4549853205680847
1350 0.2816140949726105
1351 0.4583671987056732
1352 0.4523096978664398
1353 0.4523096978664398
1354 0.49834975600242615
1355 0.39491328597068787
1356 0.40737026929855347
1357 0.45065146684646606
1358 0.43716976046562195
1359 0.5063516497612
1360 0.5063516497612
1361 0.41254711151123047
1362 0.39617106318473816
1363 0.4421674311161041
1364 0.5610676407814026
1365 0.4632682502269745
1366 0.4314272999763489
1367 0.4314272999763489
1368 0.4297592043876648
1369 0.48847848176956177
1370 0.3223043382167816
1371 0.3223043382167816
1372 0.5860732197761536
1373 0.5860732197761536
1374 0.42836907505989075
1375 0.4032427966594696
1376 0.3764258623123169
1377 0.3764258623123169
1378 0.4774748682975769
1379 0.352186381816864
1380 0.5148478150367737
1381 0.35161033272743225
1382 0.41228172183036804
1383 0.41228172183036804
1384 0.41228172183036804
1385 0.37042436003685
1386 0.4016684591770172
1387 0.4016684591770172
1388 0.4016684591770172
1389 0.4577142000198364
1390 0.3503725528717041
1391 0.38445189595222473
1392 0.41258159279823303
1393 0.41258159279823303
1394 0.4506612718105316
1395 0.4350965619087219
1396 0.5148290395736694
1397 0.5148290395736694
1398 0.5148290395736694
1399 0.4064342975616455
1400 0.45575371384620667
1401 0.45575371384620667
1402 0.45575371384620667
1403 0.28522565960884094
1404 0.5341664552688599
1405 0.5341664552688599
1406 0.4446137547492981
1407 0.558783769607544
1408 0.558783769607544
1409 0.4494721293449402
1410 0.4494721293449402
1411 0.4480594992637634
1412 0.3748128116130829
1413 0.3748128116130829
1414 0.3748128116130829
1415 0.3748128116130829
1416 0.3748128116130829
1417 0.46587714552879333
1418 0.3645091950893402
1419 0.48112714290618896
1420 0.48112714290618896
1421 0.48112714290618896
1422 0.4256560504436493
1423 0.4592384397983551
1424 0.3262970745563507
1425 0.34397897124290466
1426 0.3367067575454712
1427 0.4021095335483551
1428 0.5759919881820679
1429 0.4148835241794586
1430 0.4148835241794586
1431 0.39820826053619385
1432 0.3499441146850586
1433 0.3499441146850586
1434 0.4822615385055542
1435 0.4822615385055542
1436 0.5642245411872864
1437 0.47769078612327576
1438 0.47769078612327576
1439 0.38423797488212585
1440 0.39270511269569397
1441 0.3949718773365021
1442 0.47545361518859863
1443 0.49578967690467834
1444 0.3962022662162781
1445 0.37493792176246643
1446 0.34954696893692017
1447 0.34954696893692017
1448 0.34954696893692017
1449 0.292629212141037
1450 0.32148924469947815
1451 0.5723440051078796
1452 0.528756320476532
1453 0.528756320476532
1454 0.47563210129737854
1455 0.47563210129737854
1456 0.3876137435436249
1457 0.3876137435436249
1458 0.3756171464920044
1459 0.3973563313484192
1460 0.3973563313484192
1461 0.42833060026168823
1462 0.3569401502609253
1463 0.4345126450061798
1464 0.5556620359420776
1465 0.474175363779068
1466 0.474175363779068
1467 0.474175363779068
1468 0.4654276669025421
1469 0.34964412450790405
1470 0.33252185583114624
1471 0.33252185583114624
1472 0.41840049624443054
1473 0.41840049624443054
1474 0.5421159267425537
1475 0.32809171080589294
1476 0.4165772497653961
1477 0.4165772497653961
1478 0.4266226887702942
1479 0.4266226887702942
1480 0.40726882219314575
1481 0.38267040252685547
1482 0.30299198627471924
1483 0.36199700832366943
1484 0.36199700832366943
1485 0.4007563292980194
1486 0.354086309671402
1487 0.354086309671402
1488 0.45138609409332275
1489 0.3663215637207031
1490 0.47745487093925476
1491 0.43385589122772217
1492 0.3839263916015625
1493 0.4314265847206116
1494 0.39840394258499146
1495 0.3305874168872833
1496 0.31596091389656067
1497 0.31596091389656067
1498 0.31596091389656067
1499 0.4764387905597687
