0 1.0990515694178042
1 1.0990515694178042
2 1.1772724955668612
3 1.1772724955668612
4 1.2498805609921917
5 1.3498805609921918
6 1.4467006114959593
7 1.5431677633804883
8 1.5431677633804883
9 1.6330928714269306
10 1.7282057287017987
11 1.8212558559094871
12 1.9165029940960376
13 2.006853333562099
14 2.103363232311112
15 2.19539272233184
16 2.2943565424972956
17 2.3906270931560387
18 2.482492144954425
19 2.573364260379598
20 2.6663376601260595
21 2.7607103833055975
22 2.8596943703275093
23 2.8596943703275093
24 2.8596943703275093
25 2.9529668700416978
26 3.046975967317721
27 3.130333747441078
28 3.130333747441078
29 3.2121390290675738
30 3.2121390290675738
31 3.302693020705499
32 3.302693020705499
33 3.302693020705499
34 3.390075177215575
35 3.463111667544259
36 3.463111667544259
37 3.463111667544259
38 3.549804445721195
39 3.549804445721195
40 3.549804445721195
41 3.549804445721195
42 3.613630446016237
43 3.686246838384389
44 3.686246838384389
45 3.7676266048080236
46 3.850039161853333
47 3.850039161853333
48 3.927858239087843
49 3.927858239087843
