0 1.0992036521276543
1 1.184701858979633
2 1.284701858979633
3 1.284701858979633
4 1.284701858979633
5 1.3605071841481815
6 1.4605071841481816
7 1.4605071841481816
8 1.5598309398066343
9 1.5598309398066343
10 1.5598309398066343
11 1.650643097953533
12 1.7336814075185694
13 1.828619341439755
14 1.9194021048626924
15 1.9194021048626924
16 2.013949935583749
17 2.013949935583749
18 2.113949935583749
19 2.113949935583749
20 2.2087083050832317
21 2.2087083050832317
22 2.302479622282316
23 2.3933286436063628
24 2.4852386816610275
25 2.5852386816610275
26 2.5852386816610275
27 2.6723273300137595
28 2.7723273300137596
29 2.8723273300137597
30 2.9676966872218444
31 3.061795780636884
32 3.161795780636884
33 3.161795780636884
34 3.161795780636884
35 3.252023409953726
36 3.252023409953726
37 3.252023409953726
38 3.3364214355909723
39 3.424480107344677
40 3.5059698018770193
41 3.593409985499472
42 3.6838527252760422
43 3.770755296410013
44 3.863462941669763
45 3.963462941669763
46 4.046800946868546
47 4.046800946868546
48 4.046800946868546
49 4.146800946868546
