0 1.0
1 1.0
2 1.0338252863506128
3 1.043915265984816
4 1.043915265984816
5 1.1385488952677547
6 1.1385488952677547
7 1.2385488952677548
8 1.338548895267755
9 1.338548895267755
10 1.438548895267755
11 1.438548895267755
12 1.5384299365007843
13 1.6384299365007844
14 1.6384299365007844
15 1.7384299365007845
16 1.7528272509447158
17 1.852827250944716
18 1.852827250944716
19 1.852827250944716
20 1.852827250944716
21 1.952827250944716
22 2.052827250944716
23 2.152827250944716
24 2.252827250944716
25 2.252827250944716
26 2.268129192983098
27 2.3076567043826186
28 2.3076567043826186
29 2.33616193264394
30 2.33616193264394
31 2.3609600184378143
32 2.3609600184378143
33 2.3609600184378143
34 2.402316993374197
35 2.402316993374197
36 2.502316993374197
37 2.602316993374197
38 2.7023169933741973
39 2.8023169933741974
40 2.835508220015722
41 2.8453289733187157
42 2.945328973318716
43 2.945328973318716
44 2.973005446883759
45 2.9867017616386584
46 3.077740426112219
47 3.077740426112219
48 3.1170314233997907
49 3.1170314234150562
