0 1.096800557164323
1 1.1710737625581606
2 1.1710737625581606
3 1.1710737625581606
4 1.2398322597782103
5 1.3389032964674372
6 1.3389032964674372
7 1.3389032964674372
8 1.3389032964674372
9 1.4062468853026948
10 1.50400561696628
11 1.6040056169662802
12 1.6313832911240398
13 1.6891937403970108
14 1.7781218638151766
15 1.8344524156488657
16 1.8344524156488657
17 1.8783584367722321
18 1.8783584367722321
19 1.9564071357965718
20 2.044871704994294
21 2.0819144844601096
22 2.149801047093821
23 2.2089480726302937
24 2.2089480726302937
25 2.260115251354061
26 2.35592272405224
27 2.448908055594583
28 2.544153552553692
29 2.622102789670048
30 2.6712065107827345
31 2.748187927215024
32 2.8181751716821015
33 2.8648777943597548
34 2.9184625724893496
35 2.9184625724893496
36 2.9761749710727656
37 3.0156343129816716
38 3.070165465873094
39 3.070165465873094
40 3.070165465873094
41 3.1622165349395446
42 3.22898565539952
43 3.22898565539952
44 3.22898565539952
45 3.22898565539952
46 3.3187785923330857
47 3.3960574366834733
48 3.3960574366834733
49 3.495694755387016
