0 1.0043861881661098
1 1.0078172122496427
2 1.039362532137598
3 1.0756760264490817
4 1.0756760264490817
5 1.0756760264490817
6 1.1095918956057154
7 1.2095918956057155
8 1.3095918956057155
9 1.4095918956057156
10 1.439696676063263
11 1.510003032892547
12 1.510003032892547
13 1.610003032892547
14 1.610003032892547
15 1.710003032892547
16 1.807964116249282
17 1.820165602721613
18 1.8480932628017013
19 1.907994326430068
20 1.9431322898110017
21 1.9431322898110017
22 1.9431322898110017
23 2.043132289811002
24 2.143132289811002
25 2.243132289811002
26 2.291946347727992
27 2.3384966090311368
28 2.3768595349490234
29 2.422738834067676
30 2.522738834067676
31 2.572324680340732
32 2.572324680340732
33 2.572324680340732
34 2.572324680340732
35 2.5971375010619195
36 2.6971375010619196
37 2.6971375010619196
38 2.7971375010619197
39 2.7971375010619197
40 2.7971375010619197
41 2.8217209219050745
42 2.8217209219050745
43 2.9217209219050746
44 2.94012799510261
45 2.9762356803854138
46 2.9762356803854138
47 2.9762356803854138
48 2.9762356803854138
49 2.9762356803854138
