0 1.0995410648036048
1 1.0995410648036048
2 1.1445686504222972
3 1.2224895869947665
4 1.3136584310195274
5 1.3999635006756266
6 1.4987288519168773
7 1.5846024361977475
8 1.6647229973256987
9 1.7242680365201748
10 1.7242680365201748
11 1.7920014785101757
12 1.8672002390950806
13 1.9323207456170366
14 1.9323207456170366
15 1.9719559825022959
16 1.9719559825022959
17 1.9719559825022959
18 2.0189210886070277
19 2.1066715191841494
20 2.1963089478765925
21 2.1963089478765925
22 2.242802806647478
23 2.296412820459933
24 2.3459590486948563
25 2.3906031312876808
26 2.3906031312876808
27 2.3906031312876808
28 2.483444476636476
29 2.524770400546713
30 2.524770400546713
31 2.524770400546713
32 2.624770400546713
33 2.7214302574344913
34 2.7214302574344913
35 2.816776601634849
36 2.816776601634849
37 2.816776601634849
38 2.916776601634849
39 3.016776601634849
40 3.1167766016348493
41 3.188921853824945
42 3.2306623297296237
43 3.272736895108848
44 3.344306224448011
45 3.4158651531109934
46 3.4956887222898927
47 3.5558872235201036
48 3.6558872235201036
49 3.7178220403574005
