0 1.0
1 1.091678040018902
2 1.1654267360533437
3 1.2654267360533438
4 1.3460200291362932
5 1.4430688006768375
6 1.4430688006768375
7 1.4430688006768375
8 1.4430688006768375
9 1.4430688006768375
10 1.4984789359226054
11 1.5728376899815935
12 1.6728376899815935
13 1.7292522453185102
14 1.8030390262984177
15 1.8030390262984177
16 1.8986540370185967
17 1.9452989506205176
18 1.9765186193701716
19 2.0547429014617578
20 2.1316501467811384
21 2.1753843854811272
22 2.1753843854811272
23 2.1753843854811272
24 2.212348405662708
25 2.261720219770135
26 2.261720219770135
27 2.261720219770135
28 2.3535161786783148
29 2.453516178678315
30 2.553516178678315
31 2.6422424428692457
32 2.690279145719297
33 2.690279145719297
34 2.7143774063162116
35 2.7143774063162116
36 2.7143774063162116
37 2.7262736782057564
38 2.7262736782057564
39 2.7871852398662105
40 2.870649021551915
41 2.933459866271046
42 3.033459866271046
43 3.0791080121288497
44 3.0791080121288497
45 3.1539223970625647
46 3.1539223970625647
47 3.2191609541944763
48 3.315646098325344
49 3.4123324310144336
