0 1.0
1 1.1
2 1.173275347764051
3 1.2547401299688292
4 1.2547401299688292
5 1.2547401299688292
6 1.3436332101919861
7 1.428429368247465
8 1.5055865040717555
9 1.5055865040717555
10 1.5653622496698523
11 1.6311105967568873
12 1.6311105967568873
13 1.6311105967568873
14 1.7223741628179368
15 1.7781828455689954
16 1.8781828455689955
17 1.8781828455689955
18 1.9369420646220454
19 2.0369420646220453
20 2.0369420646220453
21 2.1031574854058643
22 2.147048678207892
23 2.197448074166166
24 2.197448074166166
25 2.2368407605328477
26 2.2368407605328477
27 2.2368407605328477
28 2.2368407605328477
29 2.3249124461007327
30 2.4249124461007328
31 2.524912446100733
32 2.624912446100733
33 2.717997324458886
34 2.8163337069559238
35 2.916333706955924
36 2.916333706955924
37 2.9667835826626705
38 2.992948394536744
39 3.0283092594354346
40 3.0830108055956513
41 3.0830108055956513
42 3.125059731718925
43 3.1694805334325133
44 3.221295672108359
45 3.221295672108359
46 3.294511627204646
47 3.329324680780381
48 3.329324680780381
49 3.401479958492894
