0 1.0221694973623547
1 1.0221694973623547
2 1.042035453073038
3 1.06692920383756
4 1.06692920383756
5 1.0910328102566411
6 1.111714799276716
7 1.1290915086507023
8 1.1290915086507023
9 1.1521146504428712
10 1.1798994917409034
11 1.2039119039853585
12 1.2248505268311416
13 1.2415583231923168
14 1.2623488772896498
15 1.2779784875368372
16 1.2920659259204834
17 1.3085853053246352
18 1.3356205952730882
19 1.3529899006043038
20 1.3742548601979447
21 1.3742548601979447
22 1.3966180985926284
23 1.4197541087793666
24 1.4197541087793666
25 1.4197541087793666
26 1.4197541087793666
27 1.4454479035597982
28 1.4454479035597982
29 1.4454479035597982
30 1.4783164645940916
31 1.504635211794511
32 1.5346667108142182
33 1.5346667108142182
34 1.5597760129302145
35 1.5597760129302145
36 1.5847704432163512
37 1.5992310127459206
38 1.6188996006672882
39 1.6188996006672882
40 1.6464973963788656
41 1.6768850636785069
42 1.6768850636785069
43 1.6768850636785069
44 1.6768850636785069
45 1.7056920730477345
46 1.7373251385270967
47 1.757023410456014
48 1.7735991213213844
49 1.803279780523545
