0 1.0238317315590209
1 1.0469680790413838
2 1.0469680790413838
3 1.0704650957737945
4 1.09369827836199
5 1.09369827836199
6 1.09369827836199
7 1.09369827836199
8 1.1165572225769438
9 1.1165572225769438
10 1.1365110823332616
11 1.1574255562050821
12 1.1806057253464903
13 1.200452057491116
14 1.2206210788993217
15 1.2429801149553137
16 1.2429801149553137
17 1.26715471538929
18 1.26715471538929
19 1.26715471538929
20 1.26715471538929
21 1.292006895486709
22 1.315176058459142
23 1.315176058459142
24 1.3398976296678702
25 1.3630727668378233
26 1.3874411139956357
27 1.409181635679488
28 1.432008628748517
29 1.432008628748517
30 1.4530079340903526
31 1.4530079340903526
32 1.4530079340903526
33 1.4530079340903526
34 1.477408118630185
35 1.5044422152904684
36 1.5044422152904684
37 1.5270431711466783
38 1.5559445839097805
39 1.5559445839097805
40 1.5798811116206724
41 1.601663367931139
42 1.601663367931139
43 1.6284239382817083
44 1.6523756665134341
45 1.6750146902398253
46 1.6980321511986205
47 1.7155225046262652
48 1.7392259341696754
49 1.757612094552727
50 1.777250270518219
51 1.7932105248895838
52 1.810505292102174
53 1.810505292102174
54 1.810505292102174
55 1.8348567105294502
56 1.861244992785883
57 1.881443263336855
58 1.8968737565162674
59 1.914662069252769
60 1.926224974888649
61 1.943732610249139
62 1.943732610249139
63 1.9547857276849478
64 1.9748241174924073
65 1.9929353804685346
66 1.9929353804685346
67 2.006741205100453
68 2.006741205100453
69 2.006741205100453
70 2.006741205100453
71 2.0376156030161505
72 2.0376156030161505
73 2.0376156030161505
74 2.0578818497368805
75 2.0812367432792764
76 2.0812367432792764
77 2.1206491765531448
78 2.1390954622410674
79 2.177809925817946
80 2.177809925817946
81 2.177809925817946
82 2.235557628465058
83 2.320761552197609
84 2.3419801711794928
85 2.3419801711794928
86 2.3619225637297796
87 2.3853404284284463
88 2.3853404284284463
89 2.3853404284284463
90 2.4128188165609257
91 2.445409325092661
92 2.492249559697592
93 2.517752387222818
94 2.5292891758448857
95 2.549627538852217
96 2.555814155819868
97 2.555814155819868
98 2.5632848623175413
99 2.572283977128802
