0 1.0
1 1.0228093123763984
2 1.0469669603603484
3 1.0469669603603484
4 1.0702509220802563
5 1.0934523468477757
6 1.1134617030101974
7 1.1360440597269073
8 1.1600165017595339
9 1.1831453371821823
10 1.2027020340624686
11 1.2027020340624686
12 1.2257603271964577
13 1.2257603271964577
14 1.2257603271964577
15 1.2488636509470648
16 1.2729304776047827
17 1.2964529010721741
18 1.2964529010721741
19 1.3205865587228465
20 1.3442281897412929
21 1.3672849851811473
22 1.3672849851811473
23 1.3873108287424887
24 1.4108484179194258
25 1.4334896261750454
26 1.456916833736645
27 1.456916833736645
28 1.4807296396164364
29 1.5024867865935536
30 1.5024867865935536
31 1.526604781144453
32 1.5499675612507615
33 1.5731454491274144
34 1.5731454491274144
35 1.5963910031653707
36 1.5963910031653707
37 1.6198077500926453
38 1.6198077500926453
39 1.6471093199441817
40 1.6471093199441817
41 1.6731974366563003
42 1.698804021623335
43 1.720170510741684
44 1.7389128581475541
45 1.7604340163999848
46 1.780836716626149
47 1.780836716626149
48 1.8037777015794367
49 1.821618536012962
50 1.821618536012962
51 1.8409803162024014
52 1.8409803162024014
53 1.8667192492344031
54 1.891406826836307
55 1.891406826836307
56 1.891406826836307
57 1.9186593323293855
58 1.9402766334434673
59 1.9402766334434673
60 1.9670224799437126
61 2.0018698293325965
62 2.0239610677429347
63 2.0239610677429347
64 2.0566626813305326
65 2.0873566752597945
66 2.098889457346802
67 2.108190117485407
68 2.1145197684378503
69 2.120447646639578
70 2.1243415601306124
71 2.1243415601306124
72 2.1243415601306124
73 2.1261548639516485
74 2.1261548639516485
75 2.1261548639516485
76 2.1261548639516485
77 2.1613521091167365
78 2.192164010612264
79 2.2335099162549503
80 2.280537097533305
81 2.313864631223029
82 2.3260907286363595
83 2.334738582559134
84 2.334738582559134
85 2.339344747750559
86 2.3462327763459214
87 2.352508955501238
88 2.368739457700091
89 2.3769133640927196
90 2.3865634211631876
91 2.3935941417684834
92 2.401945013208311
93 2.4079015010354348
94 2.4079015010354348
95 2.423146169752009
96 2.423146169752009
97 2.4351996005783616
98 2.4426379676680634
99 2.4426379676680634
