0 1.0252735682829366
1 1.0486092544661874
2 1.0486092544661874
3 1.0716060806377876
4 1.0959027537382975
5 1.0959027537382975
6 1.0959027537382975
7 1.0959027537382975
8 1.120330151402717
9 1.120330151402717
10 1.1414357366822019
11 1.161192504706009
12 1.1841137871794427
13 1.2049643785385151
14 1.2255601119885424
15 1.250191156188454
16 1.2740181213349873
17 1.2740181213349873
18 1.2983996105019198
19 1.2983996105019198
20 1.3229412111476695
21 1.3470222551667932
22 1.3696062824595396
23 1.3888154354306648
24 1.4110780560756404
25 1.4110780560756404
26 1.4110780560756404
27 1.4369452951105637
28 1.4606390831702059
29 1.4823399150213665
30 1.5009272252099806
31 1.5242536047044808
32 1.5475632285120207
33 1.5711396488301916
34 1.5873954795536438
35 1.5873954795536438
36 1.6114205408947264
37 1.6320443333847416
38 1.6546961909207667
39 1.6757680014177148
40 1.6935359221544037
41 1.714075738398367
42 1.7336615906172335
43 1.7336615906172335
44 1.7560598518295933
45 1.7560598518295933
46 1.7560598518295933
47 1.77916922090931
48 1.803361872784802
49 1.8219155622303467
50 1.8219155622303467
51 1.8219155622303467
52 1.8476987195714214
53 1.8476987195714214
54 1.8476987195714214
55 1.8846195359660285
56 1.9159417176199374
57 1.9441031801934052
58 1.970209105022657
59 2.0066309712521386
60 2.0066309712521386
61 2.0066309712521386
62 2.038218421248664
63 2.0643616428467526
64 2.0643616428467526
65 2.0643616428467526
66 2.0927384874270842
67 2.1241915736654335
68 2.1476224208808286
69 2.164720219168727
70 2.1886857420062764
71 2.2035311413510095
72 2.215240738193329
73 2.215240738193329
74 2.2358876213717673
75 2.2563301428269362
76 2.271914359784194
77 2.29327441588498
78 2.3088176801803293
79 2.3167768825847896
80 2.321309498529061
81 2.321309498529061
82 2.3293929952041785
83 2.3416600980355726
84 2.3416600980355726
85 2.351468817020813
86 2.351468817020813
87 2.366592877252513
88 2.3965162424016677
89 2.409091446292031
90 2.419912369176161
91 2.419912369176161
92 2.419912369176161
93 2.419912369176161
94 2.4468320301153956
95 2.4468320301153956
96 2.508919071968292
97 2.554610445262966
98 2.594681272937886
99 2.65592257197012
