0 1.0216121325695564
1 1.0470343966539555
2 1.0698164148686367
3 1.0937498355966309
4 1.0937498355966309
5 1.1161592307455608
6 1.1366870737927512
7 1.1588517070456235
8 1.1588517070456235
9 1.1823153205260806
10 1.201894478762959
11 1.2215601092362136
12 1.2432790694907503
13 1.262576948810677
14 1.2817363105568682
15 1.303494513016172
16 1.3263752192662297
17 1.348345290008088
18 1.3701866399518632
19 1.3701866399518632
20 1.3941946363782722
21 1.4165672515639098
22 1.4165672515639098
23 1.4370190875302422
24 1.4612042460477959
25 1.4836968151906345
26 1.5047933200565582
27 1.525975185238985
28 1.525975185238985
29 1.525975185238985
30 1.5468464440896357
31 1.5691220113413766
32 1.5691220113413766
33 1.5927750118876087
34 1.6124642996752234
35 1.631811850424536
36 1.6518567441186245
37 1.6679927233233165
38 1.6878533990692963
39 1.7118847042877297
40 1.726559361027181
41 1.726559361027181
42 1.726559361027181
43 1.7530291735429853
44 1.7530291735429853
45 1.7530291735429853
46 1.7799671112567246
47 1.802488464348008
48 1.802488464348008
49 1.83032820974763
50 1.8544835084228652
51 1.8790749633353923
52 1.898272647360634
53 1.913995374631541
54 1.9295268494066002
55 1.9295268494066002
56 1.9493421213533944
57 1.9660130251283605
58 1.9813278498726696
59 1.999694928850447
60 2.0115679598994918
61 2.029215392358431
62 2.029215392358431
63 2.029215392358431
64 2.0477730902093003
65 2.0800299040963086
66 2.1065340595602198
67 2.1264399850660616
68 2.140896290762234
69 2.1525324540434525
70 2.1619296507768166
71 2.1659891378903895
72 2.168678875550434
73 2.168638089563144
74 2.1883171867668305
75 2.2226329322361904
76 2.2487644033412932
77 2.261612868844319
78 2.261612868844319
79 2.261612868844319
80 2.261612868844319
81 2.280956619338374
82 2.29308224419821
83 2.3060057080940886
84 2.31191346441072
85 2.31191346441072
86 2.325757425378107
87 2.3367119701712373
88 2.357949574625827
89 2.367868055627496
90 2.3776996057934836
91 2.3776996057934836
92 2.4131302129484644
93 2.4316388165494196
94 2.4316388165494196
95 2.4550242930019404
96 2.4669825076438197
97 2.4669825076438197
98 2.4770651879960517
99 2.4863085239422644
