0 2.301478556479854
1 2.301478556479854
2 3.7211678427657584
3 2.7474215077185047
4 1.5052919796313446
5 0.5379856418316933
6 0.3503569857575644
7 0.23611329174626167
8 0.16901404277913984
9 0.17114923810171687
10 0.23559198871799086
11 0.24198449413856307
12 0.13022965382506932
13 0.12580764459529
14 0.12542878805830696
15 0.438788652882211
16 0.20436891572752136
17 0.2052355855777897
18 0.0969419535538326
19 0.09859303155799339
20 0.06653163802454536
21 0.06676569393649139
22 0.06907026163149083
23 0.07067292552998568
24 0.06547197318305562
25 0.05745287314700284
26 0.05640035949432184
27 0.07788017809320205
28 0.1559388165517322
29 0.06552246443949651
30 0.06612360037363815
31 0.07240663506109277
32 0.0682770118868354
33 0.07000691853668643
34 0.06790301189937253
35 0.056161117783536565
36 0.06017280692162888
37 0.060007428514653294
38 0.0538987952825884
39 0.05423913984021368
40 0.07188336330984513
41 0.06468888665300204
42 0.04903419806774316
43 0.04996379288174342
44 0.04710776243481614
45 0.04653432552324535
46 0.046244326125520124
47 0.046344058591291946
48 0.06911456992541286
49 0.05248822773731742
