0 2.4845476150512695
1 2.4381306171417236
2 2.357989549636841
3 2.357989549636841
4 2.357989549636841
5 2.4111545085906982
6 2.4486935138702393
7 2.45682692527771
8 2.4019224643707275
9 2.4019224643707275
10 2.22550630569458
11 2.1428871154785156
12 2.06169056892395
13 2.06169056892395
14 2.06169056892395
15 2.170106887817383
16 2.170106887817383
17 2.1731770038604736
18 2.108146905899048
19 1.7651705741882324
20 1.2992379665374756
21 0.9687573313713074
22 0.9687573313713074
23 0.9687573313713074
24 2.130402088165283
25 2.8021628856658936
26 2.8021628856658936
27 2.8021628856658936
28 2.8021628856658936
29 1.2689290046691895
30 0.9343606233596802
31 0.9343606233596802
32 0.5877171754837036
33 0.6108866333961487
34 0.6108866333961487
35 0.6108866333961487
36 0.6108866333961487
37 3.490978956222534
38 3.490978956222534
39 1.019216775894165
40 0.45300158858299255
41 0.1879505217075348
42 0.1879505217075348
43 0.8253403306007385
44 0.8253403306007385
45 1.9310907125473022
46 1.9892854690551758
47 1.9892854690551758
48 1.0092216730117798
49 0.43921273946762085
50 0.29252853989601135
51 0.29252853989601135
52 0.29252853989601135
53 0.3082945942878723
54 0.3082945942878723
55 0.5836002826690674
56 0.6939509510993958
57 0.7244763374328613
58 0.7244763374328613
59 0.7244763374328613
60 0.7244763374328613
61 0.7244763374328613
62 0.8654011487960815
63 0.644507110118866
64 0.7161126136779785
65 0.373061865568161
66 0.3210735619068146
67 0.3210735619068146
68 0.3930729329586029
69 0.3930729329586029
70 0.3930729329586029
71 0.3930729329586029
72 0.3930729329586029
73 1.0204535722732544
74 0.942291259765625
75 0.7461278438568115
76 0.6232689619064331
77 0.32845184206962585
78 0.3463492691516876
79 0.3463492691516876
80 0.26391130685806274
81 0.20408086478710175
82 0.3273627758026123
83 0.4312843382358551
84 0.3849204480648041
85 0.2155551165342331
86 0.29387167096138
87 0.29110097885131836
88 0.29110097885131836
89 0.38703453540802
90 0.38703453540802
91 0.5002378225326538
92 0.5002378225326538
93 0.6317787170410156
94 0.45966866612434387
95 0.45966866612434387
96 0.45966866612434387
97 0.3497775197029114
98 0.2745639383792877
99 0.3226979970932007
100 0.2163769006729126
101 0.16193443536758423
102 0.19289320707321167
103 0.19289320707321167
104 0.19289320707321167
105 0.21624810993671417
106 0.3903602361679077
107 0.4932127892971039
108 0.4932127892971039
109 0.2551403343677521
110 0.2551403343677521
111 0.37314343452453613
112 0.37314343452453613
113 0.37314343452453613
114 0.49408212304115295
115 0.2740447521209717
116 0.2740447521209717
117 0.2740447521209717
118 0.2973400950431824
119 0.2973400950431824
120 0.2973400950431824
121 0.3442789614200592
122 0.4010119140148163
123 0.22487282752990723
124 0.23715001344680786
125 0.23715001344680786
126 0.12144113332033157
127 0.17848390340805054
128 0.21046851575374603
129 0.2226419448852539
130 0.19327667355537415
131 0.21107196807861328
132 0.21107196807861328
133 0.427992582321167
134 0.32197293639183044
135 0.32197293639183044
136 0.32197293639183044
137 0.1999388486146927
138 0.19500358402729034
139 0.15180730819702148
140 0.24097608029842377
141 0.31857553124427795
142 0.23988378047943115
143 0.23988378047943115
144 0.1822051852941513
145 0.15727239847183228
146 0.24468566477298737
147 0.24468566477298737
148 0.24468566477298737
149 0.3339374363422394
150 0.339351087808609
151 0.3001132905483246
152 0.22782444953918457
153 0.22782444953918457
154 0.22782444953918457
155 0.22782444953918457
156 0.21383097767829895
157 0.21383097767829895
158 0.1889260709285736
159 0.3055630028247833
160 0.23231244087219238
161 0.2151741087436676
162 0.20195862650871277
163 0.1868467926979065
164 0.16095151007175446
165 0.17358122766017914
166 0.23242756724357605
167 0.1313469260931015
168 0.10601057857275009
169 0.15154454112052917
170 0.15154454112052917
171 0.12999983131885529
172 0.2944885194301605
173 0.22055107355117798
174 0.22055107355117798
175 0.22914166748523712
176 0.10788433998823166
177 0.16669049859046936
178 0.2972506880760193
179 0.20298250019550323
180 0.13741515576839447
181 0.13741515576839447
182 0.13741515576839447
183 0.2151644080877304
184 0.1485908478498459
185 0.192870631814003
186 0.14423559606075287
187 0.14423559606075287
188 0.14423559606075287
189 0.11377015709877014
190 0.17806801199913025
191 0.08416033536195755
192 0.08416033536195755
193 0.08416033536195755
194 0.1418149322271347
195 0.1905561089515686
196 0.1905561089515686
197 0.28197452425956726
198 0.2526204288005829
199 0.13561052083969116
200 0.06462012231349945
201 0.06462012231349945
202 0.08163049072027206
203 0.0850125178694725
204 0.1905246078968048
205 0.10642247647047043
206 0.29593712091445923
207 0.29593712091445923
208 0.29836228489875793
209 0.17074041068553925
210 0.09940098971128464
211 0.08813119679689407
212 0.08813119679689407
213 0.07703625410795212
214 0.24748066067695618
215 0.24748066067695618
216 0.08078612387180328
217 0.164384663105011
218 0.15051612257957458
219 0.1146865040063858
220 0.2185005396604538
221 0.19905471801757812
222 0.1693258285522461
223 0.1693258285522461
224 0.1184842512011528
225 0.1957801729440689
226 0.0710870623588562
227 0.0710870623588562
228 0.0791647732257843
229 0.0791647732257843
230 0.0791647732257843
231 0.0791647732257843
232 0.0791647732257843
233 0.4191575348377228
234 0.34605106711387634
235 0.2508244812488556
236 0.2508244812488556
237 0.2508244812488556
238 0.13406600058078766
239 0.0640234500169754
240 0.06614557653665543
241 0.10909087210893631
242 0.10909087210893631
243 0.0785767063498497
244 0.16012278199195862
245 0.16012278199195862
246 0.16012278199195862
247 0.2354462444782257
248 0.2248750776052475
249 0.2248750776052475
250 0.2741564214229584
251 0.10613029450178146
252 0.10613029450178146
253 0.10912725329399109
254 0.12025623023509979
255 0.10367967933416367
256 0.10367967933416367
257 0.12653428316116333
258 0.13326475024223328
259 0.13735705614089966
260 0.13735705614089966
261 0.13735705614089966
262 0.21637962758541107
263 0.11611922830343246
264 0.23017437756061554
265 0.15480539202690125
266 0.09605734795331955
267 0.10515568405389786
268 0.03204936534166336
269 0.03204936534166336
270 0.03204936534166336
271 0.11180299520492554
272 0.11664637178182602
273 0.2824428081512451
274 0.2824428081512451
275 0.2824428081512451
276 0.10959180444478989
277 0.1235843300819397
278 0.2279699146747589
279 0.0807998850941658
280 0.0807998850941658
281 0.06508714705705643
282 0.0975494384765625
283 0.11781972646713257
284 0.10754229128360748
285 0.09307437390089035
286 0.09151250869035721
287 0.09151250869035721
288 0.07535246759653091
289 0.07535246759653091
290 0.14596736431121826
291 0.18106874823570251
292 0.20641161501407623
293 0.20641161501407623
294 0.20641161501407623
295 0.08723236620426178
296 0.0678274855017662
297 0.08505048602819443
298 0.08505048602819443
299 0.08505048602819443
300 0.13892941176891327
301 0.13892941176891327
302 0.13892941176891327
303 0.13892941176891327
304 0.2721981108188629
305 0.1777619570493698
306 0.1777619570493698
307 0.1777619570493698
308 0.21202397346496582
309 0.14849525690078735
310 0.08046208322048187
311 0.14375609159469604
312 0.12085434794425964
313 0.12085434794425964
314 0.11548522859811783
315 0.11548522859811783
316 0.13506768643856049
317 0.07375327497720718
318 0.07826380431652069
319 0.11714022606611252
320 0.14591209590435028
321 0.07027864456176758
322 0.07027864456176758
323 0.07027864456176758
324 0.1411353051662445
325 0.04870850592851639
326 0.06831443309783936
327 0.06615495681762695
328 0.06615495681762695
329 0.06615495681762695
330 0.06574252247810364
331 0.19195705652236938
332 0.19195705652236938
333 0.13744623959064484
334 0.12943994998931885
335 0.1771862506866455
336 0.1771862506866455
337 0.1771862506866455
338 0.11400125920772552
339 0.08102196455001831
340 0.05400363355875015
341 0.05400363355875015
342 0.08923572301864624
343 0.1494937539100647
344 0.1284307837486267
345 0.1284307837486267
346 0.1284307837486267
347 0.1284307837486267
348 0.18745113909244537
349 0.23094764351844788
350 0.23004846274852753
351 0.23004846274852753
352 0.07094667106866837
353 0.07094667106866837
354 0.07094667106866837
355 0.07094667106866837
356 0.07094667106866837
357 0.15336664021015167
358 0.15336664021015167
359 0.15336664021015167
360 0.1386963129043579
361 0.1358540654182434
362 0.11472009867429733
363 0.11472009867429733
364 0.11472009867429733
365 0.11472009867429733
366 0.15610891580581665
367 0.09647827595472336
368 0.20741859078407288
369 0.06492241472005844
370 0.11470994353294373
371 0.11470994353294373
372 0.11470994353294373
373 0.08910088986158371
374 0.08910088986158371
375 0.08910088986158371
376 0.08910088986158371
377 0.06686579436063766
378 0.08192530274391174
379 0.12473750114440918
380 0.10159911960363388
381 0.1498997062444687
382 0.08815967291593552
383 0.0718487799167633
384 0.04162486270070076
385 0.10358210653066635
386 0.07024012506008148
387 0.07024012506008148
388 0.07024012506008148
389 0.07024012506008148
390 0.07024012506008148
391 0.08255336433649063
392 0.1497938334941864
393 0.1497938334941864
394 0.13427285850048065
395 0.06382635235786438
396 0.06382635235786438
397 0.09002108871936798
398 0.09002108871936798
399 0.10573157668113708
400 0.03289538249373436
401 0.0516534298658371
402 0.14818492531776428
403 0.14818492531776428
404 0.14818492531776428
405 0.14818492531776428
406 0.14818492531776428
407 0.10714089125394821
408 0.13605263829231262
409 0.09788675606250763
410 0.09017084538936615
411 0.04247637465596199
412 0.11525098979473114
413 0.09072422981262207
414 0.09072422981262207
415 0.06680784374475479
416 0.03443130478262901
417 0.18070416152477264
418 0.04705376923084259
419 0.048165205866098404
420 0.048165205866098404
421 0.05920451506972313
422 0.1009102538228035
423 0.05970392003655434
424 0.09000392258167267
425 0.12380722165107727
426 0.08152930438518524
427 0.041422657668590546
428 0.09210731834173203
429 0.09210731834173203
430 0.11284355074167252
431 0.08532970398664474
432 0.08532970398664474
433 0.08532970398664474
434 0.08532970398664474
435 0.08532970398664474
436 0.05611525475978851
437 0.06256763637065887
438 0.09940262138843536
439 0.0777525082230568
440 0.10077983886003494
441 0.10077983886003494
442 0.10077983886003494
443 0.10077983886003494
444 0.058301836252212524
445 0.11629512161016464
446 0.08018830418586731
447 0.08018830418586731
448 0.042815253138542175
449 0.1813136339187622
450 0.12871597707271576
451 0.05982609838247299
452 0.08987944573163986
453 0.08987944573163986
454 0.03754201903939247
455 0.053004030138254166
456 0.10126858204603195
457 0.06105121597647667
458 0.06105121597647667
459 0.04150588437914848
460 0.10103673487901688
461 0.07404013723134995
462 0.10698599368333817
463 0.10698599368333817
464 0.10698599368333817
465 0.10698599368333817
466 0.07402683049440384
467 0.07402683049440384
468 0.0399181954562664
469 0.0399181954562664
470 0.0399181954562664
471 0.0399181954562664
472 0.10830909758806229
473 0.09816375374794006
474 0.09706752002239227
475 0.061073098331689835
476 0.16476836800575256
477 0.017907677218317986
478 0.017907677218317986
479 0.0122621925547719
480 0.055165089666843414
481 0.04493926838040352
482 0.05821635574102402
483 0.07885727286338806
484 0.042509615421295166
485 0.042509615421295166
486 0.03828011453151703
487 0.040618766099214554
488 0.034158363938331604
489 0.034158363938331604
490 0.04126282408833504
491 0.037637945264577866
492 0.037637945264577866
493 0.037637945264577866
494 0.0995105654001236
495 0.0995105654001236
496 0.11771096289157867
497 0.1296222060918808
498 0.0740671306848526
499 0.0740671306848526
