0 0.0
1 2.3835079669952393
2 2.3835079669952393
3 2.3689470291137695
4 2.37723970413208
5 2.378108263015747
6 2.30646014213562
7 2.284151315689087
8 2.268498182296753
9 2.268498182296753
10 2.1509058475494385
11 2.1509058475494385
12 2.1509058475494385
13 2.484212875366211
14 2.5787193775177
15 2.548680543899536
16 2.3518729209899902
17 2.3518729209899902
18 1.839074730873108
19 1.4961533546447754
20 1.2183319330215454
21 1.085073709487915
22 1.085073709487915
23 0.9773119688034058
24 1.0890296697616577
25 1.0890296697616577
26 1.0058106184005737
27 1.121787667274475
28 1.121787667274475
29 0.5683323740959167
30 0.4165695309638977
31 0.5779390335083008
32 0.45522117614746094
33 0.39259541034698486
34 0.4488329589366913
35 0.5141957402229309
36 0.5182028412818909
37 0.5574361085891724
38 0.3365311026573181
39 0.47198358178138733
40 0.49796319007873535
41 0.7285084128379822
42 0.5387899279594421
43 0.3689112067222595
44 0.5418590307235718
45 0.5418590307235718
46 0.5418590307235718
47 0.4853779077529907
48 0.4853779077529907
49 0.475342720746994
50 0.585127592086792
51 0.7489463686943054
52 0.49123096466064453
53 0.49123096466064453
54 0.5528873801231384
55 0.5528873801231384
56 0.5528873801231384
57 0.5528873801231384
58 0.2021280825138092
59 0.3368173837661743
60 0.2523835301399231
61 0.2523835301399231
62 0.2523835301399231
63 0.31485748291015625
64 0.31485748291015625
65 0.5179724097251892
66 0.59942227602005
67 0.4739367365837097
68 0.32224372029304504
69 0.32224372029304504
70 0.22449007630348206
71 0.2490282505750656
72 0.29907748103141785
73 0.23690608143806458
74 0.23690608143806458
75 0.48449626564979553
76 0.3871864080429077
77 0.48871761560440063
78 0.39626139402389526
79 0.39626139402389526
80 0.2268536537885666
81 0.19914938509464264
82 0.3564409911632538
83 0.3564409911632538
84 0.24112452566623688
85 0.30410924553871155
86 0.26331859827041626
87 0.33772507309913635
88 0.32885122299194336
89 0.32885122299194336
90 0.32885122299194336
91 0.18950548768043518
92 0.20357072353363037
93 0.20357072353363037
94 0.2582429349422455
95 0.2582429349422455
96 0.2582429349422455
97 0.4270714521408081
98 0.4270714521408081
99 0.2527454197406769
100 0.2527454197406769
101 0.2527454197406769
102 0.3634958267211914
103 0.3634958267211914
104 0.3634958267211914
105 0.38178861141204834
106 0.38178861141204834
107 0.38178861141204834
108 0.30059030652046204
109 0.30059030652046204
110 0.2649069130420685
111 0.2649069130420685
112 0.2649069130420685
113 0.3400222361087799
114 0.20748159289360046
115 0.20748159289360046
116 0.11493044346570969
117 0.22151269018650055
118 0.22151269018650055
119 0.33058813214302063
120 0.1894831508398056
121 0.1535940319299698
122 0.1535940319299698
123 0.1535940319299698
124 0.1535940319299698
125 0.4188549816608429
126 0.4188549816608429
127 0.2741997539997101
128 0.32618817687034607
129 0.1693459004163742
130 0.2595140337944031
131 0.25744301080703735
132 0.17190833389759064
133 0.17190833389759064
134 0.13847331702709198
135 0.13852597773075104
136 0.28123778104782104
137 0.17843785881996155
138 0.2571689784526825
139 0.14674590528011322
140 0.14674590528011322
141 0.10487660765647888
142 0.17604771256446838
143 0.2715432941913605
144 0.2715432941913605
145 0.2715432941913605
146 0.18788518011569977
147 0.18825578689575195
148 0.1960514485836029
149 0.15061257779598236
150 0.15061257779598236
151 0.15061257779598236
152 0.15061257779598236
153 0.3770669102668762
154 0.2684137523174286
155 0.19110268354415894
156 0.19110268354415894
157 0.1937454640865326
158 0.1937454640865326
159 0.1937454640865326
160 0.1937454640865326
161 0.18575061857700348
162 0.17967775464057922
163 0.17967775464057922
164 0.21332868933677673
165 0.2073320895433426
166 0.20462749898433685
167 0.11639640480279922
168 0.168877974152565
169 0.2193135768175125
170 0.16137658059597015
171 0.07130850106477737
172 0.07130850106477737
173 0.06574023514986038
174 0.06574023514986038
175 0.08841770142316818
176 0.08841770142316818
177 0.2154100090265274
178 0.10779630392789841
179 0.10779630392789841
180 0.14913193881511688
181 0.18610039353370667
182 0.20713192224502563
183 0.08770744502544403
184 0.10871858149766922
185 0.10871858149766922
186 0.10871858149766922
187 0.0641893818974495
188 0.14351756870746613
189 0.10417594760656357
190 0.10417594760656357
191 0.1906789392232895
192 0.11984118819236755
193 0.11039888858795166
194 0.096298448741436
195 0.12905243039131165
196 0.12905243039131165
197 0.18050022423267365
198 0.08456342667341232
199 0.12004679441452026
200 0.13383646309375763
201 0.10167823731899261
202 0.08737466484308243
203 0.08325094729661942
204 0.06738374382257462
205 0.06738374382257462
206 0.06738374382257462
207 0.06738374382257462
208 0.17596501111984253
209 0.09617367386817932
210 0.09617367386817932
211 0.09617367386817932
212 0.09617367386817932
213 0.31498369574546814
214 0.31498369574546814
215 0.25874993205070496
216 0.17021444439888
217 0.17021444439888
218 0.14968299865722656
219 0.08683200180530548
220 0.1450093388557434
221 0.06253916025161743
222 0.06253916025161743
223 0.20951105654239655
224 0.11443456262350082
225 0.21294057369232178
226 0.11772900074720383
227 0.1390562653541565
228 0.09320969879627228
229 0.07728847116231918
230 0.06556286662817001
231 0.08489217609167099
232 0.08489217609167099
233 0.08407957851886749
234 0.08407957851886749
235 0.08407957851886749
236 0.08407957851886749
237 0.2819417715072632
238 0.2819417715072632
239 0.16435405611991882
240 0.18857170641422272
241 0.18857170641422272
242 0.11211833357810974
243 0.2916164696216583
244 0.2916164696216583
245 0.09436231851577759
246 0.05535076931118965
247 0.08720790594816208
248 0.029043111950159073
249 0.06285267323255539
250 0.1016879603266716
251 0.094696044921875
252 0.094696044921875
253 0.1036979928612709
254 0.08486033976078033
255 0.08486033976078033
256 0.20801135897636414
257 0.13710659742355347
258 0.13710659742355347
259 0.16073934733867645
260 0.16073934733867645
261 0.12766395509243011
262 0.05515248328447342
263 0.03981862962245941
264 0.03981862962245941
265 0.07675377279520035
266 0.07675377279520035
267 0.12735480070114136
268 0.12735480070114136
269 0.2133638709783554
270 0.1590307652950287
271 0.1590307652950287
272 0.1590307652950287
273 0.17390988767147064
274 0.10325205326080322
275 0.2111511528491974
276 0.07970153540372849
277 0.07970153540372849
278 0.046079110354185104
279 0.14261239767074585
280 0.11295082420110703
281 0.06654021143913269
282 0.04211360961198807
283 0.04211360961198807
284 0.10665459930896759
285 0.09136319160461426
286 0.07271044701337814
287 0.09513743966817856
288 0.10438799858093262
289 0.11340416222810745
290 0.04890823736786842
291 0.0790434181690216
292 0.0790434181690216
293 0.11893793940544128
294 0.1470811665058136
295 0.1470811665058136
296 0.2236553579568863
297 0.2236553579568863
298 0.12779447436332703
299 0.12779447436332703
300 0.09802249819040298
301 0.05895953252911568
302 0.05895953252911568
303 0.05506926774978638
304 0.030327245593070984
305 0.030327245593070984
306 0.14138463139533997
307 0.10474275797605515
308 0.06780068576335907
309 0.06780068576335907
310 0.10947534441947937
311 0.10947534441947937
312 0.10947534441947937
313 0.06693059951066971
314 0.11639006435871124
315 0.11217515170574188
316 0.11217515170574188
317 0.11217515170574188
318 0.05990750715136528
319 0.13277456164360046
320 0.12169518321752548
321 0.12169518321752548
322 0.10275007039308548
323 0.14874482154846191
324 0.06551366299390793
325 0.06551366299390793
326 0.09078502655029297
327 0.09078502655029297
328 0.11489249020814896
329 0.0695347785949707
330 0.0695347785949707
331 0.0934804230928421
332 0.105905681848526
333 0.04803117364645004
334 0.04803117364645004
335 0.13451196253299713
336 0.037659384310245514
337 0.037659384310245514
338 0.037659384310245514
339 0.037659384310245514
340 0.11464359611272812
341 0.11160807311534882
342 0.09608759731054306
343 0.0752868503332138
344 0.08785998821258545
345 0.08508104830980301
346 0.057869747281074524
347 0.07924985140562057
348 0.07924985140562057
349 0.07924985140562057
350 0.020086616277694702
351 0.03725292161107063
352 0.06017052382230759
353 0.09969859570264816
354 0.13478974997997284
355 0.07791034132242203
356 0.05605889856815338
357 0.03306266665458679
358 0.0500846691429615
359 0.049944210797548294
360 0.032049160450696945
361 0.05932265892624855
362 0.24293632805347443
363 0.24293632805347443
364 0.08076848089694977
365 0.06680680811405182
366 0.057001687586307526
367 0.09682764858007431
368 0.09682764858007431
369 0.09682764858007431
370 0.09682764858007431
371 0.09682764858007431
372 0.13193222880363464
373 0.13193222880363464
374 0.12736833095550537
375 0.064545176923275
376 0.08427631109952927
377 0.08427631109952927
378 0.11023828387260437
379 0.11023828387260437
380 0.11023828387260437
381 0.11023828387260437
382 0.11023828387260437
383 0.15955254435539246
384 0.10836794227361679
385 0.10229048132896423
386 0.10229048132896423
387 0.08982505649328232
388 0.08982505649328232
389 0.04117906466126442
390 0.04565741866827011
391 0.04565741866827011
392 0.09885706752538681
393 0.061286527663469315
394 0.061286527663469315
395 0.061286527663469315
396 0.061286527663469315
397 0.061286527663469315
398 0.1143956258893013
399 0.05310188606381416
400 0.06997236609458923
401 0.06997236609458923
402 0.12118500471115112
403 0.04851430281996727
404 0.04851430281996727
405 0.14083582162857056
406 0.03438686206936836
407 0.03438686206936836
408 0.0210613664239645
409 0.0210613664239645
410 0.0210613664239645
411 0.15228594839572906
412 0.1686169058084488
413 0.04533125460147858
414 0.142843559384346
415 0.04915894940495491
416 0.07912162691354752
417 0.06527471542358398
418 0.07449277490377426
419 0.07449277490377426
420 0.06356935203075409
421 0.06356935203075409
422 0.0669560506939888
423 0.0669560506939888
424 0.03768868371844292
425 0.03768868371844292
426 0.1421051323413849
427 0.1421051323413849
428 0.09351657330989838
429 0.052192650735378265
430 0.052192650735378265
431 0.052192650735378265
432 0.17075860500335693
433 0.12688440084457397
434 0.07900393754243851
435 0.08789988607168198
436 0.05308103933930397
437 0.06614325195550919
438 0.06614325195550919
439 0.06614325195550919
440 0.06852439790964127
441 0.04887021332979202
442 0.04887021332979202
443 0.03720497339963913
444 0.06507495045661926
445 0.03709005191922188
446 0.029308106750249863
447 0.11925147473812103
448 0.11828047037124634
449 0.08444991707801819
450 0.08444991707801819
451 0.035338807851076126
452 0.035338807851076126
453 0.035338807851076126
454 0.035338807851076126
455 0.09302070736885071
456 0.07608918845653534
457 0.07742177695035934
458 0.07032084465026855
459 0.07032084465026855
460 0.08527220040559769
461 0.08527220040559769
462 0.08527220040559769
463 0.04686826094985008
464 0.0319783017039299
465 0.03589591011404991
466 0.09357645362615585
467 0.026211785152554512
468 0.014355083927512169
469 0.055902354419231415
470 0.10384141653776169
471 0.10384141653776169
472 0.10384141653776169
473 0.047437287867069244
474 0.047437287867069244
475 0.047437287867069244
476 0.047437287867069244
477 0.1580679565668106
478 0.07327369600534439
479 0.0868678092956543
480 0.10289924591779709
481 0.07760694622993469
482 0.03211842104792595
483 0.03211842104792595
484 0.03211842104792595
485 0.03211842104792595
486 0.007713065482676029
487 0.1682550460100174
488 0.1682550460100174
489 0.09298627078533173
490 0.09298627078533173
491 0.12348292022943497
492 0.12348292022943497
493 0.056422699242830276
494 0.056422699242830276
495 0.056422699242830276
496 0.056422699242830276
497 0.056422699242830276
498 0.056422699242830276
499 0.06241922825574875
