0 2.386115312576294
1 2.3710954189300537
2 2.3095288276672363
3 2.2183563709259033
4 2.1208348274230957
5 2.1208348274230957
6 2.1208348274230957
7 1.9603757858276367
8 1.9971424341201782
9 1.9989838600158691
10 1.9989838600158691
11 2.0028560161590576
12 2.0028560161590576
13 2.1455883979797363
14 2.1455883979797363
15 2.1455883979797363
16 1.9242726564407349
17 1.9242726564407349
18 1.4662117958068848
19 1.1896905899047852
20 1.0559526681900024
21 0.797285795211792
22 0.6072529554367065
23 0.7410503029823303
24 0.7410503029823303
25 0.7410503029823303
26 0.7410503029823303
27 1.4461385011672974
28 1.4461385011672974
29 1.4461385011672974
30 0.3189730942249298
31 0.31152743101119995
32 0.27068787813186646
33 0.27068787813186646
34 0.6555984020233154
35 0.6730961799621582
36 0.6644755601882935
37 0.3730239272117615
38 0.2797824740409851
39 0.24500350654125214
40 0.36983710527420044
41 0.36983710527420044
42 0.5957059264183044
43 0.5957059264183044
44 0.5957059264183044
45 0.8577620983123779
46 0.515217125415802
47 0.515217125415802
48 0.4237314760684967
49 0.4237314760684967
50 0.4237314760684967
51 0.4201573431491852
52 0.1367620825767517
53 0.21357251703739166
54 0.17170816659927368
55 0.17170816659927368
56 0.3393581807613373
57 0.4028646945953369
58 0.3448180854320526
59 0.2273336499929428
60 0.36400800943374634
61 0.17029407620429993
62 0.34039464592933655
63 0.37848517298698425
64 0.30060648918151855
65 0.2599317729473114
66 0.3625906705856323
67 0.2812797427177429
68 0.2812797427177429
69 0.1977735012769699
70 0.12370844185352325
71 0.12370844185352325
72 0.12370844185352325
73 0.12370844185352325
74 0.413232684135437
75 0.4351533353328705
76 0.4351533353328705
77 0.4351533353328705
78 0.5013400912284851
79 0.4352318346500397
80 0.32348179817199707
81 0.32348179817199707
82 0.08593204617500305
83 0.07160650938749313
84 0.11256816983222961
85 0.11256816983222961
86 0.3026520311832428
87 0.3026520311832428
88 0.2815827429294586
89 0.40705108642578125
90 0.2209986299276352
91 0.2209986299276352
92 0.18899859488010406
93 0.12613056600093842
94 0.17047271132469177
95 0.13526131212711334
96 0.14519064128398895
97 0.11969036608934402
98 0.23426192998886108
99 0.13826201856136322
100 0.12872861325740814
101 0.12872861325740814
102 0.16579106450080872
103 0.30141860246658325
104 0.19998222589492798
105 0.06517881900072098
106 0.12732572853565216
107 0.12732572853565216
108 0.12732572853565216
109 0.12732572853565216
110 0.3513631522655487
111 0.18857881426811218
112 0.12620747089385986
113 0.20981161296367645
114 0.20550495386123657
115 0.1296401172876358
116 0.1724356859922409
117 0.09359633177518845
118 0.09359633177518845
119 0.09359633177518845
120 0.09359633177518845
121 0.09359633177518845
122 0.18178777396678925
123 0.18178777396678925
124 0.18178777396678925
125 0.24006077647209167
126 0.39089235663414
127 0.19232836365699768
128 0.3076612949371338
129 0.13580584526062012
130 0.13580584526062012
131 0.10796528309583664
132 0.09435159713029861
133 0.06798501312732697
134 0.06798501312732697
135 0.05037243291735649
136 0.07482931017875671
137 0.07482931017875671
138 0.13212327659130096
139 0.1450345516204834
140 0.1450345516204834
141 0.1450345516204834
142 0.23966215550899506
143 0.20473600924015045
144 0.24404871463775635
145 0.19389668107032776
146 0.0923968255519867
147 0.0923968255519867
148 0.101405069231987
149 0.101405069231987
150 0.08732112497091293
151 0.061497218906879425
152 0.12240529805421829
153 0.0995686948299408
154 0.06370823085308075
155 0.06370823085308075
156 0.10464756935834885
157 0.10515251755714417
158 0.10515251755714417
159 0.10515251755714417
160 0.10515251755714417
161 0.18720009922981262
162 0.16312792897224426
163 0.16312792897224426
164 0.23562899231910706
165 0.23562899231910706
166 0.09903444349765778
167 0.17279554903507233
168 0.05253218486905098
169 0.05253218486905098
170 0.05253218486905098
171 0.05253218486905098
172 0.09736448526382446
173 0.09736448526382446
174 0.14280861616134644
175 0.07169637084007263
176 0.08683864772319794
177 0.17408683896064758
178 0.04402531310915947
179 0.14563600718975067
180 0.12000327557325363
181 0.06477270275354385
182 0.10417505353689194
183 0.11498785763978958
184 0.11498785763978958
185 0.11498785763978958
186 0.11498785763978958
187 0.1466943770647049
188 0.10667406022548676
189 0.12317708134651184
190 0.09598773717880249
191 0.09598773717880249
192 0.15734827518463135
193 0.15734827518463135
194 0.06896356493234634
195 0.06896356493234634
196 0.05348687246441841
197 0.11274079233407974
198 0.2194695919752121
199 0.1043296530842781
200 0.08170813322067261
201 0.16735108196735382
202 0.08467616885900497
203 0.08467616885900497
204 0.14087577164173126
205 0.0842171385884285
206 0.05513359233736992
207 0.043146368116140366
208 0.02801571600139141
209 0.043794527649879456
210 0.14066609740257263
211 0.024951042607426643
212 0.09903229773044586
213 0.09903229773044586
214 0.05645197629928589
215 0.10363554954528809
216 0.12356219440698624
217 0.12356219440698624
218 0.0643315240740776
219 0.0643315240740776
220 0.0643315240740776
221 0.1143726035952568
222 0.03679939731955528
223 0.06585942208766937
224 0.063675656914711
225 0.07990003377199173
226 0.07990003377199173
227 0.07990003377199173
228 0.05682206153869629
229 0.08465725183486938
230 0.08465725183486938
231 0.12675242125988007
232 0.09219682216644287
233 0.10978910326957703
234 0.10978910326957703
235 0.10978910326957703
236 0.0366741344332695
237 0.0366741344332695
238 0.0366741344332695
239 0.16441823542118073
240 0.16441823542118073
241 0.11174631863832474
242 0.11174631863832474
243 0.11174631863832474
244 0.07608014345169067
245 0.07160957902669907
246 0.06853249669075012
247 0.04655139893293381
248 0.04655139893293381
249 0.04737604036927223
250 0.04737604036927223
251 0.04737604036927223
252 0.10484529286623001
253 0.10484529286623001
254 0.09252024441957474
255 0.09252024441957474
256 0.07585561275482178
257 0.07618626952171326
258 0.12077123671770096
259 0.14743725955486298
260 0.14743725955486298
261 0.14743725955486298
262 0.14743725955486298
263 0.0546087808907032
264 0.0546087808907032
265 0.06404131650924683
266 0.17023253440856934
267 0.0971076712012291
268 0.11662675440311432
269 0.047905728220939636
270 0.047905728220939636
271 0.017779482528567314
272 0.017779482528567314
273 0.017779482528567314
274 0.0739758312702179
275 0.02879539132118225
276 0.052737411111593246
277 0.06223011389374733
278 0.08790017664432526
279 0.08790017664432526
280 0.12817245721817017
281 0.12817245721817017
282 0.06259845942258835
283 0.1424105167388916
284 0.061606645584106445
285 0.033838894218206406
286 0.033838894218206406
287 0.033838894218206406
288 0.12333717942237854
289 0.04321177303791046
290 0.12704023718833923
291 0.052045151591300964
292 0.052045151591300964
293 0.06695777177810669
294 0.09725071489810944
295 0.09519660472869873
296 0.09519660472869873
297 0.0273728109896183
298 0.015751028433442116
299 0.015751028433442116
300 0.015751028433442116
301 0.015751028433442116
302 0.07914119213819504
303 0.07914119213819504
304 0.07914119213819504
305 0.07914119213819504
306 0.09167109429836273
307 0.0668075680732727
308 0.11115165799856186
309 0.041866037994623184
310 0.041866037994623184
311 0.041866037994623184
312 0.05080856382846832
313 0.05080856382846832
314 0.05080856382846832
315 0.05080856382846832
316 0.0696554109454155
317 0.07473025470972061
318 0.04555586352944374
319 0.04556603357195854
320 0.04556603357195854
321 0.04214653745293617
322 0.01849474012851715
323 0.043571196496486664
324 0.043571196496486664
325 0.09663975983858109
326 0.09663975983858109
327 0.13057458400726318
328 0.0672403872013092
329 0.0672403872013092
330 0.0672403872013092
331 0.08287694305181503
332 0.040700118988752365
333 0.040700118988752365
334 0.06475108861923218
335 0.048363298177719116
336 0.03612753748893738
337 0.03612753748893738
338 0.01663319207727909
339 0.014158430509269238
340 0.014158430509269238
341 0.03119158372282982
342 0.031230822205543518
343 0.031230822205543518
344 0.030322428792715073
345 0.05074504017829895
346 0.08340580761432648
347 0.05577073618769646
348 0.08003279566764832
349 0.08003279566764832
350 0.08003279566764832
351 0.050668150186538696
352 0.039031557738780975
353 0.039031557738780975
354 0.039031557738780975
355 0.039031557738780975
356 0.06893132627010345
357 0.09600119292736053
358 0.06558334082365036
359 0.055941060185432434
360 0.0418512299656868
361 0.0418512299656868
362 0.057902250438928604
363 0.026279224082827568
364 0.045942533761262894
365 0.050476785749197006
366 0.050476785749197006
367 0.08792527765035629
368 0.0763574093580246
369 0.0729471892118454
370 0.05527990311384201
371 0.05527990311384201
372 0.05527990311384201
373 0.05527990311384201
374 0.031510401517152786
375 0.07042790204286575
376 0.09447436034679413
377 0.040926914662122726
378 0.019678248092532158
379 0.019678248092532158
380 0.019678248092532158
381 0.019678248092532158
382 0.054587382823228836
383 0.045854803174734116
384 0.05778123438358307
385 0.08796776086091995
386 0.0318051241338253
387 0.09580879658460617
388 0.047091592103242874
389 0.020052466541528702
390 0.03398604318499565
391 0.03802843764424324
392 0.03802843764424324
393 0.02377205155789852
394 0.02377205155789852
395 0.04612894728779793
396 0.04425899684429169
397 0.040448348969221115
398 0.034008193761110306
399 0.034008193761110306
400 0.022178776562213898
401 0.05934233218431473
402 0.05796017497777939
403 0.11836929619312286
404 0.02596910484135151
405 0.04680309817194939
406 0.04680309817194939
407 0.04680309817194939
408 0.032043419778347015
409 0.032043419778347015
410 0.10070877522230148
411 0.038049764931201935
412 0.038049764931201935
413 0.038049764931201935
414 0.030912082642316818
415 0.030912082642316818
416 0.03755185753107071
417 0.07037364691495895
418 0.07037364691495895
419 0.07037364691495895
420 0.07037364691495895
421 0.017888471484184265
422 0.04767758026719093
423 0.04767758026719093
424 0.03832652419805527
425 0.036573123186826706
426 0.030842747539281845
427 0.04681149497628212
428 0.07334019243717194
429 0.07334019243717194
430 0.017960891127586365
431 0.12924061715602875
432 0.0260454211384058
433 0.03835625573992729
434 0.019059672951698303
435 0.02933068946003914
436 0.02933068946003914
437 0.055986836552619934
438 0.04469805210828781
439 0.06403113156557083
440 0.06403113156557083
441 0.018858537077903748
442 0.015767579898238182
443 0.0631190687417984
444 0.025693422183394432
445 0.025693422183394432
446 0.025693422183394432
447 0.05091174691915512
448 0.05318726971745491
449 0.05318726971745491
450 0.14229166507720947
451 0.048226118087768555
452 0.08180349320173264
453 0.0714612752199173
454 0.0714612752199173
455 0.04770481586456299
456 0.04770481586456299
457 0.04770481586456299
458 0.053362488746643066
459 0.053362488746643066
460 0.007729783188551664
461 0.034442584961652756
462 0.009703981690108776
463 0.038256846368312836
464 0.023495765402913094
465 0.09512536227703094
466 0.05170154199004173
467 0.05170154199004173
468 0.05170154199004173
469 0.04240555688738823
470 0.025215229019522667
471 0.06389863789081573
472 0.06389863789081573
473 0.06389863789081573
474 0.03196156769990921
475 0.07945566624403
476 0.03784283623099327
477 0.035108912736177444
478 0.04176528751850128
479 0.016018301248550415
480 0.03211262822151184
481 0.0327831394970417
482 0.029331691563129425
483 0.029331691563129425
484 0.05243655666708946
485 0.0462527871131897
486 0.03674088418483734
487 0.047671981155872345
488 0.047671981155872345
489 0.025986962020397186
490 0.02399308979511261
491 0.0445086769759655
492 0.03789545223116875
493 0.029420770704746246
494 0.02679765596985817
495 0.031945765018463135
496 0.031945765018463135
497 0.0583578422665596
498 0.020579395815730095
499 0.08028943836688995
