0 2.2066972255706787
1 2.2066972255706787
2 2.2126944065093994
3 2.2183849811553955
4 2.248081922531128
5 2.2731714248657227
6 2.3018150329589844
7 2.2926156520843506
8 2.2926156520843506
9 2.19634747505188
10 2.1657614707946777
11 2.101914882659912
12 2.0326597690582275
13 1.9473603963851929
14 1.9473603963851929
15 1.7560123205184937
16 1.7560123205184937
17 1.60647451877594
18 1.7033582925796509
19 1.7033582925796509
20 1.6527169942855835
21 1.6527169942855835
22 2.0663108825683594
23 1.5264414548873901
24 1.088226079940796
25 1.088226079940796
26 0.6978045701980591
27 0.7340102791786194
28 0.6784711480140686
29 0.6784711480140686
30 0.8312022686004639
31 0.7034815549850464
32 0.5151780247688293
33 0.6161102056503296
34 0.43080398440361023
35 0.3349902033805847
36 0.3349902033805847
37 0.6503526568412781
38 0.6503526568412781
39 0.6503526568412781
40 0.5044016242027283
41 0.9776589274406433
42 0.9571112394332886
43 0.9571112394332886
44 0.3371088206768036
45 0.1995873749256134
46 0.1995873749256134
47 0.3721138834953308
48 0.3721138834953308
49 0.5683398246765137
50 0.5683398246765137
51 0.624048113822937
52 0.6745854616165161
53 0.39886850118637085
54 0.39886850118637085
55 0.25025612115859985
56 0.24097496271133423
57 0.24097496271133423
58 0.2778753340244293
59 0.2743748426437378
60 0.3657993674278259
61 0.23251034319400787
62 0.3009456694126129
63 0.2505827248096466
64 0.2835617661476135
65 0.2835617661476135
66 0.19600610435009003
67 0.19600610435009003
68 0.416331946849823
69 0.440849632024765
70 0.4137699604034424
71 0.31680890917778015
72 0.15691334009170532
73 0.1476549357175827
74 0.2204270362854004
75 0.2204270362854004
76 0.2204270362854004
77 0.2204270362854004
78 0.35159724950790405
79 0.4151638150215149
80 0.23200860619544983
81 0.23200860619544983
82 0.23200860619544983
83 0.3246096670627594
84 0.3246096670627594
85 0.23922669887542725
86 0.29429692029953003
87 0.14677560329437256
88 0.14677560329437256
89 0.16972805559635162
90 0.17782649397850037
91 0.18883845210075378
92 0.18883845210075378
93 0.18883845210075378
94 0.35735440254211426
95 0.28345394134521484
96 0.28421080112457275
97 0.28421080112457275
98 0.17405536770820618
99 0.17884141206741333
100 0.24515573680400848
101 0.15924249589443207
102 0.15924249589443207
103 0.2379964292049408
104 0.2006649672985077
105 0.1735863834619522
106 0.19829943776130676
107 0.19829943776130676
108 0.19829943776130676
109 0.15728436410427094
110 0.16699543595314026
111 0.19733278453350067
112 0.11830336600542068
113 0.12086182087659836
114 0.21503950655460358
115 0.18660125136375427
116 0.16360081732273102
117 0.1392887830734253
118 0.14154793322086334
119 0.16079723834991455
120 0.10149075090885162
121 0.10149075090885162
122 0.10536376386880875
123 0.18594756722450256
124 0.16557914018630981
125 0.16529574990272522
126 0.17741024494171143
127 0.12027782946825027
128 0.15008944272994995
129 0.16647081077098846
130 0.14903709292411804
131 0.20453113317489624
132 0.09261419624090195
133 0.11663293093442917
134 0.13622871041297913
135 0.13622871041297913
136 0.06513392180204391
137 0.1500951647758484
138 0.1500951647758484
139 0.12410447001457214
140 0.12085353583097458
141 0.11142134666442871
142 0.11142134666442871
143 0.05350229889154434
144 0.06555473059415817
145 0.06555473059415817
146 0.10085751861333847
147 0.1808972954750061
148 0.21649788320064545
149 0.21649788320064545
150 0.14832471311092377
151 0.19004210829734802
152 0.19004210829734802
153 0.06948107481002808
154 0.14799705147743225
155 0.05784139409661293
156 0.1315162181854248
157 0.1315162181854248
158 0.13107630610466003
159 0.09731801599264145
160 0.0939912423491478
161 0.0939912423491478
162 0.0939912423491478
163 0.09383125603199005
164 0.15256017446517944
165 0.15256017446517944
166 0.15256017446517944
167 0.2861674726009369
168 0.11367669701576233
169 0.19688475131988525
170 0.1424364447593689
171 0.15004251897335052
172 0.17669397592544556
173 0.17669397592544556
174 0.06255098432302475
175 0.14026892185211182
176 0.05311568081378937
177 0.0655844509601593
178 0.11859133839607239
179 0.11755881458520889
180 0.11755881458520889
181 0.20672865211963654
182 0.20672865211963654
183 0.24592246115207672
184 0.10097534954547882
185 0.10097534954547882
186 0.12468172609806061
187 0.11593332886695862
188 0.06954734027385712
189 0.1177590861916542
190 0.1483548879623413
191 0.1483548879623413
192 0.14491981267929077
193 0.08306415379047394
194 0.08306415379047394
195 0.1096041277050972
196 0.048682961612939835
197 0.11662306636571884
198 0.1659543663263321
199 0.07345471531152725
200 0.059606194496154785
201 0.0452292300760746
202 0.07262974977493286
203 0.07262974977493286
204 0.07262974977493286
205 0.07262974977493286
206 0.16386255621910095
207 0.18567797541618347
208 0.18567797541618347
209 0.16207191348075867
210 0.16207191348075867
211 0.1085466742515564
212 0.07473563402891159
213 0.07473563402891159
214 0.11761528998613358
215 0.11761528998613358
216 0.05477927252650261
217 0.0647089034318924
218 0.0647089034318924
219 0.1187431663274765
220 0.1187431663274765
221 0.1395280659198761
222 0.07439618557691574
223 0.1594783216714859
224 0.08384345471858978
225 0.08384345471858978
226 0.08384345471858978
227 0.082624651491642
228 0.082624651491642
229 0.082624651491642
230 0.082624651491642
231 0.07810748368501663
232 0.1260792762041092
233 0.031709473580121994
234 0.06819045543670654
235 0.09197111427783966
236 0.056139908730983734
237 0.056139908730983734
238 0.10975893586874008
239 0.12924610078334808
240 0.12924610078334808
241 0.10990814119577408
242 0.05987507477402687
243 0.06040612608194351
244 0.06040612608194351
245 0.037026915699243546
246 0.037026915699243546
247 0.037026915699243546
248 0.07080778479576111
249 0.08167177438735962
250 0.08167177438735962
251 0.10334116965532303
252 0.09568718820810318
253 0.12654826045036316
254 0.06351389735937119
255 0.037951018661260605
256 0.08415953814983368
257 0.06677132099866867
258 0.02996823377907276
259 0.02996823377907276
260 0.06416120380163193
261 0.11374592781066895
262 0.08257751166820526
263 0.10357136279344559
264 0.07215110957622528
265 0.04261709377169609
266 0.04261709377169609
267 0.09663884341716766
268 0.050595689564943314
269 0.07128012925386429
270 0.16037333011627197
271 0.03788807988166809
272 0.020089400932192802
273 0.048952825367450714
274 0.048952825367450714
275 0.04290153458714485
276 0.04290153458714485
277 0.04290153458714485
278 0.04290153458714485
279 0.06168065592646599
280 0.07492645829916
281 0.039347387850284576
282 0.06376918405294418
283 0.0669771283864975
284 0.12530219554901123
285 0.06639713793992996
286 0.05390303209424019
287 0.05179343372583389
288 0.05239209532737732
289 0.05239209532737732
290 0.05239209532737732
291 0.046374015510082245
292 0.07008425146341324
293 0.03642238676548004
294 0.03642238676548004
295 0.03642238676548004
296 0.07067520916461945
297 0.037507377564907074
298 0.037507377564907074
299 0.028987577185034752
300 0.028987577185034752
301 0.08980459719896317
302 0.0631515309214592
303 0.05825731158256531
304 0.059614453464746475
305 0.08460652083158493
306 0.01988733746111393
307 0.01988733746111393
308 0.01988733746111393
309 0.01988733746111393
310 0.0881180539727211
311 0.048600465059280396
312 0.08264037221670151
313 0.1175403743982315
314 0.08996903151273727
315 0.0658879429101944
316 0.050913888961076736
317 0.050913888961076736
318 0.050913888961076736
319 0.050913888961076736
320 0.050712037831544876
321 0.06600335985422134
322 0.1448235660791397
323 0.12045901268720627
324 0.06668668240308762
325 0.05156086012721062
326 0.05156086012721062
327 0.05156086012721062
328 0.06657513231039047
329 0.04769347608089447
330 0.05334051325917244
331 0.018728846684098244
332 0.06060614064335823
333 0.04622609168291092
334 0.043192021548748016
335 0.043192021548748016
336 0.043192021548748016
337 0.06044325232505798
338 0.042326077818870544
339 0.045120880007743835
340 0.04430754482746124
341 0.07008317857980728
342 0.07008317857980728
343 0.07879616320133209
344 0.03803060203790665
345 0.042785122990608215
346 0.022739339619874954
347 0.03397715836763382
348 0.04780692234635353
349 0.04780692234635353
350 0.043355755507946014
351 0.05069288611412048
352 0.05069288611412048
353 0.04944050312042236
354 0.019229324534535408
355 0.015351499430835247
356 0.06938143074512482
357 0.06938143074512482
358 0.10939247906208038
359 0.03312087059020996
360 0.04114711657166481
361 0.03665526211261749
362 0.05350201949477196
363 0.059580832719802856
364 0.03739771619439125
365 0.03739771619439125
366 0.035852402448654175
367 0.023402443155646324
368 0.044914569705724716
369 0.14893341064453125
370 0.14893341064453125
371 0.027841387316584587
372 0.08917056024074554
373 0.10767724364995956
374 0.10767724364995956
375 0.03642505407333374
376 0.03944721072912216
377 0.03319862112402916
378 0.06037614494562149
379 0.06037614494562149
380 0.022474344819784164
381 0.051204852759838104
382 0.051204852759838104
383 0.051204852759838104
384 0.10156141221523285
385 0.10156141221523285
386 0.080361507833004
387 0.03475864976644516
388 0.030719218775629997
389 0.036323584616184235
390 0.036323584616184235
391 0.08346877992153168
392 0.022343292832374573
393 0.0400073267519474
394 0.0400073267519474
395 0.0400073267519474
396 0.042338743805885315
397 0.10138706117868423
398 0.05701759457588196
399 0.042309537529945374
400 0.11195375770330429
401 0.05399715527892113
402 0.01855427213013172
403 0.026712622493505478
404 0.015246405266225338
405 0.023289531469345093
406 0.023289531469345093
407 0.023289531469345093
408 0.01788199320435524
409 0.05562691017985344
410 0.05562691017985344
411 0.022266924381256104
412 0.03696413338184357
413 0.03696413338184357
414 0.03696413338184357
415 0.06488268077373505
416 0.04572222754359245
417 0.06587902456521988
418 0.0776870921254158
419 0.0776870921254158
420 0.05656291916966438
421 0.06447610259056091
422 0.03522023931145668
423 0.024594485759735107
424 0.014200689271092415
425 0.014200689271092415
426 0.014200689271092415
427 0.014200689271092415
428 0.04572354257106781
429 0.041881293058395386
430 0.07707550376653671
431 0.07707550376653671
432 0.05574982240796089
433 0.03160377964377403
434 0.05765901505947113
435 0.05061749741435051
436 0.0807475745677948
437 0.0807475745677948
438 0.0807475745677948
439 0.01799764484167099
440 0.010939649306237698
441 0.010939649306237698
442 0.10237524658441544
443 0.10237524658441544
444 0.10237524658441544
445 0.03322732821106911
446 0.03303099796175957
447 0.03303099796175957
448 0.03303099796175957
449 0.1175057664513588
450 0.08485334366559982
451 0.08485334366559982
452 0.08485334366559982
453 0.018685515969991684
454 0.06285306066274643
455 0.06215493008494377
456 0.0292342659085989
457 0.05203085392713547
458 0.01704340986907482
459 0.02747899293899536
460 0.02747899293899536
461 0.015058409422636032
462 0.05495629087090492
463 0.0387529693543911
464 0.03792967647314072
465 0.017195245251059532
466 0.017195245251059532
467 0.02670089155435562
468 0.06429125368595123
469 0.06429125368595123
470 0.009213012643158436
471 0.014214370399713516
472 0.014336226508021355
473 0.059321943670511246
474 0.053933776915073395
475 0.019538022577762604
476 0.06670898199081421
477 0.08485518395900726
478 0.08485518395900726
479 0.08485518395900726
480 0.08485518395900726
481 0.012225937098264694
482 0.012225937098264694
483 0.04441270977258682
484 0.024999115616083145
485 0.06269518285989761
486 0.05318547040224075
487 0.04156103357672691
488 0.06243720278143883
489 0.007935975678265095
490 0.044036004692316055
491 0.022144893184304237
492 0.017501335591077805
493 0.017501335591077805
494 0.07157299667596817
495 0.10638757050037384
496 0.041870780289173126
497 0.041870780289173126
498 0.04024452716112137
499 0.04024452716112137
