0 2.2888264656066895
1 2.2684619426727295
2 2.2540910243988037
3 2.16263747215271
4 2.0273146629333496
5 2.0273146629333496
6 1.878243088722229
7 1.878243088722229
8 1.878243088722229
9 1.878243088722229
10 1.7422943115234375
11 1.7422943115234375
12 1.6332014799118042
13 1.6332014799118042
14 1.534021258354187
15 1.534021258354187
16 1.4766970872879028
17 1.4766970872879028
18 1.3561253547668457
19 1.4292538166046143
20 1.5606435537338257
21 1.6233325004577637
22 1.0244373083114624
23 0.6054719686508179
24 0.6478865146636963
25 0.9041152000427246
26 0.7238208055496216
27 0.5413177609443665
28 0.4869935214519501
29 0.6993499994277954
30 0.6993499994277954
31 0.6993499994277954
32 0.444096177816391
33 0.47557690739631653
34 0.6372052431106567
35 0.722037672996521
36 0.4718457758426666
37 0.4718457758426666
38 0.5788620710372925
39 0.5717818737030029
40 0.5717818737030029
41 0.5717818737030029
42 0.4463344216346741
43 0.38895705342292786
44 0.4462779462337494
45 0.25083237886428833
46 0.2823789417743683
47 0.2472553849220276
48 0.2239120602607727
49 0.23495221138000488
50 0.23495221138000488
51 0.34870895743370056
52 0.3086404502391815
53 0.25094377994537354
54 0.32183560729026794
55 0.26339131593704224
56 0.15876758098602295
57 0.1904916614294052
58 0.1904916614294052
59 0.2769528925418854
60 0.2769528925418854
61 0.2769528925418854
62 0.48499831557273865
63 0.48499831557273865
64 0.305298775434494
65 0.3675706684589386
66 0.3675706684589386
67 0.08937609195709229
68 0.08937609195709229
69 0.08937609195709229
70 0.08937609195709229
71 0.20360343158245087
72 0.35841089487075806
73 0.20602461695671082
74 0.21099194884300232
75 0.22833016514778137
76 0.137467622756958
77 0.19606485962867737
78 0.19606485962867737
79 0.23244976997375488
80 0.23244976997375488
81 0.22120405733585358
82 0.22120405733585358
83 0.22120405733585358
84 0.3308989405632019
85 0.3308989405632019
86 0.3308989405632019
87 0.11147696524858475
88 0.11147696524858475
89 0.11147696524858475
90 0.09921085089445114
91 0.09921085089445114
92 0.2754504382610321
93 0.1678784191608429
94 0.1678784191608429
95 0.1381659209728241
96 0.17592936754226685
97 0.16935677826404572
98 0.16935677826404572
99 0.13497863709926605
100 0.13497863709926605
101 0.13497863709926605
102 0.14471888542175293
103 0.17264848947525024
104 0.06373176723718643
105 0.06373176723718643
106 0.06373176723718643
107 0.209819957613945
108 0.19020028412342072
109 0.23010578751564026
110 0.1379648745059967
111 0.1379648745059967
112 0.11430992186069489
113 0.19152234494686127
114 0.10103008896112442
115 0.10062552243471146
116 0.15163420140743256
117 0.1538187563419342
118 0.1538187563419342
119 0.17725902795791626
120 0.17725902795791626
121 0.17520451545715332
122 0.17520451545715332
123 0.09827198088169098
124 0.12888672947883606
125 0.12888672947883606
126 0.12888672947883606
127 0.13747499883174896
128 0.13747499883174896
129 0.10768592357635498
130 0.10768592357635498
131 0.16691455245018005
132 0.16691455245018005
133 0.07482987642288208
134 0.07482987642288208
135 0.07486914843320847
136 0.07480291277170181
137 0.07973460853099823
138 0.07973460853099823
139 0.1214216873049736
140 0.07980824261903763
141 0.05865393579006195
142 0.15468192100524902
143 0.05295802652835846
144 0.10316047072410583
145 0.13269184529781342
146 0.2075486183166504
147 0.06903324276208878
148 0.09887614846229553
149 0.13199080526828766
150 0.07369282841682434
151 0.07204927504062653
152 0.11210909485816956
153 0.04399691894650459
154 0.04399691894650459
155 0.12398788332939148
156 0.07361111789941788
157 0.12386348843574524
158 0.1383591890335083
159 0.10339461266994476
160 0.10594631731510162
161 0.10594631731510162
162 0.07317881286144257
163 0.07317881286144257
164 0.10047994554042816
165 0.06347520649433136
166 0.06384376436471939
167 0.06384376436471939
168 0.10054824501276016
169 0.06132010370492935
170 0.07114346325397491
171 0.07114346325397491
172 0.12874332070350647
173 0.05519280582666397
174 0.04859540984034538
175 0.04859540984034538
176 0.04859540984034538
177 0.06279339641332626
178 0.06279339641332626
179 0.07582219690084457
180 0.1517610251903534
181 0.18769964575767517
182 0.08537950366735458
183 0.08537950366735458
184 0.08537950366735458
185 0.10156337171792984
186 0.05393094941973686
187 0.05393094941973686
188 0.05393094941973686
189 0.05393094941973686
190 0.050973206758499146
191 0.12028715014457703
192 0.12028715014457703
193 0.11145076155662537
194 0.12714903056621552
195 0.12349294871091843
196 0.0864899605512619
197 0.06077958643436432
198 0.06077958643436432
199 0.02353985607624054
200 0.02353985607624054
201 0.02353985607624054
202 0.08853822201490402
203 0.09090472757816315
204 0.09090472757816315
205 0.08069829642772675
206 0.13279999792575836
207 0.05955241993069649
208 0.05955241993069649
209 0.10437903553247452
210 0.07975226640701294
211 0.060378700494766235
212 0.06555013358592987
213 0.03617165610194206
214 0.03872394561767578
215 0.08472971618175507
216 0.08472971618175507
217 0.08472971618175507
218 0.10338275879621506
219 0.05937134101986885
220 0.05538273975253105
221 0.06531769037246704
222 0.1282273232936859
223 0.03234265372157097
224 0.08556365966796875
225 0.08556365966796875
226 0.08556365966796875
227 0.033389635384082794
228 0.033389635384082794
229 0.1627354770898819
230 0.08040444552898407
231 0.07055030018091202
232 0.13027778267860413
233 0.13027778267860413
234 0.059336818754673004
235 0.029049118980765343
236 0.07056648284196854
237 0.06519146263599396
238 0.10904738306999207
239 0.04186407849192619
240 0.0953119546175003
241 0.0953119546175003
242 0.03224373236298561
243 0.02055007591843605
244 0.027311401441693306
245 0.07714641839265823
246 0.07714641839265823
247 0.07714641839265823
248 0.07766120135784149
249 0.06620451807975769
250 0.1612652689218521
251 0.044655151665210724
252 0.07587554305791855
253 0.02794700860977173
254 0.0464562326669693
255 0.02337023802101612
256 0.1282501518726349
257 0.028295159339904785
258 0.028295159339904785
259 0.04232371971011162
260 0.07268316298723221
261 0.041898462921381
262 0.04678649082779884
263 0.07008760422468185
264 0.07008760422468185
265 0.07008760422468185
266 0.0572468638420105
267 0.14915508031845093
268 0.05409654974937439
269 0.05409654974937439
270 0.042837824672460556
271 0.07279015332460403
272 0.037670597434043884
273 0.037670597434043884
274 0.06899749487638474
275 0.09739232063293457
276 0.09739232063293457
277 0.09739232063293457
278 0.03264376148581505
279 0.08226960897445679
280 0.08226960897445679
281 0.08226960897445679
282 0.08226960897445679
283 0.08226960897445679
284 0.08226960897445679
285 0.08226960897445679
286 0.08226960897445679
287 0.07719405740499496
288 0.0516071543097496
289 0.0905744731426239
290 0.025196833536028862
291 0.025196833536028862
292 0.030185556039214134
293 0.028748437762260437
294 0.03340153023600578
295 0.040588490664958954
296 0.040588490664958954
297 0.040588490664958954
298 0.040588490664958954
299 0.08712143450975418
300 0.08712143450975418
301 0.05452628806233406
302 0.09354891628026962
303 0.04633737727999687
304 0.01923300512135029
305 0.08007264882326126
306 0.08007264882326126
307 0.03428478166460991
308 0.03428478166460991
309 0.10551906377077103
310 0.022536221891641617
311 0.03506471961736679
312 0.02944738231599331
313 0.02883979305624962
314 0.02883979305624962
315 0.02883979305624962
316 0.02883979305624962
317 0.15098311007022858
318 0.08742103725671768
319 0.08742103725671768
320 0.08742103725671768
321 0.08742103725671768
322 0.08742103725671768
323 0.0450538769364357
324 0.02385423704981804
325 0.08484717458486557
326 0.08484717458486557
327 0.08484717458486557
328 0.05808098614215851
329 0.021490121260285378
330 0.0734393298625946
331 0.019206680357456207
332 0.03709820285439491
333 0.03709820285439491
334 0.03709820285439491
335 0.03709820285439491
336 0.0823034718632698
337 0.1077868640422821
338 0.0727182999253273
339 0.06561578810214996
340 0.06561578810214996
341 0.09877658635377884
342 0.09877658635377884
343 0.09877658635377884
344 0.025647098198533058
345 0.025647098198533058
346 0.038498666137456894
347 0.08314136415719986
348 0.08314136415719986
349 0.02668178081512451
350 0.02668178081512451
351 0.09761137515306473
352 0.06771241873502731
353 0.09962323307991028
354 0.04973892495036125
355 0.05764583498239517
356 0.024861294776201248
357 0.019236592575907707
358 0.04846110939979553
359 0.04846110939979553
360 0.01848575286567211
361 0.016168680042028427
362 0.101634681224823
363 0.028880752623081207
364 0.07537012547254562
365 0.0701245591044426
366 0.0439276397228241
367 0.0439276397228241
368 0.0439276397228241
369 0.0448269285261631
370 0.012970983982086182
371 0.02921215631067753
372 0.0819084569811821
373 0.0819084569811821
374 0.032808639109134674
375 0.009558497928082943
376 0.009558497928082943
377 0.009558497928082943
378 0.009558497928082943
379 0.027564728632569313
380 0.06005699932575226
381 0.1150437667965889
382 0.024411780759692192
383 0.11321266740560532
384 0.11321266740560532
385 0.11321266740560532
386 0.037194229662418365
387 0.05011621490120888
388 0.05011621490120888
389 0.039693139493465424
390 0.017120234668254852
391 0.017120234668254852
392 0.02849101833999157
393 0.04295080527663231
394 0.031636375933885574
395 0.03537836670875549
396 0.06761028617620468
397 0.020999426022171974
398 0.02636168710887432
399 0.02636168710887432
400 0.022662347182631493
401 0.040812842547893524
402 0.040812842547893524
403 0.05473828688263893
404 0.06960330158472061
405 0.06535464525222778
406 0.030542908236384392
407 0.029354482889175415
408 0.02559223584830761
409 0.02559223584830761
410 0.02559223584830761
411 0.02559223584830761
412 0.05143612623214722
413 0.0825611799955368
414 0.052905019372701645
415 0.026922669261693954
416 0.09019392728805542
417 0.08377613127231598
418 0.09194716811180115
419 0.05174662172794342
420 0.03912816941738129
421 0.03912816941738129
422 0.03912816941738129
423 0.03430284187197685
424 0.03430284187197685
425 0.038023076951503754
426 0.06877832114696503
427 0.07569657266139984
428 0.07569657266139984
429 0.05553311109542847
430 0.05553311109542847
431 0.02912249229848385
432 0.03825424984097481
433 0.028821509331464767
434 0.06341538578271866
435 0.10426691919565201
436 0.073825404047966
437 0.05322897061705589
438 0.011738698929548264
439 0.039606135338544846
440 0.03728567063808441
441 0.03728567063808441
442 0.03728567063808441
443 0.04930444061756134
444 0.052740320563316345
445 0.052740320563316345
446 0.13069500029087067
447 0.08692527562379837
448 0.05929477885365486
449 0.05929477885365486
450 0.033620987087488174
451 0.04006554186344147
452 0.07308387011289597
453 0.07308387011289597
454 0.06551939249038696
455 0.06551939249038696
456 0.06551939249038696
457 0.016987856477499008
458 0.06429944932460785
459 0.02512502111494541
460 0.033289775252342224
461 0.033289775252342224
462 0.025080867111682892
463 0.025080867111682892
464 0.025080867111682892
465 0.025080867111682892
466 0.040847744792699814
467 0.040847744792699814
468 0.040847744792699814
469 0.02546677365899086
470 0.08780878782272339
471 0.04835309833288193
472 0.05619164556264877
473 0.025189340114593506
474 0.06643148511648178
475 0.06643148511648178
476 0.06058075278997421
477 0.06058075278997421
478 0.06058075278997421
479 0.06058075278997421
480 0.030711190775036812
481 0.06571663916110992
482 0.10349893569946289
483 0.013993419706821442
484 0.014377226121723652
485 0.052245959639549255
486 0.052245959639549255
487 0.01318595465272665
488 0.021977590397000313
489 0.021977590397000313
490 0.024944623932242393
491 0.024944623932242393
492 0.10286850482225418
493 0.012843734584748745
494 0.03920090198516846
495 0.01912630908191204
496 0.0271679125726223
497 0.0271679125726223
498 0.0271679125726223
499 0.0271679125726223
