0 -0.0003089561468989932
1 -0.0012334540520046477
2 -0.0005620616044393818
3 0.0
4 0.0
5 0.0
6 -0.0008012567469936469
7 -0.0003888408570713369
8 0.0
9 -0.00014741409865712962
10 0.0
11 4.985052688164872e-05
12 0.0006708576435606226
13 0.0
14 0.0002272350817785692
15 0.0
16 0.0
17 0.0008081979469578386
18 0.0006243452708960155
19 0.0005896286533351128
20 0.0
21 0.0011162829956646461
22 0.0
23 0.0010493128920073857
24 0.0011066962639000057
25 0.0
26 0.0
27 0.0
28 0.0011308931665581813
29 0.0009530433097007828
30 0.000733071685511338
31 0.000733071685511338
32 0.000397615482777954
33 0.001260844930663435
34 0.0007542594577959157
35 0.0
36 0.0006279814245623967
37 0.0006739119371608186
38 0.000332077497156874
39 0.0002464992027492353
40 0.0002977991625334473
41 0.0
42 0.00021815385796589308
43 0.0
44 0.0006546156869579773
45 0.0
46 0.000719196332237049
47 0.0
48 0.0
49 0.0
50 0.0
51 0.0004673957064258907
52 0.00041022447739723784
53 0.0006643760707226323
54 0.0004945792581343904
55 0.00021700992375002233
56 0.0
57 0.0
58 0.000613888816320668
59 0.0003342527941201389
60 0.0005428321892142736
61 0.00032639499714698947
62 0.0006156095035284846
63 0.0
64 0.00031816297383054353
65 0.0005908022311470354
66 0.0004886173254495776
67 0.0
68 0.0
69 0.0
70 0.0008719004373986065
71 0.0005556994138392215
72 1.782327109630769e-05
73 0.0
74 0.0
75 0.00027368682425678715
76 0.00039712178700299447
77 0.0001473888064419581
78 0.00017351178852682692
79 0.0003461614957320092
80 0.00047998813548679397
81 0.0002470551861013154
82 0.0008104208287931347
83 0.0003431518868252203
84 0.0
85 0.0003071444499042573
86 0.0004410126743205537
87 0.0005260199274349737
88 0.0004214486732409471
89 0.00037922651244373006
90 -0.0009651537574484338
91 0.00047094908482502837
92 0.0005722557425438849
93 -0.00016237125365526982
94 -5.5260085414525336e-05
95 3.761551030178079e-05
96 0.0004213562561471207
97 0.00012877004404971147
98 -0.0006756911787988429
99 -0.0006756911787988429
