0 -0.0003089561468989932
1 -0.0012805999123970567
2 0.0
3 -0.0007243435054464109
4 -0.0002530484559371673
5 -0.0005247932835847851
6 -0.0002409748893393032
7 9.106893777685463e-05
8 3.5311707336603326e-05
9 0.00029663884453568206
10 0.00011113995632783277
11 0.0
12 0.0009116461780922345
13 0.000829156592336317
14 0.00048358352631194926
15 0.0007208229682074093
16 0.0010377082296862002
17 0.0
18 0.0009642863539643794
19 0.0009270990257161065
20 0.0016258263931736927
21 0.0
22 0.0011887050549323503
23 0.0012502289452489483
24 0.0013325886329835016
25 0.0012466920666375186
26 0.0008198156490185416
27 0.0
28 0.0012982438804394823
29 0.0
30 0.0009374446690905064
31 0.0009374446690905064
32 0.0005976780449446951
33 0.0
34 0.0009607073497268014
35 0.0011360986972009319
36 0.0008412902403002314
37 0.0008962082318661494
38 0.0005483370275132843
39 0.0004751454874419517
40 0.0005101075209619598
41 0.000724867853785706
42 0.0004230281886580154
43 0.0004975353592144792
44 0.0008277798425323106
45 0.0
46 0.0008699392445464147
47 0.0006635079872098678
48 0.0006529874163097957
49 0.0008330127321422924
50 0.0
51 0.0
52 0.0005326459174290994
53 0.0007845855606091336
54 0.0
55 0.0
56 0.0010832400626222024
57 0.0007565019380278697
58 0.0007793217325289209
59 0.00046175489111542216
60 0.0006870721721428422
61 0.00045326652893536867
62 0.0007766029533514391
63 0.00100531911410401
64 0.0
65 0.0007777444306811391
66 0.0006652081221261789
67 0.00044457831054689424
68 0.0005081580590534919
69 0.0
70 0.0010316806742713086
71 0.0
72 0.00015885219163247482
73 0.0007982302609510271
74 0.0006216619749329474
75 0.0
76 0.0
77 0.00028492887667158195
78 0.0
79 0.0005063515837024251
80 0.0006439211938184526
81 0.0003973276901681517
82 0.0009881028553132716
83 0.0005030408027616733
84 0.00042521086857897624
85 0.0
86 0.0
87 0.0
88 0.0
89 0.0005454373742229895
90 0.0003695575243632639
91 0.0
92 0.0007861977421687165
93 8.454535907667503e-06
94 0.0004924554980595717
95 0.0
96 0.000623342510300529
97 0.0
98 0.000603481341615343
99 -0.0006756911787988429
