0 -0.0003089561468989932
1 -0.001457121571958375
2 -0.000678939286092887
3 0.0
4 -0.0005645140343666674
5 0.0
6 -0.0007468526409171732
7 0.0
8 -0.00045340660885010337
9 0.0
10 -0.0005505134167587715
11 -0.0003389228749726028
12 0.0002382498279268271
13 0.0
14 -0.00023332812920001393
15 -3.8675934638588466e-05
16 0.00034239205439115354
17 0.0002281798750034689
18 0.0
19 0.0002558359477745118
20 0.0010090145068397081
21 0.0008393927614249627
22 0.0
23 0.0007868876220943312
24 0.0
25 0.0
26 0.000415578889123512
27 0.0009687512365204555
28 0.0
29 0.0009027019552171109
30 0.0007285352092958757
31 0.0007285352092958757
32 0.0003931746851784888
33 0.0
34 0.0007682609428845988
35 0.0
36 0.0
37 0.0008265157490338097
38 0.0005406538462332416
39 0.0005072527636436095
40 0.0006558975920097971
41 0.0008790565696919074
42 0.0006982978815225653
43 0.0008729675790656934
44 0.0
45 0.0013359899777022287
46 0.0012605471062224858
47 0.001103869798945678
48 0.0011036692900289295
49 0.0014144996197561267
50 0.001476038419587049
51 0.0013542077779644432
52 0.0
53 0.0
54 0.0014353344746825963
55 0.0012665449782915022
56 0.0
57 0.0017494748984740675
58 0.0
59 0.0014565733441306028
60 0.0
61 0.0014465028407804547
62 0.0
63 0.0
64 0.0014906345964507742
65 0.0
66 0.0
67 0.0015442092810212813
68 0.0015878998919239367
69 0.001558994716997563
70 0.0
71 0.0
72 0.001265165661136035
73 0.0
74 0.0
75 0.0014619629962034524
76 0.0016907999700494665
77 0.0014741132316011272
78 0.0013613986548654253
79 0.0
80 0.001842592800217954
81 0.0015776028974377524
82 0.0
83 0.0
84 0.0016469687153748125
85 0.001683675097164614
86 0.001761958220702831
87 0.0
88 0.001798681783314563
89 0.0017424567833168032
90 0.0014272065972115238
91 0.002210660262325989
92 0.0
93 0.0013237410020353886
94 0.0
95 0.0014865174755980032
96 0.0
97 0.0015194429067890353
98 0.0017507543858273301
99 0.0014103548481416493
