0 -0.0008517430601765833
1 0.0
2 -0.0021585865382553505
3 -0.002602321250084671
4 -0.0021465876862486093
5 -0.002578887954437225
6 0.0
7 -0.002090879627044952
8 -0.0020298074620921564
9 -0.0019595879185391016
10 -0.002014545863544152
11 0.0
12 -0.0009532998172162711
13 -0.0011139352950504274
14 0.0
15 -0.001318656836000581
16 0.0
17 -0.0009630881538264242
18 -0.0009569492549566355
19 0.0
20 -0.000275281478356665
21 -0.0004255493063564517
22 -0.0004492928492873422
23 -0.00019096818700536458
24 0.0
25 0.0
26 -0.0006643486573986306
27 -8.04154220920415e-05
28 -4.7860084252763104e-05
29 -0.000241897646786109
30 0.0
31 0.0
32 0.0
33 0.00010294443748324681
34 -0.00029069995072042806
35 -1.4878905520347132e-05
36 0.0
37 -0.0002888278791202506
38 -0.0005651721407513143
39 0.0
40 -0.000538912377948926
41 0.0
42 0.0
43 -0.0004954021891626458
44 -0.00017163410260386309
45 6.988097399524698e-05
46 4.577858933935081e-05
47 -0.0001623134708544036
48 -0.00013287049324369949
49 0.0
50 0.00012653049370751226
51 0.0
52 -0.0002942530950398276
53 9.784004564145304e-06
54 -6.82239516448996e-05
55 -0.0003272727951811723
56 0.0
57 0.0
58 0.0
59 -0.00014051029839470122
60 4.026109048375157e-05
61 -0.00011565972189777506
62 0.0
63 0.00038394783483091223
64 -9.13877125744043e-05
65 0.00013291324642816647
66 8.955826720846209e-05
67 -3.5288265591146364e-05
68 6.525591262620971e-05
69 0.00015650538892808693
70 0.0
71 0.00017940399678170236
72 -0.0002778417824297742
73 0.00034603394372617575
74 0.0001595767875178966
75 -4.237402853804575e-06
76 0.0
77 0.0
78 -7.166672095522583e-05
79 9.40646369387016e-05
80 0.0
81 1.4443176472317481e-05
82 0.0005353806707784707
83 9.565430046146128e-05
84 5.8531694395205154e-05
85 0.0
86 0.000238369281454948
87 0.00033191542296289914
88 0.00024095609854145434
89 0.0002283406023617782
90 8.93806916282969e-05
91 0.0
92 0.0
93 -0.00031390657302266727
94 0.0001710917084339476
95 -8.093137374503717e-05
96 0.00031902669501989453
97 0.00010360764334218294
98 0.00034852898775269856
99 0.00020484388874813495
