1 1.000000
2 1.020505
3 1.041010
4 1.061515
5 1.082020
6 1.102525
7 1.123030
8 1.143535
9 1.164040
10 1.184545
11 1.205051
12 1.225556
13 1.246061
14 1.266566
15 1.287071
16 1.307576
17 1.328081
18 1.348586
19 1.369091
20 1.389596
21 1.410101
22 1.430606
23 1.451111
24 1.471616
25 1.492121
26 1.512626
27 1.533131
28 1.553636
29 1.574141
30 1.594646
31 1.615152
32 1.635657
33 1.656162
34 1.676667
35 1.697172
36 1.717677
37 1.738182
38 1.758687
39 1.779192
40 1.799697
41 1.820202
42 1.840707
43 1.861212
44 1.881717
45 1.902222
46 1.922727
47 1.943232
48 1.963737
49 1.984242
50 2.004747
51 2.025253
52 2.045758
53 2.066263
54 2.086768
55 2.107273
56 2.127778
57 2.148283
58 2.168788
59 2.189293
60 2.209798
61 2.230303
62 2.250808
63 2.271313
64 2.291818
65 2.312323
66 2.332828
67 2.353333
68 2.373838
69 2.394343
70 2.414848
71 2.435354
72 2.455859
73 2.476364
74 2.496869
75 2.517374
76 2.537879
77 2.558384
78 2.578889
79 2.599394
80 2.619899
81 2.640404
82 2.660909
83 2.681414
84 2.701919
85 2.722424
86 2.742929
87 2.763434
88 2.783939
89 2.804444
90 2.824949
91 2.845455
92 2.865960
93 2.886465
94 2.906970
95 2.927475
96 2.947980
97 2.968485
98 2.988990
99 3.009495
100 3.030000
