1 1.000000
2 1.003030
3 1.006061
4 1.009091
5 1.012121
6 1.015152
7 1.018182
8 1.021212
9 1.024242
10 1.027273
11 1.030303
12 1.033333
13 1.036364
14 1.039394
15 1.042424
16 1.045455
17 1.048485
18 1.051515
19 1.054545
20 1.057576
21 1.060606
22 1.063636
23 1.066667
24 1.069697
25 1.072727
26 1.075758
27 1.078788
28 1.081818
29 1.084848
30 1.087879
31 1.090909
32 1.093939
33 1.096970
34 1.100000
35 1.103030
36 1.106061
37 1.109091
38 1.112121
39 1.115152
40 1.118182
41 1.121212
42 1.124242
43 1.127273
44 1.130303
45 1.133333
46 1.136364
47 1.139394
48 1.142424
49 1.145455
50 1.148485
51 1.151515
52 1.154545
53 1.157576
54 1.160606
55 1.163636
56 1.166667
57 1.169697
58 1.172727
59 1.175758
60 1.178788
61 1.181818
62 1.184848
63 1.187879
64 1.190909
65 1.193939
66 1.196970
67 1.200000
68 1.203030
69 1.206061
70 1.209091
71 1.212121
72 1.215152
73 1.218182
74 1.221212
75 1.224242
76 1.227273
77 1.230303
78 1.233333
79 1.236364
80 1.239394
81 1.242424
82 1.245455
83 1.248485
84 1.251515
85 1.254545
86 1.257576
87 1.260606
88 1.263636
89 1.266667
90 1.269697
91 1.272727
92 1.275758
93 1.278788
94 1.281818
95 1.284848
96 1.287879
97 1.290909
98 1.293939
99 1.296970
100 1.300000
