1 1.000000
2 1.020303
3 1.040606
4 1.060909
5 1.081212
6 1.101515
7 1.121818
8 1.142121
9 1.162424
10 1.182727
11 1.203030
12 1.223333
13 1.243636
14 1.263939
15 1.284242
16 1.304545
17 1.324848
18 1.345152
19 1.365455
20 1.385758
21 1.406061
22 1.426364
23 1.446667
24 1.466970
25 1.487273
26 1.507576
27 1.527879
28 1.548182
29 1.568485
30 1.588788
31 1.609091
32 1.629394
33 1.649697
34 1.670000
35 1.690303
36 1.710606
37 1.730909
38 1.751212
39 1.771515
40 1.791818
41 1.812121
42 1.832424
43 1.852727
44 1.873030
45 1.893333
46 1.913636
47 1.933939
48 1.954242
49 1.974545
50 1.994848
51 2.015152
52 2.035455
53 2.055758
54 2.076061
55 2.096364
56 2.116667
57 2.136970
58 2.157273
59 2.177576
60 2.197879
61 2.218182
62 2.238485
63 2.258788
64 2.279091
65 2.299394
66 2.319697
67 2.340000
68 2.360303
69 2.380606
70 2.400909
71 2.421212
72 2.441515
73 2.461818
74 2.482121
75 2.502424
76 2.522727
77 2.543030
78 2.563333
79 2.583636
80 2.603939
81 2.624242
82 2.644545
83 2.664848
84 2.685152
85 2.705455
86 2.725758
87 2.746061
88 2.766364
89 2.786667
90 2.806970
91 2.827273
92 2.847576
93 2.867879
94 2.888182
95 2.908485
96 2.928788
97 2.949091
98 2.969394
99 2.989697
100 3.010000
