1 1.000000
2 1.020101
3 1.040202
4 1.060303
5 1.080404
6 1.100505
7 1.120606
8 1.140707
9 1.160808
10 1.180909
11 1.201010
12 1.221111
13 1.241212
14 1.261313
15 1.281414
16 1.301515
17 1.321616
18 1.341717
19 1.361818
20 1.381919
21 1.402020
22 1.422121
23 1.442222
24 1.462323
25 1.482424
26 1.502525
27 1.522626
28 1.542727
29 1.562828
30 1.582929
31 1.603030
32 1.623131
33 1.643232
34 1.663333
35 1.683434
36 1.703535
37 1.723636
38 1.743737
39 1.763838
40 1.783939
41 1.804040
42 1.824141
43 1.844242
44 1.864343
45 1.884444
46 1.904545
47 1.924646
48 1.944747
49 1.964848
50 1.984949
51 2.005051
52 2.025152
53 2.045253
54 2.065354
55 2.085455
56 2.105556
57 2.125657
58 2.145758
59 2.165859
60 2.185960
61 2.206061
62 2.226162
63 2.246263
64 2.266364
65 2.286465
66 2.306566
67 2.326667
68 2.346768
69 2.366869
70 2.386970
71 2.407071
72 2.427172
73 2.447273
74 2.467374
75 2.487475
76 2.507576
77 2.527677
78 2.547778
79 2.567879
80 2.587980
81 2.608081
82 2.628182
83 2.648283
84 2.668384
85 2.688485
86 2.708586
87 2.728687
88 2.748788
89 2.768889
90 2.788990
91 2.809091
92 2.829192
93 2.849293
94 2.869394
95 2.889495
96 2.909596
97 2.929697
98 2.949798
99 2.969899
100 2.990000
