1 1.000000
2 1.020202
3 1.040404
4 1.060606
5 1.080808
6 1.101010
7 1.121212
8 1.141414
9 1.161616
10 1.181818
11 1.202020
12 1.222222
13 1.242424
14 1.262626
15 1.282828
16 1.303030
17 1.323232
18 1.343434
19 1.363636
20 1.383838
21 1.404040
22 1.424242
23 1.444444
24 1.464646
25 1.484848
26 1.505051
27 1.525253
28 1.545455
29 1.565657
30 1.585859
31 1.606061
32 1.626263
33 1.646465
34 1.666667
35 1.686869
36 1.707071
37 1.727273
38 1.747475
39 1.767677
40 1.787879
41 1.808081
42 1.828283
43 1.848485
44 1.868687
45 1.888889
46 1.909091
47 1.929293
48 1.949495
49 1.969697
50 1.989899
51 2.010101
52 2.030303
53 2.050505
54 2.070707
55 2.090909
56 2.111111
57 2.131313
58 2.151515
59 2.171717
60 2.191919
61 2.212121
62 2.232323
63 2.252525
64 2.272727
65 2.292929
66 2.313131
67 2.333333
68 2.353535
69 2.373737
70 2.393939
71 2.414141
72 2.434343
73 2.454545
74 2.474747
75 2.494949
76 2.515152
77 2.535354
78 2.555556
79 2.575758
80 2.595960
81 2.616162
82 2.636364
83 2.656566
84 2.676768
85 2.696970
86 2.717172
87 2.737374
88 2.757576
89 2.777778
90 2.797980
91 2.818182
92 2.838384
93 2.858586
94 2.878788
95 2.898990
96 2.919192
97 2.939394
98 2.959596
99 2.979798
100 3.000000
