1 1.000000
2 1.003131
3 1.006263
4 1.009394
5 1.012525
6 1.015657
7 1.018788
8 1.021919
9 1.025051
10 1.028182
11 1.031313
12 1.034444
13 1.037576
14 1.040707
15 1.043838
16 1.046970
17 1.050101
18 1.053232
19 1.056364
20 1.059495
21 1.062626
22 1.065758
23 1.068889
24 1.072020
25 1.075152
26 1.078283
27 1.081414
28 1.084545
29 1.087677
30 1.090808
31 1.093939
32 1.097071
33 1.100202
34 1.103333
35 1.106465
36 1.109596
37 1.112727
38 1.115859
39 1.118990
40 1.122121
41 1.125253
42 1.128384
43 1.131515
44 1.134646
45 1.137778
46 1.140909
47 1.144040
48 1.147172
49 1.150303
50 1.153434
51 1.156566
52 1.159697
53 1.162828
54 1.165960
55 1.169091
56 1.172222
57 1.175354
58 1.178485
59 1.181616
60 1.184747
61 1.187879
62 1.191010
63 1.194141
64 1.197273
65 1.200404
66 1.203535
67 1.206667
68 1.209798
69 1.212929
70 1.216061
71 1.219192
72 1.222323
73 1.225455
74 1.228586
75 1.231717
76 1.234848
77 1.237980
78 1.241111
79 1.244242
80 1.247374
81 1.250505
82 1.253636
83 1.256768
84 1.259899
85 1.263030
86 1.266162
87 1.269293
88 1.272424
89 1.275556
90 1.278687
91 1.281818
92 1.284949
93 1.288081
94 1.291212
95 1.294343
96 1.297475
97 1.300606
98 1.303737
99 1.306869
100 1.310000
