0 1.1
1 1.176863055202592
2 1.176863055202592
3 1.176863055202592
4 1.2307048640520206
5 1.3207602969358936
6 1.3207602969358936
7 1.4082112093833998
8 1.4082112093833998
9 1.4957324680154689
10 1.5882140861645222
11 1.687413769467953
12 1.7870243244857058
13 1.7870243244857058
14 1.869075724766022
15 1.9575395875074715
16 2.038736352503909
17 2.1383760561435223
18 2.2376245924345404
19 2.2376245924345404
20 2.2376245924345404
21 2.2376245924345404
22 2.2376245924345404
23 2.2376245924345404
24 2.2376245924345404
25 2.2376245924345404
26 2.2376245924345404
27 2.2376245924345404
28 2.3065985169054737
29 2.386582901339767
30 2.465308164494167
31 2.540220199361468
32 2.6286842414942644
33 2.717316354019796
34 2.717316354019796
35 2.8030501049832113
36 2.8030501049832113
37 2.8758525829857007
38 2.945418874373915
39 3.0381759908248256
40 3.0381759908248256
41 3.1258911474326396
42 3.1258911474326396
43 3.200354113526985
44 3.2580065158494724
45 3.348799346318234
46 3.348799346318234
47 3.4150192776874424
48 3.4150192776874424
49 3.4150192776874424
