0 900
1 1224
2 2997
3 2997
4 2997
7 2997
8 2997
9 2997
11 2997
12 2997
13 2997
15 2997
16 2997
17 2997
18 2997
19 2828
20 2997
21 2997
22 2997
23 2997
24 2997
25 2997
26 2997
27 2997
29 2997
30 2997
31 2997
32 2997
33 2997
34 2997
36 2997
37 2997
38 2997
40 2997
41 2997
43 2997
45 2997
46 2997
47 2997
48 2997
49 2997
50 2997
51 2997
53 2997
54 2997
55 2997
56 2997
57 2997
58 2997
59 2997
60 2997
64 2997
65 2997
67 2997
69 2997
70 2997
72 2997
74 2997
75 2997
78 2997
80 2997
81 2997
82 2997
83 2997
84 2997
86 2997
89 2997
90 2997
91 2997
92 2997
93 2997
94 2997
95 2997
96 2997
97 2997
98 2997
99 2997
