0 3.0801654699349124
4 5.677619015252176
5 1.762218252845753
6 5.093799855382436
7 1.5235437817532658
10 2.335234577089351
11 2.2104241657457426
12 1.7498432147614849
13 2.0157770085193762
14 1.5281748571302192
18 1.2096115645979815
19 1.2450733358298685
23 0.7468616972473021
26 0.8008084447166905
28 0.6239379828578258
29 0.8414543863451471
31 0.8784639019736307
32 0.7884318438830256
33 0.744713518587641
35 0.5493050845375335
36 0.6658979658589184
37 0.823512425623181
38 0.600117090181284
39 0.42402180207068657
40 0.5615797987661237
41 0.6041667689875716
46 0.6907065026037402
47 0.6984628488733139
48 0.5585339883942302
49 0.7390918094511747
50 0.7507657411358425
51 0.5771979565135053
52 0.41200110312716287
53 0.551557083198226
55 0.6822266908589218
56 0.4489229819427597
58 0.48985544110134366
59 0.3584200333606146
60 0.44357859249514553
62 0.5616609906018084
63 0.806164421095579
64 0.552049888238848
66 0.4786467065268441
67 0.7309218213661006
69 0.5895102810448085
70 0.7329456636124876
71 0.4327733035497759
74 0.5476219351263676
76 0.6373920314528032
77 0.6943507323210867
78 0.5719508222324272
80 0.5410462182009177
81 0.620118802470246
82 0.4597256742772785
83 0.4302786012617481
84 0.4391425611893772
85 0.4773495643074716
86 0.4543561090332017
88 0.39452239295024294
89 0.9391108423083825
90 0.6197855506214311
91 0.4094513469894017
95 0.48755651791935595
96 0.5321972809226418
97 0.5671148263258791
99 0.4619695676829133
