1 3.0818772050041185
2 10.540590493711267
3 2.8492695069159244
4 5.6766401706302485
5 1.7616881154125787
7 1.5236116383268945
8 6.409253809202354
9 1.2122601758487674
10 2.3357356742747664
11 2.211217882577668
14 1.5293710563470078
15 2.62120953322028
16 1.4952608836276928
17 1.758277490542673
20 1.6629088513839592
23 0.7477318589576317
24 0.7550806686652674
27 0.6570151751175577
28 0.6246305379671886
29 0.8420866304150844
30 0.8369526906887319
31 0.8792085916721045
32 0.7891965210881025
34 0.7318104437131498
35 0.550035253935802
36 0.6670543484662641
37 0.8243078820008435
38 0.6006565844996311
40 0.5625254404540434
42 0.6789616069564891
44 0.6808587858942357
46 0.691496542011597
47 0.6989804006341684
48 0.5589929891722764
49 0.7397644364287427
53 0.5524875087400536
55 0.6828524290776063
58 0.4903754620095556
59 0.3588280473976157
60 0.44373831281546045
61 0.5928801761690411
64 0.5529094526926781
65 0.6709055314573195
68 0.7469683884786148
71 0.43305317897551937
72 0.5279983240385157
73 0.8307775577428771
74 0.5483420255493933
75 0.7891431555541516
76 0.6377748167295963
77 0.6950462907743007
78 0.5727286799478699
79 0.5901339556155893
83 0.43019171758243085
84 0.439054835313896
86 0.4543972460041952
87 0.6332791123703781
90 0.6198008282665401
92 0.7603199390942934
94 0.4292379517866703
95 0.48742544740106286
96 0.5321972638123661
97 0.5671146761938289
98 0.43919081767621987
