0 0.100934
1 0.095406
2 0.104165
3 0.071065
4 0.059821
5 0.031061
6 0.030161
7 0.121739
8 0.107387
9 0.077456
10 0.111634
11 0.088404
12 0.066010
13 0.082187
14 0.067942
15 0.057037
16 0.029139
17 0.067902
18 0.075075
19 0.052244
20 0.062197
21 0.032778
22 0.027563
23 0.129814
24 0.086588
25 0.046872
26 0.028519
27 0.033672
28 0.095835
29 0.127836
30 0.099436
31 0.053763
32 0.034272
33 0.060897
34 0.063554
35 0.058169
36 0.084502
37 0.088234
38 0.101045
39 0.108918
40 0.125953
41 0.061669
42 0.067809
43 0.087368
44 0.033988
45 0.062247
46 0.087815
47 0.057437
48 0.062952
49 0.034227
50 0.029883
51 0.069509
52 0.141108
53 0.113745
54 0.119471
55 0.064103
56 0.056551
57 0.058938
58 0.027928
59 0.024600
60 0.091115
61 0.081529
62 0.077052
63 0.094119
64 0.077527
65 0.102467
66 0.066944
67 0.071505
68 0.075930
69 0.125864
70 0.125245
71 0.053501
72 0.041972
73 0.028234
74 0.034500
75 0.118492
76 0.125710
77 0.050210
78 0.049053
79 0.049408
80 0.038697
81 0.035117
82 0.036630
83 0.064943
84 0.088672
85 0.107923
86 0.166254
87 0.121011
88 0.062068
89 0.047054
90 0.079166
91 0.036837
92 0.035335
93 0.082794
94 0.095180
95 0.098783
96 0.084527
97 0.078824
98 0.080578
99 0.059699
