0 4.996402
1 5.178302
2 3.074446
3 1.031092
4 4.544145
5 5.305949
6 5.690891
7 5.516039
8 5.696385
9 5.424330
10 5.498654
11 5.217341
12 5.304441
13 5.615796
14 5.152796
15 3.337989
16 1.553186
17 3.832244
18 4.941019
19 5.163694
20 5.055733
21 5.260097
22 2.249309
23 1.345507
24 4.916422
25 5.134293
26 5.562051
27 5.910736
28 6.222423
29 6.079002
30 5.483177
31 5.241250
32 5.178336
33 5.466116
34 5.594465
35 5.623199
36 5.584557
37 5.963595
38 5.789563
39 6.004707
40 5.570411
41 5.045629
42 5.218026
43 4.018222
44 0.826065
45 4.060744
46 5.214407
47 5.795565
48 5.857471
49 5.621593
50 5.875846
51 5.794540
52 5.614411
53 5.281379
54 5.007361
55 5.683817
56 5.679066
57 5.401633
58 5.186084
59 5.043343
60 4.308247
61 5.240252
62 5.454731
63 5.695898
64 5.840871
65 5.775352
66 5.732663
67 5.524781
68 5.425054
69 5.543939
70 5.741497
71 5.770367
72 5.878675
73 5.593433
74 5.329340
75 4.293144
76 4.834960
77 5.545219
78 5.576297
79 5.363345
80 5.762387
81 5.813662
82 5.867280
83 5.958052
84 5.605913
85 5.505965
86 5.715410
87 5.555896
88 5.480254
89 5.648466
90 5.687791
91 5.091517
92 5.461803
93 4.843755
94 5.033480
95 4.893377
96 4.875721
97 4.902711
98 4.909800
99 4.837633
