0 5.735306
1 5.576331
2 5.335394
3 4.959301
4 3.249382
5 0.992122
6 4.714632
7 5.625161
8 5.561426
9 5.490460
10 5.304301
11 5.441318
12 5.159384
13 5.238721
14 4.572351
15 0.765894
16 3.539506
17 4.996121
18 5.037399
19 4.326361
20 1.223639
21 3.147349
22 5.223712
23 5.063217
24 5.101692
25 3.757241
26 0.916023
27 4.289839
28 5.517342
29 6.000052
30 5.589765
31 4.213520
32 0.784691
33 3.250675
34 5.081321
35 5.182341
36 5.418597
37 5.373416
38 5.564220
39 5.788569
40 5.599471
41 5.397553
42 4.914379
43 1.390796
44 3.626703
45 5.259416
46 5.527476
47 4.651277
48 0.921221
49 3.320225
50 5.229273
51 5.653972
52 5.722912
53 5.881409
54 5.616781
55 4.989922
56 4.790168
57 3.704383
58 2.813082
59 4.225423
60 5.511383
61 5.412689
62 5.196490
63 5.167494
64 4.535153
65 5.198883
66 5.648448
67 5.761610
68 5.809148
69 5.866199
70 5.533502
71 4.916275
72 4.066586
73 0.878061
74 4.824925
75 5.519158
76 5.644134
77 5.510011
78 5.204181
79 2.920955
80 1.346217
81 3.820352
82 4.376214
83 5.649455
84 5.602081
85 5.675277
86 5.502707
87 5.574244
88 5.566321
89 5.385746
90 4.663683
91 1.460711
92 4.011179
93 5.396690
94 5.620085
95 5.568955
96 5.435277
97 5.924865
98 5.121277
99 5.056069
