0 1.022174281205534
1 1.022174281205534
2 1.0442742479170335
3 1.067904446868315
4 1.0884894000827827
5 1.0884894000827827
6 1.0884894000827827
7 1.0884894000827827
8 1.1182845221281676
9 1.150083429515432
10 1.1722969045430762
11 1.1907748722008036
12 1.1907748722008036
13 1.2175974547142745
14 1.244765562062367
15 1.2627750909545443
16 1.2627750909545443
17 1.295716346646849
18 1.3125646604785801
19 1.3223708422254303
20 1.3223708422254303
21 1.3446836686315633
22 1.3551671022051004
23 1.3781484634874805
24 1.3781484634874805
25 1.403854562474424
26 1.4195771621750166
27 1.435043865563006
28 1.435043865563006
29 1.435043865563006
30 1.435043865563006
31 1.435043865563006
32 1.435043865563006
33 1.4540475300981317
34 1.4689273493481274
35 1.4817042561866949
36 1.4817042561866949
37 1.4817042561866949
38 1.4817042561866949
39 1.4817042561866949
40 1.4817042561866949
41 1.4817042561866949
42 1.4817042561866949
43 1.4915082966874478
44 1.499043468827968
45 1.4995525988754423
46 1.500019823226671
47 1.500019823226671
48 1.5009185809593233
49 1.500283994841063
