0 -0.00171133530908398
1 0.0
2 0.0015056640164644343
3 -0.002708816714133617
4 -0.0011834643373621746
5 -0.0026256830511691286
6 0.0
7 -0.0026087386456007757
8 -0.002601113597241541
9 0.0
10 -0.0028953056316822767
11 -0.0027359323110431434
12 0.013390123847354028
13 -0.003432983012654197
14 0.0
15 -0.0024683797149918974
16 -0.002652770932763815
17 -0.0023720144759863614
18 0.0
19 0.0
20 0.0
21 -0.0019254075308815972
22 -0.0021869921913988235
23 -0.000660343511527387
24 0.0005604074601010025
25 -0.002598565467633307
26 -0.0008720597576351944
27 0.002993971720336516
28 -0.001137053868552024
29 0.0
30 0.00045106077453224594
31 -0.00015392430202460763
32 -0.00010580909232266678
33 -0.00015630086097857864
34 -8.894496661245884e-05
35 0.0005842916327598396
36 0.0
37 9.698258762001692e-05
38 -0.0014204502476416368
39 -0.0004072106737714657
40 0.0
41 0.00010914271110563917
42 0.0
43 0.0006169428307337409
44 0.0
45 0.0002932717910090182
46 0.0
47 0.0009537773759704678
48 -0.0014528393517423894
49 -0.0007101463045805237
