0 0.00028553894581816766
1 1.3798091598435448e-05
2 0.0006987853975350304
3 0.0
4 0.0
5 0.0
6 0.0
7 0.0022583825899115035
8 -0.0012571912740710581
9 -0.0012444123216749702
10 0.0
11 0.002180878076004235
12 -0.002156628912640996
13 0.0023053926540067683
14 0.00020140988131814484
15 0.0
16 0.0023813364975558463
17 0.0016888384549670545
18 0.0008593065856756552
19 -0.0008262871912225356
20 0.003130195189893503
21 0.0
22 0.0018456307770546494
23 0.00040796691192730814
24 6.164341505280942e-06
25 0.0
26 -9.47936377232442e-05
27 -0.0008470618329673451
28 0.0
29 8.832358623784974e-05
30 0.0
31 -7.71511042907178e-05
32 0.0
33 -6.573262287912634e-05
34 0.0
35 -0.0001221437240050975
36 -4.2784884018066034e-05
37 -1.319818401012916e-05
38 -0.0001443142249706163
39 8.186714819642874e-05
40 -0.00012970751428132644
41 -0.00013441516155722436
42 0.0001860439520227311
43 0.0
44 -4.325875072449252e-05
45 -0.00010624634556448866
46 7.40463845660239e-05
47 -0.00020333563637547604
48 0.0004323538128191643
49 0.0009891121672544973
