0 0.0002920748568986614
1 0.00010939512758057853
2 0.0002686874826829626
3 0.0
4 0.00014842456071605434
5 0.0
6 4.282101956678038e-05
7 0.0
8 0.000541999512018586
9 0.0
10 0.0011247182565241945
11 0.0
12 -0.001738532634794073
13 0.0
14 2.827766454422308e-06
15 0.002429032498322828
16 -0.0012500582344464066
17 -0.0005958882151126225
18 -0.0016688975763474254
19 -0.001874980975575828
20 0.003363137181405875
21 0.0
22 0.002997478274969284
23 0.0008742456283284216
24 4.976542826654387e-05
25 0.0007459204730338082
26 0.0006095999681757857
27 -0.00029497124203226255
28 0.00017878294738428715
29 -5.737702920914664e-05
30 -7.082787213058228e-05
31 7.505828850680903e-05
32 -9.446000534049654e-06
33 0.0
34 -3.265315794481153e-05
35 -1.1198852620248762e-05
36 1.291552652856892e-06
37 0.0
38 0.0
39 0.0
40 1.8357605729634546e-05
41 -1.838155160791191e-05
42 0.0
43 -0.00017409692751635956
44 2.0628748524890118e-05
45 -1.4815021695910506e-05
46 7.369431951183328e-06
47 -5.3468344899207823e-05
48 0.00020413659556275352
49 0.0005501859369586584
