0 9997
1 9997
3 9997
4 9997
5 9997
6 9997
9 9913
11 9997
12 9997
13 9997
14 9997
15 9997
16 9997
18 7324
22 9997
23 9636
24 9997
25 9165
26 9996
27 9997
28 9997
29 7033
30 9997
32 9997
34 5998
36 9997
37 9997
38 5998
40 5274
41 9997
42 9997
43 9997
47 9997
48 7086
52 9997
53 9882
55 9997
56 8434
57 9997
60 9996
61 9997
62 6403
63 9997
64 9997
66 5998
67 9997
68 9997
69 9997
70 6190
72 4182
74 4515
75 6601
77 9997
78 9997
79 7999
80 5088
81 9996
82 9878
83 9997
84 9586
85 5878
87 5197
89 3118
93 3988
96 5125
97 3075
99 4189
