3 9996
5 9997
6 9997
7 9997
8 9997
9 9331
11 9997
12 9997
13 9997
15 9997
17 9997
18 6615
20 4525
21 9997
22 9997
23 9464
24 9996
26 9997
28 9997
29 6476
30 9997
31 9997
32 9997
33 9997
34 5998
36 9997
37 9997
38 5998
39 9996
40 9314
41 9997
42 9997
43 9997
44 9997
45 9997
46 9997
47 9997
50 9997
51 9997
52 9997
53 9997
54 9997
55 9997
58 9997
59 7595
60 9997
62 7183
65 9997
66 5998
68 9997
70 6779
71 9997
73 8837
74 9997
75 9997
78 9997
79 8503
80 9997
82 9997
85 6874
86 9997
87 9997
88 9997
89 8317
90 9997
91 9997
92 7185
94 9997
95 9997
96 9997
97 8309
98 9997
99 9997
