0 2.3042177771138452
1 2.3042177771138452
2 3.1785172471527816
3 1.770555094100643
4 2.5591002376512506
5 1.7197403651347691
6 1.7108936247198268
7 2.530796781905357
8 1.3707311100337194
9 1.6837813052134016
10 1.89063731165395
11 1.2390145042528207
12 1.5796703028046768
13 1.4815743701824133
14 1.248106250231
15 1.7074486662472053
16 1.1330893490539902
17 1.605006262503486
18 1.1449546874791996
19 1.0999846056498785
20 1.586127697079703
21 1.1343483027963415
22 1.3722145636121055
23 1.1145452056723038
24 1.102428754995679
25 1.4861059936062582
26 1.112925862180644
27 1.1070588524190113
28 1.2391499304187006
29 1.1225244520067155
30 1.1204474968216072
31 1.1217364004220052
32 1.167038138834699
33 1.1347451713933177
34 1.1678711155642862
35 1.214738126573949
36 1.1847387720430536
37 1.1839382390847142
38 1.2560166348929165
39 1.1964008020961088
40 1.237776232994217
41 1.2752581501436449
42 1.266791710679444
43 1.2529687442560087
44 1.2780183357498298
45 1.3114208068294249
46 1.3145729020692636
47 1.3339064024042164
48 1.3561153648017703
49 1.28723898006714
50 1.3490349164063957
51 1.3762252849003505
52 1.4316572893136976
53 1.377485125049345
54 1.4063595288869677
55 1.4535939033893779
56 1.4840488200667143
57 1.5153768463931483
58 1.4181563380123556
59 1.5221441076540123
60 1.568220560165451
61 1.5696318251541581
62 1.5398860000979608
63 1.5325107381247234
64 1.605726929948949
65 1.5325503131042069
66 1.567437335572999
67 1.6024259610913167
68 1.555933526899291
69 1.5997447362835853
70 1.6399576224464962
71 1.6376741323070325
72 1.7039731332455474
73 1.6540800480916538
74 1.7162686802256757
75 1.6835287673405375
76 1.6686564109634316
77 1.6976110598872816
78 1.726214172304601
79 1.61578851374702
80 1.5744819293444368
81 1.6433975205772098
82 1.6367912186927471
83 1.6379383779752845
84 1.636412427626949
85 1.669370162779239
86 1.6297203403165663
87 1.6503411450345495
88 1.6344439450832173
89 1.6238125331286135
90 1.6306345234399082
91 1.6412936367948034
92 1.619171905541432
93 1.6166250522044852
94 1.5454208048180738
95 1.5697295080726894
96 1.5216794027096632
97 1.5636981567661425
98 1.547068687365495
99 1.4923407359979581
