0 5.79314073547721e-07
1 5.188508841888015e-07
2 4.881377465741001e-07
3 4.593473067553208e-07
4 4.3606010780341797e-07
5 4.4727350547051835e-07
6 4.5623273600626855e-07
7 4.5224917706426595e-07
8 4.6351080277758826e-07
9 4.2624932856083644e-07
10 4.5401840868366134e-07
11 4.257829293492043e-07
12 4.2643243403303114e-07
13 4.28124771748334e-07
14 4.000653620926458e-07
15 4.054660752196333e-07
16 3.8610115803205386e-07
17 4.170256561919155e-07
18 4.322305256826606e-07
19 3.5771769679278987e-07
20 3.7853083875856704e-07
21 4.180062447533267e-07
22 3.6598829622047883e-07
23 3.4439971951936987e-07
24 3.359662353590979e-07
25 3.4159324903335876e-07
26 3.245652376970107e-07
27 3.1991012922087427e-07
28 3.1536812622533684e-07
29 3.947817261208263e-07
30 4.110641543314265e-07
31 3.0487501655862515e-07
32 2.9807953044749653e-07
33 4.084063189868092e-07
34 3.960350589620827e-07
35 2.9936248723460464e-07
36 3.953125179540182e-07
37 2.936316548171939e-07
38 4.1317540765248103e-07
39 2.832616872971454e-07
40 2.793246810600177e-07
41 2.8347301866719226e-07
42 2.738420049734467e-07
43 2.656324869316637e-07
44 2.657044943011835e-07
45 3.814395783211783e-07
46 3.8047653528764234e-07
47 3.875691349396703e-07
48 3.8135156721913857e-07
49 2.612478459272898e-07
50 3.722719937587785e-07
51 2.472874887157699e-07
52 2.527922198141082e-07
53 3.6384751010483064e-07
54 2.566832211253199e-07
55 2.4318775736949283e-07
56 3.519578668655306e-07
57 2.4946472958859564e-07
58 2.4212960032471176e-07
59 2.39272285076522e-07
60 3.423848254714433e-07
61 2.279036742804353e-07
62 2.2977342374137795e-07
63 2.1887894135392748e-07
64 2.233863668637952e-07
65 3.5037454904294136e-07
66 3.528922161147348e-07
67 2.2421883413380252e-07
68 2.208562005808148e-07
69 3.4198141257397307e-07
70 3.2810214640972125e-07
71 2.0910672285720305e-07
72 2.1222834781402955e-07
73 2.1353595175650873e-07
74 2.0913830506731296e-07
75 3.4133931417148204e-07
76 2.1510541531642892e-07
77 2.1284734502062568e-07
78 2.0540734330329098e-07
79 2.0230028185132613e-07
80 2.0143320562624968e-07
81 1.9849029370609858e-07
82 1.96428367356836e-07
83 3.2696846887409774e-07
84 3.3003020770968916e-07
85 3.296653395995385e-07
86 1.9699871766515516e-07
87 1.8928594624368638e-07
88 3.1489289976698046e-07
89 1.9070177138352625e-07
90 1.9141232060278093e-07
91 1.856900319549863e-07
92 1.849565371964836e-07
93 1.8608646668046957e-07
94 1.8213757289874814e-07
95 1.8503867277379082e-07
96 1.7736388117075109e-07
97 1.8102240075054302e-07
98 3.097115456137902e-07
99 3.0476838145842296e-07
