0 0.0
1 0.0
2 2.9386666666666665e-07
3 0.0
4 0.0017370692829260866
5 0.0017370692829260866
6 0.0017370692829260866
7 0.0017370692829260866
8 0.0017370692829260866
9 0.0
10 0.0
11 0.0017370692829260866
12 0.0017370692829260866
13 0.0
14 0.0017370692829260866
15 0.0
16 0.0
17 0.0
18 2.9386666666666665e-07
19 2.9386666666666665e-07
20 0.0
21 2.9386666666666665e-07
22 0.0
23 0.0
24 2.9386666666666665e-07
25 2.9386666666666665e-07
26 0.0
27 0.0
28 2.9386666666666665e-07
29 2.9386666666666665e-07
30 2.9386666666666665e-07
31 0.0
32 0.0
33 2.9386666666666665e-07
34 2.9386666666666665e-07
35 2.9386666666666665e-07
36 2.9386666666666665e-07
37 0.0
38 2.9386666666666665e-07
39 2.9386666666666665e-07
40 2.9386666666666665e-07
41 7.094628440046101e-05
42 0.0017370692829260866
43 0.0
44 0.0017370692829260866
45 0.0017370692829260866
46 0.0
47 2.9386666666666665e-07
48 0.0
49 0.0
50 0.0
51 0.00011669662047398358
52 2.9386666666666665e-07
53 4.662332091833509e-05
54 0.0
55 2.9386666666666665e-07
56 2.9386666666666665e-07
57 2.9386666666666665e-07
58 2.9386666666666665e-07
59 0.0
60 0.0
61 2.9386666666666665e-07
62 2.9386666666666665e-07
63 0.0
64 2.9386666666666665e-07
65 2.9386666666666665e-07
66 0.0
67 2.9386666666666665e-07
68 0.0
69 2.9386666666666665e-07
70 2.9386666666666665e-07
71 2.9386666666666665e-07
72 2.9386666666666665e-07
73 2.9386666666666665e-07
74 2.9386666666666665e-07
75 2.9386666666666665e-07
76 2.9386666666666665e-07
77 0.0
78 2.9386666666666665e-07
79 0.0
80 2.9386666666666665e-07
81 2.9386666666666665e-07
82 2.9386666666666665e-07
83 2.9386666666666665e-07
84 2.9386666666666665e-07
85 2.9386666666666665e-07
86 2.9386666666666665e-07
87 2.9386666666666665e-07
88 0.0
89 2.9386666666666665e-07
90 2.9386666666666665e-07
91 2.9386666666666665e-07
92 2.9386666666666665e-07
93 2.9386666666666665e-07
94 0.0
95 2.9386666666666665e-07
96 2.9386666666666665e-07
97 2.9386666666666665e-07
98 0.00018445344731704864
99 2.9386666666666665e-07
