0 1.0902397254490184
1 1.1273368665783297
2 1.2273368665783297
3 1.3273368665783298
4 1.4146470208993687
5 1.4146470208993687
6 1.5048596128752252
7 1.6022889095221882
8 1.6861143082615258
9 1.7861143082615258
10 1.8811432772900585
11 1.953210170270477
12 2.036556475405713
13 2.0888170676938227
14 2.130536976742639
15 2.130536976742639
16 2.130536976742639
17 2.1779238621884685
18 2.2385558875731317
19 2.312372804931469
20 2.3578126128036785
21 2.3578126128036785
22 2.3967975183826415
23 2.446192338109061
24 2.446192338109061
25 2.497988632280587
26 2.497988632280587
27 2.5418948546431115
28 2.5856120846646053
29 2.6262355640478967
30 2.7029662682208047
31 2.7989086039267836
32 2.8504831866187397
33 2.9340021341089253
34 2.9340021341089253
35 2.9837496696016625
36 2.9837496696016625
37 3.03897215834302
38 3.095321785765833
39 3.1654546509288464
40 3.2347764216929304
41 3.307228851650812
42 3.3961031321263566
43 3.3961031321263566
44 3.4802215319936742
45 3.5658998563372384
46 3.640507643165012
47 3.640507643165012
48 3.640507643165012
49 3.70732215834744
