0 1.0936689665317756
1 1.1342444156845097
2 1.2288610673339904
3 1.3078304621457515
4 1.3078304621457515
5 1.3861179277700137
6 1.3861179277700137
7 1.3861179277700137
8 1.4819427003366001
9 1.573163960874195
10 1.6695750338836317
11 1.6695750338836317
12 1.7520641895258366
13 1.8145480618900223
14 1.8648234487313884
15 1.9216629504027698
16 1.9905726226038964
17 2.0320855414384322
18 2.0320855414384322
19 2.1102313951438774
20 2.1550916752896874
21 2.1897603625298574
22 2.1897603625298574
23 2.231304657831707
24 2.3060062861307205
25 2.3712316573423013
26 2.439515523323667
27 2.4918156475018542
28 2.5440139212063837
29 2.5789576397014877
30 2.5789576397014877
31 2.5789576397014877
32 2.6318427687236348
33 2.69441010435922
34 2.7488896600524186
35 2.7488896600524186
36 2.7488896600524186
37 2.812220343757002
38 2.86862506595133
39 2.86862506595133
40 2.86862506595133
41 2.86862506595133
42 2.86862506595133
43 2.950335211594676
44 3.041304150166611
45 3.041304150166611
46 3.141304150166611
47 3.241304150166611
48 3.241304150166611
49 3.341304150166611
