0 1.0
1 1.0964434260420894
2 1.0964434260420894
3 1.167465280337588
4 1.24833551066004
5 1.24833551066004
6 1.24833551066004
7 1.3315364943540784
8 1.3315364943540784
9 1.4244703349945478
10 1.5147916886894321
11 1.5750228460940816
12 1.6478601374433595
13 1.7103036999912575
14 1.7457378017392393
15 1.7913713729571419
16 1.8446030040545471
17 1.8886680207494408
18 1.9553109303458427
19 1.9553109303458427
20 1.9553109303458427
21 1.9553109303458427
22 2.0006084358845904
23 2.1006084358845905
24 2.2006084358845905
25 2.3006084358845906
26 2.3006084358845906
27 2.3006084358845906
28 2.370688096608916
29 2.4430050300206947
30 2.543005030020695
31 2.6420216721163747
32 2.6420216721163747
33 2.710954211461361
34 2.710954211461361
35 2.768325325296117
36 2.824457820472439
37 2.8694096952330845
38 2.8879017902758854
39 2.928330426971422
40 3.012406585316881
41 3.074950608903869
42 3.074950608903869
43 3.1571701694934236
44 3.2571701694934236
45 3.347644294626427
46 3.396544566705803
47 3.471158272879415
48 3.542141681980768
49 3.600716073412468
