0 0.0
1 7.972286403977277e-05
2 0.0
3 -0.00044574315611446865
4 0.0015108786822264034
5 0.0
6 0.0
7 -0.0007510536769029896
8 0.0
9 -6.609962073516886e-05
10 -4.639505225492066e-05
11 0.0017966421358331698
12 0.00030575987137251484
13 0.0007482260908756284
14 8.804860911198438e-05
15 0.0007578233040694646
16 0.00012714810635442683
17 8.968569588490395e-05
18 0.00018048433715281287
19 0.0
20 0.0
21 0.0
22 0.0001695220741981107
23 -0.0026232359232380986
24 -0.0009867762685460439
25 -0.0008878249332829861
26 0.0
27 0.0
28 -0.0007975191530191218
29 -0.0014908385485490592
30 -0.0003078586448463848
31 -0.00022754970777906055
32 0.0
33 0.0002683181567803833
34 0.0
35 -0.0006207062066143036
36 5.475650495736448e-05
37 0.0033705622510266067
38 0.001316890619238739
39 0.0009571807070763902
40 -3.4817912341773265e-05
41 -5.021425381712749e-05
42 0.0
43 4.886692707746815e-05
44 -0.00015874658733586015
45 -9.785459719630153e-05
46 -0.00022505942841067865
47 4.309688914063901e-05
48 0.000306197985085492
49 0.0005224934302689363
