0 0.0005187291706295699
1 0.0008242555276210704
2 0.0005720245686335634
3 4.902973001955124e-07
4 0.0012665456960475488
5 0.0
6 0.0013561894895314612
7 -0.0008283383447609906
8 0.0014126374817243278
9 -4.5796505914541244e-05
10 0.000821426345802482
11 0.00044880989716677717
12 0.0004978651795206916
13 0.0008740768369731345
14 0.0004508051209846998
15 0.0
16 0.0
17 0.0002046856089649147
18 -0.0010649402293602076
19 0.0005419244044067201
20 0.0005858212686031024
21 0.0
22 0.0005087500919326978
23 0.0013175479017920667
24 0.0
25 0.0014478232561177646
26 0.0
27 0.002409949807377215
28 0.0008929705832479785
29 0.00033965167870093124
30 0.0004210121031497794
31 0.00042106677311382296
32 0.0012411523589311263
33 0.0004185140088510772
34 0.0
35 0.000869106377208747
36 0.0
37 0.0010284278807995667
38 -0.00010255191610722193
39 2.054066574906091e-05
40 0.0001990439296596692
41 0.00012481518114679108
42 -6.812914457964757e-05
43 0.0
44 4.021081926460269e-06
45 -2.846446221439999e-05
46 -1.6709611438813923e-05
47 0.0
48 0.0
49 0.0007222791240897948
