0 -0.0011754393983289641
1 -0.0027564112505585885
2 -0.0024722456924700814
3 0.0009433277950080613
4 -0.003273828678987246
5 -0.0025211258803968157
6 -0.0007231537564621957
7 -0.0029845626807201214
8 -0.0020363759167595884
9 -0.002249879305132962
10 -0.0012751510485824896
11 0.0
12 -0.0015690658191363112
13 -0.0028584737330675123
14 0.0
15 0.0
16 -0.0028928733430802823
17 -0.00027875319320476893
18 0.0071627983576230325
19 0.0
20 0.002431523352992521
21 -0.0019766251292052603
22 -0.0007766962788794718
23 -0.002865710491310134
24 0.0
25 0.0002466169949411048
26 0.0
27 -0.0023212836949824123
28 -0.0014622143477354748
29 0.0
30 -0.0002719918795929086
31 0.0002703210028918239
32 -0.0028418820002116263
33 -0.0006638803712598947
34 -0.0028918309253640473
35 -0.0015882359177339822
36 -0.0007510166865706175
37 0.0
38 0.0
39 0.0
40 0.000674571975662273
41 0.0
42 0.00029431434404249984
43 5.4295726232655977e-05
44 0.0
45 0.0013928868803231857
46 0.0
47 0.00034340280035863335
48 -0.0007735238127826526
49 -8.581944745151594e-05
