0 1.0111839402527603
1 1.0
2 1.0
3 1.0
4 1.0020307429694886
5 1.0020307429694886
6 1.0020307429694886
7 1.0239971888892503
8 1.0197007672882112
9 1.0042507497406914
10 1.0415240501368952
11 1.015562353802145
12 1.0211096791717096
13 1.0211096791717096
14 1.0298927536245308
15 1.0298927536245308
16 1.0481038936937668
17 1.0300642472265094
18 1.0325616548727772
19 1.0388938095846816
20 1.0353913384061304
21 1.0715510434254787
22 1.0513948751673436
23 1.0513948751673436
24 1.0562856625166395
25 1.0584289808846636
26 1.083189431047116
27 1.0868016416804027
28 1.0868016416804027
29 1.083189431047116
30 1.0832437618485113
31 1.0832437618485113
32 1.0832437618485113
33 1.0832437618485113
34 1.0832437618485113
35 1.0832437618485113
36 1.0977383192135162
37 1.0844137662639886
38 1.0880448610116278
39 1.0972352332515591
40 1.0972352332515591
41 1.0972352332515591
42 1.0972352332515591
43 1.0972352332515591
44 1.0972352332515591
45 1.0972352332515591
46 1.0972352332515591
47 1.0994617880975412
48 1.0994617880975412
49 1.1536566229266578
50 1.1015251249193005
51 1.1015251249193005
52 1.1015251249193005
53 1.1015251249193005
54 1.1015251249193005
55 1.1077144128860925
56 1.1077144128860925
57 1.1077144128860925
58 1.1077144128860925
59 1.1077144128860925
60 1.163642373650404
61 1.163642373650404
62 1.171689761485418
63 1.2158171164946925
64 1.1832279362017906
65 1.1832279362017906
66 1.1832279362017906
67 1.1832279362017906
68 1.1832279362017906
69 1.1832279362017906
70 1.1832279362017906
71 1.1832279362017906
72 1.1832279362017906
73 1.1832279362017906
74 1.1832279362017906
75 1.1832279362017906
76 1.2070509077651657
77 1.1832279362017906
78 1.1832279362017906
79 1.1832279362017906
80 1.183854054362671
81 1.1913966090487051
82 1.1913966090487051
83 1.1914412896300124
84 1.193048808199145
85 1.193048808199145
86 1.193048808199145
87 1.1959646033633244
88 1.1959646033633244
89 1.1959646033633244
90 1.2175883668861314
91 1.226546199101371
92 1.261089788170871
93 1.261089788170871
94 1.2641073911190635
95 1.2645805308085625
96 1.268845525343715
97 1.290633106211759
98 1.290633106211759
99 1.290633106211759
100 1.3291885799201337
101 1.2966313910253793
102 1.3044422712288815
103 1.3044422712288815
104 1.3044422712288815
105 1.3044422712288815
106 1.3044422712288815
107 1.340690979110766
108 1.313619677343391
109 1.313619677343391
110 1.3215426416392875
111 1.3215426416392875
112 1.349295952707855
113 1.349295952707855
114 1.349360193573474
115 1.3532087030953992
116 1.3587477080306447
117 1.3587477080306447
118 1.39676490065525
119 1.3735824341413339
120 1.430670037839107
121 1.430670037839107
122 1.430845042927221
123 1.436387245554223
124 1.436387245554223
125 1.436387245744021
126 1.436387245554223
127 1.44041144158704
128 1.44041144158704
129 1.44041144158704
130 1.44041144158704
131 1.444259459467727
132 1.444259459467727
133 1.444259459467727
134 1.4559593792117962
135 1.4560642194130209
136 1.4560642194130209
137 1.4560642194130209
138 1.4560642194130209
139 1.4560642194130209
140 1.4560642194130209
141 1.4560642194130209
142 1.4668121645876828
143 1.4889337113956482
144 1.5077792140968598
145 1.5077792140968598
146 1.5375848180585414
147 1.5084749359564644
148 1.5084749359564644
149 1.5084749359564644
150 1.5154564189548145
151 1.6066150238754326
152 1.625994380264194
153 1.625994380264194
154 1.625994380264194
155 1.6332825841280036
156 1.6332825841280036
157 1.6386151676187335
158 1.6412305380290424
159 1.6472833395227755
160 1.6472833395227755
161 1.6495080394345136
162 1.6495080394345136
163 1.6507188330800866
164 1.6528758492176308
165 1.6528758492176308
166 1.6697379126479373
167 1.6655490091520475
168 1.6591632742464304
169 1.7120910745515026
170 1.6682364045685467
171 1.6701572409273495
172 1.6701572409273495
173 1.700305108240905
174 1.675148628468497
175 1.675148628468497
176 1.675148628468497
177 1.675148628468497
178 1.675148628468497
179 1.675148628468497
180 1.675148628468497
181 1.6774765202028419
182 1.703888020309055
183 1.703888020309055
184 1.703888020309055
185 1.703888020309055
186 1.706970497110552
187 1.706970497110552
188 1.7427653688583482
189 1.7069710276624679
190 1.7070398192450296
191 1.7121413402656953
192 1.7521280544720588
193 1.7521280544720588
194 1.7557300982369024
195 1.7678277732693672
196 1.7726859037019036
197 1.7628543562015273
198 1.7629249307188768
199 1.7719014938782003
200 1.7719014938782003
201 1.7719014938782003
202 1.7719014938782003
203 1.7719480291512744
204 1.7719480291512744
205 1.7726604318834087
206 1.7726604318834087
207 1.7740409689563534
208 1.8123766661967342
209 1.782434970385487
210 1.783096856356385
211 1.782434970385487
212 1.782434970385487
213 1.782434970385487
214 1.782434970385487
215 1.782434970385487
216 1.782531088052614
217 1.782531088052614
218 1.797250113280094
219 1.8000309383956743
220 1.8056893006181294
221 1.8056893006181294
222 1.8056893006181294
223 1.8437254869763382
224 1.8440314119571006
225 1.8440314119571006
226 1.8463580250197102
227 1.8509302846483033
228 1.895559450830222
229 1.895559450830222
230 1.8565258758642054
231 1.858128010684991
232 1.8817908721966663
233 1.858128010684991
234 1.858128010684991
235 1.858128010684991
236 1.858128010684991
237 1.858128010684991
238 1.8589590839700847
239 1.8627993506807239
240 1.8589590839700847
241 1.8589590839700847
242 1.8751420497654097
243 1.8698347952055532
244 1.8698347952055532
245 1.870303983708433
246 1.8698347952055532
247 1.8836442393707622
248 1.8698347952055532
249 1.8698347952055532
250 1.8704663606095109
251 1.8711296637557417
252 1.8756737429001231
253 1.8756737429001231
254 1.8756737429001231
255 1.9039344411458234
256 1.9039344411458234
257 1.9050268122785268
258 1.9153204924186538
259 1.9153204924186538
260 1.9164799026773218
261 1.9246631990700156
262 1.9164799026773218
263 1.9164847347509406
264 1.9380569906500522
265 1.916512822871298
266 1.916512822871298
267 1.916512822871298
268 1.9170540487918433
269 1.9170540487918433
270 1.9170540487918433
271 1.9432437034906795
272 1.9170540487918433
273 1.934649984598346
274 1.9670316657339486
275 1.996885224162435
276 1.9244627745567364
277 1.9293927673135396
278 1.9696119770307745
279 1.9696119770307745
280 1.9696119770307745
281 1.9696119770307745
282 1.9865090896804956
283 1.9865090896804956
284 1.9865090896804956
285 1.9865090896804956
286 1.9865090896804956
287 1.9865090896804956
288 1.9920441399636182
289 1.9865090896804956
290 1.9865090896804956
291 1.9865090896804956
292 1.9865090896804956
293 1.9865090896804956
294 2.0083050466302006
295 1.987461189683818
296 1.987461189683818
297 2.007008908772301
298 1.9891132072655717
299 1.9910039204547334
300 1.9910039204547334
301 2.0010492398004276
302 2.0010492398004276
303 2.0010626066089583
304 2.0010626066089583
305 2.0010626066089583
306 2.0010626066089583
307 2.0010626066089583
308 2.0010626066089583
309 2.0011787376618857
310 2.0011787376618857
311 2.005277435438086
312 2.0073257602560837
313 2.0073257602560837
314 2.0073257602560837
315 2.0073257602560837
316 2.007966372313683
317 2.0073257602560837
318 2.0091363553246424
319 2.0283704132785956
320 2.028377348433372
321 2.028377348433372
322 2.0571511711433637
323 2.0287371692654226
324 2.0287371692654226
325 2.0287371692654226
326 2.031300825481818
327 2.031300825481818
328 2.031300825481818
329 2.031300825481818
330 2.031300825481818
331 2.0315529493046083
332 2.0315529493046083
333 2.0341763780582003
334 2.059927558799697
335 2.0685587743781007
336 2.0685587743781007
337 2.0685587743781007
338 2.0706623474399306
339 2.0706623474399306
340 2.0725255374999145
341 2.072373897283712
342 2.121756845343159
343 2.0811228800695103
344 2.0811228800695103
345 2.0826073569572925
346 2.0826073569572925
347 2.1060525522609272
348 2.1069391240966
349 2.1069391240966
350 2.113745762042343
351 2.1317585569486472
352 2.113782274792537
353 2.113782274792537
354 2.1149354108773823
355 2.113782274792537
356 2.149707242668223
357 2.1657169299400785
358 2.1599759656465047
359 2.160371398381931
360 2.160371398381931
361 2.1603793035571557
362 2.1603793035571557
363 2.1603793035571557
364 2.1669423667807113
365 2.175559727235025
366 2.175559727235025
367 2.1705964533379682
368 2.1706983138831326
369 2.1706983138831326
370 2.1706983138831326
371 2.1706983138831326
372 2.1955041265593174
373 2.1955243801998496
374 2.1955243801998496
375 2.1955243801998496
376 2.1955243801998496
377 2.221808037494241
378 2.2103054217591183
379 2.2124346534832804
380 2.2124346534832804
381 2.2124346534832804
382 2.2124346534832804
383 2.2124346534832804
384 2.228824707420597
385 2.2188411799149175
386 2.2188411799149175
387 2.2258038121229986
388 2.2188411799149175
389 2.241075482761511
390 2.2190196802825137
391 2.2190196802825137
392 2.219038277319388
393 2.2190397547798795
394 2.219038277319388
395 2.2229573387109847
396 2.2229573387109847
397 2.2433089323251916
398 2.2433089323251916
399 2.2433089323251916
400 2.244052749637766
401 2.244052749637766
402 2.244052749637766
403 2.244052749637766
404 2.244052749637766
405 2.244052749637766
406 2.244052749637766
407 2.244052749637766
408 2.244052749637766
409 2.244052749637766
410 2.2443758793102995
411 2.2443758793102995
412 2.252305634675446
413 2.252305634675446
414 2.252646631335841
415 2.252646631335841
416 2.252646631335841
417 2.252646631335841
418 2.252646631335841
419 2.2547268248649837
420 2.2547268248649837
421 2.2552389964287323
422 2.2552389964287323
423 2.2552389964287323
424 2.2842988287631383
425 2.267409584826401
426 2.2732416106651954
427 2.285609773692478
428 2.285609773692478
429 2.285609773692478
430 2.286544784640963
431 2.2970516505885494
432 2.2973697155027946
433 2.2973697155027946
434 2.2990876249146237
435 2.3223788875379743
436 2.3001281647374654
437 2.3001281647374654
438 2.3001281647374654
439 2.3001281647374654
440 2.3001281647374654
441 2.3407544810546446
442 2.3407544810546446
443 2.3434215003009733
444 2.3434215003009733
445 2.3434215003009733
446 2.3797705406798926
447 2.343910109678157
448 2.343910109678157
449 2.3454408969377782
450 2.364029303890096
451 2.364029303890096
452 2.364029303890096
453 2.4101583351474964
454 2.4101583351474964
455 2.4101583351474964
456 2.4101583351474964
457 2.4101583351474964
458 2.4681913734053564
459 2.411562732873793
460 2.411562732873793
461 2.411562732873793
462 2.411562732873793
463 2.438269996922898
464 2.4428561244642366
465 2.411562732873793
466 2.4172941483135335
467 2.4287851244416045
468 2.428968939839116
469 2.428968939839116
470 2.428968939839116
471 2.4293815903828864
472 2.432629898813193
473 2.432629898813193
474 2.445239780630166
475 2.4532006046777237
476 2.4532006046777237
477 2.4532006046777237
478 2.4532006046777237
479 2.4543728503312616
480 2.4543728503312616
481 2.4543728503312616
482 2.4543728503312616
483 2.4543728503312616
484 2.4543728503312616
485 2.4543728503312616
486 2.4543728503312616
487 2.4641052658665905
488 2.465945150735824
489 2.465945150735824
490 2.4743644968660568
491 2.4743644968660568
492 2.477583142056502
493 2.477583142056502
494 2.477583142056502
495 2.477583142056502
496 2.4804031193728515
497 2.4804031193728515
498 2.4804031193728515
499 2.480634190450261
