0 1.0
1 1.0165713156110827
2 1.02619095689481
3 1.02619095689481
4 1.02619095689481
5 1.041999391232412
6 1.041999391232412
7 1.041999391232412
8 1.041999391232412
9 1.0461378010092564
10 1.0503005307275592
11 1.0503005307275592
12 1.0799898764733216
13 1.0870112418018287
14 1.0842516298791878
15 1.0842516298791878
16 1.0888512396142527
17 1.0879328601271925
18 1.0879328601271925
19 1.1163980405274345
20 1.0879328601271925
21 1.0879328601271925
22 1.089320480294872
23 1.0995043051664317
24 1.1057257781411094
25 1.107649684124427
26 1.107649684124427
27 1.124760428005289
28 1.124760428005289
29 1.107649684124427
30 1.107649684124427
31 1.107649684124427
32 1.107649684124427
33 1.107649684124427
34 1.1514219938666255
35 1.1124449322892995
36 1.1176528809275759
37 1.1176528809275759
38 1.1176528809275759
39 1.1532829795177832
40 1.14451111739037
41 1.14451111739037
42 1.15509975359969
43 1.15943301639874
44 1.1554217439821013
45 1.1554217439821013
46 1.1554217439821013
47 1.1554365598871974
48 1.1554365598871974
49 1.1554365598871974
50 1.1554365598871974
51 1.1554365598871974
52 1.1559812718027913
53 1.1559812718027913
54 1.1700397099999154
55 1.1700397099999154
56 1.1700397099999154
57 1.1700397099999154
58 1.201321403958987
59 1.201321403958987
60 1.201321403958987
61 1.201321403958987
62 1.228336462671909
63 1.277564277361084
64 1.277564277361084
65 1.2813843521894959
66 1.2763298270616599
67 1.2763298270616599
68 1.276626001987881
69 1.276626001987881
70 1.2800527221037028
71 1.2800527221037028
72 1.3103498276388397
73 1.3103498276388397
74 1.3218405674999547
75 1.3258462748150543
76 1.3258462748150543
77 1.3258462748150543
78 1.3258462748150543
79 1.3258462748150543
80 1.3260438254470246
81 1.3260438254470246
82 1.3342407354861325
83 1.3260438254470246
84 1.3440215246246283
85 1.3618029979229496
86 1.3618029979229496
87 1.3631742527285806
88 1.3631742527285806
89 1.3665576766551044
90 1.3702437406319623
91 1.3758840752190016
92 1.3926312786867188
93 1.373985404976719
94 1.3816385211747797
95 1.4038087064150548
96 1.413872705264706
97 1.4600994885669678
98 1.4782087221839353
99 1.5022724027115406
100 1.4782087221839353
101 1.4782390508165362
102 1.4782390508165362
103 1.4782822424872126
104 1.523457373274243
105 1.4803181674553507
106 1.4912683866475493
107 1.5356769339105425
108 1.5356769339105425
109 1.484301703883906
110 1.484301703883906
111 1.484301703883906
112 1.4860790772300132
113 1.4860790772300132
114 1.4860790772300132
115 1.4860790772300132
116 1.4860790772300132
117 1.4860790772300132
118 1.489286305269144
119 1.489286305269144
120 1.489286305269144
121 1.489286305269144
122 1.5026466966198346
123 1.5026466966198346
124 1.503580708432556
125 1.503580708432556
126 1.503580708432556
127 1.5990844210908126
128 1.5544635782886533
129 1.5544635782886533
130 1.5598905833617391
131 1.555823569605922
132 1.555823569605922
133 1.555823569605922
134 1.5560331753942545
135 1.6086485514507889
136 1.6086485514507889
137 1.6220801420177857
138 1.6220801420177857
139 1.6366066867138498
140 1.622105530443437
141 1.625330581306801
142 1.6415363061954258
143 1.6415363061954258
144 1.6425366452034857
145 1.6425366452034857
146 1.6425366452034857
147 1.6425366452034857
148 1.6425366452034857
149 1.6425595514482993
150 1.6425595514482993
151 1.6425595514482993
152 1.6493144165029223
153 1.6565983198292726
154 1.6565983198292726
155 1.6768766519305083
156 1.6768766519305083
157 1.6768766519305083
158 1.6768766519305083
159 1.7001325673972887
160 1.7001325673972887
161 1.7006725999476326
162 1.7096233530319664
163 1.7096233530319664
164 1.7096233530319664
165 1.710642857594706
166 1.710642857594706
167 1.710642857594706
168 1.730946153482191
169 1.730946153482191
170 1.7489929324814368
171 1.7489929324814368
172 1.7319015713041168
173 1.756456004678899
174 1.756456004678899
175 1.756456004678899
176 1.7906897548588896
177 1.8060698131547406
178 1.835174983367992
179 1.8358103819892047
180 1.848185580008636
181 1.848185580008636
182 1.848185580008636
183 1.850419948494629
184 1.8864553229344045
185 1.8918477772844744
186 1.8918477772844744
187 1.898384640378749
188 1.9089425716019883
189 1.9089481674170918
190 1.920496609590191
191 1.920496609590191
192 1.920496609590191
193 1.920496609590191
194 1.920496609590191
195 1.920496609590191
196 1.9243932838502176
197 1.9243932838502176
198 1.9243932838502176
199 1.9516636363873556
200 1.9516636363873556
201 1.9516636363873556
202 1.9516636363873556
203 1.9536472565587626
204 1.9536472565587626
205 1.9755752934422899
206 1.9755752934422899
207 1.9817766946261082
208 1.9817766946261082
209 1.9931766601254464
210 1.9849306902418993
211 1.9923096854965925
212 1.9923096854965925
213 1.9942356512585089
214 1.9942356512585089
215 1.9942356512585089
216 1.9942356512585089
217 2.003221513895594
218 2.021044914624812
219 2.0159852280690758
220 2.0338266527181896
221 2.0338266527181896
222 2.0338266527181896
223 2.0338266527181896
224 2.0338266527181896
225 2.0344827601537494
226 2.0568377204331973
227 2.0344827601537494
228 2.0344827601537494
229 2.0344827601537494
230 2.0344827601537494
231 2.075362838434872
232 2.0355045720455043
233 2.0355045720455043
234 2.0355045720455043
235 2.0355045720455043
236 2.0469735304038905
237 2.0355045720455043
238 2.0377439664518593
239 2.0377439664518593
240 2.038941294573281
241 2.065412635433895
242 2.065412635433895
243 2.065415711945204
244 2.065415711945204
245 2.091598851671993
246 2.065415711945204
247 2.07963209908421
248 2.065415711945204
249 2.065415711945204
250 2.0668960710995257
251 2.115198118603382
252 2.0672209988213615
253 2.0672209988213615
254 2.068023613739042
255 2.0798112297225173
256 2.071349818582486
257 2.071350243004647
258 2.0737441235458998
259 2.0887474002946553
260 2.0887474002946553
261 2.0887474002946553
262 2.089467476972053
263 2.089467476972053
264 2.089467476972053
265 2.089535868974377
266 2.089467476972053
267 2.089467476972053
268 2.089467476972053
269 2.089467476972053
270 2.089467476972053
271 2.0992366058839207
272 2.104580610295853
273 2.104580610295853
274 2.104580610295853
275 2.104580610295853
276 2.089467476972053
277 2.089467476972053
278 2.0894719594294
279 2.0894719594294
280 2.0894719594294
281 2.0895157957771833
282 2.0961438204306226
283 2.0972338844621823
284 2.0972338844621823
285 2.097265832372708
286 2.097265832372708
287 2.097326461781756
288 2.0974162807434436
289 2.097326461781756
290 2.0991562465523415
291 2.0991562465523415
292 2.0991562465523415
293 2.0991562465523415
294 2.0991562465523415
295 2.1241517187539
296 2.1241517187539
297 2.130612573745227
298 2.1308092326016346
299 2.133628083939978
300 2.133628083939978
301 2.133628083939978
302 2.133628083939978
303 2.1348161943913047
304 2.1348161943913047
305 2.1348161943913047
306 2.151577756123301
307 2.160817507568879
308 2.1563253334320085
309 2.223452844375831
310 2.223452844375831
311 2.2275086889136624
312 2.2275086889136624
313 2.2275086889136624
314 2.2275086889136624
315 2.2275086889136624
316 2.2275086889136624
317 2.2275086889136624
318 2.233860916329806
319 2.2416889104290165
320 2.2416889104290165
321 2.2416889104290165
322 2.2671443385047727
323 2.2671443385047727
324 2.2632198184396346
325 2.2686434138694764
326 2.2955522182711885
327 2.2955522182711885
328 2.2956279044998085
329 2.2956279044998085
330 2.2956279044998085
331 2.306876668141236
332 2.306876668141236
333 2.3138146990616306
334 2.306876668141236
335 2.308019980610755
336 2.308019980610755
337 2.3182012556379634
338 2.3182012556379634
339 2.3182012556379634
340 2.3182012556379634
341 2.318253437177692
342 2.318253437177692
343 2.318253437177692
344 2.32577496056838
345 2.318253437177692
346 2.318253437177692
347 2.318253437177692
348 2.3275228177263205
349 2.318253437177692
350 2.318253437177692
351 2.330600313818359
352 2.3442001920302267
353 2.3442001920302267
354 2.3708121677493135
355 2.4073149044091755
356 2.3708121677493135
357 2.3786760899536907
358 2.3786760899536907
359 2.3813327731707545
360 2.396728942112449
361 2.405922050558523
362 2.4167764158022105
363 2.393731134213054
364 2.3937323090255664
365 2.393960358340111
366 2.393960358340111
367 2.3960251698582598
368 2.3960251698582598
369 2.4249702355282357
370 2.3960251698582598
371 2.3960251698582598
372 2.4091291395105934
373 2.425959873092754
374 2.4040489486378935
375 2.4040489486378935
376 2.4040489486378935
377 2.4040489486378935
378 2.4040489486378935
379 2.4040489486378935
380 2.4040489486378935
381 2.4040489486378935
382 2.4040489486378935
383 2.4040489486378935
384 2.4041097928560355
385 2.4062883495096328
386 2.4279716922026107
387 2.4279716922026107
388 2.4279716922026107
389 2.4507990270721125
390 2.4507990270721125
391 2.4509103242186336
392 2.4509103242186336
393 2.4509103242186336
394 2.4509103242186336
395 2.4509103242186336
396 2.4509103242186336
397 2.453651362283836
398 2.453651362283836
399 2.453651362283836
400 2.453651362283836
401 2.45396393464401
402 2.467495068632582
403 2.467864308326968
404 2.468207450381489
405 2.467864308326968
406 2.484047653350935
407 2.4939932671350338
408 2.485802357482886
409 2.485802357482886
410 2.4871190347801844
411 2.4871190347801844
412 2.4882152186981856
413 2.4882152186981856
414 2.4906756410976776
415 2.4906756410976776
416 2.4960060432712594
417 2.5384200813348006
418 2.5486660752911585
419 2.5497546431409726
420 2.553197305678694
421 2.5545011814544316
422 2.5545011814544316
423 2.5756310906949533
424 2.5756310906949533
425 2.563037454918874
426 2.5634479547390976
427 2.5670608626947353
428 2.5670608626947353
429 2.569949998161169
430 2.569961341262625
431 2.569961341262625
432 2.58536121025268
433 2.5888928290052347
434 2.5888928290052347
435 2.6028459670123434
436 2.6028459670123434
437 2.6028459670123434
438 2.631349697590002
439 2.645550303885465
440 2.645550303885465
441 2.6622281735978675
442 2.6630948288565177
443 2.663511829583117
444 2.663511829583117
445 2.663511829583117
446 2.6635174699660205
447 2.6635174699660205
448 2.6635174699660205
449 2.688490603134278
450 2.688490603134278
451 2.69651185684813
452 2.69651185684813
453 2.7326519309445576
454 2.770810049705654
455 2.7905446268119616
456 2.792651632940206
457 2.770810049705654
458 2.770810049705654
459 2.770810049705654
460 2.770810049705654
461 2.770810049705654
462 2.770810049705654
463 2.774309022116006
464 2.774309022116006
465 2.7748623245014157
466 2.7748623245014157
467 2.775104453408182
468 2.775104453408182
469 2.775932556553064
470 2.775932556553064
471 2.8087403613365978
472 2.8115124121047104
473 2.8173556217668025
474 2.8115124121047104
475 2.8115124121047104
476 2.8124671696013577
477 2.8298381276360183
478 2.8298381276360183
479 2.8298381276360183
480 2.8344751151765037
481 2.8344751151765037
482 2.8590449630457746
483 2.8590449630457746
484 2.8590449630457746
485 2.8590449630457746
486 2.8636840324473023
487 2.8777647849978285
488 2.8636890750051287
489 2.8697043680217615
490 2.8782922206176824
491 2.8782922206176824
492 2.871712041707845
493 2.8717131106583658
494 2.88286427330008
495 2.88286427330008
496 2.885739809800634
497 2.885739809800634
498 2.886469235255408
499 2.9195165371754124
