0 1.0
1 1.0
2 1.0
3 1.0000574690370125
4 1.0000574690370125
5 1.0015307861074254
6 1.0015307861074254
7 1.0015307861074254
8 1.0015307861074254
9 1.009831928390601
10 1.0056691944932958
11 1.0112341049421354
12 1.0112341049421354
13 1.0112341049421354
14 1.0112341049421354
15 1.0176025235680357
16 1.0301956391553209
17 1.0301956391553209
18 1.0345055557777474
19 1.0359398137962001
20 1.0429070638347602
21 1.0345055557777474
22 1.0748933900851128
23 1.0348083579312806
24 1.0746814179265962
25 1.067189358917298
26 1.067189358917298
27 1.067189358917298
28 1.067189358917298
29 1.067189358917298
30 1.0719008410636708
31 1.0840304631538502
32 1.0693369938564534
33 1.0833008101212322
34 1.0833008101212322
35 1.087183463280366
36 1.0833008101212322
37 1.1111984187180415
38 1.1072441956960082
39 1.1072927655600362
40 1.1448565192392206
41 1.1274578764867103
42 1.1274578764867103
43 1.1331478952172238
44 1.1331478952172238
45 1.1553086333356406
46 1.1331522406842525
47 1.1642190955608918
48 1.1642190955608918
49 1.1660229581872685
50 1.1742213985343788
51 1.1667355164515012
52 1.170597891191017
53 1.1859017952502933
54 1.1667355164515012
55 1.1667355164515012
56 1.2107183982704717
57 1.1855327214623494
58 1.1855327214623494
59 1.1900061627914396
60 1.209255335642595
61 1.190111138117694
62 1.190111138117694
63 1.190111138117694
64 1.2040900901106248
65 1.197196216377393
66 1.200014308611899
67 1.2475267052319419
68 1.2475267052319419
69 1.2522189052259551
70 1.2524281502180195
71 1.2524645035960305
72 1.2524645035960305
73 1.2945647462420808
74 1.2945647462420808
75 1.314859415804349
76 1.314859415804349
77 1.3199389666699406
78 1.3199389666699406
79 1.3199389666699406
80 1.3518969863521562
81 1.3520225154819616
82 1.3538288376928371
83 1.3587605209515392
84 1.3614306238654437
85 1.3614306238654437
86 1.3614306238654437
87 1.3614306238654437
88 1.3699038945011293
89 1.3699038945011293
90 1.372799420423711
91 1.372799420423711
92 1.392007833326003
93 1.3751068161411626
94 1.3751068161440552
95 1.3751068161440552
96 1.4091812275726268
97 1.3832132903756194
98 1.3967092349411745
99 1.4075818456001292
100 1.4083044474868682
101 1.4083044474868682
102 1.4614239082797786
103 1.461521021654396
104 1.4637917298723058
105 1.4637917298723058
106 1.4637917298723058
107 1.4637917298723058
108 1.480458914747135
109 1.480458914747135
110 1.486974834384777
111 1.486974834384777
112 1.486974834384777
113 1.486974834384777
114 1.5046601756166644
115 1.5046601756166644
116 1.5046601756166644
117 1.5086191799510078
118 1.5086191799510078
119 1.5304837264163753
120 1.5304837264163753
121 1.5334120755338805
122 1.5525545449503648
123 1.5552029540418442
124 1.5525545449503648
125 1.5525545449503648
126 1.555876725717542
127 1.6068586607968645
128 1.5568815208396283
129 1.5568815208396283
130 1.5568815208396283
131 1.5568815208396283
132 1.5568815208396283
133 1.5568815208396283
134 1.5776823584960562
135 1.5776823584960562
136 1.5776823584960562
137 1.5776823584960562
138 1.5776823584960562
139 1.5821401789101486
140 1.5943392881833565
141 1.5943392881833565
142 1.6413689324224228
143 1.6270785578869402
144 1.6270785578869402
145 1.6270785578869402
146 1.6270785578869402
147 1.6270785578869402
148 1.6270785578869402
149 1.6270785578869402
150 1.6270785578869402
151 1.6283067951548964
152 1.6283067951548964
153 1.6283067951548964
154 1.6283067951548964
155 1.6536794289039336
156 1.656051448048772
157 1.671758207250549
158 1.671758207250549
159 1.671758207250549
160 1.671758207250549
161 1.671758207250549
162 1.676455008449196
163 1.676455008449196
164 1.6729690008958018
165 1.6729690008958018
166 1.6729690008958018
167 1.6729690008958018
168 1.672990042289904
169 1.6860972645098697
170 1.6860972645098697
171 1.6860972645098697
172 1.6866036972852438
173 1.6860972645098697
174 1.6860972645098697
175 1.6860972645098697
176 1.6884449697288129
177 1.6884449697288129
178 1.6930308173263864
179 1.6930308173263864
180 1.6930308173263864
181 1.6930308173263864
182 1.6930308173263864
183 1.6930308173263864
184 1.6930308173263864
185 1.6930308173263864
186 1.6930308173263864
187 1.6930308173263864
188 1.6930308173263864
189 1.693058459916461
190 1.7153576102218602
191 1.7153576102218602
192 1.7153576102218602
193 1.7153576102218602
194 1.7153576102218602
195 1.7268247401164032
196 1.7268247401164032
197 1.756766322297778
198 1.731912021434017
199 1.768331893997631
200 1.731919857021931
201 1.751949521494366
202 1.7405675558655815
203 1.7405675558655815
204 1.7405675558655815
205 1.7474596723601685
206 1.7474596723601685
207 1.747541312354718
208 1.7659134234515053
209 1.7659134234515053
210 1.7697498135907515
211 1.7697498135907515
212 1.7697498135907515
213 1.7697498135907515
214 1.7697498135907515
215 1.7764046972575205
216 1.779914221107147
217 1.8046943296428208
218 1.779914221107147
219 1.7818015920695771
220 1.784795067942405
221 1.8408262829442934
222 1.784795067942405
223 1.784795067942405
224 1.7853870187815082
225 1.7880280113399083
226 1.7904123562635366
227 1.79385283915545
228 1.79385283915545
229 1.79385283915545
230 1.79385283915545
231 1.79385283915545
232 1.8315301389681196
233 1.8315301389681196
234 1.8345407909738385
235 1.8345407909738385
236 1.8390759523224969
237 1.8442139950098515
238 1.8442139950098515
239 1.8445678785957713
240 1.847200519019304
241 1.853716831592406
242 1.853716831592406
243 1.853716831592406
244 1.853716831592406
245 1.9045426154604002
246 1.8722862258139152
247 1.8568499083857344
248 1.853716831592406
249 1.8616533476716728
250 1.8616533476716728
251 1.862855977248123
252 1.864955680348373
253 1.8732814476421176
254 1.8732814476421176
255 1.8855546662885472
256 1.8855546662885472
257 1.8855546662885472
258 1.8855546662885472
259 1.892725453691023
260 1.8970342828569648
261 1.902187084879847
262 1.9318199452533344
263 1.9354508557169596
264 1.9349947878837173
265 1.9355364197447116
266 1.9434540810780936
267 1.9455242720088273
268 1.9894358462198707
269 1.9894358462198707
270 1.9899682453280485
271 1.9960160787325358
272 1.9960160787325358
273 2.005171038052745
274 2.006045296935512
275 2.006045296935512
276 1.9989740853575024
277 1.9989740853575024
278 1.9989740853575024
279 1.9989740853575024
280 2.0366573679421065
281 1.999860882239629
282 2.004098437813875
283 2.0306357371763455
284 2.0306357371763455
285 2.057747982020415
286 2.0867543520623784
287 2.0867543520623784
288 2.1300767172778556
289 2.0867543520623784
290 2.0883355710423275
291 2.0883355710423275
292 2.0883355710423275
293 2.0883355710423275
294 2.0923285693835494
295 2.1303109852580726
296 2.1202217562094283
297 2.1024950143413372
298 2.1490378745659746
299 2.116315797821243
300 2.1163796506510892
301 2.1198570998064152
302 2.1198570998064152
303 2.1485743150765266
304 2.1235950261439007
305 2.1198570998064152
306 2.1272109478859873
307 2.123416012578536
308 2.123416012578536
309 2.123416012578536
310 2.123416012578536
311 2.1443735502255743
312 2.123416012578536
313 2.123416012578536
314 2.123416012578536
315 2.123416012578536
316 2.172415915175131
317 2.123416012578536
318 2.123416012578536
319 2.123416012578536
320 2.123425408371913
321 2.1298188001746916
322 2.1582328075427313
323 2.1582328075427313
324 2.165523623253474
325 2.1804601947589903
326 2.180980283971386
327 2.180980283971386
328 2.2516931701876683
329 2.2516931701876683
330 2.227789842522216
331 2.227924820529754
332 2.241322958051102
333 2.241322958051102
334 2.2413323493919903
335 2.2417354143451402
336 2.2420457886241656
337 2.2534612456902634
338 2.2534612456902634
339 2.2535052279313175
340 2.25571896653099
341 2.25571896653099
342 2.2557347146308864
343 2.2557347146308864
344 2.2654154465994916
345 2.2654154465994916
346 2.2654154465994916
347 2.2654154465994916
348 2.2654154465994916
349 2.2891130090223073
350 2.2891130090223073
351 2.289289896750526
352 2.289289896750526
353 2.289289896750526
354 2.299001216142808
355 2.299001216142808
356 2.299001216142808
357 2.299001216142808
358 2.299001216142808
359 2.309493561294179
360 2.309493561294179
361 2.309493561294179
362 2.3148949037786233
363 2.3148949037786233
364 2.3306352685194334
365 2.3306352685194334
366 2.3306352685194334
367 2.33935799157809
368 2.3393579915759086
369 2.3393579915759086
370 2.3655843430602763
371 2.368566470872603
372 2.371159047922057
373 2.3766852975628288
374 2.3766852975628288
375 2.3766852975628288
376 2.3766852975628288
377 2.3766852975628288
378 2.3775238297524828
379 2.3775238297524828
380 2.3779285973109157
381 2.3779285973109157
382 2.3860013551091424
383 2.3994949952786238
384 2.3994949952786238
385 2.3994949952786238
386 2.4034572334302196
387 2.4034572334302196
388 2.4034572334302196
389 2.4034572334302196
390 2.4034572334302196
391 2.436354478143435
392 2.4381345654402
393 2.438137150399416
394 2.4381345654402
395 2.4381345654402
396 2.4428396052446235
397 2.4381345654402
398 2.473656777332175
399 2.4484824942332732
400 2.4485036755740732
401 2.4485213760297824
402 2.453938743896522
403 2.448640769155796
404 2.448640769155796
405 2.4551482040675627
406 2.4551482040675627
407 2.4551482040675627
408 2.4551482040675627
409 2.458259982067984
410 2.458259982067984
411 2.458259982067984
412 2.476089493475079
413 2.476089493475079
414 2.476089493475079
415 2.4818302805542336
416 2.491846825400797
417 2.491846825400797
418 2.492040846313078
419 2.492040846313078
420 2.492040846313078
421 2.4939203510323913
422 2.4939203510323913
423 2.502239818748493
424 2.502239818748493
425 2.5244025457765678
426 2.502239818748493
427 2.502239818748493
428 2.502239818748493
429 2.5162034530984134
430 2.5162034530984134
431 2.516343640164376
432 2.516483026534924
433 2.5426498309894012
434 2.5641536927822917
435 2.5325197122266436
436 2.5410121279724653
437 2.5410121279724653
438 2.5418098222544026
439 2.557609234074672
440 2.5427326498300546
441 2.5427326498300546
442 2.5427326498300546
443 2.5427326498300546
444 2.5914721094771935
445 2.5914721094771935
446 2.6062971510277246
447 2.6172237931188946
448 2.6172642146313505
449 2.646142116570447
450 2.6194926940807814
451 2.6194926940807814
452 2.6203370755752085
453 2.6556327681899763
454 2.6556327681899763
455 2.6194926940807814
456 2.6194926940807814
457 2.6194926940807814
458 2.6194926940807814
459 2.6303533073737557
460 2.6303533073737557
461 2.6309322638266806
462 2.6309322638266806
463 2.6309322638266806
464 2.6519137551916243
465 2.6519137551916243
466 2.6519137551916243
467 2.655370461743978
468 2.655370461743978
469 2.655370461743978
470 2.660539409245168
471 2.660539409245168
472 2.660539409245168
473 2.660539409245168
474 2.660539409245168
475 2.6608006398413973
476 2.6608006398413973
477 2.6608006398413973
478 2.6608006398413973
479 2.661310965426853
480 2.661310965426853
481 2.661310965426853
482 2.661310965426853
483 2.661310965426853
484 2.661310965426853
485 2.661310965426853
486 2.665171068608835
487 2.665171068608835
488 2.665171068608835
489 2.6653601462443874
490 2.702381895359321
491 2.6704181786829597
492 2.67033816603455
493 2.67033816603455
494 2.67033816603455
495 2.6703401190465192
496 2.6703401190465192
497 2.671527200103813
498 2.6732861259629845
499 2.678495733129573
