0 0.0
1 0.0017370692829260866
2 0.0017370692829260866
3 0.0017370692829260866
4 0.0017370692829260866
5 0.0017370692829260866
6 0.0017370692829260866
7 2.9386666666666665e-07
8 2.9386666666666665e-07
9 2.9386666666666665e-07
10 0.001559280002235309
11 2.9386666666666665e-07
12 0.0
13 2.9386666666666665e-07
14 0.0
15 2.9386666666666665e-07
16 0.00039409422780584824
17 0.0
18 0.0006940774440854013
19 2.9386666666666665e-07
20 0.0
21 2.9386666666666665e-07
22 2.9386666666666665e-07
23 0.0003315494645660959
24 0.0
25 0.00040278100047803607
26 0.00029390678298661524
27 0.0005510352540833751
28 2.9386666666666665e-07
29 6.283862990641903e-05
30 0.0
31 0.0004693795909648094
32 2.9386666666666665e-07
33 0.0
34 0.0
35 0.0
36 0.000238890556062759
37 0.0
38 0.0
39 0.0
40 0.0004890696090217684
41 2.9386666666666665e-07
42 2.9386666666666665e-07
43 2.9386666666666665e-07
44 0.0003014353193025114
45 2.9386666666666665e-07
46 2.9386666666666665e-07
47 0.0002904320739177402
48 2.9386666666666665e-07
49 2.9386666666666665e-07
