0 0.000578832926634376
1 0.0
2 0.000578832926634376
3 0.000578832926634376
4 0.000578832926634376
5 0.000578832926634376
6 0.000578832926634376
7 0.0
8 0.000578832926634376
9 0.0
10 0.0
11 0.000578832926634376
12 0.000578832926634376
13 0.0
14 0.000578832926634376
15 0.0
16 0.000578832926634376
17 0.000578832926634376
18 0.0
19 0.000578832926634376
20 0.0
21 0.000578832926634376
22 0.000578832926634376
23 0.0
24 0.000578832926634376
25 0.000578832926634376
26 0.0
27 0.000578832926634376
28 0.000578832926634376
29 0.000578832926634376
30 0.000578832926634376
31 0.000578832926634376
32 0.000578832926634376
33 0.000578832926634376
34 0.0
35 0.000578832926634376
36 0.000578832926634376
37 0.000578832926634376
38 0.000578832926634376
39 0.000578832926634376
40 0.000578832926634376
41 0.000578832926634376
42 0.000578832926634376
43 0.000578832926634376
44 0.0
45 0.000578832926634376
46 0.000578832926634376
47 0.0
48 0.000578832926634376
49 0.000578832926634376
50 0.000578832926634376
51 0.000578832926634376
52 0.0
53 0.0
54 0.000578832926634376
55 0.000578832926634376
56 0.000578832926634376
57 0.000578832926634376
58 0.0
59 0.0
60 0.000578832926634376
61 0.000578832926634376
62 0.000578832926634376
63 0.0
64 0.000578832926634376
65 0.0
66 0.000578832926634376
67 0.000578832926634376
68 0.0
69 0.000578832926634376
70 0.000578832926634376
71 0.000578832926634376
72 0.000578832926634376
73 0.000578832926634376
74 0.000578832926634376
75 0.000578832926634376
76 0.000578832926634376
77 0.0
78 0.000578832926634376
79 0.000578832926634376
80 0.000578832926634376
81 0.0
82 0.000578832926634376
83 0.000578832926634376
84 0.000578832926634376
85 0.000578832926634376
86 0.000578832926634376
87 0.000578832926634376
88 0.000578832926634376
89 0.0
90 0.0
91 0.000578832926634376
92 0.000578832926634376
93 0.0
94 0.000578832926634376
95 0.000578832926634376
96 0.0
97 0.000578832926634376
98 0.000578832926634376
99 0.000578832926634376
