0 0.0
1 0.004632660173655362
2 0.004632660173655362
3 0.004632660173655362
4 0.004632660173655362
5 0.004632660173655362
6 0.0
7 0.004632660173655362
8 0.004632660173655362
9 0.004632660173655362
10 0.0
11 0.004632660173655362
12 0.004632660173655362
13 0.004632660173655362
14 0.0041033461588300514
15 2.9386666666666665e-07
16 2.9386666666666665e-07
17 2.9386666666666665e-07
18 2.9386666666666665e-07
19 2.9386666666666665e-07
20 2.9386666666666665e-07
21 0.0
22 2.9386666666666665e-07
23 0.0
24 2.9386666666666665e-07
25 2.9386666666666665e-07
26 2.9386666666666665e-07
27 2.9386666666666665e-07
28 2.9386666666666665e-07
29 2.9386666666666665e-07
30 0.0
31 2.9386666666666665e-07
32 2.9386666666666665e-07
33 0.0
34 2.9386666666666665e-07
35 2.9386666666666665e-07
36 2.9386666666666665e-07
37 2.9386666666666665e-07
38 2.9386666666666665e-07
39 2.9386666666666665e-07
40 2.9386666666666665e-07
41 2.9386666666666665e-07
42 2.9386666666666665e-07
43 0.0
44 2.9386666666666665e-07
45 2.9386666666666665e-07
46 0.0
47 0.0
48 2.9386666666666665e-07
49 2.9386666666666665e-07
50 2.9386666666666665e-07
51 2.9386666666666665e-07
52 0.0
53 2.9386666666666665e-07
54 2.9386666666666665e-07
55 0.0
56 2.9386666666666665e-07
57 2.9386666666666665e-07
58 2.9386666666666665e-07
59 2.9386666666666665e-07
60 2.9386666666666665e-07
61 0.0
62 2.9386666666666665e-07
63 2.9386666666666665e-07
64 2.9386666666666665e-07
65 2.9386666666666665e-07
66 2.9386666666666665e-07
67 2.9386666666666665e-07
68 2.9386666666666665e-07
69 2.9386666666666665e-07
70 0.0
71 2.9386666666666665e-07
72 2.9386666666666665e-07
73 0.0
74 2.9386666666666665e-07
75 0.0
76 2.9386666666666665e-07
77 2.9386666666666665e-07
78 0.0
79 0.0
80 2.9386666666666665e-07
81 0.0
82 2.9386666666666665e-07
83 0.0
84 0.0
85 0.0
86 2.9386666666666665e-07
87 0.0
88 2.9386666666666665e-07
89 2.9386666666666665e-07
90 2.9386666666666665e-07
91 2.9386666666666665e-07
92 0.0
93 2.9386666666666665e-07
94 2.9386666666666665e-07
95 2.9386666666666665e-07
96 2.9386666666666665e-07
97 0.0
98 0.0
99 2.9386666666666665e-07
