0 0.0
1 0.0
2 0.0017370692829260866
3 0.0017370692829260866
4 0.0
5 0.0
6 0.0017370692829260866
7 2.9386666666666665e-07
8 2.9386666666666665e-07
9 2.9386666666666665e-07
10 0.0016195082927624779
11 0.0
12 2.9386666666666665e-07
13 0.0
14 0.0009257247153437433
15 2.9386666666666665e-07
16 0.0003193879828250329
17 2.9386666666666665e-07
18 0.0
19 0.0
20 0.0004948607908032271
21 2.9386666666666665e-07
22 0.0
23 0.0
24 0.0
25 4.4885966383897514e-05
26 2.9386666666666665e-07
27 0.00025510586505084296
28 2.9386666666666665e-07
29 9.063630245742008e-05
30 2.9386666666666665e-07
31 0.00040046452776545266
32 2.9386666666666665e-07
33 5.5889211768668776e-05
34 0.00018619080185148617
35 2.9386666666666665e-07
36 0.00024410261966607174
37 2.9386666666666665e-07
38 2.9386666666666665e-07
39 2.9386666666666665e-07
40 0.0
41 2.9386666666666665e-07
42 2.9386666666666665e-07
43 2.9386666666666665e-07
44 0.0002968023738773446
45 2.9386666666666665e-07
46 2.9386666666666665e-07
47 0.0
48 2.9386666666666665e-07
49 0.0
