0 1.0
1 1.0195810766519406
2 1.0434631773522718
3 1.0669217818356218
4 1.0875029572442783
5 1.1105072859185239
6 1.1105072859185239
7 1.134478817917306
8 1.134478817917306
9 1.134478817917306
10 1.134478817917306
11 1.134478817917306
12 1.1589014859144349
13 1.1830171381314876
14 1.2068939692186795
15 1.2298882166673382
16 1.2500937071459355
17 1.2736330521777524
18 1.2736330521777524
19 1.29808181915459
20 1.3180387612595736
21 1.3180387612595736
22 1.3180387612595736
23 1.342799901292987
24 1.3657343494515495
25 1.3857249073908053
26 1.3857249073908053
27 1.4099301109743718
28 1.4337167000503799
29 1.4574316945562804
30 1.4793127363472853
31 1.4793127363472853
32 1.4793127363472853
33 1.504796641323903
34 1.5278618074838755
35 1.547293686901676
36 1.568442636719028
37 1.5858172618604316
38 1.6062442474997105
39 1.6271270209158757
40 1.6474372247984228
41 1.6687848962071858
42 1.6687848962071858
43 1.6687848962071858
44 1.6687848962071858
45 1.6687848962071858
46 1.6982242690822784
47 1.7237063087424316
48 1.7452893627370356
49 1.7684985037791088
50 1.7889009977182284
51 1.7889009977182284
52 1.8105508859246828
53 1.8105508859246828
54 1.8105508859246828
55 1.846620475960578
56 1.8740980498017488
57 1.8983671439683376
58 1.8983671439683376
59 1.9250580566904698
60 1.9437690478018586
61 1.9437690478018586
62 1.9695880701637436
63 1.9926331734828877
64 2.01804691998191
65 2.0408680563708494
66 2.0561835961303765
67 2.0685650603909496
68 2.0886242687845162
69 2.1032251014784333
70 2.112162973216732
71 2.1149895067022024
72 2.123403185593553
73 2.1303687627610786
74 2.1303687627610786
75 2.13695897504409
76 2.145168824615876
77 2.15317532103671
78 2.166395033642604
79 2.1762045539658454
80 2.1762045539658454
81 2.211243468387377
82 2.211243468387377
83 2.2410647235179915
84 2.2410647235179915
85 2.2823819668242735
86 2.3282239588254674
87 2.366954483846248
88 2.3877200583708
89 2.397250495337129
90 2.401120192480914
91 2.4047233106832495
92 2.4103937179135375
93 2.4103937179135375
94 2.415276916865928
95 2.425070345653197
96 2.433801562563747
97 2.439325196510084
98 2.4450535552339203
99 2.449294624402114
