0 1.0231761172397655
1 1.0432390141842127
2 1.0432390141842127
3 1.0669802525200864
4 1.0669802525200864
5 1.0669802525200864
6 1.0865938086162448
7 1.1100166308968258
8 1.13228727854355
9 1.15436637031609
10 1.173771863925169
11 1.193719279696872
12 1.2171683170879084
13 1.2403640943569059
14 1.2403640943569059
15 1.2656828825317263
16 1.2656828825317263
17 1.2656828825317263
18 1.2895623830171832
19 1.3131701333917016
20 1.3336206797979875
21 1.3336206797979875
22 1.3548537479365619
23 1.3780598582491272
24 1.3780598582491272
25 1.398179895436909
26 1.398179895436909
27 1.4240669863864415
28 1.4489004776527687
29 1.4489004776527687
30 1.4489004776527687
31 1.4733310077381134
32 1.4947957243284276
33 1.5181152204019837
34 1.5408483855696216
35 1.55854815988363
36 1.579965020680789
37 1.579965020680789
38 1.579965020680789
39 1.579965020680789
40 1.6079935514636214
41 1.6316506029171978
42 1.6509057402755236
43 1.6697768092840672
44 1.691417415280417
45 1.7147979618724751
46 1.7147979618724751
47 1.7147979618724751
48 1.7147979618724751
49 1.7474002143148706
50 1.7724162861470825
51 1.7977821884825862
52 1.8181530590708088
53 1.8407192778093135
54 1.8588558423107633
55 1.8774024826933304
56 1.8774024826933304
57 1.9015166567315813
58 1.9015166567315813
59 1.92696277069803
60 1.9479812867818833
61 1.9711794498312407
62 1.9973103836753998
63 2.0179570853685846
64 2.033417753895839
65 2.0499317143568603
66 2.0549448970215187
67 2.0549448970215187
68 2.0549448970215187
69 2.07518103369584
70 2.098046426009065
71 2.111539336898161
72 2.1275850217564782
73 2.135804088944025
74 2.139770902861518
75 2.1435405209470675
76 2.1480203434246357
77 2.1536594845086134
78 2.16168384649297
79 2.16168384649297
80 2.170410075872455
81 2.185634229576016
82 2.1960351337892443
83 2.2060491314287898
84 2.2107319001259995
85 2.219672360823228
86 2.219672360823228
87 2.239822718962103
88 2.256817807489868
89 2.278763071490588
90 2.2938129236304543
91 2.2938129236304543
92 2.2938129236304543
93 2.314927246984537
94 2.3339034556534326
95 2.3339034556534326
96 2.375626021818627
97 2.4287220074094282
98 2.4287220073900335
99 2.4788015957496614
