0 1.0235158359463603
1 1.0424517826846171
2 1.0424517826846171
3 1.0666541680832753
4 1.0874825800756096
5 1.1102035797912437
6 1.1301550858175546
7 1.1301550858175546
8 1.1301550858175546
9 1.1544912617649812
10 1.1745245999753053
11 1.194737592190727
12 1.2172698463161593
13 1.2172698463161593
14 1.2172698463161593
15 1.2172698463161593
16 1.237091753455371
17 1.2597278569507127
18 1.28314596616533
19 1.3057525803224066
20 1.3241528926675343
21 1.34605634227981
22 1.3645787575182795
23 1.3645787575182795
24 1.3877743997923178
25 1.4071620777997282
26 1.429863718386515
27 1.450834520543707
28 1.450834520543707
29 1.4750107385073967
30 1.496828141445421
31 1.5193602556851677
32 1.5369042053533428
33 1.5369042053533428
34 1.5609066715348356
35 1.5609066715348356
36 1.5609066715348356
37 1.5829188427420897
38 1.6025102826700623
39 1.6025102826700623
40 1.6025102826700623
41 1.6319006681408943
42 1.6514590062608845
43 1.6732721502863408
44 1.6732721502863408
45 1.6732721502863408
46 1.7012663916069373
47 1.7273165076125183
48 1.7273165076125183
49 1.7569946175262907
50 1.7831209566501685
51 1.8059946675280192
52 1.8059946675280192
53 1.8059946675280192
54 1.8336602536555975
55 1.8336602536555975
56 1.8336602536555975
57 1.8636154110831742
58 1.8636154110831742
59 1.894752312298856
60 1.9151097322534847
61 1.937960212636628
62 1.9632544058797547
63 1.9831252304686913
64 1.9985100023967504
65 2.0178094361286294
66 2.0178094361286294
67 2.0178094361286294
68 2.045354208817425
69 2.045354208817425
70 2.069335799813719
71 2.0941431978817033
72 2.0941431978817033
73 2.0941431978817033
74 2.12455450997577
75 2.157505922406609
76 2.188969790866427
77 2.2242189420438603
78 2.2242189420438603
79 2.245795653492989
80 2.2587714414506532
81 2.271114329347163
82 2.2768262048190935
83 2.281412624901022
84 2.281412624901022
85 2.291741809931379
86 2.2972672746986924
87 2.3048775620244313
88 2.3130254643740904
89 2.32093959599699
90 2.3256972040668953
91 2.3310390269847883
92 2.3380076937888172
93 2.3404009780266697
94 2.3404009780266697
95 2.3404009780266697
96 2.356766326646504
97 2.3768247277616203
98 2.4091649388050964
99 2.4292857239323555
