0 1.0
1 1.020362126798927
2 1.020362126798927
3 1.0434271350625526
4 1.0631115159951008
5 1.0868564984390516
6 1.1064405146791476
7 1.1298871730919502
8 1.1531523963702974
9 1.1531523963702974
10 1.1727332003158195
11 1.1727332003158195
12 1.1727332003158195
13 1.1967050574402212
14 1.2191209252278437
15 1.241716373761111
16 1.2616507075169283
17 1.2834941269524995
18 1.3060910782673976
19 1.3060910782673976
20 1.3268967332542887
21 1.3268967332542887
22 1.3471635957144545
23 1.3697040059242978
24 1.3931765100536655
25 1.3931765100536655
26 1.4170903154593817
27 1.440544882541005
28 1.4625925355105907
29 1.48334503891324
30 1.48334503891324
31 1.507258955252369
32 1.5267142595984866
33 1.5471781036587533
34 1.5694191824137698
35 1.5865184562111445
36 1.5865184562111445
37 1.6071691790136458
38 1.624939277735715
39 1.624939277735715
40 1.6493751797551364
41 1.6493751797551364
42 1.6727364636941562
43 1.691658142268117
44 1.7112181732708778
45 1.7318277807295865
46 1.752006073505856
47 1.7710173884021325
48 1.7857337622586886
49 1.8018248028432415
50 1.8158912190818843
51 1.835154939349278
52 1.85210398394314
53 1.8652570337109984
54 1.8652570337109984
55 1.8830223280247183
56 1.8999650364518146
57 1.915199656031971
58 1.9314889577700554
59 1.9407567825014604
60 1.9407567825014604
61 1.9407567825014604
62 1.963111031053722
63 1.963111031053722
64 2.0033669286715075
65 2.0033669286715075
66 2.0364551747858903
67 2.0364551747858903
68 2.090054363050827
69 2.1249256211168657
70 2.147044815749091
71 2.1582796871444696
72 2.1706695826700777
73 2.1706695826700777
74 2.1706695826700777
75 2.1706695826700777
76 2.1860167754865802
77 2.1860167754865802
78 2.2214500454089507
79 2.2418842001954395
80 2.258886634597774
81 2.258886634597774
82 2.258886634597774
83 2.2899649017347543
84 2.3178801708600276
85 2.351920865198708
86 2.351920865198708
87 2.351920865198708
88 2.351920865198708
89 2.351920865198708
90 2.413964115860725
91 2.473795149339362
92 2.473795149339362
93 2.5178833237666614
94 2.5515442439225215
95 2.5862293096265736
96 2.599890408392297
97 2.6053633171489157
98 2.6099462038074526
99 2.6099462038074526
