0 1.0
1 1.0494321120931898
2 1.093046626942974
3 1.124127936641366
4 1.1681420498344288
5 1.1681420498344288
6 1.1681420498344288
7 1.2109785289149748
8 1.2579728691549024
9 1.2579728691549024
10 1.2579728691549024
11 1.2999550471655814
12 1.3447627916237075
13 1.388644729486828
14 1.4306854518181855
15 1.4727944578554468
16 1.5219906477116505
17 1.5686578530261588
18 1.6105485744577155
19 1.6527156231168116
20 1.6527156231168116
21 1.7017516169019444
22 1.7415357037315446
23 1.7415357037315446
24 1.7415357037315446
25 1.782959872536784
26 1.827003930676358
27 1.869975392616312
28 1.917856431549907
29 1.967856431549907
30 2.011612962418969
31 2.055432280324205
32 2.1054322803242047
33 2.1054322803242047
34 2.1463017382048357
35 2.1932842521760145
36 2.1932842521760145
37 2.2388206122698957
38 2.287486235136329
39 2.3221233699633506
40 2.364625894548911
41 2.364625894548911
