0 1.0
1 1.0
2 1.05
3 1.0930797979717306
4 1.0930797979717306
5 1.1318896386538568
6 1.1719473181139866
7 1.2188082437370855
8 1.2688082437370856
9 1.3160553070651964
10 1.3655757304030036
11 1.3655757304030036
12 1.3655757304030036
13 1.4043911734851875
14 1.4516535910320036
15 1.4516535910320036
16 1.5016535910320037
17 1.546784411804291
18 1.5926833169303196
19 1.6375467088481357
20 1.6375467088481357
21 1.6865176059696445
22 1.6865176059696445
23 1.7296469809093789
24 1.775600020371383
25 1.8173564658452903
26 1.8173564658452903
27 1.8173564658452903
28 1.8173564658452903
29 1.8606096430102181
30 1.8606096430180203
31 1.9050126525813682
32 1.9467029648630965
33 1.993479768118154
34 2.035803651237902
35 2.035803651237902
36 2.035803651237902
37 2.0745735452624863
38 2.119974529735386
39 2.1623872035572
40 2.1623872035572
41 2.2123872035571996
