0 1.0
1 1.0
2 1.0461820176109822
3 1.0961820176109822
4 1.145743803822976
5 1.195743803822976
6 1.195743803822976
7 1.2416322235170147
8 1.2899504256791632
9 1.335637025750651
10 1.385637025750651
11 1.4302431526257735
12 1.4302431526257735
13 1.476932080959334
14 1.476932080959334
15 1.524565615664262
16 1.524565615664262
17 1.574565615664262
18 1.574565615664262
19 1.574565615664262
20 1.6162889774393097
21 1.6662889774393097
22 1.6662889774393097
23 1.7162889774393097
24 1.7593111649179978
25 1.7593111649179978
26 1.8093111649179978
27 1.8550305327906271
28 1.8550305327906271
29 1.897746289442696
30 1.8977462894528088
31 1.9394637984360672
32 1.9745981848048668
33 2.0166900652455233
34 2.055785459781594
35 2.0944806277005146
36 2.1413692928457375
37 2.1835730106062643
38 2.230521972487489
39 2.230521972487489
40 2.2695440061149763
41 2.316369286071957
