0 0.0
1 2.2578494548797607
2 2.1148526668548584
3 1.881527304649353
4 1.881527304649353
5 1.881527304649353
6 1.7670578956604004
7 1.7622885704040527
8 1.6340501308441162
9 1.6340501308441162
10 1.3071883916854858
11 1.1725298166275024
12 0.9972870349884033
13 0.9496867656707764
14 0.9496867656707764
15 0.9496867656707764
16 1.2068983316421509
17 1.1842617988586426
18 1.0177429914474487
19 1.0177429914474487
20 0.3883349895477295
21 0.22642993927001953
22 0.2177942842245102
23 0.2177942842245102
24 0.2177942842245102
25 0.3139148950576782
26 0.5814620852470398
27 0.6349785327911377
28 0.3080407977104187
29 0.22619275748729706
30 0.07330852001905441
31 0.07330852001905441
32 0.07330852001905441
33 0.38513898849487305
34 0.23086890578269958
35 0.23086890578269958
36 0.23086890578269958
37 0.23045554757118225
38 0.23045554757118225
39 0.1425681859254837
40 0.1425681859254837
41 0.1045503243803978
42 0.3739398419857025
43 0.20516932010650635
44 0.1661965698003769
45 0.1661965698003769
46 0.09495233744382858
47 0.09448087215423584
48 0.10808112472295761
49 0.10808112472295761
50 0.10831541568040848
51 0.09892053157091141
52 0.13463850319385529
53 0.14011767506599426
54 0.15261878073215485
55 0.06195288151502609
56 0.1346045583486557
57 0.14333216845989227
58 0.10371091961860657
59 0.10371091961860657
60 0.054721932858228683
61 0.10595300048589706
62 0.0885222852230072
63 0.08607734739780426
64 0.09225007146596909
65 0.09225007146596909
66 0.10623350739479065
67 0.0848570317029953
68 0.06981309503316879
69 0.11308950185775757
70 0.13841773569583893
71 0.06393939256668091
72 0.06393939256668091
73 0.06393939256668091
74 0.08225516974925995
75 0.1616559773683548
76 0.10561303794384003
77 0.07304330915212631
78 0.07304330915212631
79 0.10055267065763474
80 0.10291539132595062
81 0.12456490099430084
82 0.12456490099430084
83 0.08837191015481949
84 0.05980835109949112
85 0.09060952067375183
86 0.09060952067375183
87 0.09060952067375183
88 0.10692546516656876
89 0.0885392501950264
90 0.04268096759915352
91 0.06120413914322853
92 0.09967442601919174
93 0.10320975631475449
94 0.09498147666454315
95 0.08024454861879349
96 0.08233475685119629
97 0.08233475685119629
98 0.08233475685119629
99 0.039625994861125946
100 0.024711865931749344
101 0.03927868232131004
102 0.021165523678064346
103 0.021165523678064346
104 0.021165523678064346
105 0.021165523678064346
106 0.030068473890423775
107 0.08013875782489777
108 0.08013875782489777
109 0.07174303382635117
110 0.04987136274576187
111 0.04987136274576187
112 0.05839715525507927
113 0.020662471652030945
114 0.027284512296319008
115 0.027284512296319008
116 0.027284512296319008
117 0.027284512296319008
118 0.027284512296319008
119 0.0635935366153717
120 0.0325549952685833
121 0.0325549952685833
122 0.09049401432275772
123 0.12278449535369873
124 0.0862303227186203
125 0.05105014890432358
126 0.058087658137083054
127 0.058087658137083054
128 0.03187369927763939
129 0.060540758073329926
130 0.028938740491867065
131 0.01535918191075325
132 0.025777742266654968
133 0.03557154908776283
134 0.03557154908776283
135 0.052739497274160385
136 0.051450975239276886
137 0.05158593878149986
138 0.05158593878149986
139 0.01985200121998787
140 0.03114679642021656
141 0.039335187524557114
142 0.04435308650135994
143 0.007037905976176262
144 0.08066610991954803
145 0.08066610991954803
146 0.050966255366802216
147 0.06324063986539841
148 0.06324063986539841
149 0.09935401380062103
150 0.09935401380062103
151 0.04765472188591957
152 0.04765472188591957
153 0.04765472188591957
154 0.012674436904489994
155 0.06507477164268494
156 0.019634470343589783
157 0.023342251777648926
158 0.023342251777648926
159 0.022807074710726738
160 0.02205175906419754
161 0.016776159405708313
162 0.05435842275619507
163 0.065402552485466
164 0.065402552485466
165 0.065402552485466
166 0.065402552485466
167 0.06969316303730011
168 0.035508155822753906
169 0.035508155822753906
170 0.035508155822753906
171 0.03485680744051933
172 0.04032456502318382
173 0.023370198905467987
174 0.027758222073316574
175 0.027758222073316574
176 0.027758222073316574
177 0.019239628687500954
178 0.03734039515256882
179 0.06316710263490677
180 0.07857080549001694
181 0.03377621993422508
182 0.09695170819759369
183 0.008409867063164711
184 0.02953847497701645
185 0.017240291461348534
186 0.015735583379864693
187 0.16890498995780945
188 0.05747729539871216
189 0.05747729539871216
190 0.03924930840730667
191 0.03924930840730667
192 0.03924930840730667
193 0.08596997708082199
194 0.08596997708082199
195 0.04414493590593338
196 0.029446279630064964
197 0.06463790684938431
198 0.0325704962015152
199 0.021926624700427055
200 0.015925532206892967
201 0.015925532206892967
202 0.04478258639574051
203 0.005740376655012369
204 0.0435258224606514
205 0.022312629967927933
206 0.024155981838703156
207 0.024155981838703156
208 0.024155981838703156
209 0.025220518931746483
210 0.041709668934345245
211 0.07984650880098343
212 0.07984650880098343
213 0.05960972234606743
214 0.05960972234606743
215 0.05960972234606743
216 0.05960972234606743
217 0.07305900752544403
218 0.13555920124053955
219 0.03997214883565903
220 0.03997214883565903
221 0.03547365218400955
222 0.06835578382015228
223 0.029518967494368553
224 0.029518967494368553
225 0.029518967494368553
226 0.029518967494368553
227 0.029518967494368553
228 0.029518967494368553
229 0.008581924252212048
230 0.035529330372810364
231 0.07114653289318085
232 0.07114653289318085
233 0.07114653289318085
234 0.07114653289318085
235 0.07114653289318085
236 0.03580556809902191
237 0.03770200535655022
238 0.03775076940655708
239 0.03775076940655708
240 0.03775076940655708
241 0.03775076940655708
242 0.03775076940655708
243 0.08768335729837418
244 0.061512239277362823
245 0.029751058667898178
246 0.03300590440630913
247 0.10422085970640182
248 0.02308756113052368
249 0.027585703879594803
250 0.027585703879594803
251 0.030256375670433044
252 0.025600306689739227
253 0.025600306689739227
254 0.025600306689739227
255 0.025600306689739227
256 0.08521462231874466
257 0.03222178667783737
258 0.03222178667783737
259 0.022126205265522003
260 0.040226712822914124
261 0.09209185093641281
262 0.09209185093641281
263 0.030319752171635628
264 0.04210001230239868
265 0.11073973029851913
266 0.013145752251148224
267 0.013145752251148224
268 0.01559778954833746
269 0.014824393205344677
270 0.014824393205344677
271 0.014824393205344677
272 0.017248310148715973
273 0.019161885604262352
274 0.014623720198869705
275 0.12736175954341888
276 0.08683435618877411
277 0.02686152793467045
278 0.02686152793467045
279 0.09148240834474564
280 0.09148240834474564
281 0.02628878504037857
282 0.07984643429517746
283 0.015607881359755993
284 0.0409715436398983
285 0.0409715436398983
286 0.06500742584466934
287 0.00655605923384428
288 0.022157160565257072
289 0.022157160565257072
290 0.06826842576265335
291 0.06826842576265335
292 0.06826842576265335
293 0.06826842576265335
294 0.06826842576265335
295 0.05557020753622055
296 0.027522772550582886
297 0.027522772550582886
298 0.04279131069779396
299 0.025630423799157143
300 0.03654894977807999
301 0.03654894977807999
302 0.07577944546937943
303 0.07577944546937943
304 0.020293941721320152
305 0.017168821766972542
306 0.023632235825061798
307 0.015283907763659954
308 0.017210660502314568
309 0.017210660502314568
310 0.017210660502314568
311 0.048338837921619415
312 0.048338837921619415
313 0.017259107902646065
314 0.018613765016198158
315 0.07349374145269394
316 0.07349374145269394
317 0.07349374145269394
318 0.04818759486079216
319 0.036401376128196716
320 0.039067890495061874
321 0.039067890495061874
322 0.03646193817257881
323 0.07603347301483154
324 0.07603347301483154
325 0.07603347301483154
326 0.015567267313599586
327 0.015606950037181377
328 0.04597684368491173
329 0.054984476417303085
330 0.007918727584183216
331 0.007918727584183216
332 0.009252014569938183
333 0.009252014569938183
334 0.009252014569938183
335 0.009252014569938183
336 0.012343975715339184
337 0.011827142909169197
338 0.11034277081489563
339 0.0302546676248312
340 0.0302546676248312
341 0.07061434537172318
342 0.062254149466753006
343 0.062254149466753006
344 0.055229708552360535
345 0.027663584798574448
346 0.04657062143087387
347 0.031477149575948715
348 0.031477149575948715
349 0.031477149575948715
350 0.031477149575948715
351 0.031477149575948715
352 0.014935354702174664
353 0.038897860795259476
354 0.05769720673561096
355 0.05769720673561096
356 0.046826351433992386
357 0.046826351433992386
358 0.040189798921346664
359 0.017387328669428825
360 0.017387328669428825
361 0.0380806140601635
362 0.0380806140601635
363 0.10677924752235413
364 0.019819142296910286
365 0.019819142296910286
366 0.015590593218803406
367 0.05621042475104332
368 0.06388990581035614
369 0.06388990581035614
370 0.06388990581035614
371 0.02687424048781395
372 0.019603407010436058
373 0.03484898433089256
374 0.026634199544787407
375 0.05781370773911476
376 0.047771044075489044
377 0.013922964222729206
378 0.022811206057667732
379 0.011050905101001263
380 0.03837920352816582
381 0.0196288600564003
382 0.024948010221123695
383 0.04741259664297104
384 0.04741259664297104
385 0.04741259664297104
386 0.047719910740852356
387 0.05514417961239815
388 0.04581063613295555
389 0.038464851677417755
390 0.020000040531158447
391 0.006085021886974573
392 0.03965470567345619
393 0.023635752499103546
394 0.023635752499103546
395 0.04609770327806473
396 0.016934338957071304
397 0.05964066460728645
398 0.007802192587405443
399 0.007802192587405443
400 0.013397900387644768
401 0.013397900387644768
402 0.013397900387644768
403 0.004573487676680088
404 0.04707871749997139
405 0.02390160597860813
406 0.027228981256484985
407 0.0333671011030674
408 0.0333671011030674
409 0.010458463802933693
410 0.010458463802933693
411 0.03471086919307709
412 0.03471086919307709
413 0.01196176465600729
414 0.015872592106461525
415 0.015872592106461525
416 0.032142676413059235
417 0.030343523249030113
418 0.03855196759104729
419 0.03855196759104729
420 0.03855196759104729
421 0.03855196759104729
422 0.03855196759104729
423 0.04023561626672745
424 0.04023561626672745
425 0.0343598797917366
426 0.041402801871299744
427 0.035978104919195175
428 0.035978104919195175
429 0.035978104919195175
430 0.016547253355383873
431 0.016547253355383873
432 0.016547253355383873
433 0.07444813847541809
434 0.044423650950193405
435 0.016634777188301086
436 0.06576032191514969
437 0.07149456441402435
438 0.06794978678226471
439 0.026743018999695778
440 0.023612940683960915
441 0.023612940683960915
442 0.015499064698815346
443 0.008111412636935711
444 0.10207459330558777
445 0.10207459330558777
446 0.09930254518985748
447 0.014162493869662285
448 0.03978484869003296
449 0.034177131950855255
450 0.04690607637166977
451 0.016711894422769547
452 0.016711894422769547
453 0.04268286004662514
454 0.019072458148002625
455 0.008061248809099197
456 0.008061248809099197
457 0.008061248809099197
458 0.04719260334968567
459 0.05397362262010574
460 0.012570058926939964
461 0.012570058926939964
462 0.015511742793023586
463 0.013588083907961845
464 0.02033964917063713
465 0.02033964917063713
466 0.07918065041303635
467 0.060966745018959045
468 0.01646202988922596
469 0.08161457628011703
470 0.029828693717718124
471 0.038496725261211395
472 0.09279731661081314
473 0.09279731661081314
474 0.03363252431154251
475 0.03363252431154251
476 0.013613262213766575
477 0.013613262213766575
478 0.07673051953315735
479 0.014379622414708138
480 0.02344263531267643
481 0.017424006015062332
482 0.03374608978629112
483 0.02919258177280426
484 0.024563927203416824
485 0.024563927203416824
486 0.03486703708767891
487 0.07815942913293839
488 0.03406486660242081
489 0.0413542166352272
490 0.0196056105196476
491 0.020099936053156853
492 0.0289352647960186
493 0.009773203171789646
494 0.04261644557118416
495 0.04261644557118416
496 0.012578276917338371
497 0.012578276917338371
498 0.05847465246915817
499 0.05847465246915817
