0 0.0
1 2.308729410171509
2 2.308729410171509
3 2.308729410171509
4 2.4338011741638184
5 2.39038348197937
6 2.196094036102295
7 1.8859095573425293
8 1.53600013256073
9 1.2515358924865723
10 1.0956271886825562
11 1.1045317649841309
12 1.1419875621795654
13 1.1419875621795654
14 1.1419875621795654
15 1.94148850440979
16 2.1199028491973877
17 2.1199028491973877
18 2.430323600769043
19 2.1166493892669678
20 2.1166493892669678
21 1.1244202852249146
22 0.7083295583724976
23 0.37309157848358154
24 0.5576244592666626
25 1.1642764806747437
26 1.528510332107544
27 1.528510332107544
28 1.528510332107544
29 1.114282488822937
30 0.8901538252830505
31 0.8901538252830505
32 0.7846024632453918
33 0.7846024632453918
34 0.48465102910995483
35 0.48465102910995483
36 0.4849538207054138
37 0.4849538207054138
38 0.7552626132965088
39 0.6726727485656738
40 0.6726727485656738
41 0.2913377583026886
42 0.21199333667755127
43 0.2888583242893219
44 0.2888583242893219
45 0.3104901909828186
46 0.4613926410675049
47 0.3292423486709595
48 0.22280335426330566
49 0.19803684949874878
50 0.1551588773727417
51 0.1168280616402626
52 0.17940029501914978
53 0.22326378524303436
54 0.22326378524303436
55 0.31282535195350647
56 0.26442182064056396
57 0.2505168318748474
58 0.10522442311048508
59 0.10522442311048508
60 0.18506981432437897
61 0.19769327342510223
62 0.21585902571678162
63 0.21585902571678162
64 0.21585902571678162
65 0.3681952655315399
66 0.3681952655315399
67 0.1800849735736847
68 0.08348111808300018
69 0.08348111808300018
70 0.09035095572471619
71 0.1390341818332672
72 0.22946619987487793
73 0.21803507208824158
74 0.13817836344242096
75 0.13817836344242096
76 0.13817836344242096
77 0.19008509814739227
78 0.12947027385234833
79 0.1500195562839508
80 0.08428684622049332
81 0.13479475677013397
82 0.12227823585271835
83 0.12227823585271835
84 0.16527588665485382
85 0.16527588665485382
86 0.16527588665485382
87 0.21367138624191284
88 0.21367138624191284
89 0.14687539637088776
90 0.15333472192287445
91 0.1841500699520111
92 0.1841500699520111
93 0.1841500699520111
94 0.16403287649154663
95 0.16403287649154663
96 0.13314762711524963
97 0.12998753786087036
98 0.12998753786087036
99 0.12998753786087036
100 0.12998753786087036
101 0.12212823331356049
102 0.12212823331356049
103 0.14441198110580444
104 0.1316366195678711
105 0.1316366195678711
106 0.10411448031663895
107 0.10411448031663895
108 0.10411448031663895
109 0.09648961573839188
110 0.10989481210708618
111 0.16911038756370544
112 0.1612512767314911
113 0.10709051042795181
114 0.06509203463792801
115 0.0766567811369896
116 0.044114790856838226
117 0.044114790856838226
118 0.07753382623195648
119 0.07138646394014359
120 0.026626156643033028
121 0.09689925611019135
122 0.10964341461658478
123 0.11428909748792648
124 0.09666004031896591
125 0.07713087648153305
126 0.16371563076972961
127 0.07011333853006363
128 0.07011333853006363
129 0.07011333853006363
130 0.15042071044445038
131 0.15042071044445038
132 0.05923660472035408
133 0.04299187660217285
134 0.08167582750320435
135 0.05720803886651993
136 0.05720803886651993
137 0.0669485330581665
138 0.0669485330581665
139 0.08677653223276138
140 0.08677653223276138
141 0.10473888367414474
142 0.06869789212942123
143 0.06869789212942123
144 0.11421123147010803
145 0.12070099264383316
146 0.06528887897729874
147 0.08749724179506302
148 0.0895942822098732
149 0.04254327341914177
150 0.04254327341914177
151 0.04254327341914177
152 0.03690920025110245
153 0.06746150553226471
154 0.06746150553226471
155 0.16150180995464325
156 0.1211584061384201
157 0.0638420432806015
158 0.05467262864112854
159 0.06940953433513641
160 0.13924220204353333
161 0.04306832700967789
162 0.06460083276033401
163 0.06460083276033401
164 0.02720416896045208
165 0.06208925321698189
166 0.039224155247211456
167 0.055116839706897736
168 0.055116839706897736
169 0.055116839706897736
170 0.06740084290504456
171 0.06740084290504456
172 0.08823235332965851
173 0.08823235332965851
174 0.12321893870830536
175 0.09868556261062622
176 0.05317942798137665
177 0.05317942798137665
178 0.05317942798137665
179 0.05317942798137665
180 0.05317942798137665
181 0.05317942798137665
182 0.0724683478474617
183 0.07743469625711441
184 0.07743469625711441
185 0.07743469625711441
186 0.07743469625711441
187 0.07122574001550674
188 0.09136399626731873
189 0.09248120337724686
190 0.06920307129621506
191 0.05157005041837692
192 0.024533428251743317
193 0.03768967092037201
194 0.046849533915519714
195 0.04901513457298279
196 0.03705323114991188
197 0.03788706660270691
198 0.04118535295128822
199 0.04118535295128822
200 0.04118535295128822
201 0.04057949408888817
202 0.03211924806237221
203 0.04365859925746918
204 0.05770551413297653
205 0.12222661077976227
206 0.12222661077976227
207 0.06752393394708633
208 0.06752393394708633
209 0.09748537838459015
210 0.09748537838459015
211 0.058279849588871
212 0.058279849588871
213 0.047358572483062744
214 0.052915625274181366
215 0.06175375357270241
216 0.04295985400676727
217 0.07553229480981827
218 0.07553229480981827
219 0.07553229480981827
220 0.07553229480981827
221 0.07654360681772232
222 0.0972624272108078
223 0.08320829272270203
224 0.0531441792845726
225 0.028676120564341545
226 0.07366840541362762
227 0.07366840541362762
228 0.025072131305933
229 0.025072131305933
230 0.025072131305933
231 0.05932161957025528
232 0.05932161957025528
233 0.06335708498954773
234 0.047155704349279404
235 0.056861620396375656
236 0.03605930879712105
237 0.03605930879712105
238 0.08664090186357498
239 0.058635301887989044
240 0.07150942087173462
241 0.0703100860118866
242 0.0703100860118866
243 0.0703100860118866
244 0.040979571640491486
245 0.03628983721137047
246 0.03628983721137047
247 0.038462597876787186
248 0.09293623268604279
249 0.028983352705836296
250 0.07477845996618271
251 0.02778254635632038
252 0.02778254635632038
253 0.03421500697731972
254 0.04747418686747551
255 0.07944286614656448
256 0.07944286614656448
257 0.07325424998998642
258 0.046537671238183975
259 0.046537671238183975
260 0.046537671238183975
261 0.062063153833150864
262 0.09615309536457062
263 0.09615309536457062
264 0.03323987126350403
265 0.09806935489177704
266 0.09806935489177704
267 0.06257186084985733
268 0.06519900262355804
269 0.049199022352695465
270 0.030044391751289368
271 0.09245086461305618
272 0.09245086461305618
273 0.09245086461305618
274 0.022662267088890076
275 0.029895339161157608
276 0.021450545638799667
277 0.06926010549068451
278 0.051233742386102676
279 0.0730496197938919
280 0.07968074083328247
281 0.04719986021518707
282 0.0431862510740757
283 0.07599686831235886
284 0.06799503415822983
285 0.102876216173172
286 0.040760863572359085
287 0.03797464445233345
288 0.019369445741176605
289 0.04988815262913704
290 0.047635387629270554
291 0.012522521428763866
292 0.021430525928735733
293 0.021430525928735733
294 0.019047623500227928
295 0.04992947727441788
296 0.04992947727441788
297 0.05972046032547951
298 0.04553383216261864
299 0.08000433444976807
300 0.03607941418886185
301 0.05097765848040581
302 0.06285540759563446
303 0.02773485891520977
304 0.04456649348139763
305 0.054729264229536057
306 0.038652896881103516
307 0.038652896881103516
308 0.038652896881103516
309 0.04496532306075096
310 0.04496532306075096
311 0.030644439160823822
312 0.04796867445111275
313 0.09129755944013596
314 0.07574088126420975
315 0.052697423845529556
316 0.07158101350069046
317 0.026046408340334892
318 0.05242636427283287
319 0.05242636427283287
320 0.05242636427283287
321 0.0410466268658638
322 0.04470409080386162
323 0.04470409080386162
324 0.050932664424180984
325 0.0487399660050869
326 0.02157861553132534
327 0.02157861553132534
328 0.028493206948041916
329 0.04943101853132248
330 0.04943101853132248
331 0.012948921881616116
332 0.012948921881616116
333 0.05324641242623329
334 0.05324641242623329
335 0.06862157583236694
336 0.06862157583236694
337 0.07771691679954529
338 0.08754463493824005
339 0.05174684152007103
340 0.0657833144068718
341 0.0657833144068718
342 0.032161980867385864
343 0.046707212924957275
344 0.02788039855659008
345 0.02788039855659008
346 0.05036597326397896
347 0.05036597326397896
348 0.029052089899778366
349 0.029052089899778366
350 0.07574272155761719
351 0.03802362084388733
352 0.03802362084388733
353 0.03802362084388733
354 0.10364340990781784
355 0.10364340990781784
356 0.10364340990781784
357 0.035424791276454926
358 0.035424791276454926
359 0.035424791276454926
360 0.05040857195854187
361 0.04937576875090599
362 0.04937576875090599
363 0.04937576875090599
364 0.09373980015516281
365 0.0717439129948616
366 0.05058497563004494
367 0.039417531341314316
368 0.0748520940542221
369 0.10191845893859863
370 0.10191845893859863
371 0.07395635545253754
372 0.03413430228829384
373 0.03413430228829384
374 0.03413430228829384
375 0.03082454949617386
376 0.10571502894163132
377 0.031370263546705246
378 0.031370263546705246
379 0.010891254059970379
380 0.010891254059970379
381 0.04599269479513168
382 0.03097318857908249
383 0.038390301167964935
384 0.036177922040224075
385 0.031416505575180054
386 0.026968112215399742
387 0.07431549578905106
388 0.07431549578905106
389 0.07431549578905106
390 0.07431549578905106
391 0.027716632932424545
392 0.07915849983692169
393 0.07915849983692169
394 0.04501907899975777
395 0.07795199006795883
396 0.05575205013155937
397 0.0579739473760128
398 0.05993952602148056
399 0.12007641792297363
400 0.12007641792297363
401 0.058095622807741165
402 0.05914590135216713
403 0.05508473142981529
404 0.015482406131923199
405 0.015482406131923199
406 0.03657010942697525
407 0.03657010942697525
408 0.03657010942697525
409 0.024205615743994713
410 0.09076707065105438
411 0.08220557868480682
412 0.025235407054424286
413 0.025235407054424286
414 0.0663788691163063
415 0.009662589989602566
416 0.05876430496573448
417 0.047599099576473236
418 0.03016592748463154
419 0.026494547724723816
420 0.026625856757164
421 0.04541223868727684
422 0.08674457669258118
423 0.014780320227146149
424 0.014780320227146149
425 0.05769343301653862
426 0.05669534578919411
427 0.01825808919966221
428 0.07099112868309021
429 0.024167541414499283
430 0.028674103319644928
431 0.028674103319644928
432 0.05518471077084541
433 0.05518471077084541
434 0.05518471077084541
435 0.06069497391581535
436 0.06069497391581535
437 0.023801712319254875
438 0.045521751046180725
439 0.045521751046180725
440 0.045521751046180725
441 0.08812294155359268
442 0.03426908701658249
443 0.04091741144657135
444 0.047029267996549606
445 0.0229561198502779
446 0.05068265646696091
447 0.04351820796728134
448 0.054285928606987
449 0.08027980476617813
450 0.06250948458909988
451 0.05141377076506615
452 0.0318286269903183
453 0.07580172270536423
454 0.07580172270536423
455 0.07580172270536423
456 0.07580172270536423
457 0.07580172270536423
458 0.04412885755300522
459 0.04412885755300522
460 0.02558209002017975
461 0.044341832399368286
462 0.0653868243098259
463 0.0653868243098259
464 0.08901383727788925
465 0.06335268914699554
466 0.024159546941518784
467 0.045960910618305206
468 0.02863180637359619
469 0.01925729773938656
470 0.01925729773938656
471 0.025343777611851692
472 0.11351083964109421
473 0.009210916236042976
474 0.009210916236042976
475 0.017953820526599884
476 0.019512612372636795
477 0.04252941906452179
478 0.04252941906452179
479 0.029577068984508514
480 0.012830761261284351
481 0.012830761261284351
482 0.04845114424824715
483 0.04845114424824715
484 0.045190732926130295
485 0.056174684315919876
486 0.04731246083974838
487 0.07489515095949173
488 0.07489515095949173
489 0.037617411464452744
490 0.06019442901015282
491 0.06019442901015282
492 0.021118029952049255
493 0.03340506926178932
494 0.058143872767686844
495 0.08701380342245102
496 0.04424750432372093
497 0.04863743484020233
498 0.08791279792785645
499 0.04026752710342407
