0 0.0
1 0.0
2 2.2932937145233154
3 2.3124470710754395
4 2.287278652191162
5 2.384099245071411
6 2.326282024383545
7 2.326282024383545
8 2.4166765213012695
9 2.5326545238494873
10 2.5027332305908203
11 2.409186601638794
12 2.409186601638794
13 2.0974268913269043
14 1.9321564435958862
15 1.9321564435958862
16 1.7428282499313354
17 1.838363766670227
18 1.891062617301941
19 1.604818344116211
20 1.5490305423736572
21 1.5490305423736572
22 1.5332499742507935
23 1.5332499742507935
24 1.27985417842865
25 1.1048169136047363
26 0.9918915629386902
27 0.8223921656608582
28 0.8041626811027527
29 0.8466099500656128
30 0.7393633723258972
31 0.8195092678070068
32 0.9346134662628174
33 0.9445484280586243
34 0.7448902130126953
35 0.7642114162445068
36 0.7642114162445068
37 0.7005495429039001
38 0.6332976222038269
39 0.6332976222038269
40 0.6332976222038269
41 0.45547422766685486
42 0.45547422766685486
43 0.509973406791687
44 0.5860478281974792
45 0.5860478281974792
46 0.4635227620601654
47 0.421875536441803
48 0.4139581620693207
49 0.4139581620693207
50 0.3379923701286316
51 0.4297388792037964
52 0.22627946734428406
53 0.5684420466423035
54 0.2677624523639679
55 0.2677624523639679
56 0.2677624523639679
57 0.29910340905189514
58 0.29910340905189514
59 0.29910340905189514
60 0.3027767539024353
61 0.36799395084381104
62 0.36799395084381104
63 0.3257388174533844
64 0.34118640422821045
65 0.31523069739341736
66 0.2778794765472412
67 0.20573775470256805
68 0.197114035487175
69 0.197114035487175
70 0.197114035487175
71 0.197114035487175
72 0.16665305197238922
73 0.16665305197238922
74 0.24002902209758759
75 0.27154111862182617
76 0.27154111862182617
77 0.26454758644104004
78 0.4189044237136841
79 0.2638227343559265
80 0.2638227343559265
81 0.4194720387458801
82 0.19779866933822632
83 0.19779866933822632
84 0.19779866933822632
85 0.2802262604236603
86 0.20782789587974548
87 0.156046062707901
88 0.1250864863395691
89 0.23284973204135895
90 0.23284973204135895
91 0.20766428112983704
92 0.20766428112983704
93 0.3673571050167084
94 0.15939867496490479
95 0.2203570008277893
96 0.08318182826042175
97 0.3348645865917206
98 0.21296079456806183
99 0.18072444200515747
100 0.18424098193645477
101 0.1812213510274887
102 0.09769611060619354
103 0.1271095871925354
104 0.1271095871925354
105 0.1271095871925354
106 0.1271095871925354
107 0.10319165140390396
108 0.21196739375591278
109 0.21196739375591278
110 0.17501215636730194
111 0.2366340309381485
112 0.08253665268421173
113 0.21218758821487427
114 0.21218758821487427
115 0.17773644626140594
116 0.26531320810317993
117 0.1277133822441101
118 0.22963321208953857
119 0.1478346288204193
120 0.1478346288204193
121 0.2574178874492645
122 0.24913430213928223
123 0.21468421816825867
124 0.2253548502922058
125 0.13745157420635223
126 0.10995164513587952
127 0.16086025536060333
128 0.20793986320495605
129 0.20793986320495605
130 0.12479925900697708
131 0.17073076963424683
132 0.21701058745384216
133 0.19617870450019836
134 0.22254380583763123
135 0.22254380583763123
136 0.1707434207201004
137 0.1707434207201004
138 0.0919608548283577
139 0.25048592686653137
140 0.15282228589057922
141 0.15282228589057922
142 0.15282228589057922
143 0.1412501484155655
144 0.06343584507703781
145 0.06343584507703781
146 0.13388533890247345
147 0.17646323144435883
148 0.19715841114521027
149 0.1978553831577301
150 0.268423855304718
151 0.268423855304718
152 0.15292057394981384
153 0.11720690131187439
154 0.16677500307559967
155 0.15127292275428772
156 0.15127292275428772
157 0.15127292275428772
158 0.23840059340000153
159 0.23840059340000153
160 0.08727368712425232
161 0.17456379532814026
162 0.1260833740234375
163 0.14261791110038757
164 0.08322087675333023
165 0.1166459172964096
166 0.15488620102405548
167 0.13591404259204865
168 0.10511834174394608
169 0.19170138239860535
170 0.11877969652414322
171 0.08308561146259308
172 0.1889723539352417
173 0.08488480746746063
174 0.10405763983726501
175 0.15967866778373718
176 0.18306156992912292
177 0.11057581752538681
178 0.11057581752538681
179 0.11629623919725418
180 0.12372808903455734
181 0.12372808903455734
182 0.09009035676717758
183 0.1597985327243805
184 0.1597985327243805
185 0.06993017345666885
186 0.17637021839618683
187 0.17637021839618683
188 0.14299419522285461
189 0.12893769145011902
190 0.12893769145011902
191 0.07350708544254303
192 0.11885502934455872
193 0.07555058598518372
194 0.11709586530923843
195 0.1874251812696457
196 0.25230106711387634
197 0.25230106711387634
198 0.12878865003585815
199 0.14956003427505493
200 0.15256401896476746
201 0.1468760222196579
202 0.1468760222196579
203 0.13820046186447144
204 0.11018231511116028
205 0.11018231511116028
206 0.1031247228384018
207 0.05942818894982338
208 0.05942818894982338
209 0.15988025069236755
210 0.10049175471067429
211 0.08767379820346832
212 0.10915054380893707
213 0.10915054380893707
214 0.10915054380893707
215 0.10915054380893707
216 0.10915054380893707
217 0.1097625195980072
218 0.182109072804451
219 0.15705789625644684
220 0.13738346099853516
221 0.08474307507276535
222 0.17594406008720398
223 0.17594406008720398
224 0.17594406008720398
225 0.11830956488847733
226 0.092589370906353
227 0.14630065858364105
228 0.1100546196103096
229 0.16486826539039612
230 0.07218119502067566
231 0.1067814975976944
232 0.1067814975976944
233 0.11131202429533005
234 0.1715112030506134
235 0.07804886251688004
236 0.09673858433961868
237 0.12045055627822876
238 0.0925312340259552
239 0.0925312340259552
240 0.0925312340259552
241 0.0925312340259552
242 0.0925312340259552
243 0.09688116610050201
244 0.1484299898147583
245 0.1484299898147583
246 0.0883171483874321
247 0.10880458354949951
248 0.1443740874528885
249 0.13923238217830658
250 0.12153682112693787
251 0.12153682112693787
252 0.12931814789772034
253 0.10314254462718964
254 0.09235980361700058
255 0.09235980361700058
256 0.06014513969421387
257 0.1036500558257103
258 0.09675340354442596
259 0.0923587903380394
260 0.08166580647230148
261 0.08166580647230148
262 0.21322470903396606
263 0.10850559175014496
264 0.10850559175014496
265 0.07535980641841888
266 0.07535980641841888
267 0.07935842871665955
268 0.09801507741212845
269 0.1326371133327484
270 0.044402822852134705
271 0.044402822852134705
272 0.14319320023059845
273 0.15131749212741852
274 0.16194376349449158
275 0.08093046396970749
276 0.09521941840648651
277 0.10400828719139099
278 0.11513779312372208
279 0.12650741636753082
280 0.054015085101127625
281 0.054015085101127625
282 0.05127456411719322
283 0.08778110891580582
284 0.08778110891580582
285 0.08778110891580582
286 0.07542911171913147
287 0.1549086719751358
288 0.1549086719751358
289 0.13281594216823578
290 0.13281594216823578
291 0.13281594216823578
292 0.1071166843175888
293 0.1071166843175888
294 0.07576355338096619
295 0.06089925020933151
296 0.1393163800239563
297 0.12179382890462875
298 0.18338727951049805
299 0.18338727951049805
300 0.06986366957426071
301 0.10210305452346802
302 0.10210305452346802
303 0.10210305452346802
304 0.10210305452346802
305 0.10210305452346802
306 0.07269689440727234
307 0.11493869125843048
308 0.11493869125843048
309 0.11493869125843048
310 0.11401057988405228
311 0.05428357422351837
312 0.05428357422351837
313 0.13885000348091125
314 0.12761986255645752
315 0.12761986255645752
316 0.12761986255645752
317 0.12761986255645752
318 0.0622694157063961
319 0.0622694157063961
320 0.0622694157063961
321 0.0622694157063961
322 0.0622694157063961
323 0.20318204164505005
324 0.10638996213674545
325 0.08403689414262772
326 0.10171208530664444
327 0.06293720752000809
328 0.06293720752000809
329 0.0732043981552124
330 0.0732043981552124
331 0.11518745869398117
332 0.07839646935462952
333 0.0944453552365303
334 0.0582965686917305
335 0.0582965686917305
336 0.05550926923751831
337 0.11729192733764648
338 0.09632949531078339
339 0.09632949531078339
340 0.0937875434756279
341 0.0937875434756279
342 0.10776423662900925
343 0.11997963488101959
344 0.09460177272558212
345 0.14794138073921204
346 0.14794138073921204
347 0.10269750654697418
348 0.11929808557033539
349 0.11929808557033539
350 0.05698077008128166
351 0.05698077008128166
352 0.040575381368398666
353 0.10810475796461105
354 0.10810475796461105
355 0.1200784370303154
356 0.1200784370303154
357 0.12912172079086304
358 0.13885270059108734
359 0.13885270059108734
360 0.13885270059108734
361 0.13885270059108734
362 0.10257835686206818
363 0.10257835686206818
364 0.11517990380525589
365 0.03958394378423691
366 0.03958394378423691
367 0.03958394378423691
368 0.08806193619966507
369 0.14994163811206818
370 0.057902559638023376
371 0.13947713375091553
372 0.13947713375091553
373 0.13543306291103363
374 0.10601836442947388
375 0.10601836442947388
376 0.10601836442947388
377 0.10601836442947388
378 0.06672477722167969
379 0.11870299279689789
380 0.11302593350410461
381 0.19053125381469727
382 0.0692397877573967
383 0.0692397877573967
384 0.10644853860139847
385 0.1395919770002365
386 0.041862163692712784
387 0.1281217336654663
388 0.06473090499639511
389 0.03379533812403679
390 0.04154924303293228
391 0.04154924303293228
392 0.16544996201992035
393 0.046344634145498276
394 0.0709526389837265
395 0.06445988267660141
396 0.11299313604831696
397 0.08496151864528656
398 0.053048864006996155
399 0.09166239202022552
400 0.09166239202022552
401 0.09166239202022552
402 0.13454745709896088
403 0.13454745709896088
404 0.13454745709896088
405 0.13454745709896088
406 0.1360257863998413
407 0.10803328454494476
408 0.10803328454494476
409 0.10803328454494476
410 0.0979141891002655
411 0.07315337657928467
412 0.11914756149053574
413 0.11914756149053574
414 0.14862672984600067
415 0.05452475696802139
416 0.07825737446546555
417 0.09569128602743149
418 0.1460200846195221
419 0.15112240612506866
420 0.15112240612506866
421 0.10149665176868439
422 0.17163658142089844
423 0.17163658142089844
424 0.24867601692676544
425 0.24867601692676544
426 0.13467103242874146
427 0.13467103242874146
428 0.13467103242874146
429 0.05844392627477646
430 0.0670490488409996
431 0.11174613237380981
432 0.12323933094739914
433 0.12323933094739914
434 0.07540678232908249
435 0.07400918006896973
436 0.0550413504242897
437 0.0550413504242897
438 0.0742885023355484
439 0.08207464218139648
440 0.15390510857105255
441 0.06418577581644058
442 0.0349813848733902
443 0.0349813848733902
444 0.0349813848733902
445 0.0349813848733902
446 0.0349813848733902
447 0.13121233880519867
448 0.09006518125534058
449 0.09006518125534058
450 0.09214654564857483
451 0.10683361440896988
452 0.13258562982082367
453 0.0170590803027153
454 0.05929708480834961
455 0.0700724869966507
456 0.0700724869966507
457 0.0700724869966507
458 0.08174046874046326
459 0.08174046874046326
460 0.08174046874046326
461 0.06824615597724915
462 0.10202600806951523
463 0.10202600806951523
464 0.10202600806951523
465 0.05430421978235245
466 0.1266741007566452
467 0.1266741007566452
468 0.09981606155633926
469 0.13397161662578583
470 0.09280652552843094
471 0.06990980356931686
472 0.09833595156669617
473 0.1353672593832016
474 0.08212058246135712
475 0.06454160809516907
476 0.06454160809516907
477 0.0476321317255497
478 0.05625323951244354
479 0.1104750782251358
480 0.17905519902706146
481 0.14002421498298645
482 0.09036504477262497
483 0.09036504477262497
484 0.09036504477262497
485 0.08197908103466034
486 0.04828452691435814
487 0.04828452691435814
488 0.04828452691435814
489 0.04828452691435814
490 0.12886793911457062
491 0.13401903212070465
492 0.04295288771390915
493 0.04295288771390915
494 0.10902471840381622
495 0.10902471840381622
496 0.10902471840381622
497 0.11221399903297424
498 0.07084080576896667
499 0.07084080576896667
