0 2.3096396975543514
1 2.3096396975543514
2 5.396286122616438
3 2.105095842529858
4 6.308948092248333
5 1.8876208446215486
6 6.189546676204466
7 1.641799140477431
8 8.446147013927114
9 1.7085496448409028
10 3.1189909025452742
11 2.4566937135183076
12 1.9819028500379952
13 2.690961260685866
14 2.2668631451913512
15 2.638242035761304
16 1.4916547423544497
17 1.9957683834211417
18 1.7655401246556048
19 1.6280859108266978
20 2.4074640412399804
21 2.0968573718979813
22 1.7497070484485788
23 1.8742709587430166
24 1.775921350183816
25 2.350990900103601
26 1.9102887128698283
27 1.8516218418357013
28 2.2637152869204034
29 1.742151106041989
30 1.8468858679871132
31 1.6072377870534884
32 1.9166153260861236
33 2.005498700048877
34 1.9257223600742517
35 1.6808464409352064
36 1.5303887766322355
37 1.7940155208677337
38 1.4936574315237605
39 1.4107499568983577
40 2.164515710998142
41 1.5689070604931659
42 1.2620390411494313
43 1.8879899658400634
44 1.7022852364511953
45 1.5743412736536802
46 1.3775235333103963
47 1.4089442116132433
48 1.3595914582481021
49 1.3862325978195627
50 1.6849539737334067
51 1.5545705915272623
52 1.3662846077377049
53 1.1034865071619673
54 2.0329890938745017
55 1.7168578625083148
56 1.4855394135897848
57 1.6042540066536812
58 1.1269011665666742
59 1.9703922608066882
60 1.1568598963428343
61 1.4563525255886896
62 1.4658439632592766
63 1.4301490015301364
64 1.4248494952544384
65 1.2539300912615656
66 1.3462574860941117
67 1.287608507008717
68 1.184716332310614
69 1.4224639605915266
70 1.291842405231909
71 1.2779698581800514
72 1.2275028435989521
73 1.384027791953552
74 1.3240570025243659
75 1.2631504965043174
76 1.2379966697554519
77 1.1886598179792391
78 1.135850207247455
79 1.215351968630962
80 1.1730405965586077
81 1.2699563682765111
82 1.1527077606643898
83 1.3661128647509904
84 1.3232403945600826
85 1.2279267544266939
86 1.3589020002597925
87 1.206558184751336
88 1.2917782220618614
89 1.3787978241120415
90 1.190492892963043
91 1.1270928668224436
92 1.2602409910356598
93 1.380944148071293
94 1.231667923056644
95 1.293431238033224
96 1.2040594885980207
97 1.2477589634253181
98 1.2887587739325215
99 1.2882106575505503
