0 2.3096396975543514
1 2.30963968992114
2 5.396286446789373
3 2.105095894054033
4 6.30894798180531
5 1.887620858098937
6 6.1895466802596095
7 1.6417991652853672
8 8.44614697122884
9 1.7085496468684744
10 3.118990972317595
11 2.4566941298861216
12 1.98190301021616
13 2.6909612748192333
14 2.266863244840537
15 2.638242025444542
16 1.4916547734240044
17 1.9957684178898607
18 1.7655400489794726
19 1.628085900390667
20 2.407463441913637
21 2.096857030550321
22 1.7497069969244037
23 1.8742711617983598
24 1.775920947203939
25 2.350990998440829
26 1.9102887284940573
27 1.8516220255098443
28 2.263715656057723
29 1.742151122202928
30 1.8468858102013195
31 1.607237598012244
32 1.9166150523043084
33 2.0054984901355706
34 1.9257225618176368
35 1.6808467097077266
36 1.5303888486706656
37 1.7940154549716532
38 1.49365781121638
39 1.4107496145369114
40 2.164516042327213
41 1.5689064764928793
42 1.262039122938096
43 1.8879896779248808
44 1.7022852070514054
45 1.5743410960622524
46 1.3775239503938237
47 1.4089437130989582
48 1.3595914210958324
49 1.38623266461016
50 1.6849537570814064
51 1.5545707759766534
52 1.3662847324929994
53 1.1034862592018742
54 2.032989182908753
55 1.7168580606438149
56 1.4855399028905456
57 1.6042537727076869
58 1.1269012588808214
59 1.97039258038777
60 1.1568600247060137
61 1.4563528751659058
62 1.465842948131647
63 1.4301489634833495
64 1.4248495792495781
65 1.253930174064016
66 1.3462580325545044
67 1.2876085250779592
68 1.1847163451618405
69 1.422464233627911
70 1.291842928911937
71 1.2779699760177483
72 1.2275025521951535
73 1.3840273597826058
74 1.3240558286199813
75 1.2631511620249136
76 1.2379971632902596
77 1.1886592069943587
78 1.1358500070843833
79 1.215352085723228
80 1.173041065434565
81 1.269956667343338
82 1.1527076319434035
83 1.3661135102344073
84 1.3232410322313848
85 1.227926457447073
86 1.3589027967973015
87 1.2065585623865667
88 1.2917780504338798
89 1.3787988771373716
90 1.190493044225856
91 1.127092273012288
92 1.2602407488004752
93 1.380943314500783
94 1.2316682499131302
95 1.2934305336905934
96 1.2040592668174563
97 1.2477594755660777
98 1.2887591672814327
99 1.2882110708770065
