0 2.3096396975543514
1 2.3096396975543514
2 5.396286122616438
3 2.105095842529858
4 6.308948092248333
5 1.8876208446215486
6 6.189546676204466
7 1.641799140477431
8 8.446147013927114
9 1.7085496468684744
10 3.1189909862720593
11 2.4566936374247343
12 1.9819027752563798
13 2.6909611860235194
14 2.266863108039081
15 2.6382417857736393
16 1.4916547625705323
17 1.9957684643451066
18 1.7655400756957114
19 1.6280859022989698
20 2.407463406431132
21 2.0968572365277525
22 1.7497069270924486
23 1.8742710233867734
24 1.7759214896091884
25 2.350991212945989
26 1.9102889811652728
27 1.8516217720037462
28 2.2637156409702044
29 1.7421510014431425
30 1.8468857934440357
31 1.6072378426328071
32 1.9166152982368299
33 2.0054986495384877
34 1.9257224849488153
35 1.6808461053422714
36 1.5303888583016312
37 1.7940153559784462
38 1.4936574671255343
39 1.4107497771899065
40 2.1645159314071134
41 1.5689067759771476
42 1.2620390519134517
43 1.8879891892204648
44 1.7022856744663186
45 1.5743412654241244
46 1.3775237555680364
47 1.4089439868807734
48 1.3595912649131763
49 1.3862326836931878
50 1.6849539573339298
51 1.5545707808666793
52 1.3662845571676812
53 1.1034866033523545
54 2.032989091369854
55 1.7168579174018372
56 1.4855397818027705
57 1.6042537651937445
58 1.126901270330638
59 1.9703926890417598
60 1.1568600125405835
61 1.4563529663768155
62 1.465843706055842
63 1.4301489127642397
64 1.4248490822261546
65 1.2539300676165013
66 1.34625783877232
67 1.2876086988229642
68 1.1847161339365762
69 1.4224639184895964
70 1.291842862419512
71 1.2779697862012558
72 1.2275026584339477
73 1.3840270349536914
74 1.3240568520069838
75 1.2631507056721931
76 1.2379969850130352
77 1.1886594784504299
78 1.1358498570738942
79 1.2153519725668365
80 1.1730408568630342
81 1.2699569554374242
82 1.1527074289178776
83 1.366112896834331
84 1.323240531182635
85 1.227926286534705
86 1.3589017449646608
87 1.206557837768219
88 1.2917777649040756
89 1.378798670682864
90 1.1904929028027293
91 1.1270922460873285
92 1.2602407513051226
93 1.3809443111715465
94 1.2316681391122999
95 1.2934309494024279
96 1.2040576997430639
97 1.2477595114063895
98 1.288759202406131
99 1.2882113965408035
