0 2.3096396975543514
1 2.3096396975543514
2 5.396286515011198
3 2.1050958483740354
4 6.308948477964034
5 1.8876208628100595
6 6.1895466110836335
7 1.6417991605742446
8 8.446146994605549
9 1.70854967728205
10 3.118990905884804
11 2.456693868210102
12 1.9819030971035712
13 2.6909613152513985
14 2.2668630621205454
15 2.638242109052058
16 1.4916548523800321
17 1.9957684914191525
18 1.7655402330710568
19 1.628085942850404
20 2.40746352587896
21 2.0968574347527045
22 1.7497070942478457
23 1.8742712334193488
24 1.7759209475319286
25 2.3509913481969487
26 1.9102887548524896
27 1.8516219261588307
28 2.263715422886977
29 1.7421511384831363
30 1.846886055120055
31 1.607237598548954
32 1.9166155303937904
33 2.005498496754996
34 1.9257226435168497
35 1.6808458904793049
36 1.5303888203741134
37 1.7940152785132801
38 1.4936575232415632
39 1.4107497262322586
40 2.164515546168489
41 1.5689064139363287
42 1.2620390921667137
43 1.8879895566880196
44 1.702285487333377
45 1.5743413979020817
46 1.377523686988405
47 1.4089439530978505
48 1.3595913389195438
49 1.3862325164185219
50 1.6849544084686348
51 1.5545705544942614
52 1.36628465678705
53 1.1034863852094925
54 2.0329903944424834
55 1.7168580999429253
56 1.48553945262054
57 1.6042538969560884
58 1.1269010577934155
59 1.9703923638550385
60 1.1568603807535691
61 1.456352483546394
62 1.4658435881883278
63 1.4301493428479797
64 1.4248491368215044
65 1.2539298513819421
66 1.3462576930853294
67 1.2876089830408102
68 1.1847160565310446
69 1.4224638627015573
70 1.2918427260951317
71 1.2779701627332487
72 1.2275029265206716
73 1.3840274411836464
74 1.3240568771429095
75 1.2631510540269029
76 1.2379968560535113
77 1.1886594999486533
78 1.1358498538834503
79 1.215352319341233
80 1.1730412794626492
81 1.269956772657798
82 1.1527072168279136
83 1.3661130235575627
84 1.323240831949044
85 1.2279269788908087
86 1.3589025376855641
87 1.2065576425548075
88 1.2917781188047903
89 1.378798074457513
90 1.1904931081838164
91 1.1270925302753572
92 1.2602407979989063
93 1.380944087929938
94 1.2316681383966863
95 1.293430825243478
96 1.2040573606615128
97 1.2477591949262996
98 1.2887595689791689
99 1.2882114979790233
