0 1.1679678221298326
1 1.3679678221298326
2 1.485214724169674
3 1.5802910760543554
4 1.5802910760543554
5 1.5802910760543554
6 1.5802910760543554
7 1.5802910760543554
8 1.5802910760543554
9 1.5802910760543554
10 1.5802910760543554
11 1.6088625046257838
12 1.6088625046257838
13 1.6088625046257838
14 1.6374339331972123
15 1.6374339331972123
16 1.6374339331972123
17 1.6374339331972123
18 1.6374339331972123
19 1.6374339331972123
20 1.6374339331972123
21 1.6374339331972123
22 1.6660053617686408
23 1.6660053617686408
24 1.6660053617686408
25 1.721667356300356
26 1.777331579888377
27 1.8714786025223633
28 1.8714786025223633
29 1.8714786025223633
30 1.8714786025223633
31 1.9248849837706847
32 1.9248849837706847
33 1.9248849837706847
34 1.9534564123421132
35 1.9534564123421132
36 1.9534564123421132
37 1.9534564123421132
38 1.9534564123421132
39 1.9820278409135417
40 1.9820278409135417
41 1.9820278409135417
42 1.9820278409135417
43 1.9820278409135417
44 1.9820278409135417
45 1.9820278409135417
46 1.9820278409135417
47 1.9820278409135417
48 1.9820278409135417
49 1.9968599040582218
