0 1.178382074392474
1 1.3769805488824203
2 1.471722452179147
3 1.5864795549269544
4 1.6150509834983828
5 1.6150509834983828
6 1.6150509834983828
7 1.6150509834983828
8 1.6436224120698113
9 1.6721938406412398
10 1.6721938406412398
11 1.7007652692126682
12 1.7293366977840967
13 1.7293366977840967
14 1.7293366977840967
15 1.7293366977840967
16 1.7293366977840967
17 1.7293366977840967
18 1.7293366977840967
19 1.7579081263555252
20 1.7579081263555252
21 1.7579081263555252
22 1.7579081263555252
23 1.8163306434202378
24 1.8163306434202378
25 1.8163306434202378
26 1.8163306434202378
27 1.912302433340772
28 1.912302433340772
29 1.912302433340772
30 1.912302433340772
31 1.912302433340772
32 1.912302433340772
33 1.912302433340772
34 1.912302433340772
35 1.912302433340772
36 1.912302433340772
37 1.912302433340772
38 1.912302433340772
39 1.912302433340772
40 1.912302433340772
41 1.912302433340772
42 1.912302433340772
43 1.912302433340772
44 1.912302433340772
45 1.9408738619122006
46 1.9408738619122006
47 1.9408738619122006
48 1.9408738619122006
49 1.9740164682436752
