0 1.1626456559255187
1 1.3600421229254918
2 1.4488062490027458
3 1.5438826008874271
4 1.5438826008874271
5 1.5724540294588556
6 1.5724540294588556
7 1.5724540294588556
8 1.5724540294588556
9 1.601025458030284
10 1.601025458030284
11 1.601025458030284
12 1.601025458030284
13 1.601025458030284
14 1.601025458030284
15 1.601025458030284
16 1.601025458030284
17 1.601025458030284
18 1.6295968866017125
19 1.6295968866017125
20 1.6295968866017125
21 1.6295968866017125
22 1.6295968866017125
23 1.6880194036664251
24 1.730967292840219
25 1.930967292840219
26 1.9866315164282402
27 2.0826033063487746
28 2.0826033063487746
29 2.111174734920203
30 2.1397461634916315
31 2.1397461634916315
32 2.1397461634916315
33 2.1397461634916315
34 2.1397461634916315
35 2.175581812227131
36 2.175581812227131
37 2.175581812227131
38 2.175581812227131
39 2.175581812227131
40 2.175581812227131
41 2.175581812227131
42 2.175581812227131
43 2.175581812227131
44 2.175581812227131
45 2.175581812227131
46 2.175581812227131
47 2.175581812227131
48 2.175581812227131
49 2.3755818122271313
