1 1.227534
2 1.227534
3 1.227534
4 1.227534
5 1.227534
6 1.393898
7 1.393898
8 1.393898
9 1.400012
10 1.400012
11 1.400012
12 1.400012
13 1.400012
14 1.523199
15 1.523199
16 1.523199
17 1.523199
18 1.523199
19 1.617960
20 1.617960
21 1.617960
22 1.636266
23 1.636266
24 1.636266
25 1.682649
26 1.682649
27 1.791946
28 1.791946
29 1.791946
30 1.791946
31 1.791946
32 1.892052
33 1.892052
34 1.892052
35 1.892052
36 1.892052
37 1.892052
38 1.932509
39 1.932509
40 2.040236
41 2.040236
42 2.040236
43 2.077152
44 2.077152
45 2.077152
46 2.077152
47 2.077152
48 2.178500
49 2.178500
50 2.178500
51 2.210511
52 2.210511
53 2.318237
54 2.318237
55 2.318237
56 2.318237
57 2.318237
58 2.318237
59 2.331034
60 2.331034
61 2.443874
62 2.443874
63 2.443874
64 2.443874
65 2.443874
66 2.443874
67 2.498971
68 2.498971
69 2.629679
70 2.629679
71 2.629679
72 2.629679
73 2.629679
74 2.753403
75 2.753403
76 2.753403
77 2.753403
78 2.753403
79 2.753403
80 2.753403
81 2.753403
82 2.839965
83 2.839965
84 2.839965
85 2.869804
86 2.869804
87 2.983632
88 2.983632
89 2.983632
90 2.999243
91 2.999243
92 2.999243
93 3.010072
94 3.010072
95 3.151414
96 3.151414
97 3.151414
98 3.151414
99 3.151414
100 3.151414
