1 1.231460
2 1.231460
3 1.231460
4 1.231460
5 1.231460
6 1.354379
7 1.354379
8 1.354379
9 1.416181
10 1.416181
11 1.524210
12 1.524210
13 1.524210
14 1.524210
15 1.524210
16 1.524210
17 1.528305
18 1.528305
19 1.636335
20 1.636335
21 1.636335
22 1.636335
23 1.636335
24 1.636335
25 1.636335
26 1.636335
27 1.740408
28 1.740408
29 1.740408
30 1.789183
31 1.789183
32 1.929432
33 1.929432
34 1.929432
35 1.929432
36 1.929432
37 1.929432
38 1.929432
39 1.929432
40 2.063689
41 2.063689
42 2.063689
43 2.083942
44 2.083942
45 2.191972
46 2.191972
47 2.191972
48 2.191972
49 2.191972
50 2.191972
51 2.271087
52 2.271087
53 2.392190
54 2.392190
55 2.392190
56 2.392190
57 2.392190
58 2.392190
59 2.392190
60 2.392190
61 2.465449
62 2.465449
63 2.465449
64 2.465449
65 2.465449
66 2.580050
67 2.580050
68 2.580050
69 2.597003
70 2.597003
71 2.597003
72 2.609160
73 2.609160
74 2.717190
75 2.717190
76 2.717190
77 2.717190
78 2.717190
79 2.810249
80 2.810249
81 2.810249
82 2.881122
83 2.881122
84 2.881122
85 2.931377
86 2.931377
87 3.045622
88 3.045622
89 3.045622
90 3.045622
91 3.045622
92 3.045622
93 3.045622
94 3.045622
95 3.147981
96 3.147981
97 3.147981
98 3.164222
99 3.164222
100 3.304436
