1 1.048830
2 1.115657
3 1.115657
4 1.279471
5 1.279471
6 1.564122
7 1.575381
8 1.575381
9 1.740203
10 1.740203
11 1.962172
12 1.962172
13 1.962172
14 2.015264
15 2.015264
16 2.015264
17 2.195293
18 2.195293
19 2.333491
20 2.333491
21 2.333491
22 2.494609
23 2.494609
24 2.494609
25 2.797175
26 2.797175
27 2.948400
28 2.948400
29 2.948400
30 3.104459
31 3.104459
32 3.317149
33 3.317149
34 3.317149
35 3.369124
36 3.369124
37 3.369124
38 3.509137
39 3.509137
40 3.718709
41 3.718709
42 3.718709
43 3.992390
44 3.992390
45 3.992390
46 3.999687
47 3.999687
48 4.190415
49 4.258308
50 4.258308
51 4.500227
52 4.500227
53 4.638425
54 4.638425
55 4.638425
56 4.798173
57 4.798173
58 4.798173
59 4.967723
60 4.967723
61 5.209641
62 5.209641
63 5.209641
64 5.294473
65 5.294473
66 5.544006
67 5.544006
68 5.544006
69 5.730916
70 5.730916
71 5.730916
72 5.738213
73 5.738213
74 6.071002
75 6.071002
76 6.071002
77 6.164766
78 6.164766
79 6.164766
80 6.265898
81 6.265898
82 6.443943
83 6.443943
84 6.443943
85 6.738624
86 6.738624
87 6.956597
88 6.956597
89 6.956597
90 6.967362
91 6.967362
92 6.967362
93 7.152752
94 7.152752
95 7.398009
96 7.398009
97 7.398009
98 7.434802
99 7.434802
100 7.434802
