1 1.180732
2 1.180732
3 1.329565
4 1.329565
5 1.329565
6 1.353812
7 1.353812
8 1.353812
9 1.360003
10 1.360003
11 1.467763
12 1.467763
13 1.467763
14 1.468636
15 1.468636
16 1.468636
17 1.507645
18 1.507645
19 1.615405
20 1.615405
21 1.615405
22 1.615405
23 1.615405
24 1.746722
25 1.746722
26 1.746722
27 1.746722
28 1.746722
29 1.746722
30 1.746722
31 1.746722
32 1.905941
33 1.905941
34 1.905941
35 1.905941
36 1.905941
37 1.997193
38 1.997193
39 1.997193
40 1.997193
41 1.997193
42 1.997193
43 2.014179
44 2.014179
45 2.149079
46 2.149079
47 2.149079
48 2.149079
49 2.149079
50 2.149079
51 2.191608
52 2.191608
53 2.319312
54 2.319312
55 2.319312
56 2.319312
57 2.319312
58 2.432579
59 2.432579
60 2.432579
61 2.432579
62 2.432579
63 2.432579
64 2.432579
65 2.432579
66 2.579838
67 2.579838
68 2.579838
69 2.598516
70 2.598516
71 2.706277
72 2.706277
73 2.706277
74 2.706277
75 2.706277
76 2.706277
77 2.745758
78 2.745758
79 2.853518
80 2.853518
81 2.853518
82 2.853518
83 2.853518
84 2.853518
85 2.881457
86 2.881457
87 2.995332
88 2.995332
89 2.995332
90 2.995332
91 2.995332
92 3.071435
93 3.071435
94 3.071435
95 3.071435
96 3.071435
97 3.071435
98 3.071435
99 3.071435
100 3.179230
