1 0.779833
2 1.076322
3 1.076322
4 1.239547
5 1.239547
6 1.239547
7 1.518759
8 1.518759
9 1.866000
10 1.866000
11 1.866000
12 1.872792
13 1.872792
14 1.872792
15 2.017311
16 2.017311
17 2.213343
18 2.213343
19 2.213343
20 2.330701
21 2.330701
22 2.506385
23 2.506385
24 2.506385
25 2.708187
26 2.708187
27 2.708187
28 2.906689
29 2.906689
30 3.127164
31 3.127164
32 3.127164
33 3.276285
34 3.276285
35 3.276285
36 3.303992
37 3.303992
38 3.475592
39 3.510479
40 3.510479
41 3.739003
42 3.742964
43 4.028545
44 4.028545
45 4.028545
46 4.041903
47 4.041903
48 4.041903
49 4.214524
50 4.214524
51 4.418967
52 4.433466
53 4.433466
54 4.584284
55 4.584284
56 4.755892
57 4.755892
58 4.755892
59 5.032123
60 5.032123
61 5.032123
62 5.142810
63 5.142810
64 5.296771
65 5.296771
66 5.296771
67 5.436437
68 5.436437
69 5.436437
70 5.653138
71 5.653138
72 5.791192
73 5.791192
74 5.791192
75 5.906000
76 5.910155
77 6.194298
78 6.194298
79 6.194298
80 6.284671
81 6.284671
82 6.284671
83 6.519618
84 6.519618
85 6.745046
86 6.745046
87 6.745046
88 6.832050
89 6.832050
90 6.832050
91 6.879286
92 6.879286
93 7.201824
94 7.201824
95 7.201824
96 7.286188
97 7.286188
98 7.537802
99 7.537802
100 7.537802
