1 0.869302
2 1.117593
3 1.117593
4 1.263297
5 1.263297
6 1.263297
7 1.291553
8 1.291553
9 1.291553
10 1.291553
11 1.291553
12 1.341762
13 1.341762
14 1.341762
15 1.341762
16 1.341762
17 1.383217
18 1.383217
19 1.383217
20 1.383217
21 1.383217
22 1.383217
23 1.383217
24 1.383217
25 1.383217
26 1.383217
27 1.383217
28 1.383217
29 1.383217
30 1.414256
31 1.414256
32 1.414256
33 1.414256
34 1.414256
35 1.414256
36 1.414256
37 1.414256
38 1.435249
39 1.435249
40 1.435249
41 1.435249
42 1.435249
43 1.435249
44 1.435249
45 1.435249
46 1.436518
47 1.436518
48 1.436518
49 1.436518
50 1.436518
51 1.513612
52 1.513612
53 1.513612
54 1.513612
55 1.513612
56 1.513612
57 1.513612
58 1.513612
59 1.513612
60 1.513612
61 1.513612
62 1.513612
63 1.513612
64 1.513612
65 1.513612
66 1.513612
67 1.513612
68 1.513612
69 1.513612
70 1.513612
71 1.513612
72 1.567659
73 1.567659
74 1.567659
75 1.567659
76 1.567659
77 1.567659
78 1.567659
79 1.567659
80 1.567659
81 1.567659
82 1.567659
83 1.567659
84 1.567659
85 1.604738
86 1.604738
87 1.604738
88 1.604738
89 1.604738
90 1.604738
91 1.604738
92 1.604738
93 1.607556
94 1.607556
95 1.607556
96 1.607556
97 1.607556
98 1.607556
99 1.607556
100 1.607556
