1 0.902928
2 1.268704
3 1.268704
4 1.268704
5 1.268704
6 1.268704
7 1.268704
8 1.308717
9 1.308717
10 1.453951
11 1.453951
12 1.453951
13 1.453951
14 1.453951
15 1.529443
16 1.529443
17 1.529443
18 1.529443
19 1.529443
20 1.529443
21 1.529443
22 1.529443
23 1.693181
24 1.693181
25 1.693181
26 1.777760
27 1.777760
28 1.885857
29 1.885857
30 1.885857
31 1.885857
32 1.885857
33 1.885857
34 1.885857
35 1.885857
36 1.978397
37 1.978397
38 1.978397
39 1.978397
40 1.978397
41 1.978397
42 1.983306
43 1.983306
44 2.096892
45 2.096892
46 2.096892
47 2.131196
48 2.131196
49 2.287414
50 2.287414
51 2.287414
52 2.287414
53 2.287414
54 2.287414
55 2.287414
56 2.287414
57 2.416368
58 2.416368
59 2.416368
60 2.457437
61 2.457437
62 2.457437
63 2.457437
64 2.457437
65 2.527680
66 2.527680
67 2.527680
68 2.571741
69 2.571741
70 2.698794
71 2.698794
72 2.698794
73 2.698794
74 2.698794
75 2.698794
76 2.704313
77 2.704313
78 2.831809
79 2.831809
80 2.831809
81 2.852465
82 2.852465
83 2.971151
84 2.971151
85 2.971151
86 3.009489
87 3.009489
88 3.009489
89 3.009489
90 3.009489
91 3.098472
92 3.098472
93 3.098472
94 3.128312
95 3.128312
96 3.128312
97 3.128312
98 3.128312
99 3.220755
100 3.220755
