1 0.694402
2 1.056273
3 1.056273
4 1.166703
5 1.166703
6 1.166703
7 1.368842
8 1.368842
9 1.489455
10 1.489455
11 1.489455
12 1.489455
13 1.489455
14 1.489455
15 1.489455
16 1.489455
17 1.611359
18 1.611359
19 1.611359
20 1.611359
21 1.611359
22 1.611359
23 1.611359
24 1.611359
25 1.757013
26 1.757013
27 1.757013
28 1.757013
29 1.757013
30 1.826564
31 1.826564
32 1.826564
33 1.853703
34 1.853703
35 1.853703
36 1.853703
37 1.853703
38 1.983499
39 1.983499
40 1.983499
41 2.020801
42 2.020801
43 2.020801
44 2.020801
45 2.020801
46 2.119793
47 2.119793
48 2.119793
49 2.144270
50 2.144270
51 2.288506
52 2.288506
53 2.288506
54 2.300519
55 2.300519
56 2.300519
57 2.300519
58 2.300519
59 2.418647
60 2.418647
61 2.418647
62 2.418647
63 2.418647
64 2.492980
65 2.492980
66 2.492980
67 2.544945
68 2.544945
69 2.544945
70 2.578794
71 2.578794
72 2.686487
73 2.686487
74 2.686487
75 2.686487
76 2.686487
77 2.686487
78 2.694300
79 2.694300
80 2.801993
81 2.801993
82 2.801993
83 2.820250
84 2.820250
85 2.992884
86 2.992884
87 2.992884
88 2.992884
89 2.992884
90 2.992884
91 2.992884
92 2.992884
93 3.120970
94 3.120970
95 3.120970
96 3.120970
97 3.120970
98 3.253697
99 3.253697
100 3.253697
