1 1.033140
2 1.301902
3 1.301902
4 1.301902
5 1.367132
6 1.368598
7 1.368598
8 1.572996
9 1.582160
10 1.850922
11 1.850922
12 1.850922
13 1.857209
14 1.857209
15 2.134321
16 2.134321
17 2.134321
18 2.319486
19 2.319486
20 2.319486
21 2.404044
22 2.404044
23 2.648324
24 2.648324
25 2.648324
26 2.806928
27 2.806928
28 2.944453
29 2.944453
30 2.944453
31 3.120672
32 3.120672
33 3.120672
34 3.330565
35 3.330565
36 3.468090
37 3.468090
38 3.468090
39 3.545654
40 3.545654
41 3.545654
42 3.818573
43 3.818573
44 3.972621
45 3.972621
46 3.972621
47 4.124199
48 4.124199
49 4.347512
50 4.347512
51 4.347512
52 4.492680
53 4.492680
54 4.492680
55 4.498967
56 4.529765
57 4.834216
58 4.834216
59 4.834216
60 5.019079
61 5.019079
62 5.019079
63 5.082815
64 5.082815
65 5.274431
66 5.274431
67 5.274431
68 5.520180
69 5.520180
70 5.666018
71 5.666018
72 5.666018
73 5.695497
74 5.695497
75 5.695497
76 5.940859
77 5.940859
78 6.185198
79 6.185198
80 6.185198
81 6.308960
82 6.308960
83 6.524417
84 6.524417
85 6.524417
86 6.783394
87 6.783394
88 6.783394
89 6.834545
90 6.834545
91 7.068346
92 7.068346
93 7.068346
94 7.236458
95 7.236458
96 7.236458
97 7.303273
98 7.303273
99 7.499477
100 7.499477
