0 2.299285
1 2.305272
2 2.313450
3 2.319054
4 2.326640
5 2.301336
6 2.294384
7 2.289778
8 2.299897
9 2.283422
10 2.284751
11 2.287787
12 2.287621
13 2.283063
14 2.298510
15 2.280772
16 2.297209
17 2.271822
18 2.268569
19 2.287939
20 2.299247
21 2.289161
22 2.260829
23 2.290460
24 2.254889
25 2.282171
26 2.277141
27 2.270212
28 2.261383
29 2.277406
30 2.271167
31 2.273504
32 2.248725
33 2.270642
34 2.255502
35 2.266881
36 2.262200
37 2.254258
38 2.270847
39 2.257368
40 2.261883
41 2.256804
42 2.272836
43 2.248777
44 2.245002
45 2.240986
46 2.255129
47 2.256803
48 2.254511
49 2.242235
50 2.231969
51 2.260100
52 2.227981
53 2.236998
54 2.241505
55 2.238742
56 2.249650
57 2.227173
58 2.237190
59 2.243735
60 2.238486
61 2.249820
62 2.240203
63 2.235963
64 2.238954
65 2.215738
66 2.233708
67 2.223679
68 2.226841
69 2.233873
70 2.224684
71 2.217889
72 2.217725
73 2.201566
74 2.216539
75 2.201861
76 2.199282
77 2.210590
78 2.200932
79 2.210410
80 2.208679
81 2.224747
82 2.196015
83 2.190232
84 2.209678
85 2.183564
86 2.176268
87 2.200603
88 2.186196
89 2.179326
90 2.206019
91 2.193234
92 2.168426
93 2.200332
94 2.201392
95 2.197729
96 2.183047
97 2.189673
98 2.171065
99 2.166681
100 2.195400
101 2.176669
102 2.176159
103 2.174419
104 2.183484
105 2.171824
106 2.189512
107 2.172254
108 2.170206
109 2.164783
110 2.180953
111 2.171508
112 2.181640
113 2.154520
114 2.142134
115 2.140365
116 2.167924
117 2.171837
118 2.133019
119 2.155077
120 2.166296
121 2.150084
122 2.133539
123 2.156842
124 2.127187
125 2.147440
126 2.160332
127 2.155258
128 2.135816
129 2.186574
130 2.107100
131 2.119691
132 2.131108
133 2.114652
134 2.127811
135 2.132325
136 2.160542
137 2.137029
138 2.148284
139 2.129904
140 2.114335
141 2.131932
142 2.111484
143 2.166540
144 2.126188
145 2.127879
146 2.126067
147 2.128723
148 2.119385
149 2.106095
150 2.116402
151 2.119828
152 2.134398
153 2.117519
154 2.072526
155 2.083935
156 2.073542
157 2.106546
158 2.130203
159 2.089551
160 2.111423
161 2.089040
162 2.094545
163 2.105389
164 2.079622
165 2.082922
166 2.087795
167 2.110102
168 2.066749
169 2.073573
170 2.100374
171 2.108099
172 2.094739
173 2.082699
174 2.065703
175 2.096869
176 2.065135
177 2.054802
178 2.133379
179 2.060916
180 2.026707
181 2.071350
182 2.050035
183 2.058237
184 2.066223
185 2.055604
186 2.061432
187 2.057469
188 2.026874
189 2.040324
190 2.027465
191 2.055585
192 2.028540
193 2.047864
194 2.032819
195 2.041286
196 2.059309
197 2.015434
198 2.040733
199 2.012110
200 2.033051
201 2.055834
202 2.052833
203 2.038626
204 2.019495
205 2.028668
206 1.967261
207 2.019907
208 2.079341
209 2.039007
210 2.024996
211 1.953818
212 2.001095
213 2.003935
214 1.993104
215 1.986660
216 2.011553
217 2.019102
218 1.952374
219 2.026761
220 2.008232
221 2.021893
222 1.976784
223 1.994980
224 1.992038
225 1.998317
226 1.981212
227 1.974680
228 2.014195
229 1.952009
230 1.965239
231 2.002352
232 1.950177
233 1.977112
234 1.962773
235 1.953458
236 1.945140
237 1.947894
238 1.970313
239 1.957793
240 1.944794
241 1.940830
242 1.955531
243 1.966655
244 1.952494
245 1.923910
246 1.918395
247 1.921837
248 1.919484
249 1.907133
250 1.943692
251 1.934155
252 1.959281
253 1.891403
254 1.916406
255 1.917827
256 1.939847
257 1.906105
258 1.873420
259 1.937306
260 1.904921
261 1.857103
262 1.886454
263 1.921779
264 1.894589
265 1.907843
266 1.890445
267 1.856038
268 1.880671
269 1.866007
270 1.867392
271 1.901042
272 1.891789
273 1.813003
274 1.925793
275 1.924557
276 1.846682
277 1.905257
278 1.846718
279 1.872891
280 1.854511
281 1.852025
282 1.885671
283 1.842122
284 1.860428
285 1.811909
286 1.892856
287 1.834169
288 1.827629
289 1.828133
290 1.826752
291 1.824128
292 1.784867
293 1.794197
294 1.785775
295 1.799528
296 1.833529
297 1.775984
298 1.799603
299 1.735570
300 1.785619
301 1.761454
302 1.750790
303 1.838824
304 1.823167
305 1.719446
306 1.776642
307 1.782381
308 1.771276
309 1.828115
310 1.703584
311 1.731051
312 1.737570
313 1.751399
314 1.727930
315 1.742870
316 1.718963
317 1.631062
318 1.711508
319 1.738937
320 1.787350
321 1.711497
322 1.661370
323 1.705688
324 1.657269
325 1.690620
326 1.665058
327 1.727643
328 1.648216
329 1.659051
330 1.594898
331 1.637148
332 1.609463
333 1.572253
334 1.658028
335 1.681110
336 1.655939
337 1.682078
338 1.618553
339 1.623407
340 1.634515
341 1.653755
342 1.611476
343 1.561631
344 1.572944
345 1.554857
346 1.666710
347 1.618834
348 1.616149
349 1.589659
350 1.606541
351 1.554981
352 1.618417
353 1.573553
354 1.661895
355 1.602833
356 1.596780
357 1.547740
358 1.534646
359 1.586764
360 1.550620
361 1.524400
362 1.540111
363 1.565956
364 1.539901
365 1.483363
366 1.513933
367 1.546349
368 1.583425
369 1.573405
370 1.512708
371 1.543594
372 1.468763
373 1.454643
374 1.464256
375 1.459409
376 1.474864
377 1.514583
378 1.352211
379 1.468452
380 1.404719
381 1.479547
382 1.468673
383 1.418223
384 1.390844
385 1.447765
386 1.466154
387 1.399206
388 1.401714
389 1.427838
390 1.399020
391 1.357485
392 1.399278
393 1.396213
394 1.404928
395 1.377800
396 1.363263
397 1.385489
398 1.376192
399 1.326277
400 1.473703
401 1.373438
402 1.259650
403 1.353746
404 1.368582
405 1.284490
406 1.332840
407 1.388163
408 1.285432
409 1.313400
410 1.344161
411 1.317053
412 1.309266
413 1.337985
414 1.235518
415 1.293657
416 1.299222
417 1.295774
418 1.274542
419 1.301362
420 1.291885
421 1.220225
422 1.293870
423 1.250318
424 1.271971
425 1.250179
426 1.294203
427 1.225807
428 1.285751
429 1.151502
430 1.244270
431 1.196557
432 1.209431
433 1.166919
434 1.159444
435 1.155367
436 1.194598
437 1.171894
438 1.247216
439 1.124545
440 1.246111
441 1.193473
442 1.162548
443 1.111845
444 1.124289
445 1.113665
446 1.063393
447 1.071325
448 1.219618
449 1.107840
450 1.226546
451 1.056004
452 1.211862
453 0.977494
454 1.205312
455 1.015592
456 1.270149
457 1.039335
458 1.071533
459 1.151493
460 1.063341
461 1.082989
462 1.144420
463 1.116192
464 0.973727
465 0.980951
466 1.029856
467 1.018950
468 0.955478
469 1.039815
470 0.925235
471 0.998358
472 1.074353
473 1.052633
474 0.990973
475 1.025406
476 0.940078
477 0.994618
478 0.933693
479 0.970470
480 1.083353
481 0.975647
482 0.903019
483 1.010619
484 0.902714
485 0.948514
486 1.113314
487 0.948073
488 1.048935
489 0.939585
490 0.971289
491 0.992776
492 0.879752
493 0.891464
494 0.976483
495 0.948738
496 0.861117
497 0.973995
498 0.843495
499 0.951369
500 0.886239
501 0.929662
502 0.877633
503 0.867296
504 0.833188
505 0.839697
506 0.863792
507 0.853498
508 0.878094
509 0.883588
510 0.913480
511 0.792272
512 0.818872
513 1.054147
514 0.733616
515 0.890229
516 0.683922
517 0.875116
518 0.810444
519 0.800874
520 0.749124
521 0.926979
522 0.827733
523 0.837371
524 0.752560
525 0.895468
526 0.780196
527 0.813282
528 0.839446
529 0.802809
530 0.740900
531 0.801700
532 0.709049
533 0.815766
534 0.802554
535 0.899819
536 0.851997
537 0.856942
538 0.848012
539 0.779645
540 0.641568
541 0.844708
542 0.833896
543 0.724159
544 0.855765
545 0.715377
546 0.769371
547 0.674989
548 0.792014
549 0.671577
550 0.797619
551 0.810724
552 0.904023
553 0.870448
554 0.657119
555 0.723081
556 0.768498
557 0.813550
558 0.788291
559 0.677751
560 0.658472
561 0.749286
562 0.762777
563 0.772471
564 0.657813
565 0.732811
566 0.759335
567 0.840965
568 0.757872
569 0.725659
570 0.613962
571 0.932217
572 0.731333
573 0.802664
574 0.666947
575 0.809484
576 0.691248
577 0.809278
578 0.732310
579 0.661879
580 0.656841
581 0.768732
582 0.686983
583 0.653803
584 0.676148
585 0.651913
586 0.658935
587 0.653125
588 0.695899
589 0.630398
590 0.641712
591 0.661997
592 0.723041
593 0.608048
594 0.798243
595 0.734352
596 0.850072
597 0.640027
598 0.606490
599 0.751396
600 0.642514
601 0.565467
602 0.664543
603 0.606788
604 0.625390
605 0.613736
606 0.730530
607 0.623315
608 0.734634
609 0.663812
610 0.501343
611 0.613973
612 0.669799
613 0.703395
614 0.733345
615 0.587186
616 0.712123
617 0.719294
618 0.757946
619 0.643607
620 0.633464
621 0.656818
622 0.848989
623 0.660280
624 0.611552
625 0.709311
626 0.589635
627 0.556298
628 0.703161
629 0.744014
630 0.604056
631 0.599734
632 0.501402
633 0.610156
634 0.684274
635 0.646806
636 0.761110
637 0.698394
638 0.625829
639 0.583156
640 0.629757
641 0.602395
642 0.689678
643 0.601529
644 0.693046
645 0.597957
646 0.578876
647 0.605491
648 0.618860
649 0.608028
650 0.678082
651 0.554485
652 0.633507
653 0.457954
654 0.547960
655 0.498340
656 0.536625
657 0.473152
658 0.768452
659 0.606598
660 0.502725
661 0.633470
662 0.450160
663 0.705128
664 0.577934
665 0.589751
666 0.543908
667 0.751206
668 0.457904
669 0.772515
670 0.524706
671 0.450481
672 0.577373
673 0.611070
674 0.665322
675 0.547183
676 0.618243
677 0.706377
678 0.491803
679 0.476234
680 0.506441
681 0.531517
682 0.486308
683 0.564442
684 0.462796
685 0.501438
686 0.499965
687 0.616032
688 0.618045
689 0.695052
690 0.561856
691 0.617334
692 0.483673
693 0.577482
694 0.668986
695 0.658410
696 0.542094
697 0.587963
698 0.534883
699 0.484754
700 0.552001
701 0.652069
702 0.543744
703 0.682794
704 0.351714
705 0.626600
706 0.478463
707 0.483193
708 0.543683
709 0.499911
710 0.562047
711 0.619040
712 0.670902
713 0.732367
714 0.576658
715 0.485601
716 0.625364
717 0.553642
718 0.477967
719 0.682903
720 0.647146
721 0.382672
722 0.377359
723 0.737955
724 0.426770
725 0.602687
726 0.487142
727 0.561223
728 0.449760
729 0.418353
730 0.511087
731 0.551416
732 0.405102
733 0.472022
734 0.506414
735 0.495455
736 0.554986
737 0.529746
738 0.501302
739 0.702989
740 0.625710
741 0.616065
742 0.549239
743 0.478496
744 0.530317
745 0.428837
746 0.598966
747 0.534599
748 0.672393
749 0.423766
750 0.526858
751 0.656845
752 0.479821
753 0.618834
754 0.536047
755 0.580994
756 0.536527
757 0.547459
758 0.482215
759 0.593658
760 0.505194
761 0.338224
762 0.477504
763 0.471727
764 0.496928
765 0.518926
766 0.487022
767 0.517597
768 0.404168
769 0.446838
770 0.491921
771 0.715142
772 0.408624
773 0.468737
774 0.605478
775 0.429113
776 0.437958
777 0.562666
778 0.563763
779 0.498535
780 0.518422
781 0.493874
782 0.585642
783 0.416622
784 0.435792
785 0.575084
786 0.704681
787 0.463173
788 0.488613
789 0.489956
790 0.402856
791 0.489896
792 0.582112
793 0.507352
794 0.277532
795 0.484492
796 0.343102
797 0.262838
798 0.469190
799 0.474805
800 0.454187
801 0.392396
802 0.650116
803 0.450244
804 0.373345
805 0.331976
806 0.496658
807 0.358931
808 0.478769
809 0.653843
810 0.502626
811 0.549998
812 0.423729
813 0.515490
814 0.544328
815 0.468189
816 0.366660
817 0.580729
818 0.523282
819 0.316400
820 0.520717
821 0.483129
822 0.429638
823 0.434081
824 0.342165
825 0.382500
826 0.555463
827 0.463911
828 0.455025
829 0.567905
830 0.448388
831 0.456574
832 0.436650
833 0.439602
834 0.374001
835 0.342988
836 0.316699
837 0.492975
838 0.462293
839 0.375891
840 0.418134
841 0.324458
842 0.368133
843 0.299345
844 0.529111
845 0.506149
846 0.344112
847 0.445254
848 0.514962
849 0.480985
850 0.533116
851 0.446233
852 0.538002
853 0.399650
854 0.470923
855 0.492782
856 0.431599
857 0.356611
858 0.333111
859 0.402020
860 0.587350
861 0.395479
862 0.454378
863 0.686533
864 0.396244
865 0.409399
866 0.395714
867 0.368299
868 0.630490
869 0.370987
870 0.364611
871 0.442718
872 0.343817
873 0.468048
874 0.464138
875 0.573640
876 0.384844
877 0.541688
878 0.475993
879 0.669021
880 0.474722
881 0.394016
882 0.249514
883 0.654899
884 0.387302
885 0.451568
886 0.525141
887 0.542695
888 0.448867
889 0.319042
890 0.318234
891 0.344306
892 0.380418
893 0.368916
894 0.561134
895 0.418892
896 0.456700
897 0.447642
898 0.521234
899 0.385584
900 0.419147
901 0.391564
902 0.549289
903 0.408869
904 0.408297
905 0.613010
906 0.443689
907 0.330110
908 0.498391
909 0.463967
910 0.430319
911 0.403286
912 0.363484
913 0.540799
914 0.542246
915 0.302372
916 0.357955
917 0.359411
918 0.429165
919 0.434770
920 0.364215
921 0.313154
922 0.471528
923 0.400220
924 0.366503
925 0.311710
926 0.476497
927 0.352868
928 0.562295
929 0.480226
930 0.458826
931 0.359884
932 0.557008
933 0.566930
934 0.245660
935 0.248482
936 0.404659
937 0.400320
938 0.274907
939 0.606805
940 0.395623
941 0.401448
942 0.318844
943 0.396409
944 0.389504
945 0.399645
946 0.320712
947 0.590739
948 0.463905
949 0.338509
950 0.606679
951 0.460217
952 0.300135
953 0.451567
954 0.380267
955 0.315938
956 0.475399
957 0.528090
958 0.660981
959 0.559976
960 0.357430
961 0.305397
962 0.382884
963 0.408866
964 0.353431
965 0.412808
966 0.414600
967 0.278048
968 0.341254
969 0.387570
970 0.406534
971 0.245200
972 0.277227
973 0.419097
974 0.500038
975 0.357022
976 0.391409
977 0.272109
978 0.398813
979 0.466708
980 0.500072
981 0.447496
982 0.476505
983 0.307491
984 0.382244
985 0.492767
986 0.381113
987 0.475331
988 0.223369
989 0.361824
990 0.348495
991 0.462380
992 0.316577
993 0.454875
994 0.428692
995 0.520056
996 0.474828
997 0.341630
998 0.489682
999 0.528976
