0 2.298451
1 2.315799
2 2.308458
3 2.288603
4 2.300350
5 2.300347
6 2.300816
7 2.309196
8 2.292901
9 2.308642
10 2.315939
11 2.301045
12 2.281570
13 2.303241
14 2.299942
15 2.281902
16 2.300975
17 2.284633
18 2.286683
19 2.277554
20 2.294217
21 2.299260
22 2.296095
23 2.282683
24 2.299264
25 2.289964
26 2.279864
27 2.295392
28 2.297360
29 2.286836
30 2.291736
31 2.270250
32 2.289983
33 2.283730
34 2.274965
35 2.269137
36 2.279352
37 2.278553
38 2.273131
39 2.298067
40 2.272509
41 2.264924
42 2.270670
43 2.267389
44 2.276242
45 2.283343
46 2.261926
47 2.279127
48 2.285383
49 2.260352
50 2.276665
51 2.263233
52 2.272351
53 2.277081
54 2.285413
55 2.264785
56 2.271184
57 2.273289
58 2.265284
59 2.278611
60 2.264949
61 2.254631
62 2.261911
63 2.277735
64 2.266158
65 2.272790
66 2.273007
67 2.267970
68 2.261259
69 2.271566
70 2.260982
71 2.238513
72 2.250673
73 2.252331
74 2.250312
75 2.235608
76 2.252760
77 2.264765
78 2.248250
79 2.260375
80 2.252846
81 2.268765
82 2.271134
83 2.261420
84 2.245799
85 2.254784
86 2.244986
87 2.264127
88 2.254572
89 2.248932
90 2.256016
91 2.262515
92 2.240835
93 2.247985
94 2.247413
95 2.244249
96 2.255395
97 2.241663
98 2.245273
99 2.254655
100 2.247878
101 2.245068
102 2.258821
103 2.222373
104 2.248010
105 2.242924
106 2.253538
107 2.253184
108 2.243217
109 2.256910
110 2.232991
111 2.237379
112 2.231851
113 2.232066
114 2.240496
115 2.242334
116 2.238021
117 2.236223
118 2.241404
119 2.236127
120 2.234969
121 2.223761
122 2.226288
123 2.236308
124 2.224428
125 2.220350
126 2.226528
127 2.230462
128 2.236014
129 2.204656
130 2.222171
131 2.226115
132 2.228604
133 2.218941
134 2.221068
135 2.207270
136 2.209390
137 2.214734
138 2.210684
139 2.224367
140 2.208480
141 2.227489
142 2.242389
143 2.212914
144 2.213050
145 2.215724
146 2.211111
147 2.209735
148 2.235655
149 2.210208
150 2.209157
151 2.202831
152 2.208673
153 2.208714
154 2.208880
155 2.213902
156 2.196602
157 2.205935
158 2.195079
159 2.208605
160 2.213675
161 2.182466
162 2.188370
163 2.193905
164 2.194728
165 2.192509
166 2.192895
167 2.207635
168 2.202711
169 2.201909
170 2.206600
171 2.202438
172 2.194943
173 2.192458
174 2.186199
175 2.195868
176 2.202399
177 2.171803
178 2.199574
179 2.208963
180 2.180877
181 2.185794
182 2.196794
183 2.202429
184 2.150046
185 2.179680
186 2.192061
187 2.172824
188 2.174225
189 2.200213
190 2.200981
191 2.196934
192 2.183816
193 2.179419
194 2.175867
195 2.178021
196 2.173841
197 2.169438
198 2.182176
199 2.158294
200 2.203948
201 2.180328
202 2.153850
203 2.184076
204 2.167618
205 2.184567
206 2.157758
207 2.164349
208 2.182119
209 2.167233
210 2.158339
211 2.156112
212 2.141515
213 2.160127
214 2.144826
215 2.140873
216 2.140238
217 2.164397
218 2.160907
219 2.135900
220 2.163807
221 2.166957
222 2.155882
223 2.116441
224 2.155189
225 2.162871
226 2.132869
227 2.150970
228 2.147341
229 2.130908
230 2.149743
231 2.123816
232 2.157415
233 2.146188
234 2.135623
235 2.118578
236 2.130875
237 2.145582
238 2.135081
239 2.128890
240 2.131763
241 2.119327
242 2.125433
243 2.113486
244 2.116030
245 2.129089
246 2.122878
247 2.116415
248 2.116542
249 2.113852
250 2.113612
251 2.105238
252 2.133305
253 2.127001
254 2.092492
255 2.092768
256 2.116416
257 2.097945
258 2.125764
259 2.112487
260 2.102830
261 2.081832
262 2.110615
263 2.111698
264 2.121752
265 2.103698
266 2.092082
267 2.067506
268 2.096064
269 2.124212
270 2.099293
271 2.106168
272 2.105790
273 2.104316
274 2.086658
275 2.084298
276 2.095011
277 2.077186
278 2.088927
279 2.080974
280 2.081563
281 2.098901
282 2.077392
283 2.080312
284 2.067078
285 2.065989
286 2.045873
287 2.088724
288 2.077817
289 2.065204
290 2.096719
291 2.074694
292 2.047601
293 2.027068
294 2.046773
295 2.046406
296 2.048161
297 2.054821
298 2.054210
299 2.059453
300 2.046065
301 2.062039
302 2.010421
303 2.068351
304 2.037268
305 2.030546
306 2.017226
307 2.028283
308 2.021499
309 2.042758
310 2.034583
311 2.043103
312 2.044627
313 2.019732
314 2.021928
315 2.027097
316 2.062254
317 2.012599
318 2.022531
319 2.012974
320 2.047902
321 2.008297
322 2.036420
323 2.017689
324 2.003390
325 2.047857
326 2.004352
327 1.999729
328 1.986181
329 1.999840
330 1.986735
331 1.971870
332 1.958437
333 1.982613
334 1.962618
335 1.977856
336 1.972782
337 1.966043
338 1.974666
339 1.970335
340 1.958200
341 1.952142
342 1.912506
343 1.956149
344 1.982157
345 1.972187
346 1.958475
347 1.990571
348 1.928358
349 1.957775
350 1.922780
351 1.966009
352 1.912586
353 1.927902
354 1.955065
355 1.926241
356 1.940352
357 1.911084
358 1.919939
359 1.911559
360 1.929970
361 1.868416
362 1.931757
363 1.945893
364 1.939123
365 1.898481
366 1.904935
367 1.885805
368 1.885082
369 1.928625
370 1.843396
371 1.897944
372 1.866740
373 1.907926
374 1.850141
375 1.867475
376 1.858703
377 1.831385
378 1.834925
379 1.831665
380 1.919294
381 1.824673
382 1.826147
383 1.843575
384 1.845995
385 1.850472
386 1.825008
387 1.818578
388 1.760528
389 1.807152
390 1.859416
391 1.767226
392 1.825073
393 1.815679
394 1.812882
395 1.801470
396 1.779195
397 1.773960
398 1.816309
399 1.774027
400 1.781561
401 1.745329
402 1.773686
403 1.813892
404 1.744675
405 1.778013
406 1.713096
407 1.777878
408 1.710768
409 1.743636
410 1.767733
411 1.745391
412 1.732667
413 1.664949
414 1.721778
415 1.779031
416 1.675630
417 1.692618
418 1.695879
419 1.689859
420 1.722977
421 1.646677
422 1.732593
423 1.649484
424 1.730443
425 1.631691
426 1.687309
427 1.678426
428 1.692615
429 1.686263
430 1.650587
431 1.678740
432 1.653807
433 1.635449
434 1.630822
435 1.612124
436 1.608694
437 1.612669
438 1.647247
439 1.644335
440 1.636184
441 1.616177
442 1.513572
443 1.610345
444 1.574522
445 1.603173
446 1.554397
447 1.546722
448 1.594543
449 1.488389
450 1.551037
451 1.599496
452 1.582494
453 1.548688
454 1.465279
455 1.547914
456 1.525457
457 1.541066
458 1.538676
459 1.500776
460 1.475941
461 1.475716
462 1.590730
463 1.465236
464 1.466140
465 1.524770
466 1.451214
467 1.535554
468 1.508933
469 1.449201
470 1.474609
471 1.496267
472 1.486689
473 1.447236
474 1.404268
475 1.424733
476 1.482735
477 1.458925
478 1.455833
479 1.422890
480 1.391622
481 1.436144
482 1.402339
483 1.366330
484 1.407776
485 1.415315
486 1.322729
487 1.442936
488 1.341379
489 1.305972
490 1.323273
491 1.411994
492 1.305078
493 1.343813
494 1.308658
495 1.340029
496 1.246463
497 1.333600
498 1.235610
499 1.270168
500 1.246523
501 1.364886
502 1.321329
503 1.299527
504 1.305181
505 1.277402
506 1.287171
507 1.182994
508 1.262501
509 1.237297
510 1.271394
511 1.226372
512 1.225674
513 1.240477
514 1.138252
515 1.153643
516 1.174290
517 1.157846
518 1.218966
519 1.151704
520 1.105743
521 1.141864
522 1.146213
523 1.224846
524 1.116858
525 1.147050
526 1.113052
527 1.152903
528 1.150992
529 1.169990
530 1.193580
531 1.191348
532 1.039644
533 1.180819
534 1.078626
535 1.118810
536 1.201711
537 1.093201
538 1.116055
539 1.124879
540 1.106340
541 1.150085
542 1.283305
543 1.110294
544 1.090866
545 1.005625
546 1.077909
547 1.053204
548 1.125084
549 1.022762
550 1.077575
551 0.994523
552 1.066942
553 1.050137
554 1.105791
555 0.905145
556 0.995918
557 1.070045
558 1.057660
559 1.038045
560 1.008705
561 1.033248
562 1.098160
563 1.073945
564 1.036240
565 0.928423
566 1.086817
567 1.001122
568 0.935416
569 1.040695
570 1.015421
571 1.030004
572 1.039121
573 1.059781
574 0.897349
575 0.935099
576 0.918756
577 0.979540
578 0.896753
579 0.964103
580 0.984270
581 0.876342
582 0.904037
583 0.990638
584 0.992743
585 0.868180
586 0.936072
587 0.919299
588 0.951288
589 0.971260
590 0.904592
591 0.912286
592 0.956825
593 0.850271
594 0.914982
595 0.982066
596 0.924240
597 0.952018
598 0.832136
599 0.984955
600 0.876860
601 0.976860
602 0.906402
603 0.886307
604 0.968203
605 0.983309
606 0.844012
607 0.863223
608 0.974466
609 0.949298
610 0.943193
611 0.856915
612 0.929138
613 0.936642
614 0.887523
615 0.990083
616 0.807260
617 0.918992
618 0.980073
619 0.783891
620 0.912482
621 0.789065
622 0.859037
623 0.814804
624 0.791085
625 0.764970
626 0.840837
627 0.704425
628 0.803363
629 0.737292
630 0.746495
631 0.749122
632 0.894239
633 0.763052
634 0.735411
635 0.890192
636 0.842146
637 0.680301
638 0.816937
639 0.861436
640 0.808932
641 0.736792
642 0.876249
643 0.782577
644 0.708309
645 0.734595
646 0.711756
647 0.803267
648 0.703242
649 0.706051
650 0.733354
651 0.789870
652 0.765012
653 0.760446
654 0.808651
655 0.709301
656 0.662894
657 0.792512
658 0.692235
659 0.698441
660 0.703011
661 0.769482
662 0.691105
663 0.799779
664 0.748745
665 0.713865
666 0.840892
667 0.770388
668 0.775842
669 0.809723
670 0.731651
671 0.756765
672 0.749947
673 0.672178
674 0.774830
675 0.795180
676 0.818193
677 0.657807
678 0.628438
679 0.730604
680 0.764221
681 0.720218
682 0.712975
683 0.652748
684 0.661653
685 0.603570
686 0.646759
687 0.700774
688 0.793439
689 0.654625
690 0.775080
691 0.707480
692 0.822344
693 0.661730
694 0.666638
695 0.711411
696 0.636315
697 0.662497
698 0.621574
699 0.671227
700 0.810626
701 0.739043
702 0.709620
703 0.726148
704 0.641689
705 0.616440
706 0.669443
707 0.696694
708 0.759897
709 0.567962
710 0.570758
711 0.629274
712 0.600642
713 0.650558
714 0.700794
715 0.650693
716 0.767911
717 0.680099
718 0.670808
719 0.713887
720 0.692959
721 0.592078
722 0.589333
723 0.613039
724 0.546997
725 0.577696
726 0.612070
727 0.624826
728 0.659984
729 0.545125
730 0.656078
731 0.605627
732 0.789047
733 0.777229
734 0.586228
735 0.597597
736 0.632903
737 0.621707
738 0.555270
739 0.704493
740 0.646636
741 0.640500
742 0.603206
743 0.694333
744 0.635389
745 0.641186
746 0.547019
747 0.560340
748 0.528766
749 0.706070
750 0.607808
751 0.564590
752 0.678322
753 0.628065
754 0.525389
755 0.651336
756 0.511204
757 0.571224
758 0.589057
759 0.601272
760 0.636946
761 0.626973
762 0.604216
763 0.697074
764 0.596492
765 0.729913
766 0.613273
767 0.529063
768 0.649534
769 0.515587
770 0.656643
771 0.512808
772 0.503075
773 0.505210
774 0.730582
775 0.576641
776 0.612859
777 0.655759
778 0.523622
779 0.552889
780 0.595118
781 0.606148
782 0.549736
783 0.613244
784 0.626487
785 0.553197
786 0.658670
787 0.593177
788 0.659791
789 0.525916
790 0.511369
791 0.640454
792 0.583569
793 0.613958
794 0.655026
795 0.483599
796 0.470367
797 0.599470
798 0.625866
799 0.497970
800 0.467028
801 0.622845
802 0.639932
803 0.553185
804 0.578417
805 0.493565
806 0.623259
807 0.600481
808 0.577272
809 0.588741
810 0.531522
811 0.470840
812 0.476504
813 0.573732
814 0.569676
815 0.507373
816 0.444853
817 0.523706
818 0.456150
819 0.486912
820 0.537073
821 0.557703
822 0.710285
823 0.365260
824 0.491517
825 0.464013
826 0.522217
827 0.479709
828 0.537758
829 0.535287
830 0.601544
831 0.426229
832 0.627199
833 0.520841
834 0.597176
835 0.702190
836 0.614959
837 0.430475
838 0.653286
839 0.558756
840 0.451907
841 0.832234
842 0.585093
843 0.614952
844 0.517919
845 0.444171
846 0.573584
847 0.461611
848 0.526138
849 0.643546
850 0.579648
851 0.524740
852 0.473197
853 0.597686
854 0.435931
855 0.461639
856 0.670382
857 0.554725
858 0.413417
859 0.625388
860 0.587962
861 0.537874
862 0.465505
863 0.545483
864 0.494427
865 0.531993
866 0.511150
867 0.493482
868 0.542078
869 0.481197
870 0.519013
871 0.513732
872 0.420736
873 0.396867
874 0.521541
875 0.561687
876 0.659608
877 0.524183
878 0.416365
879 0.422915
880 0.471666
881 0.561299
882 0.456337
883 0.398163
884 0.580499
885 0.547350
886 0.457338
887 0.467867
888 0.554555
889 0.554546
890 0.473762
891 0.543756
892 0.450120
893 0.454938
894 0.601794
895 0.424921
896 0.706120
897 0.640640
898 0.551117
899 0.451789
900 0.477255
901 0.527494
902 0.452306
903 0.446193
904 0.492670
905 0.500875
906 0.451582
907 0.519475
908 0.448686
909 0.462703
910 0.489232
911 0.401019
912 0.463029
913 0.508009
914 0.390462
915 0.495329
916 0.576092
917 0.452600
918 0.425471
919 0.390940
920 0.422294
921 0.548606
922 0.548676
923 0.418182
924 0.389686
925 0.542766
926 0.468090
927 0.499043
928 0.518328
929 0.374050
930 0.408008
931 0.462437
932 0.444857
933 0.414034
934 0.499973
935 0.589741
936 0.458815
937 0.437878
938 0.540011
939 0.499224
940 0.473281
941 0.478886
942 0.336710
943 0.378531
944 0.438730
945 0.470326
946 0.544145
947 0.419082
948 0.539999
949 0.531581
950 0.459302
951 0.444313
952 0.594510
953 0.549263
954 0.481812
955 0.464247
956 0.350840
957 0.372737
958 0.484842
959 0.574115
960 0.402010
961 0.451428
962 0.494315
963 0.595812
964 0.543354
965 0.423496
966 0.394739
967 0.479282
968 0.496663
969 0.430809
970 0.503928
971 0.544310
972 0.443914
973 0.461308
974 0.477420
975 0.460848
976 0.415538
977 0.470611
978 0.494978
979 0.452312
980 0.472215
981 0.503007
982 0.485382
983 0.441910
984 0.440431
985 0.463672
986 0.365263
987 0.526078
988 0.412335
989 0.485963
990 0.387314
991 0.433187
992 0.557397
993 0.488906
994 0.368122
995 0.490033
996 0.381475
997 0.559758
998 0.467895
999 0.365733
