0 2.304085
1 2.309499
2 2.288114
3 2.263757
4 2.300551
5 2.314521
6 2.296030
7 2.288937
8 2.286933
9 2.293940
10 2.288667
11 2.324393
12 2.288800
13 2.298391
14 2.303777
15 2.308710
16 2.306675
17 2.304765
18 2.301185
19 2.284526
20 2.295972
21 2.277497
22 2.293353
23 2.293128
24 2.294182
25 2.298351
26 2.291505
27 2.289882
28 2.303224
29 2.292475
30 2.287400
31 2.274826
32 2.279092
33 2.286309
34 2.275683
35 2.272580
36 2.287507
37 2.280341
38 2.293711
39 2.277342
40 2.283695
41 2.295390
42 2.283109
43 2.300458
44 2.283974
45 2.257385
46 2.275517
47 2.262099
48 2.263980
49 2.269474
50 2.268685
51 2.251944
52 2.269801
53 2.252279
54 2.258534
55 2.255661
56 2.271114
57 2.267400
58 2.263344
59 2.262100
60 2.273950
61 2.265485
62 2.265529
63 2.255562
64 2.262673
65 2.260902
66 2.270307
67 2.249645
68 2.241971
69 2.260739
70 2.250547
71 2.262020
72 2.257060
73 2.247820
74 2.253486
75 2.249123
76 2.247109
77 2.233641
78 2.256252
79 2.231474
80 2.238974
81 2.249343
82 2.235288
83 2.239695
84 2.238030
85 2.243480
86 2.250551
87 2.247351
88 2.262679
89 2.235526
90 2.250953
91 2.243106
92 2.237656
93 2.221577
94 2.234527
95 2.242004
96 2.233519
97 2.238581
98 2.248235
99 2.247137
100 2.239500
101 2.248541
102 2.233060
103 2.231976
104 2.236416
105 2.228422
106 2.213924
107 2.211362
108 2.231407
109 2.233036
110 2.219871
111 2.233645
112 2.229495
113 2.214431
114 2.221037
115 2.231152
116 2.210629
117 2.229871
118 2.227249
119 2.225869
120 2.225593
121 2.221771
122 2.211211
123 2.221370
124 2.225346
125 2.228469
126 2.210252
127 2.195694
128 2.210478
129 2.198071
130 2.213885
131 2.217700
132 2.197117
133 2.218660
134 2.201315
135 2.178471
136 2.196991
137 2.209873
138 2.202100
139 2.194402
140 2.201966
141 2.209025
142 2.185132
143 2.202094
144 2.191626
145 2.184264
146 2.185787
147 2.185414
148 2.174876
149 2.194572
150 2.192125
151 2.189882
152 2.190110
153 2.189756
154 2.180184
155 2.176359
156 2.182191
157 2.183056
158 2.188233
159 2.178181
160 2.181019
161 2.176161
162 2.152869
163 2.188105
164 2.162273
165 2.177583
166 2.143582
167 2.155164
168 2.191427
169 2.178000
170 2.161302
171 2.184002
172 2.147705
173 2.165144
174 2.173392
175 2.134551
176 2.161309
177 2.185519
178 2.154932
179 2.144818
180 2.169411
181 2.154617
182 2.176147
183 2.143740
184 2.147458
185 2.136298
186 2.133914
187 2.151482
188 2.132043
189 2.159541
190 2.132588
191 2.126755
192 2.133932
193 2.151603
194 2.144018
195 2.135815
196 2.134557
197 2.149269
198 2.121773
199 2.134262
200 2.124497
201 2.133389
202 2.115862
203 2.141380
204 2.133330
205 2.123311
206 2.112001
207 2.126421
208 2.137342
209 2.123435
210 2.110678
211 2.099263
212 2.086604
213 2.102899
214 2.129734
215 2.103382
216 2.108197
217 2.100708
218 2.109697
219 2.101880
220 2.099314
221 2.067710
222 2.109066
223 2.083393
224 2.099895
225 2.115155
226 2.105770
227 2.092007
228 2.067280
229 2.085372
230 2.083133
231 2.082030
232 2.102446
233 2.081304
234 2.100296
235 2.054515
236 2.087517
237 2.076753
238 2.082124
239 2.074468
240 2.068648
241 2.081859
242 2.072782
243 2.062787
244 2.066248
245 2.085010
246 2.057297
247 2.064177
248 2.091805
249 2.069920
250 2.066175
251 2.036505
252 2.038489
253 2.030673
254 2.033847
255 2.013727
256 2.045964
257 2.050743
258 2.054823
259 2.066137
260 2.027288
261 2.042307
262 2.039972
263 2.037362
264 2.038036
265 2.033438
266 2.029291
267 2.022855
268 1.987279
269 2.002268
270 2.030849
271 2.015465
272 1.980892
273 1.987922
274 2.013175
275 1.976543
276 1.991788
277 2.012378
278 1.989895
279 2.005610
280 2.022914
281 1.985572
282 1.999482
283 2.005537
284 1.965804
285 1.993420
286 1.986190
287 1.966433
288 1.966505
289 1.951252
290 1.987117
291 1.978584
292 1.970921
293 1.923935
294 1.942477
295 1.981575
296 1.998203
297 1.931287
298 1.933340
299 1.956609
300 1.924332
301 1.924054
302 1.931878
303 1.947955
304 1.944714
305 1.945237
306 1.910088
307 1.938206
308 1.933891
309 1.952866
310 1.910577
311 1.951945
312 1.896882
313 1.887562
314 1.916791
315 1.925225
316 1.957726
317 1.848736
318 1.898669
319 1.856868
320 1.900714
321 1.872757
322 1.868655
323 1.888114
324 1.938506
325 1.855668
326 1.831614
327 1.909193
328 1.895588
329 1.868939
330 1.894130
331 1.822546
332 1.829920
333 1.874856
334 1.838335
335 1.878120
336 1.836303
337 1.852131
338 1.829569
339 1.851418
340 1.833649
341 1.814620
342 1.850873
343 1.835737
344 1.844337
345 1.807023
346 1.834556
347 1.825789
348 1.848336
349 1.805668
350 1.798367
351 1.766349
352 1.790553
353 1.789490
354 1.799344
355 1.739139
356 1.739836
357 1.784907
358 1.797441
359 1.744852
360 1.755497
361 1.732746
362 1.750126
363 1.763520
364 1.722063
365 1.751085
366 1.777323
367 1.784348
368 1.708396
369 1.778462
370 1.714340
371 1.676687
372 1.664244
373 1.714394
374 1.764938
375 1.760101
376 1.689849
377 1.676555
378 1.733912
379 1.706713
380 1.664547
381 1.669490
382 1.693993
383 1.762388
384 1.695509
385 1.645031
386 1.654951
387 1.610734
388 1.578131
389 1.641848
390 1.649437
391 1.584219
392 1.634935
393 1.660856
394 1.601499
395 1.591296
396 1.591857
397 1.689483
398 1.598732
399 1.578877
400 1.579964
401 1.631257
402 1.607727
403 1.472775
404 1.549944
405 1.536500
406 1.548554
407 1.612550
408 1.511169
409 1.545528
410 1.547328
411 1.529738
412 1.490032
413 1.514914
414 1.543672
415 1.568621
416 1.569539
417 1.489931
418 1.462297
419 1.528583
420 1.447367
421 1.553589
422 1.442795
423 1.483991
424 1.481502
425 1.439978
426 1.478731
427 1.530000
428 1.527696
429 1.400956
430 1.472535
431 1.435411
432 1.476030
433 1.481863
434 1.413581
435 1.483383
436 1.461334
437 1.396757
438 1.475611
439 1.371566
440 1.340247
441 1.329645
442 1.436869
443 1.386402
444 1.413338
445 1.348950
446 1.305976
447 1.374117
448 1.370238
449 1.310575
450 1.344402
451 1.491452
452 1.406934
453 1.419203
454 1.348997
455 1.218132
456 1.293633
457 1.319575
458 1.244975
459 1.299379
460 1.314882
461 1.359327
462 1.308001
463 1.266028
464 1.324881
465 1.291207
466 1.273968
467 1.265648
468 1.271679
469 1.214609
470 1.278562
471 1.182989
472 1.293613
473 1.211163
474 1.243297
475 1.192057
476 1.247889
477 1.328679
478 1.236375
479 1.189445
480 1.174618
481 1.190048
482 1.241453
483 1.177318
484 1.122634
485 1.113126
486 1.139134
487 1.211967
488 1.190522
489 1.118451
490 1.138599
491 1.209485
492 1.146958
493 1.154639
494 1.111752
495 1.129352
496 1.226452
497 1.103804
498 1.140404
499 1.035980
500 1.102905
501 1.085748
502 1.139340
503 1.096096
504 1.007583
505 1.104152
506 1.009374
507 1.104590
508 0.982342
509 1.006361
510 1.142116
511 1.030053
512 1.157538
513 1.082223
514 1.124494
515 1.054737
516 1.022596
517 0.968103
518 1.048840
519 1.038796
520 1.058268
521 0.993579
522 1.086793
523 1.029444
524 0.948627
525 1.002341
526 1.018238
527 0.999593
528 0.988434
529 0.938530
530 1.086362
531 0.942271
532 0.949409
533 0.986677
534 0.940665
535 0.972908
536 0.897536
537 0.944415
538 0.973334
539 0.962691
540 1.055315
541 0.873279
542 0.939010
543 0.993817
544 0.999700
545 0.899748
546 1.030417
547 0.959297
548 1.058258
549 0.948310
550 1.072856
551 0.970343
552 0.817185
553 0.888398
554 0.883848
555 0.910355
556 0.999764
557 0.856598
558 0.880222
559 0.848671
560 0.866845
561 0.863187
562 0.825596
563 0.880808
564 1.000131
565 0.845082
566 0.812084
567 0.810737
568 0.966311
569 0.757574
570 1.006312
571 0.906087
572 0.900943
573 0.870659
574 0.839801
575 0.927607
576 0.920085
577 0.783502
578 0.777554
579 0.840542
580 0.804922
581 0.829245
582 0.886158
583 0.858789
584 0.824070
585 0.813287
586 0.847915
587 0.721912
588 0.739421
589 0.744470
590 0.830967
591 0.752310
592 0.801767
593 0.726655
594 0.769263
595 0.728030
596 0.885925
597 0.733324
598 0.828696
599 0.780326
600 0.888978
601 0.781947
602 0.859940
603 0.937244
604 0.693960
605 0.774247
606 0.776762
607 0.775656
608 0.732618
609 0.924433
610 0.722047
611 0.851803
612 0.669268
613 0.749016
614 0.768254
615 0.862526
616 0.716975
617 0.768780
618 0.775458
619 0.846615
620 0.687462
621 0.727000
622 0.728693
623 0.684110
624 0.673442
625 0.685040
626 0.692714
627 0.615323
628 0.643353
629 0.758101
630 0.746539
631 0.642166
632 0.766750
633 0.787247
634 0.700325
635 0.691516
636 0.719370
637 0.664262
638 0.730194
639 0.742918
640 0.522438
641 0.591370
642 0.734926
643 0.769404
644 0.913988
645 0.659211
646 0.585463
647 0.720738
648 0.711424
649 0.675317
650 0.865126
651 0.721958
652 0.714951
653 0.662614
654 0.636844
655 0.676046
656 0.579989
657 0.735968
658 0.677176
659 0.734031
660 0.720368
661 0.617608
662 0.692968
663 0.740577
664 0.696030
665 0.747135
666 0.645968
667 0.703904
668 0.653614
669 0.726271
670 0.681239
671 0.561131
672 0.608600
673 0.739371
674 0.732446
675 0.694280
676 0.617335
677 0.790824
678 0.683916
679 0.797537
680 0.646331
681 0.657327
682 0.675979
683 0.576097
684 0.638577
685 0.696443
686 0.493313
687 0.576770
688 0.626860
689 0.699749
690 0.626225
691 0.599131
692 0.555166
693 0.614967
694 0.609310
695 0.598451
696 0.672721
697 0.676285
698 0.588423
699 0.605941
700 0.570522
701 0.577431
702 0.681831
703 0.570216
704 0.608575
705 0.671007
706 0.620216
707 0.725427
708 0.683677
709 0.633153
710 0.504129
711 0.592773
712 0.629972
713 0.508377
714 0.703697
715 0.626026
716 0.578397
717 0.456103
718 0.611954
719 0.680512
720 0.536320
721 0.515080
722 0.621435
723 0.503462
724 0.528508
725 0.696243
726 0.504656
727 0.621036
728 0.543546
729 0.585345
730 0.647995
731 0.656111
732 0.574936
733 0.457042
734 0.592147
735 0.640630
736 0.509823
737 0.611056
738 0.654953
739 0.517289
740 0.631232
741 0.429914
742 0.592961
743 0.618021
744 0.643586
745 0.649542
746 0.560572
747 0.597562
748 0.630554
749 0.645760
750 0.522691
751 0.560167
752 0.525977
753 0.566709
754 0.530858
755 0.513083
756 0.640475
757 0.543110
758 0.646487
759 0.518162
760 0.477811
761 0.470612
762 0.577683
763 0.513527
764 0.551784
765 0.539022
766 0.619298
767 0.663898
768 0.572426
769 0.592184
770 0.554532
771 0.612892
772 0.552041
773 0.536094
774 0.615802
775 0.550257
776 0.471284
777 0.497159
778 0.558746
779 0.620462
780 0.554294
781 0.463701
782 0.516568
783 0.633063
784 0.596037
785 0.455443
786 0.491576
787 0.463629
788 0.529794
789 0.477007
790 0.543208
791 0.533156
792 0.562936
793 0.607491
794 0.451798
795 0.388154
796 0.582952
797 0.653043
798 0.512634
799 0.414993
800 0.564896
801 0.600764
802 0.564379
803 0.416111
804 0.451945
805 0.661140
806 0.474097
807 0.504965
808 0.590639
809 0.456026
810 0.527883
811 0.496678
812 0.485140
813 0.610771
814 0.587151
815 0.514984
816 0.376218
817 0.555637
818 0.434033
819 0.533191
820 0.618009
821 0.551093
822 0.585842
823 0.492028
824 0.695679
825 0.571809
826 0.586957
827 0.587435
828 0.515918
829 0.456148
830 0.478186
831 0.438893
832 0.457012
833 0.472006
834 0.523437
835 0.503786
836 0.578487
837 0.470760
838 0.421140
839 0.536317
840 0.573829
841 0.537236
842 0.463767
843 0.458711
844 0.428835
845 0.447110
846 0.664971
847 0.487767
848 0.387169
849 0.513494
850 0.521139
851 0.590671
852 0.442022
853 0.401205
854 0.548091
855 0.520325
856 0.613640
857 0.578299
858 0.558350
859 0.432372
860 0.502670
861 0.580567
862 0.432880
863 0.413086
864 0.608784
865 0.341339
866 0.466690
867 0.420437
868 0.516330
869 0.461374
870 0.398773
871 0.424657
872 0.578321
873 0.443866
874 0.463173
875 0.330522
876 0.454017
877 0.408703
878 0.504844
879 0.442705
880 0.454054
881 0.413882
882 0.369633
883 0.405271
884 0.527287
885 0.505024
886 0.430411
887 0.365298
888 0.446447
889 0.466154
890 0.492020
891 0.456782
892 0.475535
893 0.422668
894 0.429698
895 0.461805
896 0.513916
897 0.506943
898 0.395196
899 0.399011
900 0.382871
901 0.509567
902 0.401290
903 0.467811
904 0.366260
905 0.424009
906 0.509042
907 0.439875
908 0.398789
909 0.423189
910 0.405357
911 0.494093
912 0.350690
913 0.603170
914 0.486610
915 0.511491
916 0.408084
917 0.428275
918 0.611092
919 0.391146
920 0.432787
921 0.508358
922 0.338139
923 0.391259
924 0.433273
925 0.366366
926 0.517020
927 0.605012
928 0.428861
929 0.469804
930 0.484069
931 0.463659
932 0.515040
933 0.597781
934 0.367979
935 0.500191
936 0.459057
937 0.432753
938 0.436852
939 0.432766
940 0.462771
941 0.453315
942 0.399521
943 0.366299
944 0.537708
945 0.369247
946 0.595919
947 0.436526
948 0.484587
949 0.411799
950 0.343687
951 0.568981
952 0.335974
953 0.344405
954 0.434591
955 0.506981
956 0.397339
957 0.561539
958 0.491883
959 0.345158
960 0.489412
961 0.516188
962 0.387549
963 0.602905
964 0.443591
965 0.461928
966 0.544579
967 0.440972
968 0.454700
969 0.469538
970 0.411910
971 0.395091
972 0.587572
973 0.388489
974 0.433018
975 0.466609
976 0.504508
977 0.564805
978 0.574498
979 0.529867
980 0.490496
981 0.337942
982 0.469034
983 0.411336
984 0.612149
985 0.491813
986 0.443187
987 0.381891
988 0.491075
989 0.350939
990 0.458122
991 0.474513
992 0.412579
993 0.642541
994 0.412789
995 0.334958
996 0.572046
997 0.391200
998 0.380267
999 0.456878
