0 -4.480295897346014e-08
1 0.0
2 -0.0009724659136862287
3 0.008388397898279583
4 0.007087000700398737
5 0.00020428871784653702
6 0.0012779931385858343
7 0.0
8 0.01720334187283478
9 0.00599891966296114
10 0.013969158591865169
11 0.0010522527111488207
12 0.0
13 0.0021304601105664508
14 0.00029130123378932313
15 0.0007850466937747629
16 0.0
17 8.481061648319855e-05
18 1.3223666922443804e-07
19 -0.00012114629520696522
20 0.000159477733194362
21 0.017695836364552957
22 0.005349213336620636
23 0.01643260574089057
24 0.0
25 0.0
26 0.017687369699770042
27 0.0
28 0.005484823485658348
29 0.0024962436340904455
30 0.0
31 0.00032096533306834367
32 0.018979864574090906
33 0.01676148429832054
34 0.002824833745874117
35 0.0
36 0.003287412706836233
37 0.0
38 0.0
39 0.004149505940121113
40 0.0003260909075287443
41 0.0
42 0.0
43 -0.0002113831844559952
44 0.001986803753464918
45 0.0
46 1.287921486442279e-05
47 0.005385878696508833
48 0.004210895252634838
49 0.0008540926454275295
50 0.0029699782593426453
51 0.0025642322675746257
52 0.00286408096791735
53 4.0683261978063834e-07
54 0.0
55 0.0
56 0.000523491642213467
57 -0.0002677528490486547
58 -0.0004798353961309826
59 0.0
60 -0.0005719512542341803
61 0.0
62 -9.891753139096495e-08
63 0.00023183625992933632
64 0.0
65 -0.0004750384052225205
66 0.009357759495604247
67 2.3728103890238684e-07
68 0.00020442202398103366
69 0.001696514618351176
70 1.872090829377255e-06
71 -0.00017357094053498253
72 -8.3322370012849e-10
73 7.666987979071381e-05
74 0.0
75 0.0
76 0.0
77 0.0
78 -0.0036742196534760296
79 -0.002124885477257976
80 -0.0010282286717938406
81 -1.1910820230133447e-07
82 -0.0001307266428339151
83 0.0
84 1.1084530854611208e-07
85 0.00057083706745851
86 0.00010299988928349803
87 -0.00011555255798621928
88 -0.003407535783480853
89 0.0
90 0.0
91 -0.0034570503630675375
92 0.0
93 0.013228388290311071
94 0.007073796344820753
95 0.0
96 -0.000407959667488374
97 -7.527149957883608e-08
98 -0.0001078993993811009
99 -0.0003133136927476502
