0 -1.841625183134188e-08
1 0.00026634038718115595
2 -0.0005144690492618324
3 0.008727026490217013
4 0.008674337363869597
5 0.0002723845312576906
6 0.001438831673220737
7 0.0015279715307329658
8 0.011751181637961298
9 0.00702516157253485
10 0.01485216136640849
11 0.0
12 0.0038484999755978105
13 0.0
14 0.0009104649005656127
15 0.0033355289210252083
16 0.0
17 0.0003565647782405293
18 0.0
19 0.001975198601690537
20 0.002899196710233939
21 0.007442299593548862
22 0.0
23 0.0
24 0.006401463285050308
25 0.007485816306574426
26 0.006531430628000653
27 0.0
28 0.0
29 0.0
30 -0.004802631447091699
31 0.0
32 0.0
33 -0.0044751400128006935
34 -0.00047420777607129727
35 -0.0001112469816457466
36 -0.0006998960236202714
37 1.1715421591677991e-07
38 0.0036845054730389837
39 0.0005193782700368224
40 -0.00031403371985672145
41 -0.00014204705031275796
42 0.0
43 0.0
44 0.0
45 0.0
46 -7.575550781834316e-05
47 -0.004717790638096631
48 -0.0038760423194617033
49 -0.001474149600568353
50 0.0
51 -0.0041343290358781815
52 -0.0042440720135346055
53 -8.034318367600118e-09
54 -0.0005474913908400001
55 7.149285018031841e-08
56 4.23951256836896e-05
57 0.0
58 -0.00047017863500930764
59 8.759626458902664e-08
60 -0.0003234280829666029
61 0.0
62 1.1731009492504456e-07
63 0.0005130567633065323
64 0.0
65 -0.0005517141396973295
66 0.0
67 1.2075873106711143e-07
68 0.0
69 -1.685699178799995e-05
70 -0.00018390364339043754
71 0.0
72 9.319930270910942e-08
73 -3.5577643125389425e-05
74 -1.0375741908331195e-08
75 0.0
76 1.480529753193261e-07
77 8.328091522987054e-05
78 0.003393941083638758
79 0.004115230195935677
80 0.00011599443032317923
81 2.9388625210272156e-08
82 0.0
83 0.00045850648873897205
84 1.244128423436638e-07
85 0.0003227774554074197
86 0.0
87 0.0005594675287989972
88 -0.003407535783480853
89 -0.001447944578430338
90 -0.0034926661173813045
91 -0.0034570503630675375
92 -0.0015038294831413168
93 0.0
94 0.0
95 3.722892514086975e-08
96 0.0
97 7.247853019373693e-08
98 0.0
99 0.0
