0 1.0399741249523745e-07
1 -0.000909373302468358
2 -0.0014354877758799784
3 -0.004977428664763768
4 -0.004488845821470022
5 0.0
6 -0.0008038370557612379
7 0.0
8 0.0
9 0.0
10 -0.005764257162809372
11 -0.00022892985523110957
12 -0.0009789159170799067
13 -0.0005308493113210159
14 0.0
15 0.0
16 7.6169915188428774e-06
17 0.0
18 0.0
19 0.0
20 -0.0008272224259537768
21 -0.005027618957683444
22 -0.0011868104825888774
23 -0.0048738629557192326
24 0.0
25 0.0
26 0.0
27 -0.0004163169263473436
28 -0.000986029038000097
29 -0.0007291144252732964
30 -0.004802631447091699
31 -0.0002979606153606558
32 -0.004618761478923261
33 0.0
34 -0.0005546316015737492
35 -0.00017604001479176872
36 -0.0008804452288554991
37 -2.3753923323908777e-07
38 -0.0044082519598305225
39 -0.001350507905456766
40 -0.0006978417103766787
41 -0.0005790342310037745
42 0.0
43 -0.0009010211363340239
44 -0.0042753443121910095
45 -1.47054010178356e-06
46 0.0
47 0.0
48 0.0
49 0.0
50 -0.004260576795786619
51 -0.0041343290358781815
52 -0.0042440720135346055
53 -1.959612943281842e-07
54 -0.0007126640712410105
55 0.0
56 -0.0002969903643769755
57 -0.0005814195177003025
58 -0.0006817723192903686
59 0.0
60 -0.0007539196775496748
61 -0.0005806668094407996
62 -1.0176418251980793e-07
63 0.0
64 -0.004045144887641072
65 0.0
66 -0.0038876247126609087
67 -2.104358068524614e-07
68 -0.00011164391371788322
69 0.0
70 -0.00032593753101900464
71 -0.0005219341531455374
72 -1.5880906108554806e-07
73 -0.0008410580792255089
74 -2.2036848820737715e-07
75 -0.0005060344497872623
76 -2.5010297170095833e-07
77 -0.0003148188488561989
78 -0.0036742196534760296
79 -0.002124885477257976
80 0.0
81 -1.9968743823436119e-07
82 -0.0006945901109184248
83 0.0
84 -2.193897390795968e-07
85 -0.0008354776242882271
86 -0.0005528291304499627
87 0.0
88 0.0
89 0.0
90 -0.0034926661173813045
91 -0.0034570503630675375
92 0.0
93 -0.0033163246407639235
94 0.0
95 -1.6155871338422017e-07
96 -0.000861378567452717
97 0.0
98 -0.00021060379714560104
99 0.0
