0 -2.14711560972969e-08
1 0.00022008504818937693
2 0.0
3 0.0
4 0.0
5 0.0
6 0.0
7 -0.00010571484939517487
8 0.0
9 0.0
10 0.0
11 0.0
12 -0.000331661333993445
13 -0.0003678324691100591
14 0.0
15 -0.0010243790511908061
16 -5.681428897864742e-06
17 -7.226823186873765e-05
18 -3.957686456341861e-09
19 -0.0002452222708757412
20 0.0
21 -0.005027618957683444
22 0.0
23 -0.0048738629557192326
24 -0.00225711735534162
25 0.0
26 -0.004843748640269041
27 0.0
28 0.0
29 0.0
30 0.0
31 -0.0002979606153606558
32 0.0
33 0.0
34 0.0
35 -0.00022905105592266429
36 0.0
37 2.0552966468110076e-08
38 0.0
39 -0.0009751525089778578
40 -0.0006408489292702378
41 -0.0005109280767708482
42 -0.004257102147676051
43 -0.0009125497757906942
44 -0.0042753443121910095
45 2.899707016277961e-06
46 -7.68656864758893e-05
47 -0.004717790638096631
48 -0.0038760423194617033
49 0.0
50 -0.004260576795786619
51 -0.0041343290358781815
52 0.0
53 -1.0117413589087584e-08
54 -0.0005832984396790522
55 7.910411652683111e-08
56 -7.684901246934242e-05
57 -0.0005493164308063664
58 0.0
59 8.562786678384006e-08
60 0.0
61 1.4637185166415779e-05
62 7.754746188401205e-08
63 -0.0003177884553667603
64 -0.004045144887641072
65 0.0
66 -0.0038876247126609087
67 1.965876657484913e-08
68 1.4947343205828043e-05
69 0.0
70 0.0
71 -0.0002575086570021839
72 3.2877991392173567e-08
73 0.0
74 1.4582787307032924e-07
75 -4.054599083695396e-05
76 4.540477023344601e-09
77 -0.00011700505644638382
78 0.0
79 -0.0005918305496093049
80 1.1749750479321735e-05
81 4.4018988576873945e-07
82 0.0
83 0.0010623627230496224
84 0.0
85 -0.0005526646454600779
86 -0.0005908734314351911
87 -0.0004956508276087781
88 -0.003407535783480853
89 -0.001447944578430338
90 -0.0034926661173813045
91 -0.0034570503630675375
92 0.0
93 -0.0033163246407639235
94 -0.0015437886349047858
95 2.2496238194893925e-07
96 -0.0001971993079985545
97 -2.4934117177546276e-08
98 -8.49432720440116e-05
99 -0.0003039335919733295
