0 -1.877052028461755e-08
1 0.0
2 -0.0006850861001533256
3 0.0
4 0.0
5 -2.490060381914391e-05
6 -0.00020496288190714057
7 0.0
8 -0.005790896713733673
9 0.0
10 0.0
11 0.0
12 0.0
13 0.0
14 0.0
15 0.0
16 -6.1381755335636174e-06
17 -0.00010503163213038834
18 3.0936208254255563e-10
19 0.0
20 -0.0006861267631967081
21 -0.005027618957683444
22 -0.0011214557085702306
23 -0.0048738629557192326
24 -0.00225711735534162
25 -0.004956676857545972
26 0.0
27 -0.0002925880765715938
28 -0.0008743532344408611
29 -0.000726782472882032
30 -0.004802631447091699
31 -0.0002979606153606558
32 -0.004618761478923261
33 -0.0044751400128006935
34 -0.0004837470258431353
35 -9.981240613537178e-05
36 0.0
37 8.440056744610354e-08
38 -0.0044082519598305225
39 0.0
40 -0.0006978417103766787
41 -0.0005692409670945525
42 -0.004257102147676051
43 0.0
44 0.0
45 2.0279943547788438e-06
46 0.0
47 -0.004717790638096631
48 -0.0038760423194617033
49 -0.001474149600568353
50 -0.004260576795786619
51 0.0
52 -0.0042440720135346055
53 -2.639649058938611e-10
54 -0.0005561620108160541
55 1.1264820777466596e-07
56 -4.692704555335085e-05
57 -0.0005323947330918981
58 -0.000645307835775848
59 3.06302325463809e-08
60 -0.0004777705182091408
61 -0.0004387830241807583
62 0.0
63 -0.0004609191510838163
64 -0.004045144887641072
65 -0.0012704448566722704
66 -0.0038876247126609087
67 3.702646308510541e-08
68 3.304320554693522e-05
69 -0.0002273356474790629
70 0.0
71 -0.0002597186727691379
72 4.6219786233963964e-08
73 -9.24861612357758e-05
74 0.0
75 -0.00023223231417282927
76 -1.5237549878474055e-08
77 -0.00013350545879866984
78 -0.0036742196534760296
79 -0.002124885477257976
80 -0.0010282286717938406
81 -3.824568220630128e-08
82 -0.00012167410720773343
83 -0.0004096163717353671
84 0.0
85 -0.0004567135668060874
86 -0.0005549510896917034
87 -0.0004508535787202334
88 0.010140985874139146
89 0.00458753994167704
90 0.018815770943614918
91 0.01644365741357184
92 0.004961996776703869
93 -0.0033163246407639235
94 0.0
95 7.234213342051145e-08
96 -0.00017440695128242945
97 9.363643306064585e-09
98 -6.291043777091038e-05
99 -0.0001260084686604884
