0 0.0
1 4.040244484651099e-06
2 0.002089507467127227
3 -0.004977428664763768
4 -0.004488845821470022
5 -0.00019036045295024452
6 -0.0009871844476388243
7 -0.0005344906583932735
8 -0.005790896713733673
9 -0.003024834989143225
10 0.0
11 -0.000149398651117643
12 -0.0009419569433086139
13 -0.00048623191941883957
14 -0.00031549639607199553
15 0.0
16 0.0
17 -0.0001620965491669115
18 -2.585996054183629e-07
19 -0.0005938939543676119
20 0.0
21 0.0
22 -0.001093634873600877
23 -0.0048738629557192326
24 0.0
25 -0.004956676857545972
26 -0.004843748640269041
27 -0.0003205935763649698
28 -0.0010113012416930827
29 -0.0007648176186588441
30 -0.004802631447091699
31 0.0
32 0.0
33 0.0
34 -0.00047705249114376016
35 0.0
36 -0.0007487293988035223
37 -1.3682389988897488e-07
38 -0.0044082519598305225
39 -0.001350507905456766
40 0.0
41 -0.0006284965843356268
42 -0.004257102147676051
43 -0.0009125497757906942
44 -0.0042753443121910095
45 -4.661335215050982e-06
46 -0.00015806201756925133
47 -0.004717790638096631
48 -0.0038760423194617033
49 -0.001474149600568353
50 0.0
51 -0.0041343290358781815
52 0.0
53 -2.6382566727830364e-07
54 0.0
55 -1.7932874786725648e-07
56 0.0
57 0.0
58 -0.0005238926252159969
59 -2.439618448217902e-07
60 -0.0008198227895397651
61 -0.0005900233681007211
62 -2.3557056774596665e-07
63 -0.0006465573584420515
64 0.0
65 -0.001246586997973412
66 0.0
67 0.0
68 0.0
69 -0.00044516730852649635
70 -0.0003884341803003367
71 -0.0004953086624134448
72 0.0
73 -0.000613483512561667
74 -7.091910118608809e-08
75 -0.0006685358054609739
76 0.0
77 0.0
78 -0.0036742196534760296
79 -0.002124885477257976
80 0.0
81 -2.1955450324929798e-07
82 -0.0007480339575187887
83 0.0
84 -1.6323945337961295e-07
85 0.0
86 0.0
87 0.0
88 -0.003407535783480853
89 0.0
90 -0.0034926661173813045
91 -0.0034570503630675375
92 -0.0015038294831413168
93 -0.0033163246407639235
94 -0.0015437886349047858
95 -2.038874995450033e-07
96 -0.0006910245932432057
97 -2.8199779132575033e-07
98 -0.0003359670357207483
99 -0.0005572266129189287
