0 0.0
1 2.295273780822754
2 2.295273780822754
3 2.295273780822754
4 2.225085496902466
5 2.204897880554199
6 2.1751084327697754
7 2.123664617538452
8 2.090891122817993
9 2.090891122817993
10 2.090891122817993
11 1.853028655052185
12 1.7532697916030884
13 1.7532697916030884
14 1.576983094215393
15 1.576983094215393
16 1.576983094215393
17 1.1488938331604004
18 1.0061471462249756
19 0.897307813167572
20 0.897307813167572
21 0.6170922517776489
22 0.6412014365196228
23 0.49974334239959717
24 0.4424211084842682
25 0.4424211084842682
26 0.4360349476337433
27 0.4360349476337433
28 0.3841002285480499
29 0.3841002285480499
30 0.2503242492675781
31 0.2503242492675781
32 0.37914398312568665
33 0.32889991998672485
34 0.32889991998672485
35 0.6275054216384888
36 0.6275054216384888
37 0.6275054216384888
38 0.6275054216384888
39 0.27197518944740295
40 0.45300015807151794
41 0.35767102241516113
42 0.4189434051513672
43 0.3414047956466675
44 0.23654933273792267
45 0.3423018157482147
46 0.33393433690071106
47 0.33393433690071106
48 0.2945208251476288
49 0.2031504213809967
50 0.2031504213809967
51 0.28556111454963684
52 0.3305794894695282
53 0.2990894019603729
54 0.2990894019603729
55 0.2828689217567444
56 0.2828689217567444
57 0.2828689217567444
58 0.30216896533966064
59 0.3197290897369385
60 0.3197290897369385
61 0.2162683606147766
62 0.2835800051689148
63 0.2835800051689148
64 0.1769649088382721
65 0.27388980984687805
66 0.26871258020401
67 0.2637585699558258
68 0.31952419877052307
69 0.2568816542625427
70 0.1625790297985077
71 0.18465223908424377
72 0.18465223908424377
73 0.2924717962741852
74 0.2924717962741852
75 0.2282189279794693
76 0.2282189279794693
77 0.138458251953125
78 0.138458251953125
79 0.138458251953125
80 0.20501640439033508
81 0.20501640439033508
82 0.3431444466114044
83 0.15677385032176971
84 0.15677385032176971
85 0.23237301409244537
86 0.13197100162506104
87 0.13197100162506104
88 0.1454266756772995
89 0.23064450919628143
90 0.11250894516706467
91 0.11250894516706467
92 0.20758235454559326
93 0.1932060420513153
94 0.12619854509830475
95 0.1620868444442749
96 0.1620868444442749
97 0.1620868444442749
98 0.160044327378273
99 0.18984070420265198
100 0.15189015865325928
101 0.23530909419059753
102 0.23530909419059753
103 0.23530909419059753
104 0.23530909419059753
105 0.23530909419059753
106 0.23530909419059753
107 0.1346893310546875
108 0.14564596116542816
109 0.14564596116542816
110 0.14564596116542816
111 0.1443169265985489
112 0.12408803403377533
113 0.12408803403377533
114 0.12408803403377533
115 0.12408803403377533
116 0.12408803403377533
117 0.07452764362096786
118 0.1653418242931366
119 0.10290607810020447
120 0.20030277967453003
121 0.20030277967453003
122 0.20030277967453003
123 0.1375698447227478
124 0.1583501547574997
125 0.1623377948999405
126 0.1623377948999405
127 0.1623377948999405
128 0.17213557660579681
129 0.15051238238811493
130 0.10322701185941696
131 0.10322701185941696
132 0.1111854612827301
133 0.2666604518890381
134 0.11002988368272781
135 0.12182802706956863
136 0.12182802706956863
137 0.12182802706956863
138 0.12182802706956863
139 0.08206571638584137
140 0.08206571638584137
141 0.08019358664751053
142 0.09541802108287811
143 0.09541802108287811
144 0.08402451127767563
145 0.09912610054016113
146 0.06977532058954239
147 0.12101027369499207
148 0.09190338850021362
149 0.10879504680633545
150 0.154799684882164
151 0.07061223685741425
152 0.08834628015756607
153 0.08834628015756607
154 0.08834628015756607
155 0.13681955635547638
156 0.13681955635547638
157 0.15849809348583221
158 0.04848337545990944
159 0.13229310512542725
160 0.08844049274921417
161 0.08844049274921417
162 0.13397963345050812
163 0.16367299854755402
164 0.1713225245475769
165 0.11849956214427948
166 0.11849956214427948
167 0.15494397282600403
168 0.10779698938131332
169 0.09485121071338654
170 0.09485121071338654
171 0.09153557568788528
172 0.08672748506069183
173 0.08672748506069183
174 0.08672748506069183
175 0.060255419462919235
176 0.06914199888706207
177 0.06914199888706207
178 0.10898822546005249
179 0.10898822546005249
180 0.10898822546005249
181 0.09963743388652802
182 0.09963743388652802
183 0.09963743388652802
184 0.09963743388652802
185 0.10954762995243073
186 0.11459499597549438
187 0.09753310680389404
188 0.11502619087696075
189 0.08696984499692917
190 0.1340690702199936
191 0.06436729431152344
192 0.06436729431152344
193 0.04624662175774574
194 0.12226897478103638
195 0.08881989121437073
196 0.08881989121437073
197 0.08881989121437073
198 0.07815245538949966
199 0.13024520874023438
200 0.09719245135784149
201 0.09719245135784149
202 0.09719245135784149
203 0.09384390711784363
204 0.09384390711784363
205 0.09384390711784363
206 0.04450748488306999
207 0.14359316229820251
208 0.20794668793678284
209 0.08492238819599152
210 0.09769303351640701
211 0.1428130865097046
212 0.09188021719455719
213 0.09188021719455719
214 0.05482858046889305
215 0.05482858046889305
216 0.15039829909801483
217 0.16637785732746124
218 0.16637785732746124
219 0.055108506232500076
220 0.13667911291122437
221 0.13667911291122437
222 0.09048962593078613
223 0.09048962593078613
224 0.09048962593078613
225 0.09048962593078613
226 0.09702152013778687
227 0.06763570755720139
228 0.042592644691467285
229 0.10324369370937347
230 0.10324369370937347
231 0.1421855390071869
232 0.07085959613323212
233 0.10187458992004395
234 0.0908796489238739
235 0.07662755995988846
236 0.05001054331660271
237 0.10368331521749496
238 0.10368331521749496
239 0.10005873441696167
240 0.09131226688623428
241 0.09131226688623428
242 0.09131226688623428
243 0.14067283272743225
244 0.15944969654083252
245 0.047419071197509766
246 0.08036909252405167
247 0.0990147590637207
248 0.1448701024055481
249 0.08014222234487534
250 0.08014222234487534
251 0.10976968705654144
252 0.13557259738445282
253 0.11039354652166367
254 0.11039354652166367
255 0.08816017955541611
256 0.07490518689155579
257 0.06613113731145859
258 0.05932975932955742
259 0.05675332248210907
260 0.09631472826004028
261 0.14734549820423126
262 0.08865159004926682
263 0.058961473405361176
264 0.05967165529727936
265 0.05967165529727936
266 0.11913848668336868
267 0.11913848668336868
268 0.11913848668336868
269 0.09104546159505844
270 0.10931498557329178
271 0.06632442772388458
272 0.06632442772388458
273 0.10320180654525757
274 0.10320180654525757
275 0.10519644618034363
276 0.1333603411912918
277 0.1333603411912918
278 0.06446654349565506
279 0.06446654349565506
280 0.06143379956483841
281 0.11973114311695099
282 0.13330146670341492
283 0.1130223199725151
284 0.10353618860244751
285 0.049226291477680206
286 0.049226291477680206
287 0.08325076103210449
288 0.05278176814317703
289 0.05278176814317703
290 0.05278176814317703
291 0.06438137590885162
292 0.07327517867088318
293 0.07327517867088318
294 0.07327517867088318
295 0.07327517867088318
296 0.07327517867088318
297 0.07327517867088318
298 0.09182699024677277
299 0.10994384437799454
300 0.07598418742418289
301 0.04484761133790016
302 0.10181456804275513
303 0.10181456804275513
304 0.10181456804275513
305 0.03351305052638054
306 0.08963805437088013
307 0.08963805437088013
308 0.08121125400066376
309 0.0874418094754219
310 0.0874418094754219
311 0.1000911071896553
312 0.10461054742336273
313 0.07956303656101227
314 0.11308971792459488
315 0.061627164483070374
316 0.061627164483070374
317 0.062192536890506744
318 0.1392204910516739
319 0.1392204910516739
320 0.1392204910516739
321 0.09442102164030075
322 0.1101263016462326
323 0.03583240136504173
324 0.13714829087257385
325 0.11217109113931656
326 0.11217109113931656
327 0.11217109113931656
328 0.15078873932361603
329 0.15078873932361603
330 0.15078873932361603
331 0.12815402448177338
332 0.12815402448177338
333 0.13663408160209656
334 0.06402336806058884
335 0.06609269976615906
336 0.04304561764001846
337 0.12661412358283997
338 0.12807321548461914
339 0.05493875592947006
340 0.05493875592947006
341 0.07930020987987518
342 0.05728662386536598
343 0.05728662386536598
344 0.05728662386536598
345 0.11237193644046783
346 0.13811109960079193
347 0.13811109960079193
348 0.15524205565452576
349 0.12231069803237915
350 0.04755305498838425
351 0.04755305498838425
352 0.037246253341436386
353 0.12165285646915436
354 0.10681584477424622
355 0.05235156789422035
356 0.07326206564903259
357 0.05536510422825813
358 0.12173839658498764
359 0.04422790929675102
360 0.05116795748472214
361 0.05116795748472214
362 0.12121519446372986
363 0.12121519446372986
364 0.0526498444378376
365 0.085215725004673
366 0.05704949051141739
367 0.09914226084947586
368 0.05661087855696678
369 0.051980506628751755
370 0.08953897655010223
371 0.07121898233890533
372 0.0901273712515831
373 0.08921025693416595
374 0.08740726858377457
375 0.08740726858377457
376 0.08740726858377457
377 0.07638721168041229
378 0.07638721168041229
379 0.044505536556243896
380 0.03029976785182953
381 0.1241825520992279
382 0.1241825520992279
383 0.056690558791160583
384 0.07456561923027039
385 0.07456561923027039
386 0.07888683676719666
387 0.06640449166297913
388 0.06640449166297913
389 0.04849281162023544
390 0.08207645267248154
391 0.08207645267248154
392 0.13460156321525574
393 0.08086580038070679
394 0.08973857760429382
395 0.08631694316864014
396 0.03429986909031868
397 0.03429986909031868
398 0.08585188537836075
399 0.08585188537836075
400 0.05384400114417076
401 0.04714018851518631
402 0.04714018851518631
403 0.08466354757547379
404 0.0516827255487442
405 0.026672637090086937
406 0.026672637090086937
407 0.03348178043961525
408 0.03770093619823456
409 0.03770093619823456
410 0.03770093619823456
411 0.07902779430150986
412 0.1072666198015213
413 0.1072666198015213
414 0.1062275841832161
415 0.1062275841832161
416 0.043831516057252884
417 0.0377526693046093
418 0.06771831959486008
419 0.05490487068891525
420 0.08415456861257553
421 0.040886834263801575
422 0.03174380958080292
423 0.03174380958080292
424 0.03174380958080292
425 0.08662644028663635
426 0.06469046324491501
427 0.06469046324491501
428 0.12112776190042496
429 0.12112776190042496
430 0.036464180797338486
431 0.11614865064620972
432 0.0657731145620346
433 0.0657731145620346
434 0.0657731145620346
435 0.08475073426961899
436 0.08475073426961899
437 0.11236264556646347
438 0.15010477602481842
439 0.08857318013906479
440 0.08995084464550018
441 0.044391244649887085
442 0.044391244649887085
443 0.10135024785995483
444 0.06524189561605453
445 0.0677824467420578
446 0.05990224331617355
447 0.04240180179476738
448 0.04240180179476738
449 0.04240180179476738
450 0.07960174232721329
451 0.04170990735292435
452 0.08037231117486954
453 0.08037231117486954
454 0.05784205347299576
455 0.05784205347299576
456 0.06852076947689056
457 0.06192156672477722
458 0.03523075208067894
459 0.18394850194454193
460 0.05030084401369095
461 0.0647837370634079
462 0.06671828031539917
463 0.07957831025123596
464 0.14827460050582886
465 0.14827460050582886
466 0.06564898788928986
467 0.022741077467799187
468 0.03262699022889137
469 0.03262699022889137
470 0.03262699022889137
471 0.06900914758443832
472 0.06954339146614075
473 0.029248926788568497
474 0.04496375471353531
475 0.05689501389861107
476 0.049958016723394394
477 0.06371970474720001
478 0.06371970474720001
479 0.10022476315498352
480 0.1125507652759552
481 0.03491129353642464
482 0.07218526303768158
483 0.13470754027366638
484 0.07219234853982925
485 0.07219234853982925
486 0.043760962784290314
487 0.03744613751769066
488 0.09052004665136337
489 0.10335491597652435
490 0.10692864656448364
491 0.09211651980876923
492 0.06646496057510376
493 0.07241122424602509
494 0.06532090157270432
495 0.06532090157270432
496 0.06532090157270432
497 0.06549924612045288
498 0.06549924612045288
499 0.08179932832717896
