0 0.0
1 0.0
2 2.2934064865112305
3 2.2727582454681396
4 2.2727582454681396
5 2.2727582454681396
6 2.160588026046753
7 2.1259593963623047
8 2.083534002304077
9 2.0564544200897217
10 2.0564544200897217
11 1.8697714805603027
12 1.8697714805603027
13 1.6533881425857544
14 1.6533881425857544
15 1.403421401977539
16 1.29047691822052
17 1.1240198612213135
18 1.0386415719985962
19 0.8572485446929932
20 0.7311782836914062
21 0.666936993598938
22 0.6542811393737793
23 0.588925838470459
24 0.5846408605575562
25 0.45120397210121155
26 0.45120397210121155
27 0.5578644275665283
28 0.43172332644462585
29 0.2835957109928131
30 0.4251076281070709
31 0.500898003578186
32 0.29439777135849
33 0.29439777135849
34 0.29439777135849
35 0.37059399485588074
36 0.37059399485588074
37 0.37059399485588074
38 0.417790949344635
39 0.467158704996109
40 0.467158704996109
41 0.33595985174179077
42 0.33595985174179077
43 0.5237970948219299
44 0.26355019211769104
45 0.26355019211769104
46 0.4258124828338623
47 0.3283596634864807
48 0.34936976432800293
49 0.34936976432800293
50 0.3180890381336212
51 0.3180890381336212
52 0.18215782940387726
53 0.18215782940387726
54 0.3932863771915436
55 0.35377100110054016
56 0.40908849239349365
57 0.40908849239349365
58 0.40908849239349365
59 0.3665129244327545
60 0.2151440531015396
61 0.2365732640028
62 0.20336654782295227
63 0.241985023021698
64 0.241985023021698
65 0.241985023021698
66 0.241985023021698
67 0.241985023021698
68 0.241985023021698
69 0.1640760749578476
70 0.21864518523216248
71 0.21864518523216248
72 0.18383972346782684
73 0.18383972346782684
74 0.18134687840938568
75 0.2619642913341522
76 0.2619642913341522
77 0.30142030119895935
78 0.21466638147830963
79 0.20707589387893677
80 0.20707589387893677
81 0.1730576604604721
82 0.26521560549736023
83 0.2989196479320526
84 0.18677617609500885
85 0.18677617609500885
86 0.12077122181653976
87 0.12077122181653976
88 0.16716179251670837
89 0.17125791311264038
90 0.21588462591171265
91 0.1326385885477066
92 0.20479784905910492
93 0.15268363058567047
94 0.15268363058567047
95 0.15268363058567047
96 0.1514567732810974
97 0.16130515933036804
98 0.17542235553264618
99 0.09248080849647522
100 0.15292759239673615
101 0.10076919943094254
102 0.11346182227134705
103 0.09924224764108658
104 0.09924224764108658
105 0.17080649733543396
106 0.20974822342395782
107 0.10492836683988571
108 0.1322028934955597
109 0.07082235813140869
110 0.13166502118110657
111 0.13166502118110657
112 0.13166502118110657
113 0.13166502118110657
114 0.08163151144981384
115 0.08163151144981384
116 0.1424625962972641
117 0.1424625962972641
118 0.1424625962972641
119 0.1424625962972641
120 0.1424625962972641
121 0.1424625962972641
122 0.1424625962972641
123 0.1424625962972641
124 0.15548011660575867
125 0.0999530553817749
126 0.11138001084327698
127 0.09354982525110245
128 0.12722912430763245
129 0.1681736707687378
130 0.1681736707687378
131 0.07121075689792633
132 0.07220599055290222
133 0.19611279666423798
134 0.08833297342061996
135 0.14670199155807495
136 0.06344727426767349
137 0.06344727426767349
138 0.1624070107936859
139 0.09737209975719452
140 0.14082476496696472
141 0.14082476496696472
142 0.123973049223423
143 0.123973049223423
144 0.17705905437469482
145 0.16374823451042175
146 0.12566669285297394
147 0.12566669285297394
148 0.12018056958913803
149 0.12018056958913803
150 0.12858320772647858
151 0.12583324313163757
152 0.13396401703357697
153 0.1017562597990036
154 0.1017562597990036
155 0.1148315966129303
156 0.16040346026420593
157 0.16040346026420593
158 0.14469534158706665
159 0.14469534158706665
160 0.10062672942876816
161 0.10062672942876816
162 0.10062672942876816
163 0.10062672942876816
164 0.11784539371728897
165 0.142483651638031
166 0.1942392885684967
167 0.1942392885684967
168 0.12927472591400146
169 0.12927472591400146
170 0.11033482849597931
171 0.07791519165039062
172 0.12045225501060486
173 0.02885870262980461
174 0.09161312133073807
175 0.08090703189373016
176 0.08090703189373016
177 0.13583657145500183
178 0.05530771613121033
179 0.14734403789043427
180 0.12996408343315125
181 0.12996408343315125
182 0.08905963599681854
183 0.062029384076595306
184 0.062029384076595306
185 0.062029384076595306
186 0.062029384076595306
187 0.0962175726890564
188 0.07813609391450882
189 0.10807215422391891
190 0.09591503441333771
191 0.09591503441333771
192 0.16189762949943542
193 0.16189762949943542
194 0.07724758982658386
195 0.18613201379776
196 0.0629894956946373
197 0.13092410564422607
198 0.10014844685792923
199 0.10459022969007492
200 0.07946803420782089
201 0.07491231709718704
202 0.09860917925834656
203 0.07755019515752792
204 0.07755019515752792
205 0.075755275785923
206 0.05588008835911751
207 0.14308401942253113
208 0.07592123746871948
209 0.09684821218252182
210 0.17923176288604736
211 0.0943850427865982
212 0.07491503655910492
213 0.07508672028779984
214 0.07508672028779984
215 0.058017224073410034
216 0.10676044225692749
217 0.10676044225692749
218 0.10676044225692749
219 0.09704844653606415
220 0.0908840224146843
221 0.0908840224146843
222 0.0908840224146843
223 0.1124357357621193
224 0.1124357357621193
225 0.23510843515396118
226 0.06779070943593979
227 0.06779070943593979
228 0.10942872613668442
229 0.0688653215765953
230 0.060453761368989944
231 0.14521417021751404
232 0.11263854056596756
233 0.11400167644023895
234 0.11400167644023895
235 0.09170886874198914
236 0.07191869616508484
237 0.07191869616508484
238 0.08702389150857925
239 0.08702389150857925
240 0.08702389150857925
241 0.08702389150857925
242 0.10596724599599838
243 0.03376072645187378
244 0.03376072645187378
245 0.1205657497048378
246 0.1205657497048378
247 0.12764301896095276
248 0.06710846722126007
249 0.06710846722126007
250 0.13541361689567566
251 0.13541361689567566
252 0.13541361689567566
253 0.13541361689567566
254 0.060428034514188766
255 0.060428034514188766
256 0.060428034514188766
257 0.060428034514188766
258 0.11049705743789673
259 0.06997457891702652
260 0.09380751848220825
261 0.09380751848220825
262 0.09380751848220825
263 0.09380751848220825
264 0.06538036465644836
265 0.06538036465644836
266 0.07094394415616989
267 0.09481503814458847
268 0.08565665781497955
269 0.07205341756343842
270 0.07190848886966705
271 0.10685261338949203
272 0.05866473540663719
273 0.0924953892827034
274 0.11656758189201355
275 0.07010843604803085
276 0.09685724228620529
277 0.10792195796966553
278 0.06509032100439072
279 0.047229666262865067
280 0.047229666262865067
281 0.14314906299114227
282 0.14314906299114227
283 0.14314906299114227
284 0.05717290937900543
285 0.030801309272646904
286 0.10959146916866302
287 0.07419081032276154
288 0.08282309025526047
289 0.05410069599747658
290 0.07074706256389618
291 0.0560983382165432
292 0.1011369377374649
293 0.08543719351291656
294 0.07741668820381165
295 0.04595375433564186
296 0.08381448686122894
297 0.08549986779689789
298 0.0871763676404953
299 0.03655178099870682
300 0.08407555520534515
301 0.08407555520534515
302 0.08407555520534515
303 0.08397117257118225
304 0.0886598601937294
305 0.0886598601937294
306 0.0886598601937294
307 0.07566243410110474
308 0.08992356806993484
309 0.08992356806993484
310 0.047278210520744324
311 0.047278210520744324
312 0.07910430431365967
313 0.05886425822973251
314 0.05370750650763512
315 0.06687329709529877
316 0.11359308660030365
317 0.04739946126937866
318 0.06589512526988983
319 0.1338697224855423
320 0.1338697224855423
321 0.08441339433193207
322 0.05832824856042862
323 0.0954461470246315
324 0.0912742167711258
325 0.0912742167711258
326 0.10130512714385986
327 0.07232610136270523
328 0.09965711832046509
329 0.10056016594171524
330 0.06772470474243164
331 0.07126881182193756
332 0.06256870925426483
333 0.10731220990419388
334 0.05047294497489929
335 0.12968170642852783
336 0.12968170642852783
337 0.050664301961660385
338 0.050664301961660385
339 0.06343414634466171
340 0.07537025958299637
341 0.07537025958299637
342 0.08857596665620804
343 0.14198844134807587
344 0.07480421662330627
345 0.07398319989442825
346 0.09803374111652374
347 0.05280403420329094
348 0.05280403420329094
349 0.052734967321157455
350 0.05073495954275131
351 0.04973021149635315
352 0.04973021149635315
353 0.08485931158065796
354 0.08485931158065796
355 0.09040500968694687
356 0.013957121409475803
357 0.0917130783200264
358 0.05412023514509201
359 0.08627263456583023
360 0.08370756357908249
361 0.054423119872808456
362 0.1157931536436081
363 0.09233777225017548
364 0.09233777225017548
365 0.1179509237408638
366 0.08127877116203308
367 0.08127877116203308
368 0.05056774988770485
369 0.0806618332862854
370 0.09360940754413605
371 0.09360940754413605
372 0.07062593102455139
373 0.07169339805841446
374 0.07169339805841446
375 0.051834844052791595
376 0.051834844052791595
377 0.062192194163799286
378 0.06291422247886658
379 0.05588816851377487
380 0.07647071778774261
381 0.0616682730615139
382 0.07208387553691864
383 0.07208387553691864
384 0.07299965620040894
385 0.07299965620040894
386 0.07299965620040894
387 0.08240596950054169
388 0.09791821241378784
389 0.08698887377977371
390 0.07705734670162201
391 0.04020053520798683
392 0.04020053520798683
393 0.04020053520798683
394 0.05799340829253197
395 0.06293682754039764
396 0.082634836435318
397 0.082634836435318
398 0.19425785541534424
399 0.07359977066516876
400 0.07359977066516876
401 0.07359977066516876
402 0.07331274449825287
403 0.046664655208587646
404 0.046664655208587646
405 0.08949465304613113
406 0.15033793449401855
407 0.07160592824220657
408 0.05822961777448654
409 0.22271883487701416
410 0.12469058483839035
411 0.12469058483839035
412 0.06260348856449127
413 0.10339166224002838
414 0.13072006404399872
415 0.041582487523555756
416 0.05613115057349205
417 0.0890975147485733
418 0.057567182928323746
419 0.04585361108183861
420 0.047046858817338943
421 0.10053415596485138
422 0.09482850134372711
423 0.023872412741184235
424 0.023872412741184235
425 0.023872412741184235
426 0.07723343372344971
427 0.07723343372344971
428 0.09899108111858368
429 0.09899108111858368
430 0.09864851087331772
431 0.04830119386315346
432 0.09096841514110565
433 0.09096841514110565
434 0.1228218749165535
435 0.1228218749165535
436 0.1228218749165535
437 0.1228218749165535
438 0.1224900633096695
439 0.1224900633096695
440 0.07805431634187698
441 0.04614011198282242
442 0.05465845763683319
443 0.05405817925930023
444 0.06454603374004364
445 0.04591464251279831
446 0.122678242623806
447 0.122678242623806
448 0.06762813776731491
449 0.05962540954351425
450 0.06323666870594025
451 0.07599715888500214
452 0.07599715888500214
453 0.05363362282514572
454 0.07145946472883224
455 0.032432518899440765
456 0.05463733524084091
457 0.056597523391246796
458 0.056597523391246796
459 0.056597523391246796
460 0.056597523391246796
461 0.056597523391246796
462 0.0870007798075676
463 0.03021913766860962
464 0.058732230216264725
465 0.07584558427333832
466 0.07584558427333832
467 0.11848870664834976
468 0.04563633352518082
469 0.034062858670949936
470 0.09303505718708038
471 0.09303505718708038
472 0.045870341360569
473 0.027858564630150795
474 0.07882576435804367
475 0.15308354794979095
476 0.035930246114730835
477 0.07708824425935745
478 0.046132199466228485
479 0.06515509635210037
480 0.05057782307267189
481 0.07952979952096939
482 0.08183944225311279
483 0.08183944225311279
484 0.08183944225311279
485 0.1145276352763176
486 0.08333946019411087
487 0.055691733956336975
488 0.055691733956336975
489 0.06597114354372025
490 0.0563083253800869
491 0.03811829909682274
492 0.05153200402855873
493 0.043389007449150085
494 0.08773770928382874
495 0.16629162430763245
496 0.0525907538831234
497 0.06629212945699692
498 0.03700577840209007
499 0.03700577840209007
