1 1.000000
2 1.001641
3 1.001793
4 1.001793
5 1.001793
6 1.001793
7 1.001793
8 1.001793
9 1.001793
10 1.001793
11 1.001793
12 1.001793
13 1.001793
14 1.001793
15 1.001793
16 1.001793
17 1.003408
18 1.010356
19 1.017913
20 1.025797
21 1.033703
22 1.041320
23 1.048348
24 1.054508
25 1.059560
26 1.063314
27 1.065638
28 1.066466
29 1.066466
30 1.066466
31 1.066466
32 1.066466
33 1.066466
34 1.066466
35 1.066466
36 1.066466
37 1.066466
38 1.066466
39 1.066466
40 1.066466
41 1.066466
42 1.066466
43 1.066466
44 1.066466
45 1.066466
46 1.066466
47 1.066466
48 1.066466
49 1.066466
50 1.066466
51 1.066466
52 1.066466
53 1.069026
54 1.072690
55 1.075048
56 1.075992
57 1.075992
58 1.075992
59 1.075992
60 1.075992
