1 1.000000
2 1.007337
3 1.012911
4 1.016710
5 1.018787
6 1.019264
7 1.019264
8 1.019264
9 1.019264
10 1.019264
11 1.019264
12 1.019264
13 1.019264
14 1.019264
15 1.019264
16 1.019264
17 1.019264
18 1.019264
19 1.019264
20 1.019264
21 1.019264
22 1.019264
23 1.022481
24 1.029985
25 1.037565
26 1.044907
27 1.051708
28 1.057686
29 1.062594
30 1.066237
31 1.068475
32 1.069235
33 1.069235
34 1.069235
35 1.069235
36 1.069235
37 1.069235
38 1.069235
39 1.069235
40 1.069235
41 1.069235
42 1.069235
43 1.069235
44 1.069235
45 1.069235
46 1.069235
47 1.069235
48 1.069235
49 1.069235
50 1.069235
51 1.069235
52 1.069235
53 1.069235
54 1.069235
55 1.069235
56 1.069235
57 1.069235
58 1.072861
59 1.075313
60 1.076361
