1 0.783848
2 0.788265
3 0.790917
4 0.791930
5 0.791492
6 0.789847
7 0.787279
8 0.784104
9 0.780651
10 0.777256
11 0.774234
12 0.771877
13 0.770431
14 0.770091
15 0.770990
16 0.773193
17 0.776693
18 0.781417
19 0.787223
20 0.793913
21 0.801240
22 0.808922
23 0.816653
24 0.824123
25 0.831028
26 0.837087
27 0.842059
28 0.845749
29 0.848023
30 0.848810
31 0.848109
32 0.845990
33 0.842585
34 0.838090
35 0.832749
36 0.826844
37 0.820685
38 0.814592
39 0.808878
40 0.803840
41 0.799737
42 0.796784
43 0.795140
44 0.794898
45 0.796084
46 0.798654
47 0.802494
48 0.807431
49 0.813238
50 0.819643
51 0.826348
52 0.833037
53 0.839395
54 0.845122
55 0.849951
56 0.853654
57 0.856057
58 0.857052
59 0.856595
60 0.854712
