0 1.298548
1 1.298548
2 1.482668
3 1.618506
4 1.618506
5 1.618506
6 1.644482
7 1.791206
8 1.796292
9 2.094688
10 2.094688
11 2.308991
12 2.546573
13 2.546573
14 2.583612
15 2.714812
16 2.805189
17 2.805189
18 2.805189
19 2.805189
20 2.805189
21 2.884957
22 2.884957
23 2.884957
24 2.923773
25 2.923773
26 2.923773
27 2.923773
28 2.923773
29 3.014556
30 3.014556
31 3.014556
32 3.014556
33 3.014556
34 3.014556
35 3.014556
36 3.014556
37 3.014556
38 3.014556
39 3.014556
40 3.014556
41 3.014556
42 3.014556
43 3.014556
44 3.014556
45 3.130950
46 3.130950
47 3.150482
48 3.173679
49 3.173679
50 3.173679
51 3.173679
52 3.173679
53 3.173679
54 3.226601
55 3.226601
56 3.226601
57 3.226601
58 3.226601
59 3.226601
60 3.226601
61 3.226601
62 3.226601
63 3.228551
64 3.228551
65 3.228551
66 3.228551
67 3.228551
68 3.228551
69 3.228551
70 3.228551
71 3.228551
72 3.228551
73 3.228551
74 3.228551
75 3.228551
76 3.228551
77 3.228551
78 3.228551
79 3.228551
80 3.228551
81 3.228551
82 3.228551
83 3.228551
84 3.228551
85 3.228551
86 3.232880
87 3.232880
88 3.232880
89 3.232880
90 3.232880
91 3.232880
92 3.269692
93 3.269692
94 3.269692
95 3.269692
96 3.304445
97 3.304445
98 3.304445
99 3.304445
