0 0.961883
1 0.961883
2 1.207323
3 1.512450
4 1.563416
5 1.758427
6 1.758427
7 1.934170
8 1.934170
9 1.934170
10 1.963535
11 1.963535
12 2.153153
13 2.153153
14 2.153153
15 2.426851
16 2.426851
17 2.472158
18 2.472158
19 2.557855
20 2.580616
21 2.708358
22 2.708358
23 2.708358
24 2.708358
25 2.708358
26 2.740888
27 2.740888
28 2.740888
29 2.740888
30 2.740888
31 2.740888
32 2.740888
33 2.740888
34 2.794648
35 2.794648
36 2.794648
37 2.794648
38 2.794648
39 2.794648
40 2.794648
41 2.794648
42 2.794648
43 2.794648
44 2.794648
45 2.794648
46 2.806776
47 2.806776
48 2.806776
49 2.806776
50 2.806776
51 2.806776
52 2.806776
53 2.806776
54 2.806776
55 2.806776
56 2.806776
57 2.806776
58 2.806776
59 2.806776
60 2.806776
61 2.806776
62 2.806776
63 2.806776
64 2.806776
65 2.806776
66 2.806776
67 2.806776
68 2.806776
69 2.806776
70 2.806776
71 2.806776
72 2.806776
73 2.806776
74 2.806776
75 2.817455
76 2.817455
77 2.817455
78 2.817455
79 2.817455
80 2.869259
81 2.869259
82 2.869259
83 2.886305
84 2.886305
85 2.886305
86 2.921944
87 2.921944
88 2.921944
89 2.921944
90 2.921944
91 2.921944
92 2.921944
93 2.921944
94 2.921944
95 2.921944
96 2.921944
97 2.921944
98 2.949679
99 2.949679
