0 1.088581
1 1.245047
2 1.245047
3 1.245047
4 1.245047
5 1.245047
6 1.419145
7 1.419145
8 1.419145
9 1.419145
10 1.419145
11 1.419145
12 1.585203
13 1.585203
14 1.585203
15 1.585203
16 1.585203
17 1.585203
18 1.585203
19 1.585203
20 1.585203
21 1.662589
22 1.662589
23 1.662589
24 1.662589
25 1.685185
26 1.685185
27 1.685185
28 1.685185
29 1.685185
30 1.685185
31 1.685185
32 1.685185
33 1.685185
34 1.685185
35 1.685185
36 1.685185
37 1.685185
38 1.685185
39 1.685185
40 1.685185
41 1.708189
42 1.708189
43 1.708189
44 1.708189
45 1.789236
46 1.789236
47 1.789236
48 1.789236
49 1.789236
50 1.789236
51 1.832802
52 1.832802
53 1.832802
54 1.843563
55 1.843563
56 1.843563
57 1.843563
58 1.843563
59 1.843563
60 1.843563
61 1.843563
62 1.843563
63 1.843563
64 1.843563
65 1.843563
66 1.843563
67 1.843563
68 1.843563
69 1.863151
70 1.863151
71 1.863151
72 1.863151
73 1.863151
74 1.863151
75 1.863151
76 1.874617
77 1.874617
78 1.874617
79 1.874617
80 1.874617
81 1.874617
82 1.874617
83 1.874617
84 1.874617
85 1.874617
86 1.895981
87 1.895981
88 1.895981
89 1.895981
90 1.895981
91 1.895981
92 1.895981
93 1.895981
94 1.895981
95 1.895981
96 1.895981
97 1.896955
98 1.896955
99 1.896955
