0 1.110660
1 1.110660
2 1.141060
3 1.380100
4 1.380100
5 1.533429
6 1.533429
7 1.637500
8 1.637500
9 1.959261
10 1.959261
11 2.116160
12 2.576791
13 2.576791
14 2.785842
15 3.014213
16 3.014213
17 3.014213
18 3.014213
19 3.153530
20 3.629823
21 3.629823
22 3.670072
23 3.948726
24 3.948726
25 4.132526
26 4.249753
27 4.249753
28 4.249753
29 4.249753
30 4.249753
31 4.481661
32 4.618368
33 4.618368
34 4.899665
35 4.940125
36 4.940125
37 5.044334
38 5.328741
39 5.328741
40 5.571567
41 5.858818
42 5.858818
43 5.858818
44 5.858818
45 6.086394
46 6.454890
47 6.454890
48 6.508995
49 6.508995
50 6.508995
51 6.508995
52 6.508995
53 6.743474
54 6.790162
55 6.840233
56 6.840233
57 7.070292
58 7.070292
59 7.070292
60 7.070292
61 7.070292
62 7.070292
63 7.070292
64 7.189731
65 7.189731
66 7.189731
67 7.256458
68 7.256458
69 7.256458
70 7.256458
71 7.256458
72 7.256458
73 7.259270
74 7.259270
75 7.259270
76 7.259270
77 7.259270
78 7.259270
79 7.259270
80 7.259270
81 7.259270
82 7.259270
83 7.259270
84 7.259270
85 7.259270
86 7.259270
87 7.259270
88 7.259270
89 7.259270
90 7.259270
91 7.259270
92 7.259270
93 7.383816
94 7.383816
95 7.433308
96 7.433308
97 7.433308
98 7.433308
99 7.473954
