0 1.359159
1 1.359159
2 1.562414
3 1.562414
4 1.562414
5 1.589965
6 1.661887
7 1.789755
8 1.789755
9 1.871273
10 1.888046
11 2.290663
12 2.290663
13 2.290663
14 2.290663
15 2.290663
16 2.416013
17 2.416013
18 2.440701
19 2.501599
20 2.501599
21 2.622152
22 2.622152
23 2.661192
24 2.661192
25 2.661192
26 2.661192
27 2.661192
28 2.661192
29 2.661192
30 2.661192
31 2.661192
32 2.661192
33 2.661192
34 2.661192
35 2.702044
36 2.702044
37 2.746777
38 2.746777
39 2.746777
40 2.746777
41 2.746777
42 2.746777
43 2.746777
44 2.746777
45 2.746777
46 2.882512
47 2.882512
48 2.884676
49 2.884676
50 2.884676
51 2.892741
52 2.892741
53 2.892741
54 2.892741
55 2.892741
56 2.892741
57 2.892741
58 2.892741
59 2.892741
60 2.892741
61 2.892741
62 2.892741
63 2.913109
64 2.913109
65 2.913109
66 2.913109
67 2.913109
68 2.913109
69 2.913109
70 2.913109
71 2.913109
72 2.913109
73 2.913109
74 2.913109
75 2.913109
76 2.913109
77 2.916691
78 2.916691
79 2.916691
80 2.916691
81 2.916691
82 2.916691
83 2.916691
84 2.951226
85 2.994818
86 3.116519
87 3.116519
88 3.194295
89 3.194295
90 3.194295
91 3.194295
92 3.242542
93 3.393804
94 3.719847
95 3.719847
96 3.719847
97 3.719847
98 3.919267
99 3.919267
