0 0.814912
1 1.195589
2 1.195589
3 1.492747
4 1.492747
5 1.492747
6 1.492747
7 1.514823
8 1.514823
9 1.514823
10 1.514823
11 1.514823
12 1.514823
13 1.514823
14 1.514823
15 1.514823
16 1.718305
17 1.718305
18 1.718305
19 1.718305
20 1.718305
21 1.718305
22 1.718305
23 1.718305
24 1.718305
25 1.844128
26 1.844128
27 1.844128
28 1.844128
29 1.850137
30 2.001350
31 2.001350
32 2.001350
33 2.001350
34 2.001350
35 2.001350
36 2.001350
37 2.001350
38 2.001350
39 2.001350
40 2.085677
41 2.085677
42 2.085677
43 2.085677
44 2.085677
45 2.085677
46 2.085677
47 2.085677
48 2.085677
49 2.085677
50 2.085677
51 2.085677
52 2.094310
53 2.094310
54 2.094310
55 2.094310
56 2.094310
57 2.094310
58 2.094310
59 2.094310
60 2.094310
61 2.094310
62 2.156821
63 2.156821
64 2.156821
65 2.156821
66 2.156821
67 2.156821
68 2.156821
69 2.156821
70 2.156821
71 2.156821
72 2.156821
73 2.156821
74 2.156821
75 2.156821
76 2.156821
77 2.156821
78 2.156821
79 2.156821
80 2.156821
81 2.156821
82 2.156821
83 2.156821
84 2.156821
85 2.156821
86 2.156821
87 2.156821
88 2.156821
89 2.156821
90 2.156821
91 2.156821
92 2.156821
93 2.156821
94 2.156821
95 2.156821
96 2.156821
97 2.177814
98 2.177814
99 2.177814
