0 1.0040585813927214
1 1.0040585813927214
2 1.0040585813927214
3 1.0065528568695958
4 1.0065528568695958
5 1.0065528568695958
6 1.0065528568695958
7 1.0070843797371183
8 1.0070843797371183
9 1.0070843797371183
10 1.0070843797371183
11 1.0070843797371183
12 1.010348664366255
13 1.010348664366255
14 1.0103527651207211
15 1.0103527651207211
16 1.0157688936872316
17 1.0157688936872316
18 1.0157688936872316
19 1.0158268112888418
20 1.0179581126101351
21 1.0350678309086212
22 1.041654040918951
23 1.0438971125798229
24 1.0516952849840608
25 1.0438971125798229
26 1.0438971125798229
27 1.0438971125798229
28 1.0629223678889235
29 1.063269285255465
30 1.063269285255465
31 1.1026780417058109
32 1.0647689519605188
33 1.0647689519605188
34 1.0647754530693154
35 1.0647754530693154
36 1.0700593618713021
37 1.1080843111354353
38 1.1080843111354353
39 1.1111797814570825
40 1.1092176138482814
41 1.1138529545649425
42 1.1411656943708002
43 1.142107631653891
44 1.142107631653891
45 1.142250940387365
46 1.1461158478985907
47 1.1432922332458053
48 1.1432922332458053
49 1.1635491241315246
50 1.147816483102703
51 1.143315831885396
52 1.1790554414278103
53 1.1790554414278103
54 1.1790554414278103
55 1.2024348441559154
56 1.1795834128751066
57 1.1906292160557268
58 1.2225288926325237
59 1.222528892633778
60 1.2237661635363735
61 1.2237661635363735
62 1.234932230794917
63 1.2354905525481277
64 1.2580346986265463
65 1.2580346986265463
66 1.2580346986265463
67 1.2580346986265463
68 1.2609057779499884
69 1.2609057779499884
70 1.2609057779499884
71 1.2609057779499884
72 1.3032289855000372
73 1.3032289855000372
74 1.3301023426617455
75 1.3301023426617455
76 1.358286529074325
77 1.358286529074325
78 1.358286529074325
79 1.3676831960961062
80 1.3681508391663455
81 1.3681508391663455
82 1.3734332503143571
83 1.3810989281256743
84 1.3799511880187565
85 1.3901796581779988
86 1.3901796581779988
87 1.3901796581779988
88 1.3901796581779988
89 1.3901796581779988
90 1.404442199437201
91 1.4263009925159742
92 1.4287569728592084
93 1.4688378975123693
94 1.4688378975123693
95 1.4688378975123693
96 1.4688378975123693
97 1.4688378975123693
98 1.4688378975123693
99 1.4688378975123693
100 1.4741261886569723
101 1.4741261886569723
102 1.4741261886569723
103 1.4747217543417526
104 1.4747217543417526
105 1.5016950774052247
106 1.5016950774052247
107 1.5016950774052247
108 1.513263689621599
109 1.513263689621599
110 1.5164856869592025
111 1.5133374109328022
112 1.5138847498058037
113 1.5139533726455032
114 1.5147309011996384
115 1.515185776203667
116 1.515185776203667
117 1.515185776203667
118 1.5248044934556773
119 1.5265587204544213
120 1.5387363101896354
121 1.5387363101896354
122 1.5398075818696386
123 1.5390768055213098
124 1.5390768055213098
125 1.5681153819773583
126 1.5681153819773583
127 1.5681153819773583
128 1.5681153819773583
129 1.58481715797837
130 1.58481715797837
131 1.58481715797837
132 1.58481715797837
133 1.58481715797837
134 1.58481715797837
135 1.58481715797837
136 1.58481715797837
137 1.58481715797837
138 1.5878595026874314
139 1.5878595026874314
140 1.5878595026874314
141 1.5878595026874314
142 1.642960341844053
143 1.642960341844053
144 1.6615033410282738
145 1.6615033410282738
146 1.7120002726461732
147 1.7247071050996674
148 1.7247071050996674
149 1.7247071050996674
150 1.7256720425282461
151 1.7371860447367287
152 1.7371860447367287
153 1.7371860447367287
154 1.7390330256955095
155 1.7390330256955095
156 1.7390330256955095
157 1.7390330256955095
158 1.7390330256955095
159 1.7390330256955095
160 1.7390330256955095
161 1.7391661547514006
162 1.7390330256955095
163 1.7390330256955095
164 1.7390330256955095
165 1.7445038487792113
166 1.7396799706254995
167 1.7396820317353803
168 1.7396820317353803
169 1.740877391374801
170 1.7420321287837037
171 1.740877391374801
172 1.740877391374801
173 1.740877391374801
174 1.740877391374801
175 1.740877391374801
176 1.740877391374801
177 1.740877391374801
178 1.740877391374801
179 1.781925206612548
180 1.781925206612548
181 1.781925206612548
182 1.7918585572937191
183 1.7898182654384767
184 1.7898182654384767
185 1.7940624654961974
186 1.7940624654961974
187 1.7940624654961974
188 1.7940624654961974
189 1.7940624654961974
190 1.7940624654961974
191 1.8091184341444306
192 1.8095031596399878
193 1.8155067787816261
194 1.816593973700481
195 1.816593973700481
196 1.8410918386274204
197 1.8410918386274204
198 1.841407340566498
199 1.8416955306363532
200 1.8416955306363532
201 1.8518800953106362
202 1.8518800953106362
203 1.8519274745889742
204 1.8519299913628957
205 1.8566159679336487
206 1.8566159679336487
207 1.8566159679336487
208 1.8566159679336487
209 1.8567493424571004
210 1.8566159679336487
211 1.858301529101877
212 1.858301529101877
213 1.900381572965757
214 1.9006566459275531
215 1.9008048855547963
216 1.919487703946799
217 1.9228536768627598
218 1.920468508595545
219 1.919487703946799
220 1.9415478299023068
221 1.9415478299023068
222 1.941749771799138
223 1.941749771799138
224 1.947505591415944
225 1.947505591415944
226 1.947505591415944
227 1.947505591415944
228 1.9485488500028711
229 1.9510721298711906
230 1.9510721298711906
231 1.9510721298711906
232 1.9510721298711906
233 1.956014459339164
234 1.956014459339164
235 1.9665875694754598
236 1.956014459339164
237 1.956014459339164
238 1.956014459339164
239 1.9560526519370454
240 1.956085694148527
241 1.9561967723274072
242 1.9561392431343168
243 1.956806117342194
244 1.9568094104521154
245 1.9870364143193286
246 1.9891044543605751
247 2.0117406621050846
248 2.015485114081597
249 2.0156820334187446
250 2.044671885755513
251 2.070860976848379
252 2.0833646729795583
253 2.0834601300347373
254 2.0833646760059477
255 2.0833646760059477
256 2.0833646760059477
257 2.1107883462945045
258 2.109561278555273
259 2.109561278555273
260 2.1138146681483527
261 2.1369844481539917
262 2.1409857153327305
263 2.1409857153327305
264 2.1409857153327305
265 2.1422963246018463
266 2.1422963246018463
267 2.1422963246018463
268 2.1422963246018463
269 2.1451436270864335
270 2.1461818219599
271 2.147391919596392
272 2.147391919596392
273 2.147391919596392
274 2.1867787186251695
275 2.2179022221905056
276 2.2179022221905056
277 2.2179022221905056
278 2.2179022221905056
279 2.2227797293095453
280 2.2227797293095453
281 2.2401019376937206
282 2.2401019376937206
283 2.2447529057832996
284 2.2447529057832996
285 2.2453145672834007
286 2.2478351418565152
287 2.247838259307246
288 2.264797627300267
289 2.297806272913769
290 2.297806272913769
291 2.300619248665023
292 2.300619248665023
293 2.297806272913769
294 2.297806272913769
295 2.297806272913769
296 2.303308286037688
297 2.303308286037688
298 2.303308286037688
299 2.303308286037688
300 2.3110393198140637
301 2.3110393198140637
302 2.3110393198140637
303 2.3110393198140637
304 2.3110393198140637
305 2.3110393198140637
306 2.3110393198140637
307 2.3113474521750317
308 2.3110393198140637
309 2.3110393198140637
310 2.3110393198140637
311 2.320763302701337
312 2.3467302236889926
313 2.340588506417461
314 2.3399941302702443
315 2.355749483064505
316 2.3582284231651323
317 2.3563466985002477
318 2.363261537135701
319 2.3637524900148903
320 2.3794095974520877
321 2.3637524900148903
322 2.363799287788263
323 2.3726347010788302
324 2.3726347010788302
325 2.3726347010788302
326 2.3790742785691843
327 2.379074416884155
328 2.379074416884155
329 2.4182234489259002
330 2.4182234489259002
331 2.4183585636130216
332 2.4183585636130216
333 2.426190739392763
334 2.426190739392763
335 2.464226583977951
336 2.464226583977951
337 2.4642294673087237
338 2.4645992110301194
339 2.4662370992561433
340 2.5064093213488747
341 2.5068763484357266
342 2.5068763484357266
343 2.5068763484357266
344 2.5068763484357266
345 2.5068763484357266
346 2.516938880662745
347 2.50694946931189
348 2.5375716819079037
349 2.53958227026919
350 2.53958227026919
351 2.540123597684588
352 2.5423655044647404
353 2.591343132123408
354 2.5930967765533
355 2.598402401600835
356 2.600915185439687
357 2.600915185439687
358 2.602520236923375
359 2.611627135432094
360 2.602639241444401
361 2.602641860499622
362 2.6244147077370075
363 2.602641860499622
364 2.6090862035338676
365 2.6090862035338676
366 2.6090862035338676
367 2.6090862035338676
368 2.6090862035338676
369 2.6090862035338676
370 2.6140337482526714
371 2.6140337482452836
372 2.615972873781793
373 2.615972873781793
374 2.615972873781793
375 2.615972873781793
376 2.615972873781793
377 2.627649091738867
378 2.6175967622258898
379 2.619944010136621
380 2.63663666496731
381 2.637809866394807
382 2.637809866394807
383 2.637809866394807
384 2.6388464340693365
385 2.6388464340693365
386 2.6388471338357347
387 2.6388471338357347
388 2.6388471338357347
389 2.6388471338357347
390 2.6396650575183505
391 2.665565904960905
392 2.665565904960905
393 2.665565904960905
394 2.671961596415007
395 2.671968596445995
396 2.6840384851359915
397 2.6840384851359915
398 2.6846410238334895
399 2.6846410238334895
400 2.6921998272796483
401 2.7080540788619576
402 2.7080540788619576
403 2.7080540788619576
404 2.7080540788619576
405 2.7080540788619576
406 2.7080540788619576
407 2.7080540788619576
408 2.7088172125775176
409 2.7347921215437534
410 2.7088172125775176
411 2.7088172125775176
412 2.7088172125775176
413 2.7088172125775176
414 2.7088172125775176
415 2.7088172125775176
416 2.7088172125775176
417 2.7088172125775176
418 2.7134101936858945
419 2.7134101936858945
420 2.7139248041536135
421 2.7184994952857133
422 2.7184994952857133
423 2.7184994952857133
424 2.7233571085699433
425 2.7242688559150023
426 2.7233571085699433
427 2.7233571085699433
428 2.7233571085699433
429 2.723514933479901
430 2.7242620734637426
431 2.7408009794995976
432 2.7546051104875238
433 2.7546051104875238
434 2.7546051104875238
435 2.75654794495906
436 2.7659396916408925
437 2.761620814447543
438 2.761620814447543
439 2.7620434414224713
440 2.7620434414224713
441 2.7620434414224713
442 2.7642584160181873
443 2.7642584160181873
444 2.7642584160181873
445 2.78537518096117
446 2.78537518096117
447 2.7837684418704756
448 2.783774236029037
449 2.783774236029037
450 2.8262102407573817
451 2.8262102407573817
452 2.8270422773605497
453 2.8270422773605497
454 2.8270422773605497
455 2.8367173594433748
456 2.8507561661397505
457 2.8392469420378097
458 2.8367173594433748
459 2.845215297843773
460 2.8516942597635513
461 2.855465162210939
462 2.8609913892930376
463 2.8516942597635513
464 2.8516942597635513
465 2.857572149139993
466 2.857572149139993
467 2.857572149139993
468 2.8612366887083267
469 2.883616024088981
470 2.883616024088981
471 2.883616024088981
472 2.883616024088981
473 2.883616024088981
474 2.883616024088981
475 2.883616024088981
476 2.883616024088981
477 2.89614616948067
478 2.89614616948067
479 2.89614616948067
480 2.9037696874830843
481 2.9071520518598386
482 2.9074250988867525
483 2.9234213411012298
484 2.9089385666053333
485 2.9097278391582138
486 2.910174788916535
487 2.910174788916535
488 2.910174788916535
489 2.910174788916535
490 2.910174788916535
491 2.910174788916535
492 2.910174788916535
493 2.910174788916535
494 2.910174788916535
495 2.910174788916535
496 2.910174788916535
497 2.910174788916535
498 2.932183278015458
499 2.946274674263493
