0 1.0
1 1.0032534938700888
2 1.0062131614687795
3 1.0223045599956473
4 1.0223045599956473
5 1.0257501457534928
6 1.02562739212561
7 1.02562739212561
8 1.02562739212561
9 1.02562739212561
10 1.02562739212561
11 1.02562739212561
12 1.0269589777051233
13 1.0317348611615165
14 1.0295385718951828
15 1.0344013676710913
16 1.0344013676710913
17 1.0344013676710913
18 1.0520285548033268
19 1.0522847127686474
20 1.0522847127686474
21 1.0538077873659677
22 1.0534018724197662
23 1.0740784567358668
24 1.0534018724197662
25 1.0534018724197662
26 1.0534018724197662
27 1.0844928507222678
28 1.0547978849765944
29 1.0547978849765944
30 1.0547978849765944
31 1.054844687972447
32 1.0927537777610234
33 1.0927537777610234
34 1.1074762203111301
35 1.1074762203111301
36 1.1162122067640514
37 1.1162122067640514
38 1.1185389542284963
39 1.109981491964075
40 1.1130769622845331
41 1.1134598935684907
42 1.1353386190993922
43 1.1353386190993922
44 1.140582417165837
45 1.1420468568235242
46 1.145362455631609
47 1.1437276606324631
48 1.1504301315049463
49 1.1507340512308544
50 1.1706870223610304
51 1.1749596866762702
52 1.1754613654912904
53 1.1754613654912904
54 1.1758884723545298
55 1.2151046562978622
56 1.177202845976977
57 1.177491700181185
58 1.1789863968257583
59 1.1789863968211187
60 1.1789863968211187
61 1.1804099116274058
62 1.1808464274489514
63 1.2000166028825832
64 1.2032466119472054
65 1.2032466119472054
66 1.238963773758552
67 1.2058936849235358
68 1.2074529658190565
69 1.2078591314649343
70 1.2167507272273093
71 1.215708969868191
72 1.2189812819505172
73 1.2499686955643394
74 1.2194002616984785
75 1.221501247961426
76 1.221501247961426
77 1.221501247961426
78 1.221501247961426
79 1.2232267156405077
80 1.2232267156405077
81 1.2395437484559582
82 1.2448650342755851
83 1.2448650342755851
84 1.2448650342755851
85 1.2448650342755851
86 1.2448650342755851
87 1.2456706796472379
88 1.2448650342755851
89 1.2448650342755851
90 1.2543249630601854
91 1.2543249630601854
92 1.2676484999904427
93 1.2676484999904427
94 1.2677347423967076
95 1.2677347423967076
96 1.2677347423967076
97 1.2745555945638365
98 1.2677347423967076
99 1.2677347423967076
100 1.2677347423967076
101 1.2677347423967076
102 1.2882477482010126
103 1.293847935146299
104 1.2950625738269788
105 1.2950625738269788
106 1.2950625738269788
107 1.3028706887955626
108 1.2950625738269788
109 1.298520222875668
110 1.3270530234378697
111 1.3270530234378697
112 1.3270530234378697
113 1.327519903107491
114 1.327519903107491
115 1.327519903107491
116 1.3280258576019717
117 1.3280258576019717
118 1.3296209182598013
119 1.3296209182598013
120 1.3296209182598013
121 1.3313927511713837
122 1.3332096734798773
123 1.3336128420842965
124 1.3337053731637967
125 1.3386272983379788
126 1.3386272983379788
127 1.367671132033049
128 1.3536556924071446
129 1.3536556924071446
130 1.3536556924071446
131 1.3536556924071446
132 1.3536556924071446
133 1.3536556924071446
134 1.3536556924071446
135 1.3536556924071446
136 1.3536556924071446
137 1.3536556924071446
138 1.3536556924071446
139 1.363740097179497
140 1.363740097179497
141 1.363740097179497
142 1.363740097179497
143 1.3729427635818388
144 1.3713165562681395
145 1.421100768837845
146 1.3713165562681395
147 1.3775091127428383
148 1.3802998135853146
149 1.3802998135853146
150 1.3870704799893152
151 1.3911239058213123
152 1.3871125854960802
153 1.3871263779086562
154 1.3871263779086562
155 1.3871263779086562
156 1.410023019002191
157 1.4173264843789963
158 1.4173264843789963
159 1.4173264843789963
160 1.4173264843789963
161 1.4251449459227368
162 1.4173264843789963
163 1.4173264843789963
164 1.4173264843789963
165 1.41751086438699
166 1.4623091265877484
167 1.4623091265877484
168 1.4645446089908587
169 1.4632565039147927
170 1.4632565039147927
171 1.4635189352512024
172 1.516253487139487
173 1.5178799316724896
174 1.5180493479407653
175 1.573439122484047
176 1.5180493479407653
177 1.5443698088356368
178 1.5180493479407653
179 1.5401977205439332
180 1.5401977205439332
181 1.5401977205439332
182 1.5401977205439332
183 1.5401977205439332
184 1.5401977205439332
185 1.5401977205439332
186 1.5401977205439332
187 1.5401977205439332
188 1.5401977205439332
189 1.5401977205439332
190 1.548026364054386
191 1.54690334980849
192 1.5656737776787848
193 1.5656966053105972
194 1.5700369096622444
195 1.622776233733435
196 1.6243505434221674
197 1.6243505434221674
198 1.622776233733435
199 1.6424095078844803
200 1.6424095078844803
201 1.6475882825965535
202 1.6475882825965535
203 1.6475882825965535
204 1.6475882825965535
205 1.6475882825965535
206 1.6489788131018701
207 1.6489788131018701
208 1.6543481019971964
209 1.6907302137364197
210 1.658958261416881
211 1.6608924380005945
212 1.6608924380005945
213 1.6854879331954098
214 1.7035951513660368
215 1.7035951513660368
216 1.7035951513660368
217 1.7035951513660368
218 1.7208188198503616
219 1.7035951513660368
220 1.7064083198788123
221 1.7066103066581189
222 1.7081414530454495
223 1.7179516600040243
224 1.7351405951324972
225 1.754010779885537
226 1.7291956639929655
227 1.745377906648548
228 1.745377906648548
229 1.7493959304076683
230 1.7504148807765991
231 1.7504148807765991
232 1.7504148807765991
233 1.7504148807765991
234 1.7504148807765991
235 1.7504148807765991
236 1.7653894037383775
237 1.7504148807765991
238 1.7504148807765991
239 1.7504148807765991
240 1.773420778077117
241 1.773420778077117
242 1.773420778077117
243 1.774733778496699
244 1.774733778496699
245 1.8028831557180176
246 1.7752480135294764
247 1.8228749445742667
248 1.775664312426259
249 1.7757389119719407
250 1.7757389119719407
251 1.78825702252009
252 1.7868050639190987
253 1.7865930290401517
254 1.789088356747482
255 1.789088356747482
256 1.789088356747482
257 1.7912329095509876
258 1.7912329095509876
259 1.7931962839664568
260 1.801562711970741
261 1.801562711970741
262 1.801562711970741
263 1.801562711970741
264 1.801562711970741
265 1.818889798550414
266 1.818889798550414
267 1.818889798550414
268 1.820126752113366
269 1.820126752113366
270 1.820126752113366
271 1.8216012668819124
272 1.8249453438009342
273 1.8249453438009342
274 1.8249453438009342
275 1.8654887442716326
276 1.8654887442716326
277 1.8680610658614485
278 1.8678263569019582
279 1.8678263569019582
280 1.8686031240244507
281 1.873548742174317
282 1.8742300823836857
283 1.903637868761173
284 1.928202742246287
285 1.928202742246287
286 1.903637868761173
287 1.903637868761173
288 1.903637868761173
289 1.9124334412375963
290 1.903637868761173
291 1.903637868761173
292 1.903637868761173
293 1.9389545449523242
294 1.9044178737637905
295 1.9044178737637905
296 1.9044178737637905
297 1.9044178737637905
298 1.9505386320741902
299 1.9084125712046431
300 1.9044178737637905
301 1.9044178737637905
302 1.9044178737637905
303 1.9044178737637905
304 1.9418554802810277
305 1.9418554802810277
306 1.9418554802810277
307 1.9418554802810277
308 1.9418554802810277
309 1.9418554802810277
310 1.9418569633111804
311 1.9623862931882365
312 1.9623862931882365
313 1.9623862931882365
314 1.9643726778422628
315 1.9643726778422628
316 1.97218891587303
317 1.9960774821945653
318 2.012331815976362
319 1.999301653303059
320 1.9998259086517252
321 2.0114831336503762
322 2.005239939379109
323 2.0076601052261007
324 2.038466473936728
325 2.038466473936728
326 2.0385936884605433
327 2.0705870745811645
328 2.073153905990835
329 2.077792604704779
330 2.077792604704779
331 2.0964908361519226
332 2.097777104857799
333 2.097777104857799
334 2.1001568261119647
335 2.1001568261119647
336 2.100391025523673
337 2.1047153992741685
338 2.1047153992741685
339 2.1155516810221915
340 2.1155516810221915
341 2.1155516810221915
342 2.127420917399101
343 2.1274378784603214
344 2.1274378784603214
345 2.1274378784603214
346 2.129016433394077
347 2.139078965623537
348 2.1425808059095073
349 2.148735605252601
350 2.19145067415605
351 2.154322696706991
352 2.154322696706991
353 2.1572203739564877
354 2.1572203739564877
355 2.1584660497807224
356 2.1584660497807224
357 2.1584660497807224
358 2.181238732621481
359 2.1587652226139307
360 2.1587652226139307
361 2.1642080136409376
362 2.1642080136409376
363 2.1642080136409376
364 2.1642080136409376
365 2.1642080136409376
366 2.1642080136409376
367 2.1642080136409376
368 2.1642080136409376
369 2.178848587715669
370 2.1790734638884643
371 2.1790734638884643
372 2.1790734638884643
373 2.1903358612343573
374 2.1903358612343573
375 2.1903379458818883
376 2.195520044678474
377 2.2059814655641095
378 2.213051527837182
379 2.2181102324691064
380 2.2255354393217393
381 2.204367395650926
382 2.204367395650926
383 2.204367395650926
384 2.214681759383087
385 2.2185953456790446
386 2.2185953456790446
387 2.2185953456790446
388 2.2185953456790446
389 2.225635607617694
390 2.2285555664249905
391 2.26424178394552
392 2.2643348139461517
393 2.2684770058531893
394 2.2684770058531893
395 2.2684770058531893
396 2.2793293996198414
397 2.2793293996198414
398 2.316745067293225
399 2.316745067293225
400 2.350368128381843
401 2.316745067293225
402 2.316745067293225
403 2.325012949474216
404 2.325012949474216
405 2.3411563746107866
406 2.325012949474216
407 2.325012949474216
408 2.3257272648545433
409 2.3374130411947154
410 2.3374130411947154
411 2.3374130411947154
412 2.3374130411947154
413 2.3374130411947154
414 2.3374130411947154
415 2.362897400075196
416 2.361984707101936
417 2.361984707101936
418 2.361984707101936
419 2.375449886275625
420 2.375449886275625
421 2.361984707101936
422 2.362071296187118
423 2.3620777102488186
424 2.3620777102488186
425 2.3620777102488186
426 2.367806865525752
427 2.367806865525752
428 2.367806865525752
429 2.368050500070362
430 2.3682917632207716
431 2.3682917632207716
432 2.370492677665218
433 2.370492677665218
434 2.370492677665218
435 2.4071735034626096
436 2.4071735034626096
437 2.4071735034626096
438 2.407886271433
439 2.4093093882779604
440 2.4094361158172277
441 2.4094366221000554
442 2.4094366221000554
443 2.4094366221000554
444 2.4112822258063633
445 2.4112822258063633
446 2.4112822258063633
447 2.4158273657348057
448 2.419736520923861
449 2.419736520923861
450 2.419736520923861
451 2.422737290033082
452 2.422737290033082
453 2.440369578736567
454 2.440369578736567
455 2.4479975447105367
456 2.450196617795634
457 2.4545658209492065
458 2.4570954035429655
459 2.4626392606068315
460 2.4626392606068315
461 2.4629686830218747
462 2.465214679886641
463 2.465214679886641
464 2.4653033186808617
465 2.465220346017847
466 2.465220346017847
467 2.465220346017847
468 2.465220346017847
469 2.471660968440893
470 2.48446809970935
471 2.4854663468483555
472 2.4909529434816204
473 2.4909529434816204
474 2.5079621504302168
475 2.5258646988154037
476 2.5258646988154037
477 2.5258646988154037
478 2.5267058544786
479 2.5267058544786
480 2.5267058544786
481 2.5267058544786
482 2.5270095330689073
483 2.527235528350615
484 2.527235528350615
485 2.528516415335972
486 2.5320423956657696
487 2.5416131653115137
488 2.5320423956657696
489 2.5462339084075807
490 2.5583617608725464
491 2.5462339084075807
492 2.548092888384491
493 2.548092888384491
494 2.548092888384491
495 2.548092888384491
496 2.548092888384491
497 2.548092888384491
498 2.561335033384085
499 2.561335033384085
