0 2.302701473236084
1 2.302701473236084
2 2.302701473236084
3 2.302701473236084
4 2.301649808883667
5 2.301649808883667
6 2.301649808883667
7 2.301649808883667
8 2.3014602661132812
9 2.3014602661132812
10 2.29976749420166
11 2.3013815879821777
12 2.3013877868652344
13 2.3017094135284424
14 2.3040051460266113
15 2.3040051460266113
16 2.3040051460266113
17 2.3040051460266113
18 2.3016488552093506
19 2.301975965499878
20 2.301694393157959
21 2.301694393157959
22 2.302600383758545
23 2.3035330772399902
24 2.301952362060547
25 2.301952362060547
26 2.2985663414001465
27 2.2983181476593018
28 2.2983181476593018
29 2.3020355701446533
30 2.3020355701446533
31 2.301267623901367
32 2.2931582927703857
33 2.2995073795318604
34 2.2995073795318604
35 2.296254873275757
36 2.302112340927124
37 2.3015449047088623
38 2.3025310039520264
39 2.2976884841918945
40 2.302107095718384
41 2.302107095718384
42 2.305293560028076
43 2.305293560028076
44 2.2952637672424316
45 2.2941219806671143
46 2.2941219806671143
47 2.2941219806671143
48 2.2798471450805664
49 2.279125452041626
50 2.294388771057129
51 2.2913622856140137
52 2.288147211074829
53 2.288147211074829
54 2.288147211074829
55 2.288147211074829
56 2.299143075942993
57 2.286060333251953
58 2.286060333251953
59 2.2921652793884277
60 2.2921652793884277
61 2.2761423587799072
62 2.292720317840576
63 2.2598581314086914
64 2.2598581314086914
65 2.2598581314086914
66 2.25868821144104
67 2.223097085952759
68 2.2422280311584473
69 2.2422280311584473
70 2.239588975906372
71 2.234715223312378
72 2.209699869155884
73 2.2443714141845703
74 2.2443714141845703
75 2.2443714141845703
76 2.1584665775299072
77 2.172027349472046
78 2.167494535446167
79 2.1164777278900146
80 2.079662561416626
81 2.079662561416626
82 2.079662561416626
83 2.079662561416626
84 1.9167556762695312
85 1.7822034358978271
86 1.7822034358978271
87 1.7822034358978271
88 1.6302200555801392
89 1.6302200555801392
90 1.6302200555801392
91 1.2236753702163696
92 1.1600303649902344
93 1.1279853582382202
94 1.0780667066574097
95 0.9767447113990784
96 0.9767447113990784
97 0.9824226498603821
98 0.8232781887054443
99 0.8232781887054443
100 0.8802603483200073
101 0.7262706160545349
102 0.7568420171737671
103 0.7568420171737671
104 0.7568420171737671
105 1.0334628820419312
106 0.7942450642585754
107 0.6273482441902161
108 0.6597264409065247
109 0.9149028062820435
110 0.6528120636940002
111 0.6528120636940002
112 0.825695276260376
113 0.5453354120254517
114 0.5453354120254517
115 0.5453354120254517
116 0.6678663492202759
117 0.6678663492202759
118 0.6678663492202759
119 0.4155866205692291
120 0.35461917519569397
121 0.5860825777053833
122 0.563652753829956
123 0.46274662017822266
124 0.46274662017822266
125 0.3864041864871979
126 0.506062924861908
127 0.506062924861908
128 0.551792562007904
129 0.5632858276367188
130 0.5632858276367188
131 0.404105007648468
132 0.48634424805641174
133 0.48634424805641174
134 0.48634424805641174
135 0.4716549217700958
136 0.48208314180374146
137 0.4267558753490448
138 0.4267558753490448
139 0.4267558753490448
140 0.4001305401325226
141 0.40376779437065125
142 0.45122668147087097
143 0.3628385663032532
144 0.4277257025241852
145 0.3245580494403839
146 0.3245580494403839
147 0.3245580494403839
148 0.3245580494403839
149 0.3245580494403839
150 0.315272718667984
151 0.315272718667984
152 0.315272718667984
153 0.2548695206642151
154 0.2548695206642151
155 0.26470082998275757
156 0.26470082998275757
157 0.3743091821670532
158 0.3743091821670532
159 0.3053308427333832
160 0.2489609718322754
161 0.289705365896225
162 0.34603753685951233
163 0.33867496252059937
164 0.26122164726257324
165 0.3168371319770813
166 0.27752959728240967
167 0.3231411576271057
168 0.30556976795196533
169 0.32757002115249634
170 0.32757002115249634
171 0.35442373156547546
172 0.35442373156547546
173 0.40862706303596497
174 0.22083550691604614
175 0.22083550691604614
176 0.33393043279647827
177 0.33393043279647827
178 0.358915776014328
179 0.1709025651216507
180 0.1709025651216507
181 0.396018385887146
182 0.3339371085166931
183 0.26797428727149963
184 0.35405462980270386
185 0.35405462980270386
186 0.35405462980270386
187 0.35405462980270386
188 0.1693248450756073
189 0.1693248450756073
190 0.32299110293388367
191 0.33925577998161316
192 0.33925577998161316
193 0.40719762444496155
194 0.32767200469970703
195 0.32767200469970703
196 0.3817634582519531
197 0.24361176788806915
198 0.24361176788806915
199 0.250867635011673
200 0.28337112069129944
201 0.34512749314308167
202 0.36930716037750244
203 0.3854126036167145
204 0.3854126036167145
205 0.27449536323547363
206 0.2673335075378418
207 0.2673335075378418
208 0.2673335075378418
209 0.2209155261516571
210 0.1892167180776596
211 0.2447756826877594
212 0.3988872766494751
213 0.2931970953941345
214 0.2899085581302643
215 0.19138605892658234
216 0.3830186426639557
217 0.3530513644218445
218 0.3530513644218445
219 0.24075867235660553
220 0.12371370196342468
221 0.12371370196342468
222 0.39556658267974854
223 0.2157280147075653
224 0.14425122737884521
225 0.22741492092609406
226 0.24871483445167542
227 0.18493396043777466
228 0.14935490489006042
229 0.14935490489006042
230 0.14935490489006042
231 0.23473088443279266
232 0.26028570532798767
233 0.26028570532798767
234 0.25529399514198303
235 0.11083702743053436
236 0.19476592540740967
237 0.19476592540740967
238 0.14239796996116638
239 0.24779683351516724
240 0.17684012651443481
241 0.18064910173416138
242 0.18064910173416138
243 0.2727339565753937
244 0.1242249384522438
245 0.1674833595752716
246 0.1674833595752716
247 0.1674833595752716
248 0.12334449589252472
249 0.2008015513420105
250 0.22720374166965485
251 0.22720374166965485
252 0.22720374166965485
253 0.24393680691719055
254 0.16109061241149902
255 0.16109061241149902
256 0.16109061241149902
257 0.24172481894493103
258 0.24172481894493103
259 0.11496054381132126
260 0.13659143447875977
261 0.13659143447875977
262 0.11258972436189651
263 0.2376449853181839
264 0.10220944881439209
265 0.2136041820049286
266 0.2136041820049286
267 0.18792565166950226
268 0.0817757248878479
269 0.16376972198486328
270 0.14767001569271088
271 0.0925183817744255
272 0.0925183817744255
273 0.0925183817744255
274 0.22705811262130737
275 0.11429667472839355
276 0.1562289297580719
277 0.1562289297580719
278 0.1562289297580719
279 0.08645837754011154
280 0.08645837754011154
281 0.15074864029884338
282 0.11811316758394241
283 0.10730889439582825
284 0.13259504735469818
285 0.13188272714614868
286 0.13188272714614868
287 0.20342561602592468
288 0.20342561602592468
289 0.20342561602592468
290 0.20342561602592468
291 0.20342561602592468
292 0.14584597945213318
293 0.1998594105243683
294 0.11684510856866837
295 0.09708612412214279
296 0.0872323215007782
297 0.07608892023563385
298 0.14469675719738007
299 0.1826644241809845
300 0.1826644241809845
301 0.10669612884521484
302 0.10669612884521484
303 0.16922330856323242
304 0.18287183344364166
305 0.20407183468341827
306 0.10817978531122208
307 0.08971631526947021
308 0.06932402402162552
309 0.1303437501192093
310 0.22283953428268433
311 0.19207869470119476
312 0.06307291984558105
313 0.0761653482913971
314 0.12456481158733368
315 0.12456481158733368
316 0.12456481158733368
317 0.1837645322084427
318 0.18291223049163818
319 0.18291223049163818
320 0.1124163493514061
321 0.1124163493514061
322 0.1124163493514061
323 0.1138603463768959
324 0.09105510264635086
325 0.09375007450580597
326 0.13471604883670807
327 0.12480447441339493
328 0.08026963472366333
329 0.08026963472366333
330 0.10562040656805038
331 0.07166863232851028
332 0.07166863232851028
333 0.1259612739086151
334 0.11931274086236954
335 0.11931274086236954
336 0.1778528392314911
337 0.12910418212413788
338 0.13908985257148743
339 0.1587788611650467
340 0.1587788611650467
341 0.1587788611650467
342 0.1075524389743805
343 0.1075524389743805
344 0.10385435819625854
345 0.10385435819625854
346 0.12337864935398102
347 0.14689050614833832
348 0.14689050614833832
349 0.18123087286949158
350 0.08746276795864105
351 0.12076704204082489
352 0.07073242217302322
353 0.07073242217302322
354 0.2325059473514557
355 0.054742082953453064
356 0.10947704315185547
357 0.10947704315185547
358 0.09256588667631149
359 0.09256588667631149
360 0.09256588667631149
361 0.1340499073266983
362 0.14777836203575134
363 0.053577203303575516
364 0.053577203303575516
365 0.06607341766357422
366 0.13618344068527222
367 0.1547059565782547
368 0.18033763766288757
369 0.18033763766288757
370 0.13636136054992676
371 0.09161418676376343
372 0.09161418676376343
373 0.08131640404462814
374 0.0771351009607315
375 0.09477436542510986
376 0.09477436542510986
377 0.05069253221154213
378 0.1166958212852478
379 0.10881800204515457
380 0.10881800204515457
381 0.15337269008159637
382 0.15337269008159637
383 0.11404892802238464
384 0.21296179294586182
385 0.08578793704509735
386 0.2053259164094925
387 0.2053259164094925
388 0.07226645201444626
389 0.07968948036432266
390 0.08643399924039841
391 0.06930132210254669
392 0.1133568212389946
393 0.08948720246553421
394 0.07643819600343704
395 0.22685019671916962
396 0.07262085378170013
397 0.12572437524795532
398 0.07509098201990128
399 0.1266871988773346
400 0.13465961813926697
401 0.031839244067668915
402 0.031839244067668915
403 0.12116428464651108
404 0.09599427878856659
405 0.10881806910037994
406 0.04410141706466675
407 0.10975288599729538
408 0.08747585117816925
409 0.21185018122196198
410 0.13249385356903076
411 0.1597570925951004
412 0.11777515709400177
413 0.11777515709400177
414 0.13601075112819672
415 0.13601075112819672
416 0.037522852420806885
417 0.12547680735588074
418 0.06946084648370743
419 0.06946084648370743
420 0.1459018439054489
421 0.1459018439054489
422 0.07146358489990234
423 0.06737915426492691
424 0.1117359921336174
425 0.06181950494647026
426 0.11857253313064575
427 0.08259013295173645
428 0.12353713065385818
429 0.06804237514734268
430 0.09734441339969635
431 0.11347450315952301
432 0.08407685905694962
433 0.06015350669622421
434 0.14008159935474396
435 0.0569964274764061
436 0.0569964274764061
437 0.04502610117197037
438 0.04502610117197037
439 0.15457910299301147
440 0.04087771847844124
441 0.04087771847844124
442 0.04087771847844124
443 0.04087771847844124
444 0.1136474609375
445 0.1136474609375
446 0.08845251798629761
447 0.08845251798629761
448 0.08845251798629761
449 0.07787588238716125
450 0.06624650955200195
451 0.048398882150650024
452 0.10978103429079056
453 0.10978103429079056
454 0.11051246523857117
455 0.06516662240028381
456 0.08564741909503937
457 0.07902759313583374
458 0.06468557566404343
459 0.06695771217346191
460 0.05570988729596138
461 0.05570988729596138
462 0.0538998618721962
463 0.08148505538702011
464 0.05500363931059837
465 0.05796724930405617
466 0.05796724930405617
467 0.06642650067806244
468 0.13579832017421722
469 0.07430747151374817
470 0.1136462390422821
471 0.05815787985920906
472 0.043361905962228775
473 0.043361905962228775
474 0.051442570984363556
475 0.11837905645370483
476 0.07236605137586594
477 0.05819660797715187
478 0.10564520955085754
479 0.10564520955085754
480 0.03178715333342552
481 0.04112560674548149
482 0.049516282975673676
483 0.04858069494366646
484 0.06350433081388474
485 0.08513948321342468
486 0.08513948321342468
487 0.10652802884578705
488 0.03827764466404915
489 0.03377935662865639
490 0.03377935662865639
491 0.12476857006549835
492 0.08978884667158127
493 0.08978884667158127
494 0.0763622373342514
495 0.09472648799419403
496 0.04894370585680008
497 0.04718431830406189
498 0.04718431830406189
499 0.10532870143651962
