0 2.300910472869873
1 2.3016128540039062
2 2.3011412620544434
3 2.3011412620544434
4 2.3051061630249023
5 2.302635908126831
6 2.302330493927002
7 2.302330493927002
8 2.302330493927002
9 2.302330493927002
10 2.301621675491333
11 2.3027594089508057
12 2.3011722564697266
13 2.3023903369903564
14 2.3021888732910156
15 2.3030824661254883
16 2.3030824661254883
17 2.3030824661254883
18 2.2993669509887695
19 2.2993669509887695
20 2.3014755249023438
21 2.3011231422424316
22 2.3011231422424316
23 2.3003134727478027
24 2.304218053817749
25 2.302906036376953
26 2.30169415473938
27 2.2971818447113037
28 2.302809000015259
29 2.3031256198883057
30 2.2988674640655518
31 2.3043832778930664
32 2.3011250495910645
33 2.2999281883239746
34 2.301823139190674
35 2.301823139190674
36 2.301823139190674
37 2.301823139190674
38 2.298001289367676
39 2.298001289367676
40 2.2933623790740967
41 2.2933623790740967
42 2.2933623790740967
43 2.303252696990967
44 2.303252696990967
45 2.298706531524658
46 2.2871482372283936
47 2.29585599899292
48 2.29585599899292
49 2.289064407348633
50 2.2837510108947754
51 2.2906932830810547
52 2.287818431854248
53 2.2877767086029053
54 2.2877767086029053
55 2.2886369228363037
56 2.288770914077759
57 2.288770914077759
58 2.2774593830108643
59 2.28106689453125
60 2.28106689453125
61 2.28106689453125
62 2.2688679695129395
63 2.2688679695129395
64 2.2771589756011963
65 2.250566005706787
66 2.262653350830078
67 2.2605221271514893
68 2.2738914489746094
69 2.2311723232269287
70 2.236884355545044
71 2.236884355545044
72 2.20330810546875
73 2.197132110595703
74 2.197096824645996
75 2.2053418159484863
76 2.2053418159484863
77 2.202113628387451
78 2.118246555328369
79 2.118246555328369
80 2.1183712482452393
81 2.0441598892211914
82 1.912269115447998
83 1.912269115447998
84 1.8795632123947144
85 1.814892292022705
86 1.7482848167419434
87 1.4598591327667236
88 1.4954140186309814
89 1.4443360567092896
90 1.2771731615066528
91 1.1411151885986328
92 1.1758627891540527
93 1.0890302658081055
94 1.0384677648544312
95 0.9548313617706299
96 1.0569524765014648
97 0.8803333044052124
98 0.8803333044052124
99 0.8803333044052124
100 0.7094295620918274
101 0.7620209455490112
102 0.7620209455490112
103 0.8010448217391968
104 0.8059413433074951
105 0.8059413433074951
106 0.6424652934074402
107 0.6685861349105835
108 0.6100870966911316
109 0.6100870966911316
110 0.6100870966911316
111 0.5953357219696045
112 0.4743500351905823
113 0.6455544829368591
114 0.5848574638366699
115 0.5848574638366699
116 0.5175992250442505
117 0.5175992250442505
118 0.5175992250442505
119 0.49861422181129456
120 0.41385915875434875
121 0.6064105033874512
122 0.3534434139728546
123 0.4972178637981415
124 0.736921489238739
125 0.3502037525177002
126 0.3502037525177002
127 0.34701699018478394
128 0.34701699018478394
129 0.34701699018478394
130 0.6456506252288818
131 0.26320981979370117
132 0.37280896306037903
133 0.43400707840919495
134 0.43400707840919495
135 0.43400707840919495
136 0.3953638970851898
137 0.4411452114582062
138 0.4411452114582062
139 0.3948090970516205
140 0.3354712426662445
141 0.3354712426662445
142 0.44446325302124023
143 0.44446325302124023
144 0.44446325302124023
145 0.44446325302124023
146 0.3433615565299988
147 0.35957348346710205
148 0.36038175225257874
149 0.36038175225257874
150 0.35584697127342224
151 0.34878742694854736
152 0.2970511317253113
153 0.4046117663383484
154 0.4046117663383484
155 0.2560317814350128
156 0.3714011013507843
157 0.23039619624614716
158 0.23039619624614716
159 0.23039619624614716
160 0.2802527844905853
161 0.21941174566745758
162 0.21941174566745758
163 0.2570553421974182
164 0.259276807308197
165 0.259276807308197
166 0.30877524614334106
167 0.17966210842132568
168 0.3266136646270752
169 0.24379557371139526
170 0.24379557371139526
171 0.27010342478752136
172 0.3804160952568054
173 0.28751757740974426
174 0.28751757740974426
175 0.21579064428806305
176 0.17068371176719666
177 0.17068371176719666
178 0.17068371176719666
179 0.34686845541000366
180 0.2207212746143341
181 0.38852691650390625
182 0.3895103633403778
183 0.3895103633403778
184 0.331057071685791
185 0.3420259356498718
186 0.29382872581481934
187 0.22572088241577148
188 0.2719402313232422
189 0.19405658543109894
190 0.19405658543109894
191 0.38019871711730957
192 0.24416635930538177
193 0.24416635930538177
194 0.243556946516037
195 0.2452695667743683
196 0.3783642053604126
197 0.25278472900390625
198 0.2595730721950531
199 0.30813586711883545
200 0.30813586711883545
201 0.2267063707113266
202 0.2267063707113266
203 0.21741394698619843
204 0.33022329211235046
205 0.15945549309253693
206 0.15945549309253693
207 0.15945549309253693
208 0.23025263845920563
209 0.19916683435440063
210 0.24312472343444824
211 0.18219095468521118
212 0.3875862658023834
213 0.19012901186943054
214 0.19012901186943054
215 0.19012901186943054
216 0.19012901186943054
217 0.2204606831073761
218 0.2204606831073761
219 0.2204606831073761
220 0.2204606831073761
221 0.219255268573761
222 0.2569829523563385
223 0.11664317548274994
224 0.26462411880493164
225 0.21128171682357788
226 0.21128171682357788
227 0.14859537780284882
228 0.25154760479927063
229 0.2659812271595001
230 0.30248045921325684
231 0.13054709136486053
232 0.15450085699558258
233 0.17981015145778656
234 0.283457487821579
235 0.283457487821579
236 0.283457487821579
237 0.22534693777561188
238 0.22534693777561188
239 0.22534693777561188
240 0.2861524820327759
241 0.2325044721364975
242 0.1672610491514206
243 0.15080305933952332
244 0.15080305933952332
245 0.1405833214521408
246 0.17619472742080688
247 0.17824508249759674
248 0.21672934293746948
249 0.15941433608531952
250 0.15941433608531952
251 0.20503129065036774
252 0.1483035534620285
253 0.2488093227148056
254 0.13521060347557068
255 0.15991979837417603
256 0.24918703734874725
257 0.24918703734874725
258 0.13737529516220093
259 0.13737529516220093
260 0.18691055476665497
261 0.12315136939287186
262 0.12315136939287186
263 0.15440234541893005
264 0.09372242540121078
265 0.20174860954284668
266 0.252716600894928
267 0.18077918887138367
268 0.12798187136650085
269 0.15259161591529846
270 0.15259161591529846
271 0.20240144431591034
272 0.12946532666683197
273 0.2785288393497467
274 0.2785288393497467
275 0.11584673076868057
276 0.17836487293243408
277 0.12792332470417023
278 0.16093547642230988
279 0.16093547642230988
280 0.12696732580661774
281 0.2837563753128052
282 0.11720230430364609
283 0.14619342982769012
284 0.23791402578353882
285 0.11435450613498688
286 0.11653923243284225
287 0.14438189566135406
288 0.1291680932044983
289 0.20236466825008392
290 0.09876882284879684
291 0.162761390209198
292 0.162761390209198
293 0.19774655997753143
294 0.15082064270973206
295 0.19582989811897278
296 0.19582989811897278
297 0.19582989811897278
298 0.17599669098854065
299 0.2021668702363968
300 0.2021668702363968
301 0.2021668702363968
302 0.2021668702363968
303 0.07440327107906342
304 0.07440327107906342
305 0.1389181911945343
306 0.23104968667030334
307 0.19733548164367676
308 0.09666261821985245
309 0.09666261821985245
310 0.09666261821985245
311 0.09666261821985245
312 0.18253518640995026
313 0.14071068167686462
314 0.1628400683403015
315 0.1628400683403015
316 0.08593136072158813
317 0.1023930087685585
318 0.1023930087685585
319 0.12165270745754242
320 0.12165270745754242
321 0.12036605179309845
322 0.09620297700166702
323 0.11037162691354752
324 0.11037162691354752
325 0.05133475735783577
326 0.2206817865371704
327 0.08766061812639236
328 0.08766061812639236
329 0.11414767801761627
330 0.11414767801761627
331 0.14550691843032837
332 0.1334257870912552
333 0.15848219394683838
334 0.13876372575759888
335 0.13876372575759888
336 0.1274154633283615
337 0.15534503757953644
338 0.07596873492002487
339 0.07596873492002487
340 0.07596873492002487
341 0.09118356555700302
342 0.06639686226844788
343 0.12294985353946686
344 0.31255045533180237
345 0.1011330708861351
346 0.1054718866944313
347 0.1054718866944313
348 0.12157812714576721
349 0.06562730669975281
350 0.05737200379371643
351 0.08226130902767181
352 0.08317865431308746
353 0.11567874252796173
354 0.17673680186271667
355 0.17673680186271667
356 0.17673680186271667
357 0.17673680186271667
358 0.13018178939819336
359 0.25322455167770386
360 0.25322455167770386
361 0.07155384868383408
362 0.08699449896812439
363 0.08400237560272217
364 0.08927816152572632
365 0.12237643450498581
366 0.14758425951004028
367 0.08460337668657303
368 0.11940006166696548
369 0.15529336035251617
370 0.05949251353740692
371 0.14599983394145966
372 0.09667681902647018
373 0.15312421321868896
374 0.15312421321868896
375 0.15312421321868896
376 0.14370296895503998
377 0.11934760957956314
378 0.11934760957956314
379 0.11974480748176575
380 0.11974480748176575
381 0.1033107116818428
382 0.14544424414634705
383 0.14544424414634705
384 0.14544424414634705
385 0.14544424414634705
386 0.0484025701880455
387 0.09863201528787613
388 0.18772456049919128
389 0.10635296255350113
390 0.10635296255350113
391 0.10635296255350113
392 0.10635296255350113
393 0.11761127412319183
394 0.11761127412319183
395 0.19181662797927856
396 0.026988595724105835
397 0.11599486321210861
398 0.06753582507371902
399 0.11224417388439178
400 0.10394560545682907
401 0.10394560545682907
402 0.11833574622869492
403 0.11833574622869492
404 0.2168208509683609
405 0.08478281646966934
406 0.16701003909111023
407 0.16701003909111023
408 0.17264333367347717
409 0.13136930763721466
410 0.11858036369085312
411 0.06937945634126663
412 0.1671675741672516
413 0.11248864978551865
414 0.11248864978551865
415 0.1904679238796234
416 0.14225636422634125
417 0.14225636422634125
418 0.14225636422634125
419 0.09479863196611404
420 0.09479863196611404
421 0.09232369810342789
422 0.14266352355480194
423 0.14266352355480194
424 0.10226379334926605
425 0.06754093617200851
426 0.05841987952589989
427 0.05841987952589989
428 0.04173852503299713
429 0.10914764553308487
430 0.10914764553308487
431 0.09712637960910797
432 0.14781297743320465
433 0.17807230353355408
434 0.09948711097240448
435 0.09948711097240448
436 0.09368564188480377
437 0.16330048441886902
438 0.12454792857170105
439 0.07345695048570633
440 0.059131819754838943
441 0.10012160986661911
442 0.10012160986661911
443 0.10818251967430115
444 0.10818251967430115
445 0.1014600619673729
446 0.14846044778823853
447 0.05505400896072388
448 0.04847268760204315
449 0.0848274827003479
450 0.12354063242673874
451 0.0846310704946518
452 0.16470275819301605
453 0.10875580459833145
454 0.10875580459833145
455 0.08512652665376663
456 0.13050687313079834
457 0.1536942571401596
458 0.1536942571401596
459 0.05412366986274719
460 0.0628562793135643
461 0.14567320048809052
462 0.11249905824661255
463 0.10746656358242035
464 0.10746656358242035
465 0.18592946231365204
466 0.18369539082050323
467 0.18369539082050323
468 0.0811360701918602
469 0.0811360701918602
470 0.09688707441091537
471 0.09688707441091537
472 0.08044322580099106
473 0.07505953311920166
474 0.03148510307073593
475 0.03148510307073593
476 0.15785615146160126
477 0.06343254446983337
478 0.11088594794273376
479 0.12527619302272797
480 0.06447005271911621
481 0.06447005271911621
482 0.07802962511777878
483 0.1751023381948471
484 0.07510913163423538
485 0.057303670793771744
486 0.057303670793771744
487 0.028720401227474213
488 0.028720401227474213
489 0.04811346158385277
490 0.12663587927818298
491 0.1209314689040184
492 0.11699023097753525
493 0.09119732677936554
494 0.07599712908267975
495 0.07599712908267975
496 0.048467859625816345
497 0.048467859625816345
498 0.11788742989301682
499 0.05959358811378479
