0 0.0
1 0.0
2 2.3024227619171143
3 2.301889181137085
4 2.303307294845581
5 2.303307294845581
6 2.303307294845581
7 2.302340269088745
8 2.302628993988037
9 2.3019161224365234
10 2.3014919757843018
11 2.3013229370117188
12 2.3029820919036865
13 2.3029820919036865
14 2.3013107776641846
15 2.2989072799682617
16 2.3019509315490723
17 2.3019509315490723
18 2.301741123199463
19 2.3038032054901123
20 2.3044605255126953
21 2.304248332977295
22 2.297720193862915
23 2.297720193862915
24 2.296733856201172
25 2.3025193214416504
26 2.3025193214416504
27 2.2976486682891846
28 2.30035662651062
29 2.3037073612213135
30 2.2981457710266113
31 2.297290086746216
32 2.297290086746216
33 2.297290086746216
34 2.2948501110076904
35 2.2911479473114014
36 2.2911479473114014
37 2.2982466220855713
38 2.3035221099853516
39 2.289476156234741
40 2.289476156234741
41 2.2986674308776855
42 2.2993438243865967
43 2.2964625358581543
44 2.29193377494812
45 2.2911417484283447
46 2.2814087867736816
47 2.293907403945923
48 2.287229537963867
49 2.295285701751709
50 2.2927441596984863
51 2.2959377765655518
52 2.2944228649139404
53 2.2740650177001953
54 2.282092809677124
55 2.2809367179870605
56 2.2809367179870605
57 2.294393301010132
58 2.290847063064575
59 2.2947030067443848
60 2.2641754150390625
61 2.2743351459503174
62 2.2743351459503174
63 2.2903428077697754
64 2.2392516136169434
65 2.2708675861358643
66 2.255624294281006
67 2.255624294281006
68 2.264190196990967
69 2.239391803741455
70 2.239391803741455
71 2.211533784866333
72 2.2325446605682373
73 2.1916515827178955
74 2.1916515827178955
75 2.1916515827178955
76 2.1995620727539062
77 2.1646838188171387
78 2.1646838188171387
79 2.118356227874756
80 2.118356227874756
81 2.118356227874756
82 2.0272955894470215
83 2.0272955894470215
84 1.8977844715118408
85 1.806748628616333
86 1.806748628616333
87 1.5713509321212769
88 1.5713509321212769
89 1.4768177270889282
90 1.4119482040405273
91 1.2332292795181274
92 1.2332292795181274
93 1.2332292795181274
94 1.2332292795181274
95 1.2332292795181274
96 0.9000378847122192
97 0.9000378847122192
98 0.9000378847122192
99 0.8183474540710449
100 0.7173324227333069
101 0.7173324227333069
102 0.7173324227333069
103 0.8270332217216492
104 0.9537878036499023
105 0.8560235500335693
106 0.8560235500335693
107 0.6886494755744934
108 0.6886494755744934
109 0.5808025598526001
110 0.552054762840271
111 0.5996214151382446
112 0.563558042049408
113 0.7158366441726685
114 0.5604673624038696
115 0.4857574701309204
116 0.6273560523986816
117 0.610381007194519
118 0.6435704231262207
119 0.6435704231262207
120 0.6435704231262207
121 0.6435704231262207
122 0.6435704231262207
123 0.6435704231262207
124 0.5319186449050903
125 0.41558870673179626
126 0.4314001202583313
127 0.45178577303886414
128 0.3659133017063141
129 0.3659133017063141
130 0.6072258353233337
131 0.5128324627876282
132 0.5128324627876282
133 0.5128324627876282
134 0.403984397649765
135 0.43694978952407837
136 0.43694978952407837
137 0.32643163204193115
138 0.4914986193180084
139 0.40484747290611267
140 0.37744206190109253
141 0.30157944560050964
142 0.3682135343551636
143 0.33558571338653564
144 0.33558571338653564
145 0.33558571338653564
146 0.3775010406970978
147 0.2880028188228607
148 0.36164164543151855
149 0.272065669298172
150 0.4374639391899109
151 0.38399529457092285
152 0.38293009996414185
153 0.38293009996414185
154 0.41853222250938416
155 0.41853222250938416
156 0.5424928069114685
157 0.49606695771217346
158 0.3537377715110779
159 0.44002628326416016
160 0.44002628326416016
161 0.2836358845233917
162 0.30089229345321655
163 0.4450584650039673
164 0.3186832070350647
165 0.3229650557041168
166 0.29083970189094543
167 0.29083970189094543
168 0.5095438361167908
169 0.31804049015045166
170 0.26528987288475037
171 0.3782203197479248
172 0.31953930854797363
173 0.31953930854797363
174 0.37235721945762634
175 0.37235721945762634
176 0.313976526260376
177 0.33958113193511963
178 0.3818359375
179 0.3691571354866028
180 0.3691571354866028
181 0.3854701519012451
182 0.3854701519012451
183 0.2664230465888977
184 0.2664230465888977
185 0.2858298420906067
186 0.3782513737678528
187 0.2413758635520935
188 0.2413758635520935
189 0.28454795479774475
190 0.33387258648872375
191 0.22392812371253967
192 0.22741951048374176
193 0.2937820851802826
194 0.2937820851802826
195 0.2564748525619507
196 0.21885015070438385
197 0.21885015070438385
198 0.21885015070438385
199 0.21885015070438385
200 0.21885015070438385
201 0.3646950125694275
202 0.3646950125694275
203 0.30306437611579895
204 0.3649643361568451
205 0.25945138931274414
206 0.26336005330085754
207 0.26336005330085754
208 0.1705482304096222
209 0.35457608103752136
210 0.28567296266555786
211 0.2389107644557953
212 0.20993514358997345
213 0.20993514358997345
214 0.2373141497373581
215 0.2506912052631378
216 0.17286667227745056
217 0.2859390377998352
218 0.16187244653701782
219 0.22012373805046082
220 0.23877303302288055
221 0.20200374722480774
222 0.20200374722480774
223 0.20200374722480774
224 0.32541677355766296
225 0.2081531584262848
226 0.2054191678762436
227 0.1745131015777588
228 0.228413924574852
229 0.22014155983924866
230 0.31288981437683105
231 0.31288981437683105
232 0.31288981437683105
233 0.18685382604599
234 0.2588145136833191
235 0.1543329954147339
236 0.1543329954147339
237 0.36411038041114807
238 0.20087699592113495
239 0.20087699592113495
240 0.20594866573810577
241 0.20594866573810577
242 0.20594866573810577
243 0.17535656690597534
244 0.1448262482881546
245 0.1823652982711792
246 0.1823652982711792
247 0.1960909515619278
248 0.19660040736198425
249 0.13148680329322815
250 0.1733325570821762
251 0.1733325570821762
252 0.1733325570821762
253 0.25774621963500977
254 0.25774621963500977
255 0.28528693318367004
256 0.28528693318367004
257 0.192865252494812
258 0.192865252494812
259 0.192865252494812
260 0.192865252494812
261 0.09380669891834259
262 0.173379048705101
263 0.1689104437828064
264 0.18395578861236572
265 0.30318310856819153
266 0.30318310856819153
267 0.2117951512336731
268 0.2117951512336731
269 0.1454041302204132
270 0.1995687335729599
271 0.1995687335729599
272 0.18152455985546112
273 0.11735917627811432
274 0.18775032460689545
275 0.14853423833847046
276 0.18887370824813843
277 0.12955795228481293
278 0.20148907601833344
279 0.13566021621227264
280 0.11950013041496277
281 0.14385637640953064
282 0.07771317660808563
283 0.2308078408241272
284 0.2308078408241272
285 0.19992433488368988
286 0.19992433488368988
287 0.16775478422641754
288 0.1269306242465973
289 0.16132909059524536
290 0.14406999945640564
291 0.15889985859394073
292 0.2563808560371399
293 0.2563808560371399
294 0.15570777654647827
295 0.10923387110233307
296 0.11981972306966782
297 0.15334422886371613
298 0.15334422886371613
299 0.15334422886371613
300 0.09884435683488846
301 0.09884435683488846
302 0.1333324909210205
303 0.1333324909210205
304 0.16258057951927185
305 0.16258057951927185
306 0.10332652181386948
307 0.0897207036614418
308 0.14210352301597595
309 0.11127768456935883
310 0.1755225658416748
311 0.1751061975955963
312 0.1077851727604866
313 0.08529946953058243
314 0.08529946953058243
315 0.12464414536952972
316 0.12464414536952972
317 0.11403467506170273
318 0.11403467506170273
319 0.1072644367814064
320 0.0686907023191452
321 0.0845911055803299
322 0.24801205098628998
323 0.10776391625404358
324 0.10776391625404358
325 0.10776391625404358
326 0.18385371565818787
327 0.09481064975261688
328 0.09481064975261688
329 0.2089717537164688
330 0.06125772371888161
331 0.06125772371888161
332 0.09107227623462677
333 0.13400451838970184
334 0.08484527468681335
335 0.08484527468681335
336 0.08484527468681335
337 0.08179096132516861
338 0.10959017276763916
339 0.10959017276763916
340 0.21218746900558472
341 0.18388250470161438
342 0.18388250470161438
343 0.05406276136636734
344 0.09764742851257324
345 0.06630637496709824
346 0.10158810019493103
347 0.20971037447452545
348 0.09133569896221161
349 0.14869612455368042
350 0.05551934242248535
351 0.125995934009552
352 0.1080479621887207
353 0.12890270352363586
354 0.10531122237443924
355 0.06775658577680588
356 0.1474435031414032
357 0.14942124485969543
358 0.14942124485969543
359 0.13421767950057983
360 0.06546439230442047
361 0.11935313045978546
362 0.13471324741840363
363 0.13471324741840363
364 0.0773141160607338
365 0.0773141160607338
366 0.0773141160607338
367 0.0773141160607338
368 0.0773141160607338
369 0.13642866909503937
370 0.08184265345335007
371 0.039643555879592896
372 0.07101178914308548
373 0.05515190213918686
374 0.05515190213918686
375 0.18899212777614594
376 0.1024380549788475
377 0.11188985407352448
378 0.12403733283281326
379 0.14126716554164886
380 0.16067291796207428
381 0.16067291796207428
382 0.11793234944343567
383 0.08924632519483566
384 0.13940925896167755
385 0.14913487434387207
386 0.14913487434387207
387 0.03850773721933365
388 0.09147171676158905
389 0.0949600338935852
390 0.0949600338935852
391 0.08795186877250671
392 0.05449533462524414
393 0.05449533462524414
394 0.12882208824157715
395 0.09694430232048035
396 0.1529313176870346
397 0.15422838926315308
398 0.1978602260351181
399 0.21341465413570404
400 0.10978741198778152
401 0.18742898106575012
402 0.04982718452811241
403 0.09599687904119492
404 0.08938794583082199
405 0.09984780102968216
406 0.09984780102968216
407 0.12579534947872162
408 0.08668206632137299
409 0.06280742585659027
410 0.06993710994720459
411 0.11099372059106827
412 0.1546105593442917
413 0.14034202694892883
414 0.09538741409778595
415 0.10545087605714798
416 0.06664739549160004
417 0.06664739549160004
418 0.10466907173395157
419 0.10466907173395157
420 0.07638859748840332
421 0.1090414971113205
422 0.11391441524028778
423 0.13513413071632385
424 0.13513413071632385
425 0.08867393434047699
426 0.08867393434047699
427 0.14069440960884094
428 0.14069440960884094
429 0.14069440960884094
430 0.07644595950841904
431 0.07644595950841904
432 0.05969846993684769
433 0.05969846993684769
434 0.05969846993684769
435 0.05969846993684769
436 0.05969846993684769
437 0.05969846993684769
438 0.05969846993684769
439 0.05969846993684769
440 0.05969846993684769
441 0.08268875628709793
442 0.054353855550289154
443 0.15350672602653503
444 0.0659133642911911
445 0.08247288316488266
446 0.08247288316488266
447 0.08247288316488266
448 0.15100666880607605
449 0.15100666880607605
450 0.08571160584688187
451 0.08284608274698257
452 0.08284608274698257
453 0.08284608274698257
454 0.08284608274698257
455 0.1322067528963089
456 0.08329468965530396
457 0.06409180909395218
458 0.06677815318107605
459 0.0652778297662735
460 0.0296904556453228
461 0.1022760421037674
462 0.1022760421037674
463 0.10765351355075836
464 0.12537774443626404
465 0.12537774443626404
466 0.12537774443626404
467 0.12537774443626404
468 0.12537774443626404
469 0.09569020569324493
470 0.09569020569324493
471 0.09569020569324493
472 0.06969412416219711
473 0.06969412416219711
474 0.06969412416219711
475 0.07324016839265823
476 0.06560418754816055
477 0.06560418754816055
478 0.06560418754816055
479 0.10766958445310593
480 0.1123940497636795
481 0.07015620172023773
482 0.07015620172023773
483 0.08834422379732132
484 0.10729444026947021
485 0.14995816349983215
486 0.05761024355888367
487 0.05761024355888367
488 0.06278525292873383
489 0.06562580168247223
490 0.08744768053293228
491 0.08744768053293228
492 0.09507644176483154
493 0.09507644176483154
494 0.09507644176483154
495 0.06238996237516403
496 0.07361727952957153
497 0.07361727952957153
498 0.061818286776542664
499 0.037626393139362335
