0 0.0
1 2.3030898571014404
2 2.3030898571014404
3 2.3041648864746094
4 2.3019328117370605
5 2.301685333251953
6 2.3020801544189453
7 2.3020801544189453
8 2.3024191856384277
9 2.299798011779785
10 2.299798011779785
11 2.299798011779785
12 2.2987723350524902
13 2.301377296447754
14 2.301377296447754
15 2.301377296447754
16 2.2974185943603516
17 2.297645092010498
18 2.297645092010498
19 2.293327569961548
20 2.2979118824005127
21 2.295119285583496
22 2.2948129177093506
23 2.2924418449401855
24 2.290961503982544
25 2.292444944381714
26 2.2859745025634766
27 2.289743661880493
28 2.2872095108032227
29 2.2872095108032227
30 2.2839694023132324
31 2.2839694023132324
32 2.2874414920806885
33 2.283511161804199
34 2.2793874740600586
35 2.280935764312744
36 2.2809786796569824
37 2.2804362773895264
38 2.2804362773895264
39 2.2804768085479736
40 2.2832934856414795
41 2.2832934856414795
42 2.27622127532959
43 2.2694385051727295
44 2.272430658340454
45 2.272430658340454
46 2.272430658340454
47 2.272430658340454
48 2.259737253189087
49 2.273707628250122
50 2.273707628250122
51 2.268188953399658
52 2.2676775455474854
53 2.2676775455474854
54 2.2676775455474854
55 2.2465403079986572
56 2.245561361312866
57 2.245561361312866
58 2.247389078140259
59 2.247389078140259
60 2.247389078140259
61 2.22983717918396
62 2.2338380813598633
63 2.2109920978546143
64 2.219993829727173
65 2.219993829727173
66 2.219993829727173
67 2.1919381618499756
68 2.1919381618499756
69 2.196349859237671
70 2.213059902191162
71 2.213059902191162
72 2.213059902191162
73 2.1438522338867188
74 2.1438522338867188
75 2.11293363571167
76 2.11293363571167
77 2.1213841438293457
78 2.035397529602051
79 2.031189441680908
80 2.0341999530792236
81 2.0341999530792236
82 1.9613295793533325
83 1.8261573314666748
84 1.8668357133865356
85 1.8668357133865356
86 1.6351271867752075
87 1.502626657485962
88 1.5916788578033447
89 1.4585497379302979
90 1.2453932762145996
91 1.022189974784851
92 0.9787883758544922
93 0.9787883758544922
94 0.9893344640731812
95 0.9893344640731812
96 0.8636733889579773
97 0.7528245449066162
98 0.5493839383125305
99 0.7107510566711426
100 0.7107510566711426
101 0.8297479748725891
102 0.6509227752685547
103 0.6509227752685547
104 0.7759419083595276
105 0.781495988368988
106 0.781495988368988
107 0.7264010906219482
108 0.7264010906219482
109 0.518121600151062
110 0.4826282262802124
111 0.4826282262802124
112 0.4614977240562439
113 0.4614977240562439
114 0.6103427410125732
115 0.3025166392326355
116 0.32027268409729004
117 0.6719112396240234
118 0.7698072195053101
119 0.47204068303108215
120 0.4380166828632355
121 0.4227679967880249
122 0.5068799257278442
123 0.46711185574531555
124 0.7473357915878296
125 0.7473357915878296
126 0.5292513966560364
127 0.3772236704826355
128 0.34606030583381653
129 0.19438323378562927
130 0.37545719742774963
131 0.6319655179977417
132 0.6319655179977417
133 0.49506229162216187
134 0.416255384683609
135 0.416255384683609
136 0.2666473686695099
137 0.509766697883606
138 0.40689536929130554
139 0.40689536929130554
140 0.3633050322532654
141 0.3591018617153168
142 0.3591018617153168
143 0.3591018617153168
144 0.3591018617153168
145 0.406113862991333
146 0.3289099633693695
147 0.3289099633693695
148 0.3289099633693695
149 0.2952166199684143
150 0.3749123513698578
151 0.2376583367586136
152 0.26313477754592896
153 0.24845781922340393
154 0.31038960814476013
155 0.3912091553211212
156 0.26789575815200806
157 0.25275081396102905
158 0.28662046790122986
159 0.28662046790122986
160 0.3193303048610687
161 0.47280368208885193
162 0.368916392326355
163 0.368916392326355
164 0.368916392326355
165 0.368916392326355
166 0.2867768406867981
167 0.2867768406867981
168 0.2867768406867981
169 0.2867768406867981
170 0.3313770294189453
171 0.1264858990907669
172 0.1264858990907669
173 0.27282723784446716
174 0.27282723784446716
175 0.3118993043899536
176 0.25774112343788147
177 0.2303747534751892
178 0.2410091608762741
179 0.16109567880630493
180 0.18881480395793915
181 0.18881480395793915
182 0.26826152205467224
183 0.1458740532398224
184 0.21799199283123016
185 0.29692497849464417
186 0.29692497849464417
187 0.29692497849464417
188 0.46172600984573364
189 0.34452834725379944
190 0.34452834725379944
191 0.34452834725379944
192 0.34452834725379944
193 0.34452834725379944
194 0.22230324149131775
195 0.3710390329360962
196 0.3710390329360962
197 0.3710390329360962
198 0.3710390329360962
199 0.3710390329360962
200 0.2563481032848358
201 0.2487269937992096
202 0.20397327840328217
203 0.20397327840328217
204 0.1464899629354477
205 0.1464899629354477
206 0.255182147026062
207 0.18961796164512634
208 0.3051793575286865
209 0.2575705945491791
210 0.2575705945491791
211 0.2575705945491791
212 0.2575705945491791
213 0.2133363038301468
214 0.2942693829536438
215 0.1989830583333969
216 0.1989830583333969
217 0.1989830583333969
218 0.2014429271221161
219 0.15007498860359192
220 0.18635785579681396
221 0.20181843638420105
222 0.10414540767669678
223 0.18215781450271606
224 0.16485650837421417
225 0.16485650837421417
226 0.2942417562007904
227 0.2942417562007904
228 0.13926297426223755
229 0.18786239624023438
230 0.18739673495292664
231 0.18739673495292664
232 0.22122490406036377
233 0.18146157264709473
234 0.18146157264709473
235 0.18146157264709473
236 0.19360226392745972
237 0.19360226392745972
238 0.20091380178928375
239 0.18651744723320007
240 0.15506762266159058
241 0.1932029128074646
242 0.1932029128074646
243 0.1932029128074646
244 0.21162092685699463
245 0.2008095681667328
246 0.17760822176933289
247 0.17760822176933289
248 0.17760822176933289
249 0.15622423589229584
250 0.12315530329942703
251 0.12315530329942703
252 0.3348892629146576
253 0.25674596428871155
254 0.10054408013820648
255 0.192205548286438
256 0.192205548286438
257 0.137852743268013
258 0.15150779485702515
259 0.15498284995555878
260 0.15498284995555878
261 0.15498284995555878
262 0.24324250221252441
263 0.23612138628959656
264 0.23612138628959656
265 0.23612138628959656
266 0.17236831784248352
267 0.29495295882225037
268 0.20241007208824158
269 0.1432400494813919
270 0.179917111992836
271 0.15764473378658295
272 0.14606420695781708
273 0.14606420695781708
274 0.09990911185741425
275 0.156760111451149
276 0.156760111451149
277 0.19882512092590332
278 0.11036965250968933
279 0.16221271455287933
280 0.05346439778804779
281 0.18449318408966064
282 0.18449318408966064
283 0.09887005388736725
284 0.10342162102460861
285 0.07413949817419052
286 0.1107710525393486
287 0.2658611536026001
288 0.10008446872234344
289 0.11211900413036346
290 0.23233023285865784
291 0.14520832896232605
292 0.22784686088562012
293 0.1461992710828781
294 0.11729083955287933
295 0.11729083955287933
296 0.12875455617904663
297 0.12875455617904663
298 0.13016852736473083
299 0.13016852736473083
300 0.07850804179906845
301 0.07850804179906845
302 0.16841015219688416
303 0.1136201024055481
304 0.16807162761688232
305 0.1882520616054535
306 0.0995294451713562
307 0.09846928715705872
308 0.17182935774326324
309 0.17182935774326324
310 0.17102470993995667
311 0.15003123879432678
312 0.15003123879432678
313 0.1729123592376709
314 0.1729123592376709
315 0.06949525326490402
316 0.2334585040807724
317 0.14795427024364471
318 0.09105029702186584
319 0.0779929831624031
320 0.08901064842939377
321 0.08472271263599396
322 0.09220989793539047
323 0.09220989793539047
324 0.0999157652258873
325 0.09956246614456177
326 0.09956246614456177
327 0.12591350078582764
328 0.12768036127090454
329 0.12768036127090454
330 0.17068375647068024
331 0.04211268573999405
332 0.0492573156952858
333 0.11942365020513535
334 0.11254027485847473
335 0.04950302094221115
336 0.08644063025712967
337 0.08644063025712967
338 0.13377656042575836
339 0.19134199619293213
340 0.08698339015245438
341 0.08698339015245438
342 0.20210012793540955
343 0.039871085435152054
344 0.03697410598397255
345 0.0817597284913063
346 0.0817597284913063
347 0.1393595039844513
348 0.1393595039844513
349 0.16169577836990356
350 0.16169577836990356
351 0.12270825356245041
352 0.13074852526187897
353 0.05425688996911049
354 0.11252269148826599
355 0.07968837022781372
356 0.16947223246097565
357 0.08472587913274765
358 0.16195635497570038
359 0.09117940813302994
360 0.07455461472272873
361 0.07455461472272873
362 0.058311354368925095
363 0.0841834768652916
364 0.056531473994255066
365 0.0898607149720192
366 0.22382959723472595
367 0.1181022971868515
368 0.08048473298549652
369 0.05621321499347687
370 0.05621321499347687
371 0.05621321499347687
372 0.1607140749692917
373 0.1607140749692917
374 0.1021181121468544
375 0.0812009871006012
376 0.0812009871006012
377 0.0695190280675888
378 0.07208568602800369
379 0.17689825594425201
380 0.14421206712722778
381 0.05728121101856232
382 0.15669389069080353
383 0.15389953553676605
384 0.15389953553676605
385 0.13827569782733917
386 0.08690685033798218
387 0.10028032958507538
388 0.10759464651346207
389 0.08597557991743088
390 0.06998378038406372
391 0.08260699361562729
392 0.08260699361562729
393 0.08260699361562729
394 0.0725724846124649
395 0.0725724846124649
396 0.11725670099258423
397 0.11725670099258423
398 0.06045639514923096
399 0.10576179623603821
400 0.05819550156593323
401 0.05819550156593323
402 0.1445070058107376
403 0.11844459921121597
404 0.0492464117705822
405 0.0492464117705822
406 0.052274398505687714
407 0.052274398505687714
408 0.052274398505687714
409 0.052274398505687714
410 0.08166416734457016
411 0.09631932526826859
412 0.09631932526826859
413 0.19971701502799988
414 0.09183921664953232
415 0.09183921664953232
416 0.06999130547046661
417 0.08190179616212845
418 0.09532458335161209
419 0.09532458335161209
420 0.0842733159661293
421 0.11696550250053406
422 0.11696550250053406
423 0.1842554658651352
424 0.0652533769607544
425 0.0652533769607544
426 0.12246385961771011
427 0.09116324037313461
428 0.09079443663358688
429 0.09079443663358688
430 0.1192445456981659
431 0.1192445456981659
432 0.1192445456981659
433 0.05957469344139099
434 0.07346265017986298
435 0.11693636327981949
436 0.11693636327981949
437 0.06984848529100418
438 0.06984848529100418
439 0.06984848529100418
440 0.12483029067516327
441 0.12483029067516327
442 0.05809202790260315
443 0.07758035510778427
444 0.07758035510778427
445 0.07758035510778427
446 0.07758035510778427
447 0.12598347663879395
448 0.05915851518511772
449 0.06807824224233627
450 0.06807824224233627
451 0.030756991356611252
452 0.030756991356611252
453 0.06659059971570969
454 0.052425358444452286
455 0.052425358444452286
456 0.10606738924980164
457 0.10606738924980164
458 0.10606738924980164
459 0.10606738924980164
460 0.07864232361316681
461 0.04461880028247833
462 0.23770758509635925
463 0.04482968524098396
464 0.16879621148109436
465 0.16879621148109436
466 0.12252456694841385
467 0.04118690267205238
468 0.02591746300458908
469 0.06925470381975174
470 0.09360897541046143
471 0.09360897541046143
472 0.09360897541046143
473 0.05036826804280281
474 0.04764416813850403
475 0.06277430802583694
476 0.055886413902044296
477 0.028077606111764908
478 0.040369756519794464
479 0.040369756519794464
480 0.11615577340126038
481 0.07232170552015305
482 0.07232170552015305
483 0.07232170552015305
484 0.1472889631986618
485 0.1472889631986618
486 0.10402552783489227
487 0.04072442278265953
488 0.06993038952350616
489 0.06993038952350616
490 0.09664871543645859
491 0.10131286084651947
492 0.10131286084651947
493 0.10131286084651947
494 0.025312155485153198
495 0.06546464562416077
496 0.06546464562416077
497 0.04265318065881729
498 0.03339825198054314
499 0.03339825198054314
