0 2.303715467453003
1 2.3006558418273926
2 2.3045074939727783
3 2.301215887069702
4 2.301215887069702
5 2.303238868713379
6 2.303149461746216
7 2.30258846282959
8 2.3008859157562256
9 2.3008859157562256
10 2.301482915878296
11 2.301482915878296
12 2.3017051219940186
13 2.3017051219940186
14 2.30212664604187
15 2.30212664604187
16 2.3020801544189453
17 2.299626588821411
18 2.2991650104522705
19 2.302952766418457
20 2.302952766418457
21 2.302952766418457
22 2.2958223819732666
23 2.2958223819732666
24 2.2958223819732666
25 2.300996780395508
26 2.300996780395508
27 2.300996780395508
28 2.300996780395508
29 2.2942066192626953
30 2.302497625350952
31 2.289310932159424
32 2.3004188537597656
33 2.30527925491333
34 2.30527925491333
35 2.30527925491333
36 2.30527925491333
37 2.299614906311035
38 2.2939929962158203
39 2.3021512031555176
40 2.3046352863311768
41 2.303192138671875
42 2.301130771636963
43 2.2907919883728027
44 2.2936058044433594
45 2.300266981124878
46 2.2940237522125244
47 2.2961935997009277
48 2.286712408065796
49 2.286712408065796
50 2.286712408065796
51 2.288055419921875
52 2.2949273586273193
53 2.2896130084991455
54 2.285825490951538
55 2.282782554626465
56 2.266221761703491
57 2.293555736541748
58 2.293555736541748
59 2.2861244678497314
60 2.2661499977111816
61 2.288606882095337
62 2.288606882095337
63 2.2590768337249756
64 2.2621498107910156
65 2.275503635406494
66 2.257845401763916
67 2.2591569423675537
68 2.2402853965759277
69 2.2402853965759277
70 2.220306158065796
71 2.249986410140991
72 2.249986410140991
73 2.249986410140991
74 2.2189671993255615
75 2.231762170791626
76 2.217939853668213
77 2.1789486408233643
78 2.1033315658569336
79 2.1033315658569336
80 2.137094736099243
81 2.0377466678619385
82 2.0186641216278076
83 1.9110922813415527
84 1.87498939037323
85 1.87498939037323
86 1.6821837425231934
87 1.6821837425231934
88 1.6954889297485352
89 1.4469358921051025
90 1.3501328229904175
91 1.201777696609497
92 1.095949649810791
93 1.0369179248809814
94 0.896917998790741
95 0.9259698987007141
96 0.8834803700447083
97 0.7917653322219849
98 0.7332274317741394
99 0.8980552554130554
100 0.8980552554130554
101 0.8662987351417542
102 0.683322548866272
103 0.9116455912590027
104 0.7913734912872314
105 0.6649748682975769
106 0.6399481296539307
107 0.46322810649871826
108 0.6322205662727356
109 0.5454769134521484
110 0.6594204306602478
111 0.6941114068031311
112 0.6941114068031311
113 0.6941114068031311
114 0.5900915861129761
115 0.39297017455101013
116 0.6003891229629517
117 0.42676451802253723
118 0.6207633018493652
119 0.47134387493133545
120 0.4778083264827728
121 0.7868430018424988
122 0.7868430018424988
123 0.7868430018424988
124 0.5269858241081238
125 0.5269858241081238
126 0.530756413936615
127 0.530756413936615
128 0.4397627115249634
129 0.4697366952896118
130 0.4548260569572449
131 0.4548260569572449
132 0.4548260569572449
133 0.4548260569572449
134 0.3848898410797119
135 0.3926210403442383
136 0.38003474473953247
137 0.30763131380081177
138 0.5783857107162476
139 0.45701083540916443
140 0.2615277171134949
141 0.34855806827545166
142 0.40049687027931213
143 0.31150931119918823
144 0.3562132716178894
145 0.622297465801239
146 0.622297465801239
147 0.622297465801239
148 0.4253574013710022
149 0.2590261399745941
150 0.3480275571346283
151 0.5191798210144043
152 0.27932706475257874
153 0.42404255270957947
154 0.42404255270957947
155 0.2925567924976349
156 0.469571053981781
157 0.34342560172080994
158 0.34342560172080994
159 0.29343661665916443
160 0.28989312052726746
161 0.3024996817111969
162 0.4263012111186981
163 0.4263012111186981
164 0.4263012111186981
165 0.262131005525589
166 0.262131005525589
167 0.31681472063064575
168 0.31681472063064575
169 0.31681472063064575
170 0.2795814871788025
171 0.26631107926368713
172 0.29776594042778015
173 0.25118422508239746
174 0.35756126046180725
175 0.35756126046180725
176 0.35756126046180725
177 0.3067740201950073
178 0.26413360238075256
179 0.26413360238075256
180 0.22348728775978088
181 0.22770453989505768
182 0.3472231924533844
183 0.3472231924533844
184 0.30247050523757935
185 0.30247050523757935
186 0.20724375545978546
187 0.20724375545978546
188 0.449138879776001
189 0.2732386589050293
190 0.3560546636581421
191 0.2863941192626953
192 0.2863941192626953
193 0.2864213287830353
194 0.2864213287830353
195 0.3649452328681946
196 0.3649452328681946
197 0.313478022813797
198 0.30543047189712524
199 0.20335954427719116
200 0.33401310443878174
201 0.33401310443878174
202 0.23810885846614838
203 0.3010788857936859
204 0.24984343349933624
205 0.24984343349933624
206 0.21568597853183746
207 0.2008938044309616
208 0.22360533475875854
209 0.22360533475875854
210 0.2036069631576538
211 0.2652364671230316
212 0.18963994085788727
213 0.18963994085788727
214 0.26626521348953247
215 0.26626521348953247
216 0.145730122923851
217 0.3210674822330475
218 0.2681868374347687
219 0.2681868374347687
220 0.16465464234352112
221 0.16465464234352112
222 0.20927666127681732
223 0.20927666127681732
224 0.21051643788814545
225 0.220747709274292
226 0.16231849789619446
227 0.15163904428482056
228 0.1638924926519394
229 0.1970343440771103
230 0.19049063324928284
231 0.17992712557315826
232 0.2525634467601776
233 0.20395131409168243
234 0.20395131409168243
235 0.1301264464855194
236 0.1301264464855194
237 0.21746349334716797
238 0.2614904046058655
239 0.18488594889640808
240 0.16525515913963318
241 0.20491844415664673
242 0.30485638976097107
243 0.30485638976097107
244 0.30485638976097107
245 0.30485638976097107
246 0.10448681563138962
247 0.10448681563138962
248 0.22243985533714294
249 0.22243985533714294
250 0.14053915441036224
251 0.16518214344978333
252 0.17406605184078217
253 0.17406605184078217
254 0.12947076559066772
255 0.1874428540468216
256 0.16876544058322906
257 0.16876544058322906
258 0.1835932731628418
259 0.16067729890346527
260 0.16067729890346527
261 0.18789666891098022
262 0.14855332672595978
263 0.14855332672595978
264 0.1796301305294037
265 0.1796301305294037
266 0.23304453492164612
267 0.23304453492164612
268 0.10249947756528854
269 0.10249947756528854
270 0.10249947756528854
271 0.10249947756528854
272 0.22956347465515137
273 0.22956347465515137
274 0.22956347465515137
275 0.17857955396175385
276 0.12151359766721725
277 0.12151359766721725
278 0.1968803107738495
279 0.1434331089258194
280 0.1434331089258194
281 0.2315201610326767
282 0.11239391565322876
283 0.15634527802467346
284 0.15634527802467346
285 0.19975829124450684
286 0.09817735105752945
287 0.23949675261974335
288 0.16105759143829346
289 0.17184560000896454
290 0.17184560000896454
291 0.08429881930351257
292 0.26885858178138733
293 0.14969855546951294
294 0.18999041616916656
295 0.1525518000125885
296 0.1525518000125885
297 0.1525518000125885
298 0.13105076551437378
299 0.15202496945858002
300 0.053708404302597046
301 0.12486955523490906
302 0.12486955523490906
303 0.12486955523490906
304 0.12486955523490906
305 0.19384406507015228
306 0.20280517637729645
307 0.20280517637729645
308 0.20280517637729645
309 0.1651996523141861
310 0.14281560480594635
311 0.14281560480594635
312 0.14281560480594635
313 0.09532571583986282
314 0.14871881902217865
315 0.23429657518863678
316 0.18119575083255768
317 0.06436152011156082
318 0.10274887084960938
319 0.1793985813856125
320 0.09325797855854034
321 0.08517622202634811
322 0.15790119767189026
323 0.20792166888713837
324 0.14205724000930786
325 0.21283979713916779
326 0.20986375212669373
327 0.0649443194270134
328 0.13264167308807373
329 0.10301320999860764
330 0.10815397650003433
331 0.10691261291503906
332 0.21662349998950958
333 0.169457346200943
334 0.10461874306201935
335 0.08968523144721985
336 0.10049319267272949
337 0.061997607350349426
338 0.1007331982254982
339 0.07843099534511566
340 0.07843099534511566
341 0.10005659610033035
342 0.10005659610033035
343 0.15694795548915863
344 0.12512320280075073
345 0.12512320280075073
346 0.22480183839797974
347 0.11379553377628326
348 0.14428658783435822
349 0.14066915214061737
350 0.14066915214061737
351 0.14066915214061737
352 0.09617685526609421
353 0.09617685526609421
354 0.06192485988140106
355 0.06192485988140106
356 0.06192485988140106
357 0.1156056672334671
358 0.1156056672334671
359 0.14429745078086853
360 0.12213277071714401
361 0.08789581805467606
362 0.08789581805467606
363 0.07031530886888504
364 0.07031530886888504
365 0.10965906083583832
366 0.09320347011089325
367 0.09320347011089325
368 0.12819203734397888
369 0.14758072793483734
370 0.059645213186740875
371 0.0920090600848198
372 0.3253408372402191
373 0.1069500744342804
374 0.1647588461637497
375 0.1647588461637497
376 0.19165895879268646
377 0.19165895879268646
378 0.06035635620355606
379 0.06035635620355606
380 0.06429892778396606
381 0.07366855442523956
382 0.06858057528734207
383 0.08991977572441101
384 0.15358497202396393
385 0.06926049292087555
386 0.06926049292087555
387 0.07854476571083069
388 0.07854476571083069
389 0.07854476571083069
390 0.05009394511580467
391 0.05009394511580467
392 0.09614603221416473
393 0.11343862116336823
394 0.13564108312129974
395 0.11709147691726685
396 0.09134641289710999
397 0.0791551023721695
398 0.18820466101169586
399 0.18820466101169586
400 0.18820466101169586
401 0.16510240733623505
402 0.16510240733623505
403 0.13290131092071533
404 0.13290131092071533
405 0.24390678107738495
406 0.07421600073575974
407 0.08795887976884842
408 0.08795887976884842
409 0.06136001646518707
410 0.1392693966627121
411 0.1392693966627121
412 0.2217075377702713
413 0.1059427484869957
414 0.04829232394695282
415 0.09761881083250046
416 0.09761881083250046
417 0.09761881083250046
418 0.11920834332704544
419 0.07340534776449203
420 0.14129282534122467
421 0.07845523953437805
422 0.07845523953437805
423 0.07845523953437805
424 0.12344427406787872
425 0.12344427406787872
426 0.0666067972779274
427 0.11461716890335083
428 0.07524171471595764
429 0.1258837878704071
430 0.031521763652563095
431 0.11351881176233292
432 0.11351881176233292
433 0.04018959030508995
434 0.04018959030508995
435 0.04018959030508995
436 0.11717371642589569
437 0.11717371642589569
438 0.05757443606853485
439 0.08486604690551758
440 0.10319048166275024
441 0.07172777503728867
442 0.07574201375246048
443 0.1377401053905487
444 0.08738000690937042
445 0.08738000690937042
446 0.08738000690937042
447 0.037364643067121506
448 0.09478180855512619
449 0.09478180855512619
450 0.09478180855512619
451 0.060392215847969055
452 0.08571110665798187
453 0.12493574619293213
454 0.06619682908058167
455 0.06362331658601761
456 0.20068736374378204
457 0.06378234922885895
458 0.056505076587200165
459 0.056505076587200165
460 0.056505076587200165
461 0.06863628327846527
462 0.07973666489124298
463 0.07973666489124298
464 0.053640931844711304
465 0.08511187881231308
466 0.13584791123867035
467 0.11807087808847427
468 0.11807087808847427
469 0.08915983885526657
470 0.08915983885526657
471 0.11040335148572922
472 0.09982724487781525
473 0.07988505065441132
474 0.1487642228603363
475 0.1250848025083542
476 0.058496057987213135
477 0.12254772335290909
478 0.10844681411981583
479 0.10844681411981583
480 0.10844681411981583
481 0.10844681411981583
482 0.04489137977361679
483 0.10752933472394943
484 0.06849633157253265
485 0.06849633157253265
486 0.09901759773492813
487 0.07789383083581924
488 0.08727075159549713
489 0.026456978172063828
490 0.09776129573583603
491 0.05629860982298851
492 0.05629860982298851
493 0.10910499095916748
494 0.14160670340061188
495 0.12821078300476074
496 0.056016892194747925
497 0.10871004313230515
498 0.10871004313230515
499 0.10871004313230515
