0 2.3072681427001953
1 2.3072681427001953
2 2.3051419258117676
3 2.3051419258117676
4 2.3051419258117676
5 2.308814764022827
6 2.308814764022827
7 2.303313970565796
8 2.3030223846435547
9 2.303165912628174
10 2.303165912628174
11 2.2990753650665283
12 2.2990753650665283
13 2.2985854148864746
14 2.2977566719055176
15 2.293919086456299
16 2.2953367233276367
17 2.292088031768799
18 2.2897799015045166
19 2.2897799015045166
20 2.2843563556671143
21 2.285790205001831
22 2.2800328731536865
23 2.2806074619293213
24 2.2806074619293213
25 2.2806074619293213
26 2.2806074619293213
27 2.2711257934570312
28 2.270902395248413
29 2.270902395248413
30 2.270902395248413
31 2.2655272483825684
32 2.264939308166504
33 2.264939308166504
34 2.264939308166504
35 2.2619495391845703
36 2.2548720836639404
37 2.2565701007843018
38 2.2565701007843018
39 2.2582719326019287
40 2.2582719326019287
41 2.2492291927337646
42 2.243281602859497
43 2.2444608211517334
44 2.2444608211517334
45 2.2444608211517334
46 2.234785318374634
47 2.238464832305908
48 2.238464832305908
49 2.225900173187256
50 2.2265281677246094
51 2.231393575668335
52 2.232445001602173
53 2.222808599472046
54 2.2071692943573
55 2.2089505195617676
56 2.2089505195617676
57 2.2089505195617676
58 2.2089505195617676
59 2.202658176422119
60 2.1947460174560547
61 2.1947460174560547
62 2.175034284591675
63 2.175034284591675
64 2.1748623847961426
65 2.16670823097229
66 2.1578502655029297
67 2.1431915760040283
68 2.138366460800171
69 2.102193593978882
70 2.102193593978882
71 2.0989112854003906
72 2.06906795501709
73 2.0378103256225586
74 2.02948260307312
75 2.0350263118743896
76 1.9771796464920044
77 1.9771796464920044
78 1.9771796464920044
79 1.8393117189407349
80 1.8253073692321777
81 1.7465389966964722
82 1.7087301015853882
83 1.6562727689743042
84 1.5819215774536133
85 1.4675365686416626
86 1.2905560731887817
87 1.2134822607040405
88 1.1044421195983887
89 1.1044421195983887
90 0.9182190895080566
91 0.7629937529563904
92 0.7247750759124756
93 0.6821402907371521
94 0.6054433584213257
95 0.5518323183059692
96 0.5959274768829346
97 0.5959274768829346
98 0.4178164601325989
99 0.8799645900726318
100 0.8799645900726318
101 0.8799645900726318
102 0.4355582296848297
103 0.39469683170318604
104 0.39469683170318604
105 0.39469683170318604
106 0.9034458994865417
107 0.9034458994865417
108 0.5475800633430481
109 0.22738303244113922
110 0.24079960584640503
111 0.24612776935100555
112 0.3548648953437805
113 0.6628103852272034
114 0.6628103852272034
115 0.37465938925743103
116 0.37465938925743103
117 0.29918521642684937
118 0.29918521642684937
119 0.47238826751708984
120 0.2900490462779999
121 0.2900490462779999
122 0.2900490462779999
123 0.2900490462779999
124 0.2900490462779999
125 0.2900490462779999
126 0.2900490462779999
127 0.3882824182510376
128 0.24672935903072357
129 0.2988828420639038
130 0.2988828420639038
131 0.3903573453426361
132 0.3208131790161133
133 0.30417534708976746
134 0.30345338582992554
135 0.31648123264312744
136 0.31648123264312744
137 0.31648123264312744
138 0.266180157661438
139 0.266180157661438
140 0.266180157661438
141 0.3448839485645294
142 0.3448839485645294
143 0.231115460395813
144 0.2784162163734436
145 0.23480048775672913
146 0.36636215448379517
147 0.16728843748569489
148 0.34441810846328735
149 0.21094593405723572
150 0.21094593405723572
151 0.21779873967170715
152 0.20687313377857208
153 0.20687313377857208
154 0.22300589084625244
155 0.1878274381160736
156 0.22447295486927032
157 0.22447295486927032
158 0.2503370940685272
159 0.2148294597864151
160 0.2148294597864151
161 0.22860224545001984
162 0.1752367466688156
163 0.19836296141147614
164 0.19836296141147614
165 0.19874240458011627
166 0.2514868974685669
167 0.23702093958854675
168 0.15085594356060028
169 0.2687157392501831
170 0.2051212042570114
171 0.2051212042570114
172 0.12627477943897247
173 0.12627477943897247
174 0.166914165019989
175 0.1605798751115799
176 0.18872685730457306
177 0.18872685730457306
178 0.269896537065506
179 0.269896537065506
180 0.269896537065506
181 0.269896537065506
182 0.269896537065506
183 0.2632488012313843
184 0.17879429459571838
185 0.17879429459571838
186 0.24346959590911865
187 0.18178057670593262
188 0.18178057670593262
189 0.2651306390762329
190 0.2651306390762329
191 0.2651306390762329
192 0.15749922394752502
193 0.1954786628484726
194 0.25747066736221313
195 0.18620812892913818
196 0.2741234004497528
197 0.13972395658493042
198 0.17917145788669586
199 0.143122598528862
200 0.19107265770435333
201 0.19204431772232056
202 0.24522501230239868
203 0.05260997638106346
204 0.14198854565620422
205 0.1404988020658493
206 0.1404988020658493
207 0.16005221009254456
208 0.23122939467430115
209 0.11658770591020584
210 0.14284580945968628
211 0.14284580945968628
212 0.15145504474639893
213 0.2473730742931366
214 0.2473730742931366
215 0.2473730742931366
216 0.06199489161372185
217 0.1690978854894638
218 0.22164028882980347
219 0.14387407898902893
220 0.15475402772426605
221 0.15475402772426605
222 0.13661321997642517
223 0.14112330973148346
224 0.14112330973148346
225 0.14112330973148346
226 0.14112330973148346
227 0.23082569241523743
228 0.23082569241523743
229 0.17473894357681274
230 0.17473894357681274
231 0.14189064502716064
232 0.14189064502716064
233 0.14189064502716064
234 0.08550969511270523
235 0.21184952557086945
236 0.17776843905448914
237 0.11039409041404724
238 0.1263953000307083
239 0.1263953000307083
240 0.1263953000307083
241 0.12105163186788559
242 0.10325552523136139
243 0.19946414232254028
244 0.19946414232254028
245 0.19946414232254028
246 0.19946414232254028
247 0.15288029611110687
248 0.15288029611110687
249 0.15288029611110687
250 0.17642101645469666
251 0.09212127327919006
252 0.09212127327919006
253 0.08213885128498077
254 0.08213885128498077
255 0.08213885128498077
256 0.08685967326164246
257 0.08685967326164246
258 0.16628271341323853
259 0.14959505200386047
260 0.07537371665239334
261 0.09955500811338425
262 0.09249120950698853
263 0.07761359214782715
264 0.07761359214782715
265 0.10124024003744125
266 0.09663161635398865
267 0.09663161635398865
268 0.09663161635398865
269 0.0835857167840004
270 0.05485043674707413
271 0.11646648496389389
272 0.11646648496389389
273 0.07203806191682816
274 0.05599995329976082
275 0.08412954956293106
276 0.08412954956293106
277 0.07135413587093353
278 0.07135413587093353
279 0.13548515737056732
280 0.07848676294088364
281 0.07848676294088364
282 0.1341094672679901
283 0.1341094672679901
284 0.09861652553081512
285 0.09861652553081512
286 0.04076073691248894
287 0.04076073691248894
288 0.11856440454721451
289 0.08572519570589066
290 0.1547365039587021
291 0.1547365039587021
292 0.12113741785287857
293 0.12113741785287857
294 0.12113741785287857
295 0.12113741785287857
296 0.11672035604715347
297 0.10551990568637848
298 0.12254860252141953
299 0.06916334480047226
300 0.054485905915498734
301 0.0435134693980217
302 0.15481247007846832
303 0.09827914834022522
304 0.09827914834022522
305 0.04417921602725983
306 0.09072407335042953
307 0.09072407335042953
308 0.09072407335042953
309 0.09911957383155823
310 0.09911957383155823
311 0.09911957383155823
312 0.05592451989650726
313 0.05592451989650726
314 0.09259838610887527
315 0.07390935719013214
316 0.044041745364665985
317 0.14178675413131714
318 0.10058499127626419
319 0.07128453254699707
320 0.08428893238306046
321 0.06097778305411339
322 0.07051833719015121
323 0.07051833719015121
324 0.1286098062992096
325 0.03830402344465256
326 0.03830402344465256
327 0.03830402344465256
328 0.07049020379781723
329 0.07049020379781723
330 0.10678941756486893
331 0.10395502299070358
332 0.10395502299070358
333 0.08733268082141876
334 0.08733268082141876
335 0.03591595217585564
336 0.10234645754098892
337 0.12040484696626663
338 0.05290395766496658
339 0.1270151436328888
340 0.033870186656713486
341 0.04510367289185524
342 0.027388136833906174
343 0.027388136833906174
344 0.027388136833906174
345 0.11925842612981796
346 0.08067688345909119
347 0.09217280894517899
348 0.09217280894517899
349 0.09217280894517899
350 0.09217280894517899
351 0.06943601369857788
352 0.10084418952465057
353 0.10227437317371368
354 0.10227437317371368
355 0.05231009051203728
356 0.05231009051203728
357 0.09978608787059784
358 0.07873257994651794
359 0.07873257994651794
360 0.08613013476133347
361 0.058545589447021484
362 0.17967422306537628
363 0.17967422306537628
364 0.17967422306537628
365 0.07316773384809494
366 0.0887494757771492
367 0.08753303438425064
368 0.08753303438425064
369 0.049964793026447296
370 0.02418219856917858
371 0.02418219856917858
372 0.053535182029008865
373 0.053535182029008865
374 0.165043443441391
375 0.06856635212898254
376 0.0649743378162384
377 0.0706552267074585
378 0.0706552267074585
379 0.014569682069122791
380 0.014569682069122791
381 0.09985995292663574
382 0.09985995292663574
383 0.053034279495477676
384 0.10794124752283096
385 0.10794124752283096
386 0.16200365126132965
387 0.1074090376496315
388 0.06020615994930267
389 0.03384435549378395
390 0.06533776968717575
391 0.06172797083854675
392 0.06062294542789459
393 0.12794235348701477
394 0.12794235348701477
395 0.10079451650381088
396 0.10079451650381088
397 0.10079451650381088
398 0.10079451650381088
399 0.06654777377843857
400 0.06654777377843857
401 0.07334224134683609
402 0.013620313256978989
403 0.025481445714831352
404 0.12553474307060242
405 0.08282703161239624
406 0.08282703161239624
407 0.11650139838457108
408 0.08431917428970337
409 0.08582814037799835
410 0.021581152454018593
411 0.038981251418590546
412 0.038981251418590546
413 0.038981251418590546
414 0.038981251418590546
415 0.08250308781862259
416 0.11921371519565582
417 0.058608829975128174
418 0.15353865921497345
419 0.017487669363617897
420 0.017487669363617897
421 0.01956208236515522
422 0.1293572336435318
423 0.11589278280735016
424 0.11589278280735016
425 0.11589278280735016
426 0.046451546251773834
427 0.046451546251773834
428 0.05117085203528404
429 0.061524972319602966
430 0.04331447184085846
431 0.026731519028544426
432 0.019126472994685173
433 0.019126472994685173
434 0.049944669008255005
435 0.06729866564273834
436 0.05769093707203865
437 0.12723200023174286
438 0.021379703655838966
439 0.0683290958404541
440 0.04210294783115387
441 0.032147716730833054
442 0.029262026771903038
443 0.029262026771903038
444 0.013195506297051907
445 0.017678627744317055
446 0.0946354866027832
447 0.0946354866027832
448 0.05152421444654465
449 0.05152421444654465
450 0.05152421444654465
451 0.05152421444654465
452 0.06857692450284958
453 0.030341608449816704
454 0.02658018469810486
455 0.07504179328680038
456 0.07504179328680038
457 0.08423655480146408
458 0.026990219950675964
459 0.08507753163576126
460 0.13967640697956085
461 0.0506933219730854
462 0.022647596895694733
463 0.057584553956985474
464 0.03859594836831093
465 0.03859594836831093
466 0.04899648576974869
467 0.04300953075289726
468 0.01753457635641098
469 0.01753457635641098
470 0.01753457635641098
471 0.05777662619948387
472 0.05777662619948387
473 0.049362849444150925
474 0.12035224586725235
475 0.12035224586725235
476 0.041505116969347
477 0.016281774267554283
478 0.016709279268980026
479 0.011080578900873661
480 0.011080578900873661
481 0.05580909177660942
482 0.05580909177660942
483 0.05580909177660942
484 0.03680594265460968
485 0.05265073478221893
486 0.030977381393313408
487 0.030977381393313408
488 0.04810062050819397
489 0.04810062050819397
490 0.0214520413428545
491 0.027104469016194344
492 0.027104469016194344
493 0.04100332781672478
494 0.04558062553405762
495 0.03769276291131973
496 0.0888066366314888
497 0.03933408856391907
498 0.01673486828804016
499 0.01673486828804016
