0 18.109455085742944
1 18.109455085742944
2 649.7193080793327
3 14.588187476764505
4 15.246552924861783
5 7.002202050217155
6 7.543761338693849
7 6.059075613041641
8 4.817845458087473
9 4.0441713226384195
10 5.105193373480605
11 4.450443597481572
12 4.375503790503803
13 3.977067043806327
14 3.4168009094860388
15 3.938043532340511
16 3.843412565038525
17 3.1097353054559966
18 2.699418187320322
19 3.5523553364511846
20 2.756066998819997
21 2.6191365648472886
22 2.633755066562975
23 2.7316458977837152
24 2.7358279309313316
25 2.6985386776411278
26 2.8288431251090786
27 2.7947601200998755
28 2.474297231501886
29 2.2242660585673466
30 2.494721211149302
31 2.278960819063096
32 2.1420998477888085
33 2.2898210968716017
34 2.4460811765269077
35 2.1537593144545144
36 2.363917203114115
37 2.2550009165363414
38 1.9773095605569728
39 2.4315950640324893
40 2.118293321627626
41 2.3266586096898623
42 2.582004179413048
43 2.2305604402514443
44 2.2984529662692825
45 1.884804742344622
46 2.3414219320267664
47 2.0709039040241555
48 2.2260601479460433
49 2.0044164185586006
