0 1.1023499703351602
1 1.1824157379800715
2 1.1824157379800715
3 1.2329733852578029
4 1.2329733852578029
5 1.2982047754461619
6 1.3478186656244941
7 1.3478186656244941
8 1.3478186656244941
9 1.3478186656244941
10 1.3478186656244941
11 1.3763900941959226
12 1.3763900941959226
13 1.3763900941959226
14 1.3763900941959226
15 1.3763900941959226
16 1.404961522767351
17 1.404961522767351
18 1.4489423326819642
19 1.4489423326819642
20 1.4489423326819642
21 1.4489423326819642
22 1.4489423326819642
23 1.4489423326819642
24 1.4489423326819642
25 1.4489423326819642
26 1.4906521447611099
27 1.4906521447611099
28 1.4906521447611099
29 1.4906521447611099
30 1.4906521447611099
31 1.4906521447611099
32 1.4906521447611099
33 1.4906521447611099
34 1.4906521447611099
35 1.4906521447611099
36 1.4906521447611099
37 1.4906521447611099
38 1.4906521447611099
39 1.4906521447611099
40 1.4906521447611099
41 1.4906521447611099
42 1.4906521447611099
43 1.4906521447611099
44 1.4906521447611099
45 1.4906521447611099
46 1.4906521447611099
47 1.4906521447611099
48 1.4906521447611099
49 1.4906521447611099
50 1.4906521447611099
51 1.4906521447611099
52 1.4906521447611099
53 1.4906521447611099
54 1.4906521447611099
55 1.4906521447611099
56 1.5192235733325383
57 1.5192235733325383
58 1.5192235733325383
59 1.5192235733325383
60 1.5192235733325383
61 1.553590756912337
62 1.553590756912337
63 1.553590756912337
64 1.553590756912337
65 1.553590756912337
66 1.553590756912337
67 1.553590756912337
68 1.553590756912337
69 1.5821621854837655
70 1.5821621854837655
71 1.5821621854837655
72 1.610733614055194
73 1.610733614055194
74 1.610733614055194
75 1.610733614055194
76 1.6393050426266225
77 1.667876471198051
78 1.667876471198051
79 1.667876471198051
80 1.667876471198051
81 1.667876471198051
82 1.667876471198051
83 1.667876471198051
84 1.667876471198051
85 1.6964478997694794
86 1.6964478997694794
87 1.6964478997694794
88 1.6964478997694794
89 1.6964478997694794
90 1.6964478997694794
91 1.6964478997694794
92 1.6964478997694794
93 1.6964478997694794
94 1.6964478997694794
95 1.7376156089997412
96 1.7376156089997412
97 1.7376156089997412
98 1.7376156089997412
99 1.7376156089997412
