0 1.0308821690130223
1 1.0308821690130223
2 1.0308821690130223
3 1.0308821690130223
4 1.0594535975844508
5 1.0594535975844508
6 1.109067487762783
7 1.1376389163342115
8 1.1376389163342115
9 1.1376389163342115
10 1.1376389163342115
11 1.16621034490564
12 1.16621034490564
13 1.16621034490564
14 1.16621034490564
15 1.16621034490564
16 1.16621034490564
17 1.16621034490564
18 1.210191154820253
19 1.210191154820253
20 1.210191154820253
21 1.210191154820253
22 1.210191154820253
23 1.210191154820253
24 1.210191154820253
25 1.210191154820253
26 1.210191154820253
27 1.210191154820253
28 1.210191154820253
29 1.210191154820253
30 1.210191154820253
31 1.210191154820253
32 1.210191154820253
33 1.210191154820253
34 1.210191154820253
35 1.210191154820253
36 1.2387625833916815
37 1.2387625833916815
38 1.2387625833916815
39 1.26733401196311
40 1.26733401196311
41 1.26733401196311
42 1.26733401196311
43 1.26733401196311
44 1.26733401196311
45 1.26733401196311
46 1.26733401196311
47 1.26733401196311
48 1.26733401196311
49 1.26733401196311
50 1.26733401196311
51 1.26733401196311
52 1.26733401196311
53 1.26733401196311
54 1.2959054405345385
55 1.2959054405345385
56 1.324476869105967
57 1.3530482976773954
58 1.3530482976773954
59 1.3530482976773954
60 1.3530482976773954
61 1.3530482976773954
62 1.3530482976773954
63 1.3530482976773954
64 1.3530482976773954
65 1.3530482976773954
66 1.3530482976773954
67 1.3530482976773954
68 1.3530482976773954
69 1.3530482976773954
70 1.3530482976773954
71 1.3530482976773954
72 1.3530482976773954
73 1.3530482976773954
74 1.3530482976773954
75 1.3530482976773954
76 1.3530482976773954
77 1.3530482976773954
78 1.3530482976773954
79 1.3530482976773954
80 1.3530482976773954
81 1.381619726248824
82 1.381619726248824
83 1.381619726248824
84 1.381619726248824
85 1.381619726248824
86 1.4101911548202524
87 1.4101911548202524
88 1.4101911548202524
89 1.4387625833916808
90 1.4387625833916808
91 1.4673340119631093
92 1.4959054405345378
93 1.4959054405345378
94 1.4959054405345378
95 1.4959054405345378
96 1.4959054405345378
97 1.4959054405345378
98 1.4959054405345378
99 1.4959054405345378
