0 1.1764686585985655
1 1.3088396899188415
2 1.3088396899188415
3 1.4364036954921193
4 1.6364036954921193
5 1.8364036954921192
6 2.0364036954921194
7 2.2364036954921196
8 2.2364036954921196
9 2.4364036954921198
10 2.4364036954921198
11 2.63640369549212
12 2.63640369549212
13 2.63640369549212
14 2.63640369549212
15 2.83640369549212
16 3.0364036954921203
17 3.0364036954921203
18 3.2364036954921205
19 3.2364036954921205
20 3.2364036954921205
21 3.2364036954921205
22 3.2364036954921205
23 3.2364036954921205
24 3.4364036954921207
25 3.4364036954921207
26 3.636403695492121
27 3.636403695492121
28 3.636403695492121
29 3.636403695492121
30 3.636403695492121
31 3.836403695492121
32 4.036403695492121
33 4.036403695492121
34 4.036403695492121
35 4.036403695492121
36 4.236403695492121
37 4.436403695492121
38 4.636403695492121
39 4.8364036954921215
40 4.8364036954921215
41 4.86497512406355
42 4.86497512406355
43 4.86497512406355
44 5.06497512406355
45 5.06497512406355
46 5.26497512406355
47 5.4649751240635505
48 5.4649751240635505
49 5.664975124063551
50 5.664975124063551
51 5.664975124063551
52 5.664975124063551
53 5.664975124063551
54 5.864975124063551
55 5.864975124063551
56 6.064975124063551
57 6.064975124063551
58 6.064975124063551
59 6.264975124063551
60 6.264975124063551
61 6.464975124063551
62 6.464975124063551
63 6.464975124063551
64 6.6649751240635515
65 6.6649751240635515
66 6.864975124063552
67 6.864975124063552
68 6.864975124063552
69 7.064975124063552
70 7.064975124063552
71 7.064975124063552
72 7.264975124063552
73 7.264975124063552
74 7.264975124063552
75 7.264975124063552
76 7.464975124063552
77 7.664975124063552
78 7.664975124063552
79 7.864975124063553
80 7.864975124063553
81 8.064975124063553
82 8.064975124063553
83 8.264975124063552
84 8.264975124063552
85 8.464975124063551
86 8.66497512406355
87 8.66497512406355
88 8.86497512406355
89 9.06497512406355
90 9.06497512406355
91 9.264975124063549
92 9.464975124063548
93 9.464975124063548
94 9.464975124063548
95 9.50614283329381
96 9.50614283329381
97 9.50614283329381
98 9.50614283329381
99 9.50614283329381
