0 1.024456485046083
1 1.0478849208059409
2 1.0478849208059409
3 1.0706106149031196
4 1.090257172746903
5 1.090257172746903
6 1.090257172746903
7 1.112422039700001
8 1.112422039700001
9 1.135721067826833
10 1.1584746505225096
11 1.1584746505225096
12 1.1584746505225096
13 1.1584746505225096
14 1.1798314412277717
15 1.1798314412277717
16 1.2011365404396133
17 1.2011365404396133
18 1.2257636078355838
19 1.2257636078355838
20 1.246674735509647
21 1.246674735509647
22 1.2700358333464348
23 1.2700358333464348
24 1.2700358333464348
25 1.2922770772203351
26 1.317344288581763
27 1.3378173906737747
28 1.3378173906737747
29 1.3620368584672233
30 1.3620368584672233
31 1.3849928497039476
32 1.4098667551559712
33 1.4306949363131232
34 1.4306949363131232
35 1.4554082451454873
36 1.4554082451454873
37 1.4554082451454873
38 1.4797309793466118
39 1.4797309793466118
40 1.5044057099581194
41 1.5044057099581194
42 1.5333364144653678
43 1.558696111826096
44 1.5831040673658103
45 1.6043526773218888
46 1.6263704915600805
47 1.6480473078021955
48 1.6707059259157262
49 1.690720927660885
50 1.690720927660885
51 1.7171361867954424
52 1.7367567034843021
53 1.7367567034843021
54 1.7662322342225514
55 1.7918051234935726
56 1.8134843382574746
57 1.8134843382574746
58 1.841843197519171
59 1.862915716462337
60 1.862915716462337
61 1.862915716462337
62 1.862915716462337
63 1.8946594632596168
64 1.9271860465098634
65 1.9590069219512984
66 1.9590069219512984
67 1.9927325541781409
68 2.014660599920085
69 2.048916117471053
70 2.070469876738781
71 2.070469876738781
72 2.1028993483919676
73 2.1028993483919676
74 2.1028993483919676
75 2.138285074760038
76 2.1792641094089213
77 2.213042419383763
78 2.213042419383763
79 2.2308360828743306
80 2.2308360828743306
81 2.2561417629163856
82 2.2734631723806777
83 2.2734631723806777
84 2.3200913205648814
85 2.3573388988854447
86 2.3901412890410696
87 2.3901412890410696
88 2.4164642842179247
89 2.4164642842179247
90 2.426889746242246
91 2.433358730655068
92 2.440645976373114
93 2.4481785847002686
94 2.4530065231430727
95 2.4641214018845323
96 2.471994373141754
97 2.471994373141754
98 2.471994373141754
99 2.471994373141754
