0 1.0
1 1.0
2 1.0
3 1.0
4 1.0180028604143818
5 1.0409733969609398
6 1.0613022729689066
7 1.0613022729689066
8 1.0853495043419843
9 1.0853495043419843
10 1.109660501036998
11 1.133735381921314
12 1.1540004556983088
13 1.1764042539949071
14 1.1964522532725037
15 1.2182443254874358
16 1.2378843121021215
17 1.2605806004506392
18 1.2825845249468784
19 1.3048681260679735
20 1.3232177084985706
21 1.3429836816909382
22 1.3429836816909382
23 1.3662253056125786
24 1.3889693382196187
25 1.40701312446175
26 1.40701312446175
27 1.40701312446175
28 1.4316394822571785
29 1.4551519459262923
30 1.4776698040542284
31 1.4776698040542284
32 1.5017070131241617
33 1.5204306588030887
34 1.5420808830343091
35 1.5636451653588397
36 1.5636451653588397
37 1.588098641767555
38 1.6074708559381314
39 1.629255944703892
40 1.629255944703892
41 1.6544353919184707
42 1.6740539355851378
43 1.6930414844306656
44 1.6930414844306656
45 1.7153388566306327
46 1.7153388566306327
47 1.7153388566306327
48 1.7397402833625852
49 1.763587233346558
50 1.7839497404424234
51 1.802768065465324
52 1.8173900033452857
53 1.8345040773913275
54 1.8523533068165732
55 1.8694193071933738
56 1.8863929189853987
57 1.9030136374187385
58 1.915396203262996
59 1.9241706646115606
60 1.932197348258659
61 1.932197348258659
62 1.932197348258659
63 1.9530406202535902
64 1.974075268420489
65 1.9912037053210963
66 2.00751079109908
67 2.00751079109908
68 2.025661668847048
69 2.0462312255325
70 2.0462312255325
71 2.064894027438361
72 2.08787679276474
73 2.109211789072591
74 2.109211789072591
75 2.109211789072591
76 2.13458965828882
77 2.13458965828882
78 2.13458965828882
79 2.158992077022236
80 2.200604718080034
81 2.243070756011327
82 2.243070756011327
83 2.243070756011327
84 2.243070756011327
85 2.286193707692692
86 2.286193707692692
87 2.3462748258883557
88 2.3462748258883557
89 2.3462748258883557
90 2.405932937718582
91 2.4525599458467173
92 2.4854323697033935
93 2.5182960770592033
94 2.551031000962547
95 2.5740843049875712
96 2.581655245384236
97 2.5852886734081397
98 2.5870670720341673
99 2.5896979478836264
