0 1.023357756790077
1 1.047551541491726
2 1.0706626545314915
3 1.09542191605471
4 1.11691628118425
5 1.11691628118425
6 1.138231440808212
7 1.138231440808212
8 1.1636888800223717
9 1.1636888800223717
10 1.1636888800223717
11 1.1889688940519543
12 1.2091280535824804
13 1.2091280535824804
14 1.2091280535824804
15 1.2332799759148618
16 1.2332799759148618
17 1.2573764607585345
18 1.2808607597182522
19 1.3036454670549493
20 1.3242433628373906
21 1.3438264338681616
22 1.3438264338681616
23 1.3682172801442367
24 1.392019879911971
25 1.4125303636438065
26 1.4351398778275297
27 1.4351398778275297
28 1.4596005755166506
29 1.4596005755166506
30 1.4844400248975191
31 1.505651673967586
32 1.505651673967586
33 1.5265554030160993
34 1.5265554030160993
35 1.5265554030160993
36 1.5530635318754882
37 1.5530635318754882
38 1.57758417766193
39 1.6026476983696658
40 1.622704004361768
41 1.6461718873134428
42 1.6692277500695623
43 1.6913941925031155
44 1.6913941925031155
45 1.715119220743368
46 1.7362012665852036
47 1.7362012665852036
48 1.7362012665852036
49 1.7362012665852036
50 1.7664161541239036
51 1.7957129527528755
52 1.7957129527528755
53 1.8262325668789203
54 1.85178878869663
55 1.8756661253450806
56 1.898113908543936
57 1.916526345785173
58 1.9368936344816325
59 1.9368936344816325
60 1.964561998784656
61 1.9938405571435929
62 2.020125643719856
63 2.038227368567683
64 2.038227368567683
65 2.038227368567683
66 2.062713369995155
67 2.0866973355623943
68 2.1028230076187717
69 2.120114272709167
70 2.137902694173029
71 2.1557554222351274
72 2.1557554222351274
73 2.171104586637183
74 2.1892956224561657
75 2.2098677364423462
76 2.2214861178474132
77 2.231692982331901
78 2.231692982331901
79 2.231692982331901
80 2.2514307596304284
81 2.2753963570888587
82 2.3049404888789997
83 2.3264329693375454
84 2.34624523209398
85 2.3571843596185413
86 2.365268671841995
87 2.369709447031442
88 2.3772528234953754
89 2.3812732220217274
90 2.3850183475188143
91 2.3899181254177173
92 2.3975366669521536
93 2.4039759253621114
94 2.4039759253621114
95 2.4160785828782876
96 2.4319264497704163
97 2.449242524069845
98 2.4631235275423906
99 2.4631235275423906
