0 1.0230913490901332
1 1.0463371319441952
2 1.07027178768882
3 1.0943404403897674
4 1.1145772985675557
5 1.137146080391116
6 1.1559184986135416
7 1.1780075669396386
8 1.2010386583968722
9 1.2233977149980768
10 1.245969318222123
11 1.2684095990818205
12 1.2887202615058202
13 1.3105248718598836
14 1.3297305614291528
15 1.3537867346126524
16 1.3537867346126524
17 1.3773976933533136
18 1.400514122974491
19 1.4241530063724979
20 1.4436100020069214
21 1.4631530350558022
22 1.4631530350558022
23 1.4873509712079005
24 1.4873509712079005
25 1.4873509712079005
26 1.4873509712079005
27 1.5101287891795212
28 1.534303642672381
29 1.557507791256248
30 1.5818162668492015
31 1.6020770302711387
32 1.6020770302711387
33 1.6217959350104656
34 1.6446086006158398
35 1.6446086006158398
36 1.670945777367843
37 1.6945050555486985
38 1.7140308004405653
39 1.7347592049829605
40 1.7538039549055875
41 1.7757267542733797
42 1.7757267542733797
43 1.7997817126735298
44 1.8220456851927211
45 1.8467286054797991
46 1.8467286054797991
47 1.8467286054797991
48 1.8748947921959678
49 1.8991710471129264
50 1.8991710471129264
51 1.8991710471129264
52 1.925518587139068
53 1.925518587139068
54 1.925518587139068
55 1.9547225581885512
56 1.9839579203799633
57 1.9839579203799633
58 1.9839579203799633
59 2.0249229813496274
60 2.0567281059533764
61 2.083274747520353
62 2.1030118015622485
63 2.1030118015622485
64 2.1255059230238706
65 2.1255059230238706
66 2.148781268762023
67 2.1833253597039035
68 2.1833253597039035
69 2.1833253597039035
70 2.227409821217204
71 2.2580218583988954
72 2.2872382149898565
73 2.2872382149898565
74 2.309507748464816
75 2.309507748464816
76 2.329793818704946
77 2.329793818704946
78 2.3682788168367925
79 2.397252083693763
80 2.397252083693763
81 2.397252083693763
82 2.429506481630386
83 2.4598421166520197
84 2.4598421166520197
85 2.4598421166520197
86 2.508926422234755
87 2.5624045473332906
88 2.6249786189096693
89 2.6653950549542507
90 2.6653950549542507
91 2.6888817704207106
92 2.6888817704207106
93 2.6888817704207106
94 2.7164657191224513
95 2.7164657191224513
96 2.7164657191224513
97 2.7430201264407628
98 2.766736822033699
99 2.793029606549783
