0 1.022910738312658
1 1.022910738312658
2 1.0442005408561932
3 1.0679787952466273
4 1.0679787952466273
5 1.0911011809416105
6 1.0911011809416105
7 1.1141000100524503
8 1.136956480479093
9 1.1601919118802417
10 1.182672291437518
11 1.2046028126093942
12 1.2247124441084607
13 1.2247124441084607
14 1.2247124441084607
15 1.246936008901428
16 1.2665985755881504
17 1.2878910798719518
18 1.3107709046265235
19 1.3327833291609446
20 1.3518621725996343
21 1.3710541797198403
22 1.3937569119930358
23 1.3937569119930358
24 1.3937569119930358
25 1.4153457762148594
26 1.4387652767194943
27 1.4586931645620038
28 1.4807772607679512
29 1.5024352080076395
30 1.5024352080076395
31 1.5224887195830368
32 1.5469902487559986
33 1.5469902487559986
34 1.5738631852394476
35 1.5962150986039323
36 1.5962150986039323
37 1.6217021492908636
38 1.6217021492908636
39 1.6468129693396647
40 1.667597043401812
41 1.6914317146200204
42 1.7101134331381762
43 1.7343135699477645
44 1.7547431983460078
45 1.7547431983460078
46 1.7782048951609
47 1.7964407077997218
48 1.8166323115401213
49 1.8166323115401213
50 1.837882306392632
51 1.8581715406785952
52 1.8750632283484465
53 1.8927389249928317
54 1.9167791365258806
55 1.9167791365258806
56 1.941851288698443
57 1.9614933319069476
58 1.9832153693233507
59 1.9991517520733606
60 2.0154570746127534
61 2.0249091299014093
62 2.0342522336202364
63 2.043531766353908
64 2.0494515079565283
65 2.057884817044666
66 2.063598119673273
67 2.0679934052231648
68 2.073062071180311
69 2.084052183914357
70 2.092493093600866
71 2.0996191075351063
72 2.104526913502171
73 2.1097429120722464
74 2.1138938917682175
75 2.1138938917682175
76 2.1138938917682175
77 2.130066592465676
78 2.1553012897891413
79 2.173833511628395
80 2.205670444018986
81 2.205670444018986
82 2.23424171641028
83 2.271078327471557
84 2.297140696195599
85 2.3117509762944146
86 2.3117509762944146
87 2.3231677331159593
88 2.3231677331159593
89 2.3433564304858767
90 2.3561415379372734
91 2.3561415379372734
92 2.3756277085823654
93 2.3937749813605054
94 2.4157812460330716
95 2.4368681654776525
96 2.4368681654776525
97 2.4498926645978756
98 2.4498926645978756
99 2.4655261664709514
