0 1.0
1 1.0839295195000682
2 1.1646136038472692
3 1.1646136038472692
4 1.2458671622842794
5 1.3438515975175422
6 1.4344655935344777
7 1.529525716042221
8 1.529525716042221
9 1.622365657695584
10 1.7223656576955841
11 1.8147216443559155
12 1.9111365369525226
13 2.0046692491332045
14 2.0939961486552896
15 2.19287893403216
16 2.29287893403216
17 2.3881618926227284
18 2.473176622528956
19 2.473176622528956
20 2.569486282170001
21 2.669486282170001
22 2.7694862821700013
23 2.8694862821700013
24 2.8694862821700013
25 2.959026981833513
26 3.0446998365568274
27 3.1446998365568275
28 3.1446998365568275
29 3.2348873419160977
30 3.2348873419160977
31 3.3314744949642994
32 3.423260366694908
33 3.423260366694908
34 3.5206219210467653
35 3.618509610138685
36 3.718509610138685
37 3.816961702744572
38 3.816961702744572
39 3.816961702744572
40 3.816961702744572
41 3.8991128373884405
42 3.992644423668268
43 3.992644423668268
44 4.0803335372051
45 4.1803335372051
46 4.272913605480632
47 4.364781145711183
48 4.464781145711183
49 4.564781145711183
