0 0.0020851447168545385
1 0.0017163730443592218
2 0.0
3 0.0011160492734787037
4 0.0014041908746545918
5 0.0
6 0.0010344338255075401
7 0.001277276666412785
8 0.0012411621811600488
9 0.0
10 0.0011430252991163248
11 0.0012608798160898577
12 0.0013176616688551515
13 0.0
14 0.0012327402241778234
15 0.0
16 0.0
17 0.0015794640778654888
18 0.0011587750617880715
19 0.001346340818139307
20 0.001445166681313864
21 0.0011860107237342786
22 0.0
23 0.0012140349577363311
24 0.0014179439324094349
25 0.0014625374875092136
26 0.001177969465345636
27 0.0013442053429185423
28 0.0012732031864521904
29 0.0012401304366199857
30 0.001231015016705642
31 0.0012594285737076568
32 0.0
33 0.0012258684840228266
34 0.0010170854169784197
35 0.0011158982147581212
36 0.001214046635282219
37 0.0008679068373044763
38 0.0010704548167933473
39 0.001570408355040779
40 0.0
41 0.0013137308996801142
42 0.0014654845067318119
43 0.0
44 0.0014233005332782533
45 0.0
46 0.0
47 0.0
48 0.00166719237045311
49 0.0016171935722821323
