0 0.0
1 -0.0005910006065080491
2 -0.0003620335759856298
3 -0.0009543999703636318
4 0.0
5 0.0
6 -0.0009417444089294038
7 -0.0007447124174746172
8 -0.0007621139701276436
9 -0.0005001158281586189
10 -0.0009332352573940344
11 -0.0007960195802547854
12 -0.0006466768861585877
13 -0.0005075676022764108
14 -0.0008504035725943611
15 0.0
16 0.0
17 -0.000286612796884652
18 0.0
19 -0.0006868561399924302
20 -0.0005577986160139916
21 0.0
22 -0.00027928402072296434
23 0.0
24 -0.0005765373866587539
25 -0.0005562654671342763
26 -0.0008961981657718241
27 -0.0006100584358028114
28 0.0
29 0.0
30 -0.0006063170040143294
31 -0.0005929484192002681
32 0.0
33 0.0
34 0.0
35 -0.0006071137033080812
36 0.0
37 -0.0009260257500816824
38 -0.0009068197936894485
39 0.0
40 0.0
41 0.0
42 -0.0006444043338598049
43 -0.0003663805820888393
44 0.0
45 -0.000636199727123992
46 0.0
47 -0.0006433683423839843
48 -0.0006455397753290417
49 -0.0006670611790298094
