0 0.0
1 -0.0006014088904972663
2 0.0
3 -0.0006777054487886204
4 0.0
5 -0.00023919656646075938
6 0.0
7 -0.0001339319590959021
8 -0.0003112848798934249
9 0.0
10 0.0
11 0.0
12 -0.0006478286004766403
13 0.0
14 -0.00029047011924465726
15 0.0
16 -0.000654491945391371
17 0.0
18 0.0
19 -0.0004891403601518943
20 -0.00044527750911072406
21 -0.0003419410013565486
22 -0.0003266789123198196
23 -0.0005249131106605469
24 0.0
25 -0.00035654355180330673
26 0.0
27 -0.0003483355169168935
28 -0.0003455375772453576
29 -0.0005650766130176103
30 -0.00034185987119717345
31 -0.00046340865777593073
32 0.0
33 -0.0003188306708464935
34 -0.00033392498965964686
35 0.0
36 -0.0003112513669646965
37 -0.00015998107805089546
38 -0.000423338909064283
39 -0.00031753291731443793
40 -0.00021965818160751016
41 0.0
42 0.0
43 0.0
44 -0.0003209810563282757
45 -0.00032527442846550203
46 -0.00020466208644213482
47 -0.00042393639706309435
48 -0.0006275505459244713
49 0.0
50 -0.00037809922169659897
51 -0.0001210290005455498
52 -0.00039530812347749557
53 -0.0004620254255624886
54 -0.000437505145202918
55 -0.0005714504165443699
56 -8.373571937495184e-05
57 0.0
58 0.0
59 -0.0002733820708988341
60 0.0
61 0.0
62 -0.00026988603600280447
63 -0.0002982016044006779
64 -0.0004887067414949873
65 0.0
66 -8.638328707929435e-05
67 0.0
68 0.0
69 0.0
70 -0.0003078580270416799
71 0.0
72 -0.0004055266837845111
73 -0.0003300577141338863
74 -0.000266333285057519
75 -0.00029279745550818306
76 -0.00020518629961893133
77 -0.0003685972025165573
78 -0.0002590710552360506
79 0.0
80 0.0
81 0.0
82 0.0
83 -0.00033593952505142085
84 -0.0004628877103358406
85 -0.00022494176962382093
86 -0.00038870522303561123
87 -0.0005597036058925854
88 -9.459102261987116e-05
89 -0.0001621112530599477
90 -0.0003183454282877295
91 -0.00045282147964517477
92 -0.0002699689074124726
93 -0.00032024369315941615
94 0.0
95 -0.00021434285874726336
96 0.0
97 0.0
98 -0.00022576665309635265
99 0.0
