0 -0.0006178206568457891
1 -0.00048075284923683047
2 -0.00025359572103932917
3 -0.0008373123301706777
4 -0.00042262230676028866
5 0.0
6 -0.0008891946788438192
7 0.0
8 -0.0006744448927417286
9 0.0
10 0.0
11 0.0
12 -0.0004999709221535333
13 -0.0003621485733555707
14 0.0
15 -0.00039695971289757773
16 -0.0001372913253641539
17 -0.00018763884934626686
18 -0.0008687873314260878
19 -0.0005790183912950301
20 0.0
21 0.0
22 -0.00015405556532181088
23 -0.0007409151086351819
24 0.0
25 -0.00039291481923459885
26 -0.0007283677068276972
27 -0.000451929949965827
28 0.0
29 -0.00047616366457557777
30 -0.00048078224746549186
31 0.0
32 -0.0005229606485837692
33 -0.00048338988244167423
34 0.0
35 0.0
36 -0.0005081805956466743
37 0.0
38 0.0
39 -0.00024780674219197405
40 -0.0004970936172666025
41 0.0
42 0.0
43 -0.0002336845210425862
44 0.0
45 0.0
46 -0.00021867955181725015
47 -0.00048714773974528765
48 -0.000489513015560827
49 -0.0005129556255690056
