0 0.0020851447168545385
1 0.0017559926985148773
2 0.0014896285345600063
3 0.0011489794351490115
4 0.0008878536608146815
5 0.0
6 0.000851114200578704
7 0.0
8 0.0
9 0.0010075898481857293
10 0.0009433291053013199
11 0.0
12 0.000984657002156815
13 0.0008046111104031599
14 0.0
15 0.0
16 0.000768959330760025
17 0.0
18 0.0
19 0.0010616402240693778
20 0.0
21 0.0009958663557928084
22 0.001021891711295043
23 0.0008863762712802269
24 0.0006858546344689851
25 0.0
26 0.0007650279537407347
27 0.0
28 0.0
29 0.0007480042714631953
30 0.0010616164859614523
31 0.0008653501524324027
32 0.0009780581566803353
33 0.0007609300518531493
34 0.0008241917247608361
35 0.0
36 0.0007903598111373853
37 0.0
38 0.0008757078977053424
39 0.0008161446627613359
40 0.0007068678100586038
41 0.0007119719564028769
42 0.0006348973134724468
43 0.0
44 0.0007201781569849788
45 0.000713554119253159
46 0.0
47 0.0006864756229631986
48 0.0005857399868432934
49 0.0006675875309777945
50 0.0006710843646335205
51 0.0
52 0.000682842740291103
53 0.0008028887632728567
54 0.0
55 0.0005715035600260916
56 0.0
57 0.000723791843663938
58 0.000625759195207765
59 0.0
60 0.0006551075766042554
61 0.0005941954092534165
62 0.0
63 0.000663868242621028
64 0.0006468703446752154
65 0.0005796847046651746
66 0.0
67 0.0005764771097427243
68 0.0005745663782188023
69 0.0005690050399752946
70 0.0
71 0.0005565047942042363
72 0.0007409676800772982
73 0.0006664255968288235
74 0.0006863424437506399
75 0.0006470972281015933
76 0.0
77 0.0006092732090220141
78 0.0006971120152347637
79 0.0005493125292707226
80 0.00057782241784134
81 0.00048547233618803084
82 0.0006408915583278635
83 0.0
84 0.0005369404856303587
85 0.0
86 0.0005753119449738827
87 0.0005077436644760209
88 0.0
89 0.0
90 0.0006406960119045982
91 0.000631857845325816
92 0.0
93 0.0
94 0.0
95 0.0
96 0.0006981109907403195
97 0.0006327154396909969
98 0.0006467866767148619
99 0.0007126131100307225
