0 1.1
1 1.1662156634320044
2 1.259296767224708
3 1.259296767224708
4 1.259296767224708
5 1.3378015143392779
6 1.4115472013245434
7 1.4115472013245434
8 1.511025649034266
9 1.6103413572401433
10 1.7086082633446291
11 1.7822581897863041
12 1.863060208744044
13 1.8630602087659918
14 1.8630602087659918
15 1.918709510928905
16 1.918709510928905
17 1.918709510928905
18 1.918709510928905
19 1.9990382065802892
20 1.9990382065802892
21 2.041145600637194
22 2.1001616686393576
23 2.1541579602571685
24 2.235051923319698
25 2.235051923319698
26 2.298773096739477
27 2.298773096739477
28 2.3483818255683198
29 2.386616201329877
30 2.4719404232491335
31 2.4719404232491335
32 2.529325779496618
33 2.6099231314125064
34 2.666504634323661
35 2.712050082137909
36 2.712050082137909
37 2.811138860761584
38 2.811138860761584
39 2.811138860761584
40 2.8886469899650584
41 2.9886469899650585
42 2.9886469899650585
43 3.0886469899650586
44 3.176161820375664
45 3.272323771672198
46 3.358867909907305
47 3.358867909907305
48 3.458867909907305
49 3.543297442529832
