0 1.0983161484877613
1 1.1551010220815459
2 1.2462427593245842
3 1.3371270210602424
4 1.4334688844273358
5 1.4334688844273358
6 1.5078075193683178
7 1.6015298668905893
8 1.7015298668905894
9 1.7015298668905894
10 1.7015298668905894
11 1.7651992153381793
12 1.7651992153381793
13 1.8276871540506292
14 1.8772832820951335
15 1.925718813418255
16 1.9884320810184475
17 1.9884320810184475
18 2.0499397455847324
19 2.1232200605145266
20 2.181717428339571
21 2.225468026172124
22 2.254063098482005
23 2.254063098482005
24 2.328567052364043
25 2.3958439608979574
26 2.460271274043946
27 2.512780014000151
28 2.553619938112864
29 2.5841734771414457
30 2.5841734771414457
31 2.684173477141446
32 2.740022417015238
33 2.740022417015238
34 2.800007371178782
35 2.859590268588002
36 2.9304661079799326
37 2.9304661079799326
38 2.996921285271196
39 3.0721985175605986
40 3.1547923976810344
41 3.218879304070179
42 3.3125313495094995
43 3.4084816583181428
44 3.502808143018867
45 3.602808143018867
46 3.6803089485158886
47 3.770642702769456
48 3.770642702769456
49 3.770642702769456
