0 9996
2 9997
3 9997
5 9997
7 9997
8 8471
9 9997
11 9997
12 9997
13 9997
14 9997
15 9757
16 9997
17 9997
20 9157
21 9997
22 9997
23 9997
24 9997
25 9899
26 9997
28 9997
29 9997
30 9997
31 5998
32 9997
33 9997
35 9997
37 9997
38 9997
39 9997
40 9827
41 9997
43 9997
44 9485
45 7416
46 9997
47 9997
48 8523
49 9997
51 9997
52 9997
53 9335
54 9997
56 9997
57 9738
58 9997
59 9997
61 9997
62 9997
64 9806
65 9997
68 9449
69 9997
71 9997
73 9997
74 9997
75 8887
80 9215
81 9997
84 9997
85 9013
88 8118
89 9997
90 9997
91 9997
92 9997
94 9997
95 8752
96 9997
97 7898
98 9997
99 8147
