1 9996
2 9997
3 9997
4 9997
6 9997
7 9997
8 8903
9 9997
10 9997
11 9997
12 9997
15 9813
17 9997
18 9997
19 9997
21 9997
22 9997
23 9997
25 9679
26 9997
27 9997
28 9997
30 9997
31 5998
33 9997
34 9997
36 9997
37 9997
39 9735
41 9997
42 9997
43 9997
44 9303
45 7000
46 9997
48 8077
49 9997
50 9997
51 9997
52 9997
53 9155
55 9997
57 9435
59 9997
60 9564
63 9997
66 9997
67 9997
68 9329
69 9997
71 9997
72 9997
75 8418
76 9997
77 9815
78 9997
79 7452
80 8988
81 9997
82 9997
83 9997
86 9997
87 9997
88 8822
89 9997
90 9997
91 9997
92 9997
94 9997
95 7481
96 3189
98 9996
99 6900
