0 9996
2 9997
3 9997
4 9997
5 9997
8 8446
9 9997
10 9997
11 9997
13 9997
15 9377
18 9997
20 8379
23 9393
24 9997
25 8599
26 9996
28 9997
29 9421
30 9997
31 5998
32 9997
35 5727
36 6928
37 6594
38 6031
41 5314
42 9997
43 9997
44 8351
45 5034
46 9997
47 9997
48 7313
50 9997
52 9997
53 8127
54 9997
55 9997
56 9997
57 8779
58 9997
59 9997
60 8923
61 9997
62 9997
63 9997
64 8928
65 9997
66 9997
67 9997
68 8603
69 6587
70 9997
72 9997
73 9997
74 9997
75 7660
76 9996
78 4564
79 2738
80 2519
81 3287
82 9996
83 9997
84 9997
85 7249
86 2255
87 9997
88 7279
89 2316
90 1494
91 1670
93 9997
94 9997
95 5998
98 9997
99 5998
