0 9996
1 9997
2 9997
4 9997
5 9997
6 9997
7 9997
8 9374
13 9342
14 9997
16 9997
18 9997
21 9997
22 9997
23 9997
25 8834
27 9997
28 9997
29 9687
32 8712
33 4590
34 6545
35 9997
36 9997
37 9970
38 9688
39 8974
40 8090
41 9997
42 9997
43 9997
45 7131
47 9997
48 7564
49 9996
51 9997
53 8333
56 9997
58 9997
59 9996
60 8982
61 9997
62 9997
64 9057
65 9997
70 9997
71 9997
72 9997
73 9997
74 9997
76 9997
77 9365
78 9997
79 6865
81 9997
82 9997
83 9997
85 8317
86 9997
91 9997
92 9997
93 9997
96 9997
97 7136
98 9997
