3 9996
5 9997
6 9997
7 9997
9 9997
10 9997
11 9997
12 9997
13 9997
14 9997
16 9997
17 9997
18 9997
19 9997
20 9349
21 9997
23 9997
25 9422
26 9997
27 9997
28 9997
29 9997
30 9997
31 5998
32 9997
34 9997
35 9997
36 9997
37 9997
39 9931
40 9668
41 9997
43 9997
44 9401
45 7263
47 9997
49 9997
50 9997
52 9997
53 9032
54 9997
55 9997
57 9412
59 9997
60 9548
62 9996
63 9997
66 9997
67 9997
69 9997
71 9997
72 9997
75 8581
76 9997
77 9917
78 9997
79 7416
80 8844
81 9997
82 9997
84 9997
87 9997
88 8649
89 9997
90 9997
93 9997
95 7468
96 9996
97 6990
98 9997
99 7573
