0 1.0234096621119984
1 1.0234096621119984
2 1.0234096621119984
3 1.0234096621119984
4 1.0717167574866404
5 1.0909436267991333
6 1.1134080781670834
7 1.1134080781670834
8 1.1432044772059964
9 1.1672780922182526
10 1.1896776737374963
11 1.2081949505313039
12 1.2240580206491363
13 1.2504302111713261
14 1.2504302111713261
15 1.2750888332351473
16 1.2750888332351473
17 1.2948266859692068
18 1.2948266859692068
19 1.2948266859692068
20 1.2948266859692068
21 1.3234073692073414
22 1.3234073692073414
23 1.3234073692073414
24 1.3234073692073414
25 1.3674095625289746
26 1.387060737466706
27 1.4039277895677003
28 1.4039277895677003
29 1.4039277895677003
30 1.427284997834478
31 1.4487005933969639
32 1.4802867765633456
33 1.5027045523650533
34 1.5199769916512755
35 1.5402071616737023
36 1.5579954741978246
37 1.5795970245509845
38 1.5868263695041998
39 1.600428780782038
40 1.6094715522848688
41 1.6094715522848688
42 1.6342918498554093
43 1.6500731355978329
44 1.6500731355978329
45 1.6500731355978329
46 1.6500731355978329
47 1.6925488606062653
48 1.7189480213652522
49 1.7338639380175607
