0 0.0005095413111840456
1 0.0010891480949301595
2 0.00032388257547907065
3 0.002108641700689876
4 0.00035008863980758704
5 0.0
6 -0.0004119427802877748
7 0.0005937222517078672
8 0.0002854515631369858
9 -1.0829859002722973e-05
10 0.00017377683199857135
11 0.0006557557436226359
12 0.0002670382213324917
13 0.0010862077699227988
14 0.00036790346806215
15 0.0
16 0.000808078993506073
17 0.0008452690412490046
18 0.0008298405112032096
19 0.00042853820130046605
20 0.0
21 0.001369254491127559
22 0.0
23 0.0
24 0.000586153179132934
25 0.001154201621724244
26 0.0
27 0.0012247092200469087
28 0.0
29 0.00038351382606705334
30 0.0006115897654260623
31 0.0
32 0.0009225733359568681
33 0.0011706056697580898
34 0.0
35 -0.00012284412183866575
36 0.0013008802454002567
37 0.00048010784033007155
38 0.0
39 0.0011578140223785203
40 0.0009269452834148869
41 0.0
42 0.0
43 0.0
44 0.0
45 0.0
46 0.0004783127674732137
47 0.0
48 0.0010372692824106972
49 0.0
50 6.789939559836245e-07
