0 1.0
1 1.0
2 1.007433806172272
3 1.007433806172272
4 1.0648705348391616
5 1.0607848631838246
6 1.0691933179191466
7 1.067323213424199
8 1.068828559245078
9 1.0844043276273259
10 1.0806565875297907
11 1.0941048102411388
12 1.0941048102411388
13 1.1452636985292661
14 1.1391628046305204
15 1.157343330671993
16 1.1560995323201293
17 1.1560995323201293
18 1.1560995323201293
19 1.1560995323201293
20 1.207821916022347
21 1.201595365138568
22 1.2075610720491614
23 1.2000323615290602
24 1.2000323615290602
25 1.2324281727060227
26 1.2386795184245194
27 1.2349481955144244
28 1.2349481955144244
29 1.2349481955144244
30 1.2349481955144244
31 1.2349481955144244
32 1.2349481955144244
33 1.2349481955144244
34 1.2521561499073153
35 1.2462263079526046
36 1.247948611673692
37 1.247948611673692
38 1.247948611673692
39 1.247948611673692
40 1.247948611673692
41 1.247948611673692
42 1.247948611673692
43 1.247948611673692
44 1.247948611673692
45 1.247948611673692
46 1.247948611673692
47 1.247948611673692
48 1.247948611673692
49 1.247948611673692
