0 1.093643587844442
1 1.155355605628075
2 1.155355605628075
3 1.155355605628075
4 1.2114332275442707
5 1.3079915550112697
6 1.3079915550112697
7 1.3079915550112697
8 1.3079915550112697
9 1.4079915550112698
10 1.4079915550112698
11 1.4079915550112698
12 1.4890093705401486
13 1.4890093705401486
14 1.5890093705401487
15 1.6727030901052744
16 1.7727030901052745
17 1.8727030901052746
18 1.8727030901052746
19 1.9727030901052747
20 2.057209437239601
21 2.057209437239601
22 2.136823758956572
23 2.2076967180494744
24 2.2076967180494744
25 2.2553917215269323
26 2.3214294735727474
27 2.3906003435370504
28 2.4823131010863557
29 2.4823131010863557
30 2.567509067921897
31 2.6522585552253686
32 2.6522585552253686
33 2.7325275729870104
34 2.8057901372023397
35 2.8899818912950557
36 2.9667193214108623
37 3.0302840160533475
38 3.0961818970355885
39 3.184626863279102
40 3.262871451020417
41 3.345580864142309
42 3.4233610074187824
43 3.4233610074187824
44 3.4925175989668067
45 3.572904765785452
46 3.662491054165563
47 3.7480285136439466
48 3.7480285136439466
49 3.832846171850639
50 3.910871836475554
