0 1.0178954311190604
1 1.0453275497054622
2 1.0453275497054622
3 1.0795921525156533
4 1.1329612549895096
5 1.1535203074917726
6 1.1535203074917726
7 1.1684432648593457
8 1.2159111388145902
9 1.2159111388145902
10 1.291005041123454
11 1.321353802818347
12 1.321353802818347
13 1.4123942181973568
14 1.4123942181973568
15 1.4847074284644177
16 1.4847074284644177
17 1.5520515407602542
18 1.6342945341737465
19 1.6342945341737465
20 1.7180671821996438
21 1.8087441479609347
22 1.892037424433619
23 1.9678840746574293
24 2.0463494104043845
25 2.0463494104043845
26 2.111016065387023
27 2.111016065387023
28 2.200493469325659
29 2.300493469325659
30 2.400493469325659
31 2.4863356853778633
32 2.578184906307531
33 2.578184906307531
34 2.648240922755027
35 2.648240922755027
36 2.7302807368300077
37 2.806478573219046
38 2.806478573219046
39 2.806478573219046
40 2.8772671171414093
41 2.950153698759335
42 3.0155201808522274
43 3.076867585723513
44 3.1297690228297936
45 3.2108852843989837
46 3.288311081730058
47 3.288311081730058
48 3.296939044369496
49 3.353731199439811
50 3.353731199439811
