0 1.0
1 1.0911887674669798
2 1.1560998960485618
3 1.1560998960485618
4 1.2491020774080988
5 1.2491020774080988
6 1.327176480310101
7 1.4144590808308424
8 1.4144590808308424
9 1.4144590808308424
10 1.5062772372427868
11 1.5062772372427868
12 1.606277237242787
13 1.706277237242787
14 1.706277237242787
15 1.706277237242787
16 1.7789222657756232
17 1.8550058748472456
18 1.93723309094533
19 2.0015370802150274
20 2.0913941108465073
21 2.0913941108465073
22 2.1889544705300414
23 2.1889544705300414
24 2.267775628075204
25 2.3524954611794
26 2.3524954611794
27 2.3524954611794
28 2.4335537625301242
29 2.5215268140725966
30 2.607047500180201
31 2.687924381552945
32 2.7647050218394766
33 2.8448890913584624
34 2.918068260305849
35 2.918068260305849
36 3.0037153947146997
37 3.0037153947146997
38 3.0833941546827295
39 3.1713580933573073
40 3.1713580933573073
41 3.2425932777268938
42 3.331812985240363
43 3.411751466747185
44 3.4706327095612064
45 3.563695534649327
46 3.563695534649327
47 3.6213730091199796
48 3.6213730091199796
49 3.6213730091199796
50 3.693925295811238
