0 0.001387625622927948
1 0.0
2 -0.0003881608047802077
3 0.0011995100338319923
4 0.0
5 0.0009473258964802545
6 -0.0002113546364350035
7 0.0
8 0.0011363193621987246
9 0.0010116984327806437
10 0.0011691345465470301
11 0.00083772214235049
12 0.000886511756355699
13 0.0023255530997033868
14 0.0007001505019750175
15 0.002445551164804307
16 0.0008446232906623719
17 -8.160823812888023e-05
18 0.0019430589577534517
19 0.000989366783369126
20 0.0
21 0.002578739696812829
22 0.0005549313216279343
23 0.0
24 0.0
25 0.0
26 0.003094086425126339
27 0.0009235388467204844
28 0.0021009927094366304
29 -1.6972295107434084e-05
30 -0.0002732125037421915
31 0.0
32 0.0
33 0.0017747447935371058
34 0.0
35 2.2294666367698353e-05
36 0.0009369569883782199
37 0.0013754018559084139
38 0.0004728255125252682
39 0.0
40 0.00365169040404008
41 0.0
42 0.00196977604450222
43 0.001915957610790785
44 0.001632156343476946
45 0.0
46 0.0
47 0.0009786389841251882
48 0.0025116875513041207
49 0.0017658904858502207
50 0.0
51 0.0028499037794944664
52 0.0016513793489561922
53 0.0039032250445471864
54 -8.131154472408437e-05
55 -0.0009286117126627169
56 0.0
57 0.0006697326014505865
58 0.002267185053614004
59 0.0013162055670291688
60 0.005516452127326823
61 0.0001686670292616154
62 -0.0008922982972292196
63 0.0
64 0.0002527316313176532
65 0.0
66 0.0011622200767479182
67 -0.00040295084551945974
68 0.0
69 0.0
70 0.0
71 0.0
72 0.012850864271656583
73 0.0
74 0.0
75 0.015019684025693472
76 0.0148386932003809
77 0.001069792642080631
78 0.0018923015674908574
79 -0.0007149423446424819
80 -0.00298385887035053
81 -0.002109054921270551
82 0.0
83 0.0
84 0.0018962491408156593
85 -0.0002699858174546189
86 0.0
87 0.001901048513348979
88 0.0
89 0.00046112182014606634
90 0.0
91 0.0
92 0.0
93 0.007104344207722196
94 0.0
95 0.005191584652350381
96 0.011112870640564848
97 0.005842920128104234
98 0.0
99 0.007569790463018095
