0 0.0
1 0.0024217806845556905
2 0.00012493616861037273
3 0.0009650491167330645
4 0.0
5 0.0
6 7.261202220233858e-05
7 0.0010517031376863877
8 0.0
9 0.0
10 0.0
11 0.0008415152456412077
12 0.0
13 0.0
14 0.0
15 0.0
16 0.0012303693677350417
17 1.0183541393745148e-06
18 0.00230862085840947
19 0.0006508359068203125
20 0.0021327640256503986
21 0.0022067352109404388
22 0.0
23 0.0011534681779369258
24 0.0024956511680992136
25 0.00071508078237865
26 0.0
27 0.0
28 0.002849629132215811
29 4.307339036548866e-08
30 0.0001338895905873306
31 0.0007646938950010993
32 0.002611605427397601
33 0.00017370260209161555
34 0.0009544916314063666
35 -2.8222630325065128e-05
36 -1.248483247436666e-05
37 0.000535216937747409
38 -9.658338500217296e-05
39 0.0012531654419912703
40 0.0010769599415685499
41 0.00016574343690678046
42 -0.0006310624889131497
43 -0.0005086091366413686
44 0.0
45 0.0008932562286738681
46 0.0
47 0.00011384988080290227
48 0.0
49 0.0005804313388357055
50 0.00048008382802772843
51 -0.00026683024255074215
52 -0.0008048605788821614
53 -0.0003148185122396922
54 -0.0002877520769252728
55 0.0011393598753983933
56 -0.00121297248398196
57 -0.0016497187574313415
58 -0.0015052661674685001
59 -0.00020462410887356867
60 0.0
61 0.0034800159852373673
62 0.0
63 0.0019022685089850077
64 0.00048330597924546614
65 0.0
66 0.001203593688624082
67 0.0013938270606216956
68 0.000982975974025329
69 -0.00021129861703052407
70 -0.0002670283324768708
71 0.0
72 0.0
73 0.00213197446478346
74 0.0011813956182735621
75 -0.0015133476739556053
76 0.0
77 -0.000523389261900007
78 0.0
79 0.0027278369838135467
80 0.0
81 0.0
82 0.00381709649086948
83 0.005331309380141462
84 0.0
85 0.004909677199354616
86 0.008380481156619098
87 0.0
88 0.0051739830249945915
89 0.0
90 6.682696020991359e-05
91 0.0
92 0.0
93 0.006005429648235393
94 0.02062515320955394
95 0.002149421045577638
96 0.0
97 0.004772568286962491
98 0.0017072442562546949
99 -0.0011270862915613584
