0 0.0009145493242007145
1 0.0026669827351323274
2 2.7932518167402055e-05
3 0.0006910701226511015
4 0.0022228885745965063
5 0.0008041306545599374
6 4.124377777590975e-05
7 0.0007962110904744965
8 0.0006651456408535564
9 0.0006909915314335951
10 0.0009957539735917977
11 0.000841583302775855
12 0.0007135011239493756
13 0.0
14 0.0008383895761477538
15 0.002123833831359496
16 0.0
17 1.561625990438007e-06
18 0.0
19 0.0009752253059893291
20 0.0
21 0.0
22 0.0013799445776520192
23 0.0008335142827301777
24 0.0024723928287672795
25 0.0006592793055358199
26 0.0020970320529463678
27 0.0006915077420387018
28 0.0020744513571029763
29 -1.5860717922669153e-05
30 0.0
31 0.0015222652752259489
32 0.0
33 0.0013974381197150079
34 0.0032321092756260944
35 -1.4514974222638664e-06
36 0.0
37 0.0
38 0.002865761893842391
39 0.0
40 0.0
41 0.003177471072045528
42 0.0012375780555629377
43 0.0017367042445926926
44 0.0017435468825287598
45 0.00035971088271437876
46 0.00047534617062533496
47 -8.325942942965224e-05
48 -0.00020797577453850684
49 0.0
50 0.0
51 0.0020920353734513158
52 0.0030168447904533953
53 0.0
54 0.0
55 0.006051706467634122
56 0.0020189195299103414
57 0.0
58 0.006041276914202639
59 0.0
60 0.0
61 0.004274162625207197
62 0.0028681722669476164
63 0.002652029942666272
64 0.000616504701285465
65 0.00036884357935559295
66 -0.0002170557512021768
67 0.0006824746197361328
68 -0.0007311100533807724
69 -0.0026247387788345005
70 0.0
71 0.0
72 0.0
73 0.0025839453490324417
74 0.005087282486806972
75 4.146045636626637e-05
76 0.0
77 0.00043487909660819307
78 0.013242420112168918
79 0.0
80 0.016139040167329904
81 0.0020996119196879433
82 0.0013990787228716918
83 -0.0004779339823799113
84 0.0
85 0.0
86 0.0016185555840515806
87 -0.0005486435477185357
88 -0.0011228748472371989
89 -0.0035394560737986606
90 -5.629061669207575e-05
91 -0.0023152985180219716
92 -0.0018396177383434701
93 0.0
94 0.0
95 0.0
96 0.0014021631092928043
97 0.0032074177641229383
98 0.0
99 0.0
