0 3.375458
1 3.914010
2 5.038060
3 5.893644
4 6.290662
5 6.267345
6 6.617105
7 6.823087
8 6.923869
9 7.057015
10 6.935363
11 6.860884
12 7.012562
13 7.118234
14 7.361886
15 7.176623
16 7.310132
17 7.196524
18 7.524372
19 7.084250
20 7.464831
21 7.468658
22 7.313791
23 7.410817
24 7.478490
25 7.655516
26 7.166585
27 7.522692
28 7.496915
29 7.483907
30 7.376063
31 7.566271
32 7.517506
33 7.641915
34 7.587674
35 7.637650
36 7.835228
37 7.810866
38 7.908454
39 7.847695
40 7.847140
41 8.008330
42 7.910948
43 7.910944
44 7.918678
45 8.053929
46 7.660675
47 7.867287
48 7.996871
49 7.751365
50 8.032574
51 7.896086
52 8.135896
53 8.217807
54 8.003589
55 7.844378
56 8.208419
57 8.067809
58 7.966237
59 8.078667
60 7.902720
61 8.206562
62 8.126629
63 7.915660
64 8.244976
65 7.919857
66 8.114543
67 8.143745
68 7.880113
69 8.085215
70 8.140750
71 8.106725
72 8.381569
73 8.211643
74 8.417566
75 8.384609
76 8.259029
77 8.333796
78 8.010750
79 8.510488
80 8.253748
81 8.078700
82 8.326260
83 8.296301
84 8.130205
85 8.425938
86 8.565022
87 8.353473
88 8.308575
89 8.634008
90 8.245050
91 8.137031
92 8.416817
93 8.542305
94 8.489380
95 8.428737
96 8.549254
97 8.280531
98 8.560680
99 8.522452
