0 1.770360
1 2.239521
2 3.187484
3 4.235610
4 4.794503
5 5.071391
6 5.242057
7 5.338594
8 5.544888
9 5.641706
10 5.931702
11 5.938402
12 6.164304
13 6.026940
14 5.931872
15 5.763117
16 6.128751
17 6.277924
18 6.455630
19 6.445376
20 6.527594
21 6.473909
22 6.494851
23 6.351944
24 6.517129
25 6.414420
26 6.672814
27 6.583429
28 6.603936
29 6.726130
30 6.301557
31 6.907543
32 6.644773
33 6.856760
34 6.615408
35 6.798755
36 6.909724
37 6.755457
38 6.776764
39 6.869099
40 6.631947
41 7.222567
42 7.031343
43 6.941366
44 6.951303
45 6.839611
46 7.147552
47 6.799717
48 7.267958
49 7.120461
50 7.236753
51 6.978887
52 7.377226
53 7.180348
54 7.279853
55 7.486311
56 7.040386
57 7.441175
58 7.226114
59 7.144094
60 7.328040
61 7.365080
62 7.401441
63 7.377885
64 7.594772
65 7.386281
66 7.516243
67 7.229009
68 7.598578
69 7.130739
70 7.859170
71 7.364293
72 7.418440
73 7.430792
74 7.277892
75 7.191800
76 7.682465
77 7.553231
78 7.664023
79 7.364748
80 7.703830
81 7.864097
82 7.531785
83 7.417820
84 7.675643
85 7.561234
86 7.754477
87 7.581208
88 7.669330
89 7.425419
90 7.791787
91 7.865189
92 7.777773
93 7.474136
94 7.940245
95 7.790708
96 7.587636
97 7.837098
98 7.537225
99 7.784752
