0 2.868338
1 1.646602
2 1.520868
3 0.634890
4 0.359963
5 0.254197
6 0.336807
7 0.455147
8 0.292949
9 0.248217
10 0.197500
11 0.178764
12 0.296756
13 0.224350
14 0.232438
15 0.221875
16 0.290166
17 0.339659
18 0.190152
19 0.167969
20 0.260343
21 0.333614
22 0.309017
23 0.318129
24 0.175813
25 0.146466
26 0.244360
27 0.228827
28 0.177269
29 0.374258
30 0.264142
31 0.248488
32 0.170292
33 0.181339
34 0.260461
35 0.222941
36 0.180299
37 0.128405
38 0.318521
39 0.163675
40 0.261906
41 0.128537
42 0.232608
43 0.182107
44 0.137926
45 0.283383
46 0.148797
47 0.132361
48 0.192278
49 0.202102
50 0.186951
51 0.203672
52 0.186616
53 0.276946
54 0.126819
55 0.134480
56 0.237432
57 0.172812
58 0.109739
59 0.088162
60 0.231443
61 0.244719
62 0.201725
63 0.129458
64 0.178098
65 0.185281
66 0.235702
67 0.071217
68 0.111894
69 0.171232
70 0.222319
71 0.182052
72 0.174431
73 0.280817
74 0.127674
75 0.251085
76 0.144559
77 0.146648
78 0.121377
79 0.254523
80 0.226470
81 0.161730
82 0.126906
83 0.174950
84 0.238482
85 0.145194
86 0.178112
87 0.193804
88 0.157379
89 0.211466
90 0.174653
91 0.089666
92 0.204727
93 0.083552
94 0.196583
95 0.237868
96 0.223590
97 0.193821
98 0.136172
99 0.225803
