0 1.1
1 1.1729049037225847
2 1.2720546582382917
3 1.3715935092574856
4 1.4709845982088479
5 1.5638820765708739
6 1.6413489728864872
7 1.7217039501996605
8 1.7723237209788747
9 1.8419905830417718
10 1.8928921830519543
11 1.9472789862060556
12 1.9472789862060556
13 2.006406726507267
14 2.060918151999852
15 2.060918151999852
16 2.060918151999852
17 2.1133267613012054
18 2.179413800599843
19 2.179413800599843
20 2.226974729682155
21 2.26389155042185
22 2.26389155042185
23 2.3078987938291204
24 2.3078987938291204
25 2.3078987938291204
26 2.3078987938291204
27 2.3078987938291204
28 2.3848120076238555
29 2.3848120076238555
30 2.4168460609928717
31 2.4530582541732016
32 2.5492283346621156
33 2.641237625555467
34 2.741237625555467
35 2.841237625555467
36 2.841237625555467
37 2.912282339991367
38 3.012282339991367
39 3.112282339991367
40 3.112282339991367
41 3.196297492779865
42 3.2932370035079166
43 3.2932370035079166
44 3.2932370035079166
45 3.2932370035079166
46 3.3905422913347323
47 3.3905422913347323
48 3.3905422913347323
49 3.468254730424133
