0 1.0907028861183257
1 1.1591464697929195
2 1.245778919501864
3 1.3452475108982251
4 1.4383919419789573
5 1.4383919419789573
6 1.5263211109022112
7 1.603375489112413
8 1.6602397040379204
9 1.7278275659518274
10 1.7278275659518274
11 1.782155834958158
12 1.782155834958158
13 1.782155834958158
14 1.782155834958158
15 1.8105725981939729
16 1.84114276717437
17 1.8521739354579816
18 1.9155549024254954
19 1.9677772904122277
20 2.0169110437157785
21 2.047840446364532
22 2.047840446364532
23 2.047840446364532
24 2.0776793119650083
25 2.1593562775013604
26 2.1593562775013604
27 2.1593562775013604
28 2.245877109068389
29 2.3330807594575336
30 2.4197937456073015
31 2.493184985887745
32 2.5699823524101517
33 2.6497951128339627
34 2.717979380587524
35 2.8091149558401103
36 2.8952921028893766
37 2.977390166818203
38 3.064858912930819
39 3.1335083340070717
40 3.207770347222784
41 3.207770347222784
42 3.251442632276939
43 3.301513507049504
44 3.3519319224094346
45 3.405073833730961
46 3.4712401739495427
47 3.5425194770926747
48 3.5949556772531697
49 3.5949556772531697
