0 1.0
1 1.0
2 1.0767082106092178
3 1.1746665303475654
4 1.1746665303475654
5 1.1746665303475654
6 1.2746665303475655
7 1.3423324628857363
8 1.4050557595039332
9 1.4050557595039332
10 1.4050557595039332
11 1.4050557595039332
12 1.4050557595039332
13 1.5050557595039333
14 1.6050557595039334
15 1.7050557595039335
16 1.8050557595039336
17 1.9050557595039337
18 1.9050557595039337
19 1.9973687659474086
20 2.0973687659409777
21 2.0973687659409777
22 2.1315920095835375
23 2.1315920095835375
24 2.1584278734866564
25 2.2259731926971456
26 2.2259731926971456
27 2.2849031956942074
28 2.2849031956942074
29 2.3768720319995014
30 2.4768720319995015
31 2.5581013792454215
32 2.5581013792454215
33 2.6395870724866706
34 2.700964770617114
35 2.7786972201892564
36 2.8740511095135712
37 2.9423244099427635
38 2.9423244099427635
39 3.0080617027847425
40 3.0679995538645772
41 3.145111762428535
42 3.2052758922419438
43 3.2497120784306466
44 3.3081336849507155
45 3.364374968968735
46 3.364374968968735
47 3.364374968968735
48 3.364374968968735
49 3.434212616880859
