0 1.0
1 1.0
2 1.076127851662284
3 1.1761278516622842
4 1.1761278516622842
5 1.2680937045526361
6 1.3356989133091852
7 1.3356989133091852
8 1.3971173291443189
9 1.459692278173977
10 1.5197205374515592
11 1.5742422013317996
12 1.6313497069431608
13 1.6871345922927818
14 1.6871345922927818
15 1.7264182607092535
16 1.7716231750288305
17 1.8213076889660917
18 1.8213076889660917
19 1.8829690953686529
20 1.9720139953426887
21 2.0517391699675334
22 2.0995927546945037
23 2.1412963008107724
24 2.1740578613761445
25 2.1740578613761445
26 2.273425201327599
27 2.367025108805281
28 2.4670251088052813
29 2.5670251088052813
30 2.6465179574004454
31 2.6465179574004454
32 2.7280961926910874
33 2.8256018701922168
34 2.8256018701922168
35 2.8256018701922168
36 2.8256018701922168
37 2.925601870192217
38 3.0099750287079132
39 3.0099750287079132
40 3.1043411453246024
41 3.1043411453246024
42 3.1043411453246024
43 3.183807884097885
44 3.260292784129882
45 3.324077802847788
46 3.4240778028477883
47 3.5074798384170403
48 3.598571943334315
49 3.6870727093350455
