0 1.0
1 1.0859417589812643
2 1.0957724430129654
3 1.0957724430129654
4 1.1863827725680869
5 1.2766646001262996
6 1.2766646001262996
7 1.3592791691903088
8 1.3592791691903088
9 1.4592791691903089
10 1.4592791691903089
11 1.559279169190309
12 1.613913710410756
13 1.613913710410756
14 1.662789248190103
15 1.7111789027165534
16 1.7594179499191764
17 1.7594179499097384
18 1.8594179499097385
19 1.9594179499097386
20 1.9594179499097386
21 1.9594179499097386
22 2.0594179499097387
23 2.159417949909739
24 2.159417949909739
25 2.159417949909739
26 2.2593811740234924
27 2.336934063195687
28 2.4357212617263335
29 2.5100489209916086
30 2.587528021102472
31 2.657918436551212
32 2.657918436551212
33 2.657918436551212
34 2.723896014447677
35 2.8124966707693124
36 2.8965651115062334
37 2.959569899785616
38 3.04621946970362
39 3.1267602585020664
40 3.1964774791275326
41 3.2492257960060735
42 3.3125394510259625
43 3.378542330426226
44 3.435284468168765
45 3.491389921205275
46 3.5732506760964986
47 3.5732506760964986
48 3.5732506760964986
49 3.6169438233636626
