1 0.807582682499
2 1.062718752228
3 1.133854319026
4 1.133854319026
5 1.133854319026
6 1.144871052446
7 1.186202702824
8 1.281120700632
9 1.281120700632
10 1.438319506901
11 1.438319506901
12 1.438319506901
13 1.438319506901
14 1.438319506901
15 1.494664779079
16 1.494664779079
17 1.494664779079
18 1.494664779079
19 1.494664779079
20 1.494664779079
21 1.531590752547
22 1.531590752547
23 1.535606067673
24 1.535606067673
25 1.535606067673
26 1.535606067673
27 1.535606067673
28 1.653596152849
29 1.653944666728
30 1.653944666728
31 1.658472020595
32 1.658472020595
33 1.734690775460
34 1.828051313812
35 1.828051313812
36 1.865023060293
37 1.914098932496
38 1.914098932496
39 1.914098932496
40 1.914098932496
41 1.914098932496
42 1.914098932496
43 1.914098932496
44 1.914098932496
45 1.920246685509
46 1.920246685509
47 1.920246685509
48 2.017264546705
49 2.028672184914
50 2.028672184914
51 2.028672184914
52 2.112254347208
53 2.176664851581
54 2.176664851581
55 2.176664851581
56 2.180038329792
57 2.186822308977
58 2.186822308977
59 2.300726148852
60 2.300726148852
61 2.300726148852
62 2.300726148852
63 2.300726148852
64 2.319262246678
65 2.319262246678
66 2.319262246678
67 2.319262246678
68 2.463953382911
69 2.475465132330
70 2.510819216400
71 2.556862850074
72 2.577487251158
73 2.577487251158
74 2.577487251158
75 2.577487251158
76 2.589732280044
77 2.589732280044
78 2.589732280044
79 2.589732280044
80 2.653584035553
81 2.668514310600
82 2.668514310600
83 2.668514310600
84 2.770840748297
85 2.782173647332
86 2.907300005637
87 2.907300005637
88 2.907300005637
89 2.907300005637
90 2.907300005637
91 2.931512018346
92 2.931512018346
93 2.931512018346
94 3.031276288739
95 3.048027856192
96 3.056093543924
97 3.056093543924
98 3.056093543924
99 3.196414497800
100 3.196414497800
