1 1.309651
2 1.350688
3 1.356785
4 1.387650
5 1.417661
6 1.414805
7 1.421525
8 1.455409
9 1.455079
10 1.453055
11 1.461375
12 1.457753
13 1.433572
14 1.462034
15 1.449385
16 1.445524
17 1.418208
18 1.457619
19 1.427949
20 1.416535
21 1.423322
22 1.433829
23 1.427224
24 1.427623
25 1.430701
26 1.444655
27 1.442304
28 1.465933
29 1.459354
30 1.460144
31 1.462943
32 1.477758
33 1.510080
34 1.529383
35 1.489743
36 1.510462
37 1.537504
38 1.552153
39 1.500052
40 1.528510
41 1.536266
42 1.485314
43 1.506113
44 1.499679
45 1.511657
46 1.514477
47 1.478213
48 1.481072
49 1.501005
50 1.478637
51 1.479670
52 1.471601
53 1.447610
54 1.445201
55 1.438163
56 1.443966
57 1.457701
58 1.470372
59 1.443545
60 1.467017
61 1.463508
62 1.446583
63 1.479433
64 1.504454
65 1.504795
66 1.496836
67 1.564172
68 1.506553
69 1.528018
70 1.518246
71 1.500583
72 1.549041
73 1.514052
74 1.516576
75 1.511684
76 1.473933
77 1.464758
78 1.502213
79 1.458249
80 1.489541
81 1.471300
82 1.434242
83 1.453569
84 1.432525
85 1.415741
86 1.442298
87 1.449731
88 1.431585
89 1.398109
90 1.439871
91 1.428767
92 1.464696
93 1.461792
94 1.474415
95 1.478871
96 1.501786
97 1.506028
98 1.494787
99 1.506866
100 1.514451
