1 1.490027
2 1.453279
3 1.496836
4 1.481210
5 1.544384
6 1.560116
7 1.521556
8 1.556116
9 1.577345
10 1.571485
11 1.564407
12 1.563746
13 1.546914
14 1.585983
15 1.556579
16 1.539750
17 1.540000
18 1.526320
19 1.538111
20 1.558554
21 1.521366
22 1.523844
23 1.516861
24 1.562235
25 1.531197
26 1.558881
27 1.518724
28 1.556468
29 1.524099
30 1.571989
31 1.581190
32 1.570003
33 1.545984
34 1.561267
35 1.572274
36 1.596961
37 1.610934
38 1.617320
39 1.620148
40 1.581551
41 1.571072
42 1.570438
43 1.582483
44 1.564091
45 1.530375
46 1.551538
47 1.520413
48 1.567086
49 1.525822
50 1.537965
51 1.501604
52 1.476379
53 1.517200
54 1.474019
55 1.486236
56 1.503325
57 1.507025
58 1.466680
59 1.476915
60 1.478139
61 1.521948
62 1.506768
63 1.510449
64 1.524073
65 1.513974
66 1.525778
67 1.532851
68 1.503719
69 1.507863
70 1.523590
71 1.523365
72 1.486900
73 1.547399
74 1.488416
75 1.482783
76 1.501783
77 1.498134
78 1.440312
79 1.488775
80 1.424607
81 1.449125
82 1.427529
83 1.406137
84 1.416279
85 1.420986
86 1.408808
87 1.392517
88 1.379917
89 1.395984
90 1.413258
91 1.400055
92 1.443869
93 1.429095
94 1.421065
95 1.415988
96 1.442618
97 1.473530
98 1.441490
99 1.438775
100 1.444817
