0 0.0
1 0.0
2 2.3045263290405273
3 2.303265333175659
4 2.300004482269287
5 2.304827928543091
6 2.304827928543091
7 2.301199436187744
8 2.300910472869873
9 2.300910472869873
10 2.3029727935791016
11 2.301175117492676
12 2.300961971282959
13 2.3010027408599854
14 2.3010027408599854
15 2.30260968208313
16 2.300255298614502
17 2.3024914264678955
18 2.30017352104187
19 2.3021340370178223
20 2.3021340370178223
21 2.3021340370178223
22 2.2996041774749756
23 2.2992868423461914
24 2.2999351024627686
25 2.300917625427246
26 2.300225019454956
27 2.3010199069976807
28 2.3010199069976807
29 2.3010199069976807
30 2.2996957302093506
31 2.2997817993164062
32 2.2997817993164062
33 2.2997817993164062
34 2.2997817993164062
35 2.2997817993164062
36 2.2997817993164062
37 2.2980966567993164
38 2.299565315246582
39 2.2990264892578125
40 2.2990264892578125
41 2.2974741458892822
42 2.2974741458892822
43 2.3002376556396484
44 2.3002376556396484
45 2.2977473735809326
46 2.2953906059265137
47 2.2982535362243652
48 2.296396017074585
49 2.2977490425109863
50 2.2977490425109863
51 2.297499179840088
52 2.299970865249634
53 2.2926628589630127
54 2.298224687576294
55 2.2954483032226562
56 2.2990472316741943
57 2.294708490371704
58 2.2960946559906006
59 2.2960946559906006
60 2.2930164337158203
61 2.2925384044647217
62 2.2925384044647217
63 2.2925384044647217
64 2.2925384044647217
65 2.288344621658325
66 2.292153835296631
67 2.2905054092407227
68 2.2905054092407227
69 2.290996551513672
70 2.290996551513672
71 2.2929811477661133
72 2.2929811477661133
73 2.2860281467437744
74 2.289491653442383
75 2.2862982749938965
76 2.2862982749938965
77 2.2862982749938965
78 2.282518148422241
79 2.277390956878662
80 2.277390956878662
81 2.2794289588928223
82 2.2747907638549805
83 2.2736949920654297
84 2.2736949920654297
85 2.2736949920654297
86 2.2736949920654297
87 2.265681743621826
88 2.2586710453033447
89 2.261342763900757
90 2.261342763900757
91 2.2506494522094727
92 2.241727352142334
93 2.2322652339935303
94 2.2318713665008545
95 2.2193856239318848
96 2.207700729370117
97 2.2041163444519043
98 2.1936912536621094
99 2.172443151473999
100 2.1851956844329834
101 2.1481716632843018
102 2.1197800636291504
103 2.0885367393493652
104 2.094256639480591
105 2.094256639480591
106 1.9954698085784912
107 1.9540538787841797
108 1.9540538787841797
109 1.9075654745101929
110 1.8518860340118408
111 1.690020203590393
112 1.5583841800689697
113 1.5583841800689697
114 1.2751435041427612
115 1.2827821969985962
116 1.1740961074829102
117 1.1740961074829102
118 0.887485146522522
119 0.7791445255279541
120 0.7509349584579468
121 0.7224129438400269
122 0.8102486729621887
123 0.7253260016441345
124 0.500826358795166
125 0.5973625183105469
126 0.5973625183105469
127 0.5973625183105469
128 0.6606695652008057
129 0.7557634711265564
130 0.8239789605140686
131 0.8239789605140686
132 0.8239789605140686
133 0.5250476598739624
134 0.515326976776123
135 0.7568570971488953
136 0.7568570971488953
137 0.5809655785560608
138 0.4386986494064331
139 0.4386986494064331
140 0.4386986494064331
141 0.54701828956604
142 0.54701828956604
143 0.5142958760261536
144 0.5142958760261536
145 0.5142958760261536
146 0.4840436577796936
147 0.4840436577796936
148 0.3592390716075897
149 0.5965708494186401
150 0.5385170578956604
151 0.2804511785507202
152 0.5826971530914307
153 0.5826971530914307
154 0.414518266916275
155 0.414518266916275
156 0.306404173374176
157 0.306404173374176
158 0.306404173374176
159 0.43773984909057617
160 0.43773984909057617
161 0.43773984909057617
162 0.4647355377674103
163 0.31623953580856323
164 0.36751872301101685
165 0.46044549345970154
166 0.41061100363731384
167 0.3742019534111023
168 0.4768684208393097
169 0.4464224576950073
170 0.3934934139251709
171 0.3934934139251709
172 0.4219077229499817
173 0.4219077229499817
174 0.4219077229499817
175 0.24228206276893616
176 0.24228206276893616
177 0.2702603340148926
178 0.36696967482566833
179 0.36696967482566833
180 0.25381752848625183
181 0.25381752848625183
182 0.25381752848625183
183 0.38774365186691284
184 0.38774365186691284
185 0.36434048414230347
186 0.319571852684021
187 0.319571852684021
188 0.4090975224971771
189 0.26478511095046997
190 0.26478511095046997
191 0.25808200240135193
192 0.4762223958969116
193 0.41934633255004883
194 0.4112868309020996
195 0.2657160460948944
196 0.34212344884872437
197 0.34212344884872437
198 0.34212344884872437
199 0.2968996465206146
200 0.2716558575630188
201 0.3281082510948181
202 0.46309560537338257
203 0.46309560537338257
204 0.42757150530815125
205 0.3046192526817322
206 0.3826335370540619
207 0.20505662262439728
208 0.17353938519954681
209 0.34810006618499756
210 0.2922976613044739
211 0.2922976613044739
212 0.2922976613044739
213 0.33544328808784485
214 0.33544328808784485
215 0.33544328808784485
216 0.27078762650489807
217 0.26884016394615173
218 0.26877397298812866
219 0.3329254686832428
220 0.3329254686832428
221 0.2530723810195923
222 0.20790910720825195
223 0.2709653079509735
224 0.2709653079509735
225 0.2709653079509735
226 0.2686501741409302
227 0.25411996245384216
228 0.35777249932289124
229 0.3524612486362457
230 0.2918614149093628
231 0.2823130190372467
232 0.2823130190372467
233 0.1500101536512375
234 0.1500101536512375
235 0.2601783275604248
236 0.2601783275604248
237 0.22092467546463013
238 0.3165202736854553
239 0.28780484199523926
240 0.1592857837677002
241 0.1592857837677002
242 0.1592857837677002
243 0.21676726639270782
244 0.21676726639270782
245 0.1501234769821167
246 0.1501234769821167
247 0.1510075479745865
248 0.28154855966567993
249 0.28154855966567993
250 0.379331111907959
251 0.2965991497039795
252 0.1758744716644287
253 0.14943714439868927
254 0.32980021834373474
255 0.2555222511291504
256 0.2555222511291504
257 0.2971383333206177
258 0.2971383333206177
259 0.2971383333206177
260 0.2802972197532654
261 0.2802972197532654
262 0.16366462409496307
263 0.16366462409496307
264 0.16366462409496307
265 0.2887036204338074
266 0.20349004864692688
267 0.11134110391139984
268 0.11134110391139984
269 0.14120538532733917
270 0.377793550491333
271 0.1695900857448578
272 0.221644327044487
273 0.2500723898410797
274 0.26658394932746887
275 0.22060595452785492
276 0.2828372120857239
277 0.2440144270658493
278 0.17830611765384674
279 0.3130822777748108
280 0.20781058073043823
281 0.20781058073043823
282 0.18807919323444366
283 0.18807919323444366
284 0.18807919323444366
285 0.2528746724128723
286 0.19254527986049652
287 0.21534790098667145
288 0.2545253038406372
289 0.26244938373565674
290 0.23479478061199188
291 0.12181857973337173
292 0.21889208257198334
293 0.14890410006046295
294 0.14624708890914917
295 0.14624708890914917
296 0.22334395349025726
297 0.16828502714633942
298 0.15778236091136932
299 0.10983332246541977
300 0.10642735660076141
301 0.13271315395832062
302 0.13271315395832062
303 0.09689547121524811
304 0.09689547121524811
305 0.14105957746505737
306 0.26198652386665344
307 0.1647224873304367
308 0.1647224873304367
309 0.13468438386917114
310 0.15075518190860748
311 0.15075518190860748
312 0.1884072870016098
313 0.1894792914390564
314 0.24919243156909943
315 0.23978924751281738
316 0.23978924751281738
317 0.18912272155284882
318 0.1087803989648819
319 0.1673092097043991
320 0.15089204907417297
321 0.15089204907417297
322 0.15089204907417297
323 0.10367462784051895
324 0.13792990148067474
325 0.13792990148067474
326 0.23916633427143097
327 0.23916633427143097
328 0.23282000422477722
329 0.23282000422477722
330 0.23282000422477722
331 0.2086973339319229
332 0.2086973339319229
333 0.2086973339319229
334 0.21228009462356567
335 0.1792723834514618
336 0.20310911536216736
337 0.12316849827766418
338 0.1482878476381302
339 0.14329271018505096
340 0.13575558364391327
341 0.13411611318588257
342 0.12022873759269714
343 0.12022873759269714
344 0.09379001706838608
345 0.09379001706838608
346 0.09379001706838608
347 0.18101206421852112
348 0.18101206421852112
349 0.17078928649425507
350 0.09287582337856293
351 0.20585621893405914
352 0.10896535962820053
353 0.10896535962820053
354 0.09549729526042938
355 0.11047783493995667
356 0.10587499290704727
357 0.14449761807918549
358 0.14449761807918549
359 0.14449761807918549
360 0.14449761807918549
361 0.12711063027381897
362 0.12711063027381897
363 0.12711063027381897
364 0.11172482371330261
365 0.10837390273809433
366 0.10837390273809433
367 0.10837390273809433
368 0.08060258626937866
369 0.1840929090976715
370 0.1840929090976715
371 0.1840929090976715
372 0.1257418543100357
373 0.1134711503982544
374 0.1079208105802536
375 0.1079208105802536
376 0.06914571672677994
377 0.06914571672677994
378 0.13769939541816711
379 0.15547235310077667
380 0.08529208600521088
381 0.05355297401547432
382 0.1550835520029068
383 0.19562610983848572
384 0.19562610983848572
385 0.07849884778261185
386 0.07849884778261185
387 0.22938191890716553
388 0.10526695102453232
389 0.08347652852535248
390 0.08347652852535248
391 0.09521997720003128
392 0.09817121922969818
393 0.16352027654647827
394 0.08037836849689484
395 0.14018699526786804
396 0.11500515788793564
397 0.10713672637939453
398 0.10713672637939453
399 0.11660012602806091
400 0.1320876181125641
401 0.11328592151403427
402 0.11804912984371185
403 0.11804912984371185
404 0.1139054223895073
405 0.11235135048627853
406 0.1466117799282074
407 0.1519840955734253
408 0.04129389300942421
409 0.09484543651342392
410 0.1646808534860611
411 0.1121574118733406
412 0.13121932744979858
413 0.16452518105506897
414 0.16805796325206757
415 0.0806390792131424
416 0.0806390792131424
417 0.21041163802146912
418 0.11710643023252487
419 0.07627375423908234
420 0.07627375423908234
421 0.17145614326000214
422 0.16582715511322021
423 0.10020507127046585
424 0.08243660628795624
425 0.06651043891906738
426 0.0856194868683815
427 0.0856194868683815
428 0.17170454561710358
429 0.1387639045715332
430 0.11296748369932175
431 0.11296748369932175
432 0.05389827489852905
433 0.17914395034313202
434 0.17914395034313202
435 0.13988783955574036
436 0.15232530236244202
437 0.15232530236244202
438 0.10405214875936508
439 0.10405214875936508
440 0.06865078955888748
441 0.0788145512342453
442 0.0788145512342453
443 0.0788145512342453
444 0.14366768300533295
445 0.1028599739074707
446 0.1028599739074707
447 0.05011375993490219
448 0.05011375993490219
449 0.07553357630968094
450 0.16986700892448425
451 0.15162914991378784
452 0.10647062212228775
453 0.10647062212228775
454 0.10647062212228775
455 0.15916745364665985
456 0.06831814348697662
457 0.10957521945238113
458 0.10957521945238113
459 0.10957521945238113
460 0.10957521945238113
461 0.10957521945238113
462 0.1696109175682068
463 0.09143034368753433
464 0.09143034368753433
465 0.06409821659326553
466 0.1176316887140274
467 0.11237447708845139
468 0.1108359694480896
469 0.06484133750200272
470 0.16368134319782257
471 0.13996374607086182
472 0.13996374607086182
473 0.11814887076616287
474 0.11814887076616287
475 0.10579506307840347
476 0.10579506307840347
477 0.04027371481060982
478 0.04027371481060982
479 0.07467971742153168
480 0.04834280535578728
481 0.04834280535578728
482 0.1182279884815216
483 0.14358678460121155
484 0.06315834820270538
485 0.05906634032726288
486 0.23176054656505585
487 0.08221141248941422
488 0.12325286120176315
489 0.09699828922748566
490 0.09391553699970245
491 0.14142116904258728
492 0.09684351086616516
493 0.07378731667995453
494 0.08754269778728485
495 0.08754269778728485
496 0.12283625453710556
497 0.12283625453710556
498 0.12283625453710556
499 0.10265909135341644
