0 2.301905393600464
1 2.301905393600464
2 2.3017003536224365
3 2.3017096519470215
4 2.3017096519470215
5 2.3013086318969727
6 2.300781488418579
7 2.304779529571533
8 2.302302837371826
9 2.3022990226745605
10 2.2986669540405273
11 2.300143241882324
12 2.300143241882324
13 2.300143241882324
14 2.3023006916046143
15 2.3023006916046143
16 2.3019118309020996
17 2.300907850265503
18 2.299912929534912
19 2.299147844314575
20 2.2994000911712646
21 2.3005130290985107
22 2.3004565238952637
23 2.300967216491699
24 2.300967216491699
25 2.300967216491699
26 2.300614833831787
27 2.3011739253997803
28 2.3001832962036133
29 2.3001832962036133
30 2.3001832962036133
31 2.3029353618621826
32 2.301374673843384
33 2.2988827228546143
34 2.2998738288879395
35 2.3017470836639404
36 2.300039052963257
37 2.300121784210205
38 2.299678325653076
39 2.295639753341675
40 2.295639753341675
41 2.2988462448120117
42 2.300664186477661
43 2.2992451190948486
44 2.299893379211426
45 2.299893379211426
46 2.295534372329712
47 2.2988085746765137
48 2.2988085746765137
49 2.2979652881622314
50 2.3004512786865234
51 2.3004512786865234
52 2.2932612895965576
53 2.2939529418945312
54 2.295304775238037
55 2.298245906829834
56 2.294968605041504
57 2.2940592765808105
58 2.2971832752227783
59 2.2953999042510986
60 2.2920660972595215
61 2.2920660972595215
62 2.2952699661254883
63 2.2918879985809326
64 2.2873663902282715
65 2.2932913303375244
66 2.2957468032836914
67 2.290114164352417
68 2.290114164352417
69 2.290114164352417
70 2.2943596839904785
71 2.2869999408721924
72 2.2882933616638184
73 2.2882933616638184
74 2.2860496044158936
75 2.2853217124938965
76 2.2801103591918945
77 2.2801103591918945
78 2.2801103591918945
79 2.2817928791046143
80 2.279780387878418
81 2.2810330390930176
82 2.2797889709472656
83 2.2779150009155273
84 2.2779150009155273
85 2.2647130489349365
86 2.2647130489349365
87 2.269559383392334
88 2.269559383392334
89 2.2608063220977783
90 2.2482168674468994
91 2.254232168197632
92 2.254232168197632
93 2.2330784797668457
94 2.2373366355895996
95 2.2373366355895996
96 2.204512119293213
97 2.19647216796875
98 2.18550705909729
99 2.1810224056243896
100 2.156416177749634
101 2.156416177749634
102 2.152458906173706
103 2.152458906173706
104 2.0933570861816406
105 2.058960437774658
106 2.0233402252197266
107 2.0233402252197266
108 1.9190864562988281
109 1.9190864562988281
110 1.9190864562988281
111 1.9190864562988281
112 1.5846012830734253
113 1.561434030532837
114 1.561434030532837
115 1.561434030532837
116 1.1389240026474
117 1.0772264003753662
118 1.0772264003753662
119 0.8001161217689514
120 0.9936032295227051
121 0.9340861439704895
122 0.7958623170852661
123 0.6268537640571594
124 0.6129447221755981
125 0.6129447221755981
126 0.6366127133369446
127 0.4972122311592102
128 0.4972122311592102
129 0.4972122311592102
130 0.4972122311592102
131 0.6412859559059143
132 0.7704516649246216
133 0.7704516649246216
134 0.659554660320282
135 0.49779579043388367
136 0.624082624912262
137 0.624082624912262
138 0.5087301135063171
139 0.5087301135063171
140 0.549578845500946
141 0.41251543164253235
142 0.4288215935230255
143 0.5088046193122864
144 0.43650370836257935
145 0.43207597732543945
146 0.5010383725166321
147 0.5010383725166321
148 0.5010383725166321
149 0.5010383725166321
150 0.5010383725166321
151 0.6571907997131348
152 0.6571907997131348
153 0.46066147089004517
154 0.4417685568332672
155 0.5764186382293701
156 0.5027226805686951
157 0.5027226805686951
158 0.41758352518081665
159 0.487250953912735
160 0.487250953912735
161 0.48519936203956604
162 0.48519936203956604
163 0.482005774974823
164 0.3886075019836426
165 0.39352837204933167
166 0.3740033805370331
167 0.4712461233139038
168 0.4712461233139038
169 0.4712461233139038
170 0.4712461233139038
171 0.28725525736808777
172 0.28725525736808777
173 0.359663188457489
174 0.4631701707839966
175 0.36910441517829895
176 0.34704598784446716
177 0.4365648925304413
178 0.17330583930015564
179 0.17330583930015564
180 0.32095634937286377
181 0.27521681785583496
182 0.2088278830051422
183 0.4657337963581085
184 0.37284398078918457
185 0.37284398078918457
186 0.34995436668395996
187 0.22492048144340515
188 0.22492048144340515
189 0.22492048144340515
190 0.276492178440094
191 0.276492178440094
192 0.3221665322780609
193 0.3221665322780609
194 0.3221665322780609
195 0.3306675851345062
196 0.3306675851345062
197 0.3517459034919739
198 0.3517459034919739
199 0.37371543049812317
200 0.43365478515625
201 0.38056036829948425
202 0.5826318860054016
203 0.3827374279499054
204 0.3827374279499054
205 0.3827374279499054
206 0.3827374279499054
207 0.378613144159317
208 0.29189205169677734
209 0.24470572173595428
210 0.28811928629875183
211 0.2911466360092163
212 0.27473607659339905
213 0.27473607659339905
214 0.18070712685585022
215 0.40938249230384827
216 0.3088951110839844
217 0.24753248691558838
218 0.4566616714000702
219 0.3159339427947998
220 0.23485812544822693
221 0.23485812544822693
222 0.23485812544822693
223 0.16609732806682587
224 0.44325193762779236
225 0.25477027893066406
226 0.2253432422876358
227 0.16429385542869568
228 0.16429385542869568
229 0.2844409644603729
230 0.2844409644603729
231 0.23027995228767395
232 0.1804090142250061
233 0.1804090142250061
234 0.23884901404380798
235 0.23884901404380798
236 0.371989905834198
237 0.2786378860473633
238 0.2786378860473633
239 0.20164525508880615
240 0.25742149353027344
241 0.2839178144931793
242 0.18412356078624725
243 0.23020119965076447
244 0.09893202036619186
245 0.22091370820999146
246 0.22091370820999146
247 0.22091370820999146
248 0.18212652206420898
249 0.11598711460828781
250 0.2161003053188324
251 0.15772293508052826
252 0.2522970139980316
253 0.2522970139980316
254 0.22150154411792755
255 0.22150154411792755
256 0.2934938669204712
257 0.2858501970767975
258 0.17477069795131683
259 0.21037931740283966
260 0.20131747424602509
261 0.20131747424602509
262 0.20131747424602509
263 0.21901002526283264
264 0.21901002526283264
265 0.21901002526283264
266 0.22293643653392792
267 0.24670949578285217
268 0.24670949578285217
269 0.23811101913452148
270 0.1991288810968399
271 0.2133765071630478
272 0.16207025945186615
273 0.1712898463010788
274 0.1712898463010788
275 0.18934859335422516
276 0.12931428849697113
277 0.22647492587566376
278 0.12489970028400421
279 0.16497521102428436
280 0.28546297550201416
281 0.20294128358364105
282 0.20294128358364105
283 0.14308634400367737
284 0.2742619514465332
285 0.182920441031456
286 0.20407608151435852
287 0.21076008677482605
288 0.263560950756073
289 0.2716197669506073
290 0.1750011146068573
291 0.08014364540576935
292 0.13334967195987701
293 0.13334967195987701
294 0.13856422901153564
295 0.14033515751361847
296 0.10785200446844101
297 0.10785200446844101
298 0.18610230088233948
299 0.09889417141675949
300 0.10909239202737808
301 0.15596768260002136
302 0.1407920867204666
303 0.23193827271461487
304 0.10789982229471207
305 0.10789982229471207
306 0.13476969301700592
307 0.17010952532291412
308 0.23268449306488037
309 0.23268449306488037
310 0.2531474232673645
311 0.19953948259353638
312 0.1763319969177246
313 0.1763319969177246
314 0.1763319969177246
315 0.08053229749202728
316 0.1462848037481308
317 0.23372620344161987
318 0.14937283098697662
319 0.14937283098697662
320 0.17640389502048492
321 0.19551661610603333
322 0.19551661610603333
323 0.1953190267086029
324 0.05381551757454872
325 0.05381551757454872
326 0.05381551757454872
327 0.29392582178115845
328 0.05304389074444771
329 0.0641661137342453
330 0.08750375360250473
331 0.08750375360250473
332 0.08750375360250473
333 0.08750375360250473
334 0.08750375360250473
335 0.14338862895965576
336 0.17313888669013977
337 0.17313888669013977
338 0.09382222592830658
339 0.1198485866189003
340 0.1198485866189003
341 0.1198485866189003
342 0.15720129013061523
343 0.16063760221004486
344 0.08888889104127884
345 0.08888889104127884
346 0.06500735878944397
347 0.15831570327281952
348 0.15831570327281952
349 0.132518470287323
350 0.15773481130599976
351 0.15773481130599976
352 0.15773481130599976
353 0.15773481130599976
354 0.07808428257703781
355 0.14894652366638184
356 0.11355305463075638
357 0.12379594147205353
358 0.09993588924407959
359 0.09258155524730682
360 0.18316148221492767
361 0.06072743237018585
362 0.06072743237018585
363 0.19256757199764252
364 0.19256757199764252
365 0.19256757199764252
366 0.06322307139635086
367 0.13635759055614471
368 0.09614063054323196
369 0.09614063054323196
370 0.22578532993793488
371 0.15938472747802734
372 0.09568264335393906
373 0.14205150306224823
374 0.07145844399929047
375 0.11154847592115402
376 0.07482141256332397
377 0.141360804438591
378 0.141360804438591
379 0.14069469273090363
380 0.16184210777282715
381 0.12612658739089966
382 0.12022702395915985
383 0.12889324128627777
384 0.11976407468318939
385 0.10180355608463287
386 0.2445637285709381
387 0.2445637285709381
388 0.05450405180454254
389 0.0537416897714138
390 0.0537416897714138
391 0.044035185128450394
392 0.04792645201086998
393 0.0992097407579422
394 0.0992097407579422
395 0.1052740216255188
396 0.12121579051017761
397 0.12121579051017761
398 0.12121579051017761
399 0.12760521471500397
400 0.12760521471500397
401 0.11649607867002487
402 0.11649607867002487
403 0.11649607867002487
404 0.1290697306394577
405 0.10309264808893204
406 0.10309264808893204
407 0.12164478003978729
408 0.12164478003978729
409 0.16816215217113495
410 0.15151852369308472
411 0.15151852369308472
412 0.08660959452390671
413 0.05518283322453499
414 0.19595816731452942
415 0.19595816731452942
416 0.19595816731452942
417 0.15220195055007935
418 0.09609174728393555
419 0.13755740225315094
420 0.13486509025096893
421 0.1380089670419693
422 0.1380089670419693
423 0.1380089670419693
424 0.1380089670419693
425 0.10542242228984833
426 0.10542242228984833
427 0.07680665701627731
428 0.037222735583782196
429 0.037222735583782196
430 0.037222735583782196
431 0.07856854796409607
432 0.08951015025377274
433 0.08951015025377274
434 0.07433643937110901
435 0.043064337223768234
436 0.09389381110668182
437 0.09389381110668182
438 0.12982706725597382
439 0.09209449589252472
440 0.06902942806482315
441 0.041466571390628815
442 0.08768212050199509
443 0.08768212050199509
444 0.08499106019735336
445 0.08499106019735336
446 0.08499106019735336
447 0.08499106019735336
448 0.08499106019735336
449 0.050028324127197266
450 0.08690871298313141
451 0.08690871298313141
452 0.08417079597711563
453 0.10037542134523392
454 0.11130683124065399
455 0.09543276578187943
456 0.09543276578187943
457 0.12258598208427429
458 0.0454983152449131
459 0.0454983152449131
460 0.1556168645620346
461 0.1556168645620346
462 0.1556168645620346
463 0.12307348847389221
464 0.1017683893442154
465 0.1017683893442154
466 0.03000016137957573
467 0.04867155849933624
468 0.04867155849933624
469 0.04867155849933624
470 0.08811844140291214
471 0.16776154935359955
472 0.07140526920557022
473 0.030277449637651443
474 0.08620283007621765
475 0.06745179742574692
476 0.07255478203296661
477 0.07255478203296661
478 0.04396397992968559
479 0.04396397992968559
480 0.04396397992968559
481 0.06172134354710579
482 0.06172134354710579
483 0.12523052096366882
484 0.12523052096366882
485 0.12523052096366882
486 0.09710923582315445
487 0.09710923582315445
488 0.08004497736692429
489 0.10429565608501434
490 0.06967709958553314
491 0.06084251031279564
492 0.05032945051789284
493 0.0856260135769844
494 0.0856260135769844
495 0.05874442309141159
496 0.05874442309141159
497 0.04150834679603577
498 0.10303491353988647
499 0.12686847150325775
