0 2.303532361984253
1 2.3003697395324707
2 2.3003697395324707
3 2.3003697395324707
4 2.3016011714935303
5 2.3020617961883545
6 2.301731586456299
7 2.302199602127075
8 2.300668478012085
9 2.3030261993408203
10 2.3030261993408203
11 2.300823926925659
12 2.302719831466675
13 2.301210641860962
14 2.3012797832489014
15 2.3012797832489014
16 2.3016462326049805
17 2.3016462326049805
18 2.3013367652893066
19 2.302680015563965
20 2.2994585037231445
21 2.2994585037231445
22 2.2994585037231445
23 2.3035013675689697
24 2.300426483154297
25 2.300426483154297
26 2.300426483154297
27 2.3009960651397705
28 2.2995285987854004
29 2.300960063934326
30 2.3013343811035156
31 2.299290657043457
32 2.3001320362091064
33 2.2988290786743164
34 2.2968273162841797
35 2.3001534938812256
36 2.2988061904907227
37 2.299297571182251
38 2.296276330947876
39 2.298250675201416
40 2.301060438156128
41 2.301060438156128
42 2.301060438156128
43 2.301121950149536
44 2.297060251235962
45 2.297858715057373
46 2.297858715057373
47 2.300710678100586
48 2.300710678100586
49 2.300710678100586
50 2.2977454662323
51 2.3017804622650146
52 2.2968647480010986
53 2.2995221614837646
54 2.2995221614837646
55 2.2995221614837646
56 2.2995221614837646
57 2.2995221614837646
58 2.292992353439331
59 2.294086456298828
60 2.2968811988830566
61 2.29311203956604
62 2.2963976860046387
63 2.292827844619751
64 2.290764808654785
65 2.290764808654785
66 2.290764808654785
67 2.2891182899475098
68 2.28775691986084
69 2.2866315841674805
70 2.292956590652466
71 2.286715030670166
72 2.289823055267334
73 2.289823055267334
74 2.2912099361419678
75 2.2912099361419678
76 2.2857909202575684
77 2.2805464267730713
78 2.2799675464630127
79 2.2793424129486084
80 2.276660442352295
81 2.2784323692321777
82 2.2784323692321777
83 2.2784323692321777
84 2.269510269165039
85 2.2684972286224365
86 2.2684972286224365
87 2.2612507343292236
88 2.2627573013305664
89 2.2593791484832764
90 2.250131368637085
91 2.250131368637085
92 2.2416129112243652
93 2.2416129112243652
94 2.2295515537261963
95 2.2295515537261963
96 2.208787202835083
97 2.208787202835083
98 2.208787202835083
99 2.1800525188446045
100 2.1658406257629395
101 2.1450130939483643
102 2.1102612018585205
103 2.103379249572754
104 2.057380437850952
105 2.0661914348602295
106 2.0149569511413574
107 2.0149569511413574
108 1.8865382671356201
109 1.8272771835327148
110 1.8272771835327148
111 1.7302085161209106
112 1.6695959568023682
113 1.4524688720703125
114 1.3903206586837769
115 1.2522056102752686
116 1.0725221633911133
117 0.952090859413147
118 0.952090859413147
119 0.7610353231430054
120 0.7610353231430054
121 0.7610353231430054
122 0.9362878203392029
123 0.6422959566116333
124 0.7709702253341675
125 0.6545063257217407
126 0.5311619639396667
127 0.4597664475440979
128 0.6504231691360474
129 0.6504231691360474
130 0.5011782646179199
131 0.612952709197998
132 0.612952709197998
133 0.6540045142173767
134 0.496324360370636
135 0.35855546593666077
136 0.35855546593666077
137 0.46068331599235535
138 0.5601682662963867
139 0.41311755776405334
140 0.4698999524116516
141 0.47522610425949097
142 0.4704826772212982
143 0.5978968739509583
144 0.4185318648815155
145 0.5353919267654419
146 0.5353919267654419
147 0.42577168345451355
148 0.303343802690506
149 0.54107266664505
150 0.44920074939727783
151 0.38062340021133423
152 0.5026598572731018
153 0.6694798469543457
154 0.42385604977607727
155 0.27296194434165955
156 0.47172418236732483
157 0.47172418236732483
158 0.25758957862854004
159 0.5842990875244141
160 0.36858275532722473
161 0.689476728439331
162 0.5207651853561401
163 0.5207651853561401
164 0.42204567790031433
165 0.4316050708293915
166 0.4316050708293915
167 0.4316050708293915
168 0.3264859914779663
169 0.4568442106246948
170 0.3026321530342102
171 0.47664064168930054
172 0.23752965033054352
173 0.2755851149559021
174 0.4450734555721283
175 0.4450734555721283
176 0.34648823738098145
177 0.43219298124313354
178 0.35611215233802795
179 0.2921057939529419
180 0.4764423072338104
181 0.32923629879951477
182 0.21771498024463654
183 0.39639684557914734
184 0.33114150166511536
185 0.38356027007102966
186 0.27137845754623413
187 0.27137845754623413
188 0.3539612591266632
189 0.31303277611732483
190 0.2443568855524063
191 0.2443568855524063
192 0.23322835564613342
193 0.23322835564613342
194 0.28753530979156494
195 0.3256997764110565
196 0.18385742604732513
197 0.4200666546821594
198 0.33730217814445496
199 0.28971996903419495
200 0.28971996903419495
201 0.28971996903419495
202 0.28971996903419495
203 0.22371965646743774
204 0.26423323154449463
205 0.26423323154449463
206 0.26423323154449463
207 0.2656392753124237
208 0.2656392753124237
209 0.20997461676597595
210 0.20997461676597595
211 0.30441582202911377
212 0.18468396365642548
213 0.31081297993659973
214 0.2471044510602951
215 0.21699507534503937
216 0.17566940188407898
217 0.2020667940378189
218 0.2020667940378189
219 0.2020667940378189
220 0.20265080034732819
221 0.20265080034732819
222 0.21717658638954163
223 0.253665566444397
224 0.2045922875404358
225 0.2943470776081085
226 0.2943470776081085
227 0.2943470776081085
228 0.20766441524028778
229 0.2600885033607483
230 0.2600885033607483
231 0.2828657329082489
232 0.22875140607357025
233 0.2151423841714859
234 0.2151423841714859
235 0.29888013005256653
236 0.29888013005256653
237 0.29888013005256653
238 0.29888013005256653
239 0.16344903409481049
240 0.2504425048828125
241 0.2590087354183197
242 0.2590087354183197
243 0.1393074244260788
244 0.21965228021144867
245 0.2650291621685028
246 0.25195637345314026
247 0.22668802738189697
248 0.18569213151931763
249 0.2965752184391022
250 0.20841091871261597
251 0.20841091871261597
252 0.12018648535013199
253 0.18625102937221527
254 0.0976615697145462
255 0.0976615697145462
256 0.0976615697145462
257 0.2545761466026306
258 0.2545761466026306
259 0.332854688167572
260 0.20411759614944458
261 0.2153889238834381
262 0.3507247567176819
263 0.24079802632331848
264 0.3170526921749115
265 0.3170526921749115
266 0.3170526921749115
267 0.3170526921749115
268 0.12668362259864807
269 0.12668362259864807
270 0.12668362259864807
271 0.19014354050159454
272 0.1692095845937729
273 0.2301231324672699
274 0.16550137102603912
275 0.22394981980323792
276 0.22394981980323792
277 0.06472482532262802
278 0.13570551574230194
279 0.23092952370643616
280 0.23092952370643616
281 0.19975131750106812
282 0.1377376765012741
283 0.2834850251674652
284 0.1327599734067917
285 0.1327599734067917
286 0.1327599734067917
287 0.1327599734067917
288 0.12573398649692535
289 0.12573398649692535
290 0.25679200887680054
291 0.25679200887680054
292 0.14507800340652466
293 0.14507800340652466
294 0.23349198698997498
295 0.23349198698997498
296 0.23270882666110992
297 0.23270882666110992
298 0.19122663140296936
299 0.15382614731788635
300 0.15382614731788635
301 0.15382614731788635
302 0.14185731112957
303 0.13375674188137054
304 0.13375674188137054
305 0.17685839533805847
306 0.10781456530094147
307 0.2349526286125183
308 0.22935454547405243
309 0.2142416536808014
310 0.2142416536808014
311 0.10729193687438965
312 0.10729193687438965
313 0.12290336191654205
314 0.08215289562940598
315 0.1545862853527069
316 0.20861177146434784
317 0.20861177146434784
318 0.20861177146434784
319 0.2182096689939499
320 0.2182096689939499
321 0.24064414203166962
322 0.2018316686153412
323 0.13562512397766113
324 0.10336649417877197
325 0.21095652878284454
326 0.13757042586803436
327 0.19587378203868866
328 0.19587378203868866
329 0.19587378203868866
330 0.24413441121578217
331 0.20088781416416168
332 0.1449451595544815
333 0.12957704067230225
334 0.13786455988883972
335 0.13786455988883972
336 0.13786455988883972
337 0.15879227221012115
338 0.22914361953735352
339 0.16167490184307098
340 0.12346936762332916
341 0.18554453551769257
342 0.13276349008083344
343 0.1654394119977951
344 0.1654394119977951
345 0.08978257328271866
346 0.17110444605350494
347 0.17110444605350494
348 0.1194639652967453
349 0.1194639652967453
350 0.11317753791809082
351 0.11317753791809082
352 0.1214112639427185
353 0.19203439354896545
354 0.19203439354896545
355 0.09217602759599686
356 0.06561583280563354
357 0.1301940530538559
358 0.19527898728847504
359 0.21824710071086884
360 0.17163553833961487
361 0.15846285223960876
362 0.1082535907626152
363 0.16508737206459045
364 0.16508737206459045
365 0.14452111721038818
366 0.09201493859291077
367 0.09386280179023743
368 0.10498403012752533
369 0.1640443354845047
370 0.1640443354845047
371 0.05197838321328163
372 0.05197838321328163
373 0.05197838321328163
374 0.05197838321328163
375 0.08980713784694672
376 0.12129560858011246
377 0.10520336776971817
378 0.13434962928295135
379 0.1423986852169037
380 0.07994238287210464
381 0.1461440622806549
382 0.06778024137020111
383 0.14242680370807648
384 0.10801836103200912
385 0.10801836103200912
386 0.10801836103200912
387 0.052769627422094345
388 0.192241832613945
389 0.05966458097100258
390 0.05966458097100258
391 0.05966458097100258
392 0.0902712494134903
393 0.0902712494134903
394 0.14557065069675446
395 0.14557065069675446
396 0.14937958121299744
397 0.05492617189884186
398 0.12267037481069565
399 0.09243878722190857
400 0.09029381722211838
401 0.13243642449378967
402 0.13638778030872345
403 0.11271170526742935
404 0.16584190726280212
405 0.07629713416099548
406 0.13581299781799316
407 0.08895990252494812
408 0.05905335023999214
409 0.05905335023999214
410 0.05905335023999214
411 0.06306765228509903
412 0.12283413857221603
413 0.13173171877861023
414 0.10884390026330948
415 0.09017252922058105
416 0.095467709004879
417 0.095467709004879
418 0.06645335257053375
419 0.08985839784145355
420 0.2190842628479004
421 0.20713451504707336
422 0.20713451504707336
423 0.12721756100654602
424 0.12721756100654602
425 0.08710175007581711
426 0.06339490413665771
427 0.13998053967952728
428 0.13998053967952728
429 0.13769544661045074
430 0.11691425740718842
431 0.09298469126224518
432 0.09298469126224518
433 0.07703331857919693
434 0.0893937200307846
435 0.12867644429206848
436 0.12867644429206848
437 0.09398603439331055
438 0.10839886218309402
439 0.09185922890901566
440 0.13031068444252014
441 0.07809916883707047
442 0.13042308390140533
443 0.06869032979011536
444 0.13631606101989746
445 0.0657719150185585
446 0.07703615725040436
447 0.0695706233382225
448 0.11601653695106506
449 0.08598227053880692
450 0.08598227053880692
451 0.09419715404510498
452 0.09419715404510498
453 0.038435518741607666
454 0.09989620000123978
455 0.10358265787363052
456 0.14574438333511353
457 0.14574438333511353
458 0.06905567646026611
459 0.07250890880823135
460 0.07109861075878143
461 0.05047799274325371
462 0.05047799274325371
463 0.07885411381721497
464 0.10200750827789307
465 0.06413073092699051
466 0.020963164046406746
467 0.020963164046406746
468 0.10461500287055969
469 0.04800862446427345
470 0.09027402848005295
471 0.042075905948877335
472 0.042075905948877335
473 0.11002115905284882
474 0.11002115905284882
475 0.11002115905284882
476 0.11443524807691574
477 0.11443524807691574
478 0.11499033868312836
479 0.06206989660859108
480 0.06206989660859108
481 0.06891469657421112
482 0.04609628766775131
483 0.047803230583667755
484 0.08253148198127747
485 0.08253148198127747
486 0.1491539031267166
487 0.1491539031267166
488 0.1491539031267166
489 0.024623218923807144
490 0.08308916538953781
491 0.15369558334350586
492 0.07125342637300491
493 0.07424743473529816
494 0.04563048854470253
495 0.09435861557722092
496 0.14437435567378998
497 0.14437435567378998
498 0.08479110896587372
499 0.08479110896587372
