0 0.00166815421972673
1 0.004632660173655362
2 0.004632660173655362
3 0.0
4 0.004632660173655362
5 0.0
6 0.0
7 0.0
8 0.0013606424671312807
9 2.9386666666666665e-07
10 0.0018025096370565682
11 2.9386666666666665e-07
12 0.0
13 0.0
14 0.0010230165692722473
15 2.9386666666666665e-07
16 5.93639208375439e-05
17 2.9386666666666665e-07
18 0.00017634579282300663
19 2.9386666666666665e-07
20 0.0005458231904800624
21 2.9386666666666665e-07
22 2.9386666666666665e-07
23 0.00030317267383694896
24 2.9386666666666665e-07
25 2.9386666666666665e-07
26 2.9386666666666665e-07
27 0.00019198198363294474
28 2.9386666666666665e-07
29 2.9386666666666665e-07
30 2.9386666666666665e-07
31 0.00041957542764426586
32 2.9386666666666665e-07
33 2.9386666666666665e-07
34 2.9386666666666665e-07
35 2.9386666666666665e-07
36 0.00020182699266142428
37 2.9386666666666665e-07
38 2.9386666666666665e-07
39 2.9386666666666665e-07
40 0.0
41 0.0
42 0.0
43 2.9386666666666665e-07
44 0.0003483438917323257
45 0.0
46 2.9386666666666665e-07
47 0.0003419735917727213
48 0.0
49 2.9386666666666665e-07
