0 0.0005099178634350193
1 0.0017370692829260866
2 0.0
3 0.0017370692829260866
4 0.0017370692829260866
5 0.0017370692829260866
6 0.0017370692829260866
7 2.9386666666666665e-07
8 2.9386666666666665e-07
9 2.9386666666666665e-07
10 0.0016612048015889795
11 0.0
12 2.9386666666666665e-07
13 2.9386666666666665e-07
14 0.0
15 0.0
16 0.0002776914739985313
17 2.9386666666666665e-07
18 0.00027595411946409375
19 2.9386666666666665e-07
20 0.0004937025544469354
21 0.0
22 2.9386666666666665e-07
23 0.0003274956373190749
24 2.9386666666666665e-07
25 4.025302095873068e-05
26 0.0
27 0.0
28 0.0
29 0.0
30 0.0
31 0.0004427401547701001
32 0.0
33 0.00048154107270587235
34 0.0
35 2.9386666666666665e-07
36 0.0
37 2.9386666666666665e-07
38 2.9386666666666665e-07
39 0.0
40 0.00026321351954488497
41 0.0
42 0.0
43 2.9386666666666665e-07
44 0.00029274854663032354
45 2.9386666666666665e-07
46 0.0
47 0.0
48 2.9386666666666665e-07
49 0.0
