0 2.3096396975543514
1 2.3096396975543514
2 5.73878469939468
3 2.107970773845747
4 6.050258339017913
5 1.8925356592996052
6 6.792411149889902
7 1.7536624766636515
8 4.107381580590367
9 1.8106397616976557
10 2.9399812802963106
11 2.3890166340499235
12 1.5449565752796557
13 4.541242127540173
14 1.6361037325179237
15 2.331868996138332
16 1.7471040597016838
17 1.6533794532482955
18 1.5825588499802001
19 1.4727146446019068
20 1.514633554408048
21 1.307679270254844
22 1.738306943448321
23 1.4000772778065935
24 2.0934593060900415
25 1.2492043136536568
26 2.224998558444223
27 1.391481266223293
28 1.4603061078488082
29 1.3833767953904168
30 1.2862131853828793
31 1.2464268890364638
32 1.2568977066372085
33 1.32197503932659
34 1.2626539358441504
35 1.0964768667588418
36 1.3421282482004093
37 1.1983685004168478
38 1.155209566397092
39 1.34870246095977
40 1.3801139015862798
41 1.0757280745585005
42 1.3066879059148466
43 1.1607047401707788
44 1.1261543494096216
45 1.2549780694289825
46 1.1827611556465831
47 1.1385740441880028
48 1.0558124062655985
49 1.1226170918773328
50 1.1680270051169002
51 1.1716958027353521
52 1.2451592608652693
53 1.1046357675753218
54 1.2205686846215944
55 1.3402974904328957
56 1.1250528658909342
57 1.2184727006760043
58 1.2440972596839286
59 1.2230731283741751
60 1.3572767340522698
61 1.2826225683652144
62 1.190213448825987
63 1.1894738894513155
64 1.1939483181782637
65 1.2078565758666495
66 1.2019794506690333
67 1.239510818145584
68 1.309676713499801
69 1.3837089774130344
70 1.2733140848707474
71 1.231114155057074
72 1.181929666916092
73 1.2599999409070188
74 1.2477505975749983
75 1.300903038301129
76 1.2764829202196848
77 1.2301247152106174
78 1.2807298647635814
79 1.265299472109922
80 1.293227170574003
81 1.2551068078881207
82 1.2473421236942743
83 1.3392389459929626
84 1.330807315671128
85 1.3155340465561876
86 1.300605295657396
87 1.2783199362065447
88 1.455293540539534
89 1.2773440598010302
90 1.3369184511789625
91 1.3225401927972806
92 1.2730549657982906
93 1.329616183337717
94 1.3535228063011837
95 1.4219579861842733
96 1.2738674568974895
97 1.3807612882368918
98 1.3777775328537414
99 1.335607295515777
