0 2.301478556479854
1 2.301478548846643
2 3.721167129299055
3 2.747421715842777
4 1.5052920377749452
5 0.537985414087683
6 0.3503569459142895
7 0.2361132165844766
8 0.16901405814619527
9 0.1711491595146774
10 0.2355919667501459
11 0.24198429895496892
12 0.130229495842198
13 0.12580763219504906
14 0.12542874111480387
15 0.4387886844735673
16 0.20436893102748804
17 0.20523561957688735
18 0.09694196255490922
19 0.09859302649651842
20 0.0665316538276778
21 0.0667656822425461
22 0.0690702773666027
23 0.07067294454778833
24 0.06547199517722359
25 0.05745289241219533
26 0.056400380281124894
27 0.07788014139937216
28 0.15593875547486166
29 0.06552246984386963
30 0.0661236406287636
31 0.07240666868095251
32 0.06827700613956413
33 0.07000695902103182
34 0.06790298880779069
35 0.0561610972130249
36 0.060172813316027245
37 0.060007416489457205
38 0.05389880338146082
39 0.05423914773059844
40 0.07188334454292652
41 0.06468888684495046
42 0.04903420291374204
43 0.04996380323822283
44 0.047107762014579536
45 0.04653435995722616
46 0.046244383791346044
47 0.046344014426964474
48 0.06911458227859849
49 0.052488215916881846
