0 2.301478556479854
1 2.301478556479854
2 3.7211672972297
3 2.747421698548783
4 1.5052920225681574
5 0.5379853888473969
6 0.35035698619736855
7 0.23611327980446065
8 0.16901410244714624
9 0.17114921105748834
10 0.23559195702227428
11 0.24198436101208096
12 0.13022961958370666
13 0.12580808130963675
14 0.12542877120784426
15 0.4387887523077678
16 0.20436899317405174
17 0.20523562516761817
18 0.09694199898038404
19 0.09859294268773638
20 0.06653165225435297
21 0.06676566136442777
22 0.06907023643406705
23 0.07067291740292665
24 0.06547202394386309
25 0.05745288853781887
26 0.05640037661104306
27 0.07788010204808153
28 0.15593866394528036
29 0.06552247046257717
30 0.06612365007057615
31 0.07240664315367562
32 0.06827700762157368
33 0.07000694016163321
34 0.06790298429979807
35 0.05616111064009674
36 0.06017282226725317
37 0.06000746019732481
38 0.0538988206754548
39 0.054239136619952735
40 0.07188336963622294
41 0.06468888459048826
42 0.04903422147706486
43 0.04996384195158777
44 0.047107772474108925
45 0.046534332234917694
46 0.04624429891030842
47 0.04634403445307872
48 0.06911460371439221
49 0.05248821583232204
