0 2.301478556479854
1 2.3014785450300375
2 3.7211676175860298
3 2.7474214848188714
4 1.5052919852369842
5 0.5379856730652428
6 0.3503572712799142
7 0.2361132634198922
8 0.16901403931661388
9 0.17114924741960155
10 0.23559198119659433
11 0.24198438562620514
12 0.1302296549171254
13 0.12580764851252874
14 0.12542878577728878
15 0.43878861725061996
16 0.20436893293206365
17 0.2052355685596051
18 0.09694195580876071
19 0.09859306694731944
20 0.06653163884079207
21 0.0667656646755381
22 0.06907029184473193
23 0.07067294432043195
24 0.06547198143124715
25 0.05745288206049134
26 0.05640036057962245
27 0.07788014236656858
28 0.15593883054346785
29 0.06552246147361382
30 0.0661236070769244
31 0.07240664303813385
32 0.06827698646019166
33 0.07000698371156268
34 0.06790300572534214
35 0.05616112674512864
36 0.0601728265795702
37 0.060007437411369595
38 0.053898868562160744
39 0.05423914071609485
40 0.0718833530058953
41 0.0646888885142495
42 0.04903421090114927
43 0.049963796537731954
44 0.04710776610513091
45 0.04653435389247708
46 0.04624441985575284
47 0.04634406539987029
48 0.06911458380952694
49 0.052488226641767124
