0 2.3096396975543514
1 2.309639724509128
2 5.738784673394055
3 2.107970729954783
4 6.050258491682135
5 1.8925356152893722
6 6.7924109509493364
7 1.7536626167450027
8 4.107381357199672
9 1.8106397634866895
10 2.939981596955304
11 2.3890166292195323
12 1.5449565713437812
13 4.541242030097462
14 1.63610379942779
15 2.331868992679533
16 1.7471039830117658
17 1.6533790841706102
18 1.5825591848277043
19 1.472714634046607
20 1.5146334428319697
21 1.3076789219299514
22 1.7383073440726367
23 1.4000773284362518
24 2.0934593928581835
25 1.2492041518653614
26 2.2249993884366654
27 1.3914811535141598
28 1.460306108981863
29 1.383376871066549
30 1.2862128791599168
31 1.2464269103856014
32 1.256897764542271
33 1.3219750001467485
34 1.2626538927880688
35 1.0964771444765313
36 1.342128089393837
37 1.19836849683878
38 1.1552095424240383
39 1.3487024277135573
40 1.3801139159880023
41 1.0757278785996582
42 1.3066883583913271
43 1.160704742496523
44 1.1261541323401798
45 1.254978395390952
46 1.1827616713654105
47 1.1385736463665068
48 1.055812160571615
49 1.122617358443378
50 1.1680270938529798
51 1.1716960584479252
52 1.2451593932537748
53 1.1046359379509796
54 1.2205690283844506
55 1.3402976988553406
56 1.125052927552968
57 1.2184728247753198
58 1.2440971605714528
59 1.2230731252433658
60 1.3572767075745686
61 1.2826219550844071
62 1.1902126616510884
63 1.1894736919121602
64 1.1939486905656618
65 1.2078563618982
66 1.2019789814650863
67 1.239509838947718
68 1.3096759521466246
69 1.3837085293793212
70 1.273313739706481
71 1.2311150832674753
72 1.181930181919306
73 1.2600002698805286
74 1.2477500277080793
75 1.3009024136301397
76 1.2764826896728547
77 1.2301252936648988
78 1.2807308011439038
79 1.265299436746686
80 1.2932261853530562
81 1.2551064428059442
82 1.2473422806521783
83 1.3392395475854153
84 1.3308073222011014
85 1.3155331991504824
86 1.300605177938968
87 1.2783198469933896
88 1.4552944121568308
89 1.2773442133597699
90 1.3369172227090451
91 1.322540913360485
92 1.273055488732888
93 1.3296161980077945
94 1.3535237810264653
95 1.4219591492351857
96 1.2738662289046478
97 1.3807614352954751
98 1.3777772631867042
99 1.3356064068430242
