0 2.3037028312683105
1 2.3043596744537354
2 2.3043596744537354
3 2.312566041946411
4 2.3032124042510986
5 2.3032124042510986
6 2.3059980869293213
7 2.301024913787842
8 2.301024913787842
9 2.300813674926758
10 2.303579330444336
11 2.302560806274414
12 2.3013031482696533
13 2.3018181324005127
14 2.3018181324005127
15 2.296751022338867
16 2.310351610183716
17 2.309504747390747
18 2.3043460845947266
19 2.311815023422241
20 2.311815023422241
21 2.311815023422241
22 2.300971508026123
23 2.300971508026123
24 2.3041372299194336
25 2.3071677684783936
26 2.3004963397979736
27 2.3004963397979736
28 2.3004963397979736
29 2.3074514865875244
30 2.308748483657837
31 2.308748483657837
32 2.303253650665283
33 2.302255153656006
34 2.302255153656006
35 2.303112506866455
36 2.303112506866455
37 2.303112506866455
38 2.3039119243621826
39 2.3039119243621826
40 2.3039119243621826
41 2.304898738861084
42 2.299959421157837
43 2.299959421157837
44 2.308119773864746
45 2.304832696914673
46 2.2983741760253906
47 2.2983741760253906
48 2.3050622940063477
49 2.301804304122925
50 2.3055832386016846
51 2.2996809482574463
52 2.3048746585845947
53 2.3048746585845947
54 2.3020355701446533
55 2.3005943298339844
56 2.298682689666748
57 2.3004140853881836
58 2.298487424850464
59 2.30029559135437
60 2.296478509902954
61 2.3035590648651123
62 2.3035590648651123
63 2.3035590648651123
64 2.3015501499176025
65 2.3007497787475586
66 2.3007497787475586
67 2.3049564361572266
68 2.3021390438079834
69 2.3021390438079834
70 2.3054792881011963
71 2.297748327255249
72 2.303319215774536
73 2.302119016647339
74 2.3030643463134766
75 2.3030643463134766
76 2.3030643463134766
77 2.3035929203033447
78 2.3062469959259033
79 2.3022658824920654
80 2.300574779510498
81 2.304150104522705
82 2.305896759033203
83 2.3054723739624023
84 2.3023862838745117
85 2.3023862838745117
86 2.304954767227173
87 2.2960665225982666
88 2.31337571144104
89 2.3025755882263184
90 2.3014285564422607
91 2.304251194000244
92 2.304251194000244
93 2.2973318099975586
94 2.2983200550079346
95 2.3036417961120605
96 2.301924705505371
97 2.301112651824951
98 2.3100481033325195
99 2.304170846939087
100 2.304170846939087
101 2.3008081912994385
102 2.303800582885742
103 2.299661874771118
104 2.3025898933410645
105 2.3058338165283203
106 2.3083107471466064
107 2.3035523891448975
108 2.304640054702759
109 2.3026516437530518
110 2.3060367107391357
111 2.3037283420562744
112 2.3030049800872803
113 2.3030049800872803
114 2.3030049800872803
115 2.309070587158203
116 2.309070587158203
117 2.3048903942108154
118 2.3048903942108154
119 2.3048903942108154
120 2.3048903942108154
121 2.3048903942108154
122 2.300217866897583
123 2.301337718963623
124 2.301767110824585
125 2.301767110824585
126 2.3030872344970703
127 2.3030872344970703
128 2.301344633102417
129 2.301344633102417
130 2.307692289352417
131 2.307692289352417
132 2.3008406162261963
133 2.3008406162261963
134 2.297647714614868
135 2.3069558143615723
136 2.2985923290252686
137 2.295865535736084
138 2.295865535736084
139 2.2990469932556152
140 2.2990469932556152
141 2.299663543701172
142 2.2963197231292725
143 2.3007044792175293
144 2.3030197620391846
145 2.308230400085449
146 2.294497013092041
147 2.3023414611816406
148 2.3023414611816406
149 2.3025200366973877
150 2.295307159423828
151 2.301443338394165
152 2.301443338394165
153 2.301443338394165
154 2.294764280319214
155 2.30694317817688
156 2.30694317817688
157 2.3015518188476562
158 2.2939250469207764
159 2.3008029460906982
160 2.294548511505127
161 2.3019986152648926
162 2.3116047382354736
163 2.298933267593384
164 2.298933267593384
165 2.2951667308807373
166 2.304561138153076
167 2.302809238433838
168 2.302809238433838
169 2.302809238433838
170 2.3080644607543945
171 2.3080644607543945
172 2.3007137775421143
173 2.3007137775421143
174 2.298201084136963
175 2.3045654296875
176 2.3045654296875
177 2.2989120483398438
178 2.2989120483398438
179 2.2989120483398438
180 2.2967827320098877
181 2.304947853088379
182 2.304947853088379
183 2.304947853088379
184 2.3075833320617676
185 2.3074252605438232
186 2.2951014041900635
187 2.3044440746307373
188 2.300644874572754
189 2.300644874572754
190 2.3046703338623047
191 2.302522897720337
192 2.302522897720337
193 2.307281732559204
194 2.3026795387268066
195 2.297417640686035
196 2.308195114135742
197 2.303063154220581
198 2.303438425064087
199 2.301879644393921
200 2.299060344696045
201 2.299060344696045
202 2.2960541248321533
203 2.2981045246124268
204 2.301217555999756
205 2.301185369491577
206 2.2966928482055664
207 2.3029732704162598
208 2.3056552410125732
209 2.3038339614868164
210 2.3092989921569824
211 2.2966012954711914
212 2.2975902557373047
213 2.2964391708374023
214 2.2964391708374023
215 2.300891876220703
216 2.2994909286499023
217 2.304211378097534
218 2.304211378097534
219 2.299802780151367
220 2.299802780151367
221 2.3020527362823486
222 2.3015215396881104
223 2.3024468421936035
224 2.3004467487335205
225 2.304553747177124
226 2.2975001335144043
227 2.3080968856811523
228 2.3049356937408447
229 2.3049356937408447
230 2.298072576522827
231 2.2940309047698975
232 2.3002426624298096
233 2.3002426624298096
234 2.303900718688965
235 2.2958364486694336
236 2.2958364486694336
237 2.2958364486694336
238 2.304525852203369
239 2.304525852203369
240 2.304779052734375
241 2.301629066467285
242 2.3031420707702637
243 2.2992045879364014
244 2.3019914627075195
245 2.301063060760498
246 2.3038599491119385
247 2.302905559539795
248 2.305349349975586
249 2.305349349975586
250 2.3018393516540527
251 2.3009376525878906
252 2.3009376525878906
253 2.3045871257781982
254 2.300184488296509
255 2.300261974334717
256 2.300261974334717
257 2.301060199737549
258 2.301060199737549
259 2.303086519241333
260 2.303086519241333
261 2.2982208728790283
262 2.303988218307495
263 2.306373119354248
264 2.3070874214172363
265 2.3070874214172363
266 2.2973573207855225
267 2.302959680557251
268 2.302959680557251
269 2.3006982803344727
270 2.297745704650879
271 2.297745704650879
272 2.301037073135376
273 2.3035614490509033
274 2.3035614490509033
275 2.301334857940674
276 2.301334857940674
277 2.301334857940674
278 2.3104662895202637
279 2.3104662895202637
280 2.3004462718963623
281 2.301970958709717
282 2.301970958709717
283 2.3064701557159424
284 2.3049118518829346
285 2.307508945465088
286 2.2987544536590576
287 2.3028249740600586
288 2.3028249740600586
289 2.3003342151641846
290 2.3000707626342773
291 2.307375192642212
292 2.307375192642212
293 2.3009047508239746
294 2.30326247215271
295 2.30326247215271
296 2.30326247215271
297 2.2971367835998535
298 2.3021538257598877
299 2.3021538257598877
300 2.3082902431488037
301 2.3036067485809326
302 2.3036067485809326
303 2.2993128299713135
304 2.2993128299713135
305 2.300670862197876
306 2.3042521476745605
307 2.304823875427246
308 2.301384687423706
309 2.301384687423706
310 2.3000571727752686
311 2.3008198738098145
312 2.306326389312744
313 2.305311679840088
314 2.305311679840088
315 2.299171209335327
316 2.299171209335327
317 2.299171209335327
318 2.299628257751465
319 2.2968621253967285
320 2.2960846424102783
321 2.304903268814087
322 2.3011062145233154
323 2.3011062145233154
324 2.296708345413208
325 2.3001177310943604
326 2.3001177310943604
327 2.3001177310943604
328 2.2981677055358887
329 2.3004703521728516
330 2.301844358444214
331 2.298050880432129
332 2.2965216636657715
333 2.3033952713012695
334 2.299266815185547
335 2.29937481880188
336 2.3019189834594727
337 2.2972543239593506
338 2.29451060295105
339 2.29451060295105
340 2.3021206855773926
341 2.298091411590576
342 2.3007137775421143
343 2.303884983062744
344 2.305424213409424
345 2.304516553878784
346 2.2964799404144287
347 2.2964799404144287
348 2.3021438121795654
349 2.3021438121795654
350 2.306929588317871
351 2.301692008972168
352 2.3014650344848633
353 2.2990498542785645
354 2.303318977355957
355 2.2983994483947754
356 2.2959249019622803
357 2.2959249019622803
358 2.2959249019622803
359 2.2970852851867676
360 2.3013768196105957
361 2.29899001121521
362 2.302614212036133
363 2.302614212036133
364 2.302614212036133
365 2.305647850036621
366 2.303128242492676
367 2.2980942726135254
368 2.3030388355255127
369 2.3014960289001465
370 2.298919439315796
371 2.3007824420928955
372 2.3007824420928955
373 2.30255126953125
374 2.2945282459259033
375 2.2945282459259033
376 2.2943012714385986
377 2.3076906204223633
378 2.2953362464904785
379 2.298431396484375
380 2.298431396484375
381 2.3010716438293457
382 2.3048644065856934
383 2.301316499710083
384 2.301316499710083
385 2.299008846282959
386 2.299008846282959
387 2.296616792678833
388 2.298301935195923
389 2.301119089126587
390 2.301119089126587
391 2.301119089126587
392 2.301119089126587
393 2.3007943630218506
394 2.3032212257385254
395 2.2964518070220947
396 2.300203323364258
397 2.303537130355835
398 2.303537130355835
399 2.300415277481079
400 2.3046693801879883
401 2.2988460063934326
402 2.2984633445739746
403 2.300304651260376
404 2.299898624420166
405 2.2985873222351074
406 2.3058359622955322
407 2.301192045211792
408 2.3054041862487793
409 2.3010947704315186
410 2.303114414215088
411 2.2962450981140137
412 2.2988333702087402
413 2.300790548324585
414 2.303448438644409
415 2.2969741821289062
416 2.300386667251587
417 2.300386667251587
418 2.300386667251587
419 2.2981679439544678
420 2.2981679439544678
421 2.2983319759368896
422 2.2983319759368896
423 2.3003242015838623
424 2.301974296569824
425 2.2959513664245605
426 2.304544687271118
427 2.304544687271118
428 2.304544687271118
429 2.297316074371338
430 2.301161289215088
431 2.298341989517212
432 2.298341989517212
433 2.2977120876312256
434 2.2977120876312256
435 2.2977120876312256
436 2.3028674125671387
437 2.297351360321045
438 2.298687696456909
439 2.298687696456909
440 2.298687696456909
441 2.3018455505371094
442 2.2938449382781982
443 2.2938449382781982
444 2.2938449382781982
445 2.302232265472412
446 2.3050546646118164
447 2.2951629161834717
448 2.3008687496185303
449 2.3050460815429688
450 2.297149658203125
451 2.3017375469207764
452 2.3000540733337402
453 2.299574613571167
454 2.2989492416381836
455 2.3027842044830322
456 2.30022931098938
457 2.3016881942749023
458 2.3088884353637695
459 2.2983224391937256
460 2.30159854888916
461 2.3026041984558105
462 2.3026041984558105
463 2.2946910858154297
464 2.303387403488159
465 2.3040482997894287
466 2.3069050312042236
467 2.3069050312042236
468 2.2992215156555176
469 2.3020167350769043
470 2.30003023147583
471 2.297602653503418
472 2.2984819412231445
473 2.2984819412231445
474 2.2986814975738525
475 2.297964096069336
476 2.3012404441833496
477 2.3012404441833496
478 2.3030076026916504
479 2.3077073097229004
480 2.299471139907837
481 2.3041367530822754
482 2.3004462718963623
483 2.3003103733062744
484 2.3003103733062744
485 2.2969584465026855
486 2.2969584465026855
487 2.3009328842163086
488 2.2974085807800293
489 2.2998101711273193
490 2.298959970474243
491 2.3006346225738525
492 2.301499605178833
493 2.301499605178833
494 2.2970080375671387
495 2.2969210147857666
496 2.298515558242798
497 2.303602695465088
498 2.303602695465088
499 2.303602695465088
500 2.303602695465088
501 2.2994225025177
502 2.2995543479919434
503 2.3000333309173584
504 2.306304454803467
505 2.3026938438415527
506 2.3008034229278564
507 2.3008034229278564
508 2.2943527698516846
509 2.2972419261932373
510 2.299612522125244
511 2.2953128814697266
512 2.306548833847046
513 2.2996435165405273
514 2.305067300796509
515 2.299675464630127
516 2.299675464630127
517 2.29776668548584
518 2.2992196083068848
519 2.2997138500213623
520 2.3025591373443604
521 2.2974536418914795
522 2.3004634380340576
523 2.3030824661254883
524 2.3030824661254883
525 2.295261859893799
526 2.295261859893799
527 2.295261859893799
528 2.3043465614318848
529 2.2993950843811035
530 2.2993950843811035
531 2.2993950843811035
532 2.2993814945220947
533 2.2998764514923096
534 2.2998764514923096
535 2.2998764514923096
536 2.302013635635376
537 2.2985353469848633
538 2.2971715927124023
539 2.2990047931671143
540 2.300809621810913
541 2.3030388355255127
542 2.294649362564087
543 2.30232310295105
544 2.295494318008423
545 2.295494318008423
546 2.295494318008423
547 2.2978382110595703
548 2.2997608184814453
549 2.2997608184814453
550 2.2997608184814453
551 2.3031013011932373
552 2.2970290184020996
553 2.2971553802490234
554 2.2971553802490234
555 2.2971553802490234
556 2.2994227409362793
557 2.301501989364624
558 2.301501989364624
559 2.297478675842285
560 2.300689220428467
561 2.303931713104248
562 2.3013715744018555
563 2.297867774963379
564 2.3000876903533936
565 2.3053090572357178
566 2.3053090572357178
567 2.3053090572357178
568 2.297482967376709
569 2.297482967376709
570 2.295795202255249
571 2.295795202255249
572 2.3032093048095703
573 2.3032093048095703
574 2.3032093048095703
575 2.3010079860687256
576 2.301941394805908
577 2.2969696521759033
578 2.2969696521759033
579 2.30172061920166
580 2.298609495162964
581 2.298609495162964
582 2.298609495162964
583 2.2984867095947266
584 2.3025779724121094
585 2.2983038425445557
586 2.303049087524414
587 2.297832727432251
588 2.297832727432251
589 2.297832727432251
590 2.297832727432251
591 2.2987329959869385
592 2.2987329959869385
593 2.2987329959869385
594 2.302557945251465
595 2.302557945251465
596 2.302557945251465
597 2.29545259475708
598 2.3026862144470215
599 2.293919563293457
600 2.293919563293457
601 2.293919563293457
602 2.3010876178741455
603 2.3005311489105225
604 2.303950786590576
605 2.296314001083374
606 2.300060749053955
607 2.2984156608581543
608 2.2984156608581543
609 2.2983574867248535
610 2.306114912033081
611 2.295527935028076
612 2.2978382110595703
613 2.29679012298584
614 2.299821376800537
615 2.296114206314087
616 2.2973783016204834
617 2.2965986728668213
618 2.2989749908447266
619 2.2989749908447266
620 2.2989749908447266
621 2.2989749908447266
622 2.299726963043213
623 2.300050735473633
624 2.304699420928955
625 2.2998123168945312
626 2.2982306480407715
627 2.2983322143554688
628 2.299490213394165
629 2.299490213394165
630 2.3028643131256104
631 2.2995986938476562
632 2.2995986938476562
633 2.2995986938476562
634 2.2995986938476562
635 2.3016912937164307
636 2.296839952468872
637 2.296708345413208
638 2.296708345413208
639 2.2970118522644043
640 2.2970118522644043
641 2.2970118522644043
642 2.2970118522644043
643 2.2974560260772705
644 2.2974560260772705
645 2.295650005340576
646 2.297567367553711
647 2.299978733062744
648 2.297053813934326
649 2.3008298873901367
650 2.3004183769226074
651 2.30501389503479
652 2.3005473613739014
653 2.301572322845459
654 2.303809881210327
655 2.2981603145599365
656 2.2981603145599365
657 2.298328161239624
658 2.2977261543273926
659 2.2999119758605957
660 2.2978811264038086
661 2.303743600845337
662 2.3005833625793457
663 2.2943496704101562
664 2.297412157058716
665 2.2995712757110596
666 2.2995712757110596
667 2.296762704849243
668 2.300945520401001
669 2.300945520401001
670 2.2973439693450928
671 2.301586627960205
672 2.301586627960205
673 2.301586627960205
674 2.296649932861328
675 2.2988133430480957
676 2.2964062690734863
677 2.298295259475708
678 2.2957229614257812
679 2.2985799312591553
680 2.2985799312591553
681 2.2971341609954834
682 2.298489570617676
683 2.2995340824127197
684 2.2971713542938232
685 2.2975659370422363
686 2.295982837677002
687 2.295982837677002
688 2.295982837677002
689 2.295982837677002
690 2.296715259552002
691 2.2937307357788086
692 2.2937307357788086
693 2.3010661602020264
694 2.3010661602020264
695 2.301910638809204
696 2.3010692596435547
697 2.3015503883361816
698 2.2937488555908203
699 2.2937488555908203
700 2.297875165939331
701 2.297875165939331
702 2.297875165939331
703 2.2989494800567627
704 2.2989494800567627
705 2.3023769855499268
706 2.2954509258270264
707 2.2989282608032227
708 2.2948102951049805
709 2.299060344696045
710 2.299060344696045
711 2.299060344696045
712 2.2932679653167725
713 2.2975363731384277
714 2.294306993484497
715 2.3051962852478027
716 2.2963738441467285
717 2.298358917236328
718 2.298358917236328
719 2.294689893722534
720 2.294689893722534
721 2.298520803451538
722 2.300570011138916
723 2.2967827320098877
724 2.2967827320098877
725 2.2967827320098877
726 2.2967827320098877
727 2.2967307567596436
728 2.2954518795013428
729 2.30132794380188
730 2.3017687797546387
731 2.3017687797546387
732 2.3017687797546387
733 2.295079469680786
734 2.3008885383605957
735 2.292713165283203
736 2.292713165283203
737 2.3004653453826904
738 2.2972631454467773
739 2.2964515686035156
740 2.300339698791504
741 2.2983102798461914
742 2.2963807582855225
743 2.2981624603271484
744 2.2981624603271484
745 2.296380043029785
746 2.296380043029785
747 2.292111873626709
748 2.292111873626709
749 2.292111873626709
750 2.2956442832946777
751 2.3025565147399902
752 2.29897403717041
753 2.294616937637329
754 2.295135021209717
755 2.2991909980773926
756 2.2964894771575928
757 2.2984139919281006
758 2.294581890106201
759 2.2984461784362793
760 2.2984461784362793
761 2.299518346786499
762 2.2984471321105957
763 2.2984471321105957
764 2.2984471321105957
765 2.296926498413086
766 2.296926498413086
767 2.297853469848633
768 2.297853469848633
769 2.299330711364746
770 2.299330711364746
771 2.295168161392212
772 2.295168161392212
773 2.299168586730957
774 2.2997257709503174
775 2.293919801712036
776 2.293919801712036
777 2.297165632247925
778 2.297165632247925
779 2.2953734397888184
780 2.298081874847412
781 2.298081874847412
782 2.298081874847412
783 2.298081874847412
784 2.298081874847412
785 2.294071912765503
786 2.294071912765503
787 2.2983126640319824
788 2.299877643585205
789 2.299877643585205
790 2.299877643585205
791 2.2930593490600586
792 2.29716157913208
793 2.2993862628936768
794 2.2993862628936768
795 2.297545909881592
796 2.297545909881592
797 2.2962653636932373
798 2.3012661933898926
799 2.295027494430542
800 2.29640531539917
801 2.301436185836792
802 2.2948105335235596
803 2.2948105335235596
804 2.297452449798584
805 2.297452449798584
806 2.2930402755737305
807 2.2959306240081787
808 2.2906582355499268
809 2.296677589416504
810 2.296677589416504
811 2.2973251342773438
812 2.2954659461975098
813 2.298283338546753
814 2.2973315715789795
815 2.294179916381836
816 2.294179916381836
817 2.294179916381836
818 2.294179916381836
819 2.2971608638763428
820 2.2971608638763428
821 2.2980751991271973
822 2.298614263534546
823 2.2942569255828857
824 2.2986948490142822
825 2.2922027111053467
826 2.29213285446167
827 2.2918999195098877
828 2.2968997955322266
829 2.294492721557617
830 2.297447443008423
831 2.2985382080078125
832 2.2985382080078125
833 2.2985382080078125
834 2.2992138862609863
835 2.2924463748931885
836 2.2953948974609375
837 2.2942416667938232
838 2.2942416667938232
839 2.297098159790039
840 2.3000192642211914
841 2.3000192642211914
842 2.2958340644836426
843 2.2947957515716553
844 2.2947957515716553
845 2.2959184646606445
846 2.2959184646606445
847 2.2959184646606445
848 2.292001724243164
849 2.29280948638916
850 2.3002877235412598
851 2.3002877235412598
852 2.3002877235412598
853 2.295567274093628
854 2.296140670776367
855 2.2988107204437256
856 2.2951579093933105
857 2.2951579093933105
858 2.296478271484375
859 2.293393135070801
860 2.2969937324523926
861 2.2934505939483643
862 2.2934505939483643
863 2.2983148097991943
864 2.2983148097991943
865 2.2983148097991943
866 2.2983148097991943
867 2.2983148097991943
868 2.2983148097991943
869 2.297488212585449
870 2.2985267639160156
871 2.2985267639160156
872 2.299190044403076
873 2.2974860668182373
874 2.2974860668182373
875 2.2998316287994385
876 2.2998316287994385
877 2.2998316287994385
878 2.2950456142425537
879 2.290893316268921
880 2.290893316268921
881 2.2948172092437744
882 2.300663948059082
883 2.295424222946167
884 2.3023862838745117
885 2.3005902767181396
886 2.3005902767181396
887 2.296992063522339
888 2.2971532344818115
889 2.2979907989501953
890 2.293456792831421
891 2.296414375305176
892 2.296414375305176
893 2.2968597412109375
894 2.2968597412109375
895 2.294010877609253
896 2.294010877609253
897 2.294010877609253
898 2.3041582107543945
899 2.298337936401367
900 2.298337936401367
901 2.2941243648529053
902 2.29421329498291
903 2.298469305038452
904 2.295506238937378
905 2.299638271331787
906 2.2982587814331055
907 2.3009226322174072
908 2.3009226322174072
909 2.293550491333008
910 2.2949042320251465
911 2.294020175933838
912 2.294020175933838
913 2.2967450618743896
914 2.2978594303131104
915 2.2978594303131104
916 2.2969655990600586
917 2.2969655990600586
918 2.2969655990600586
919 2.2999250888824463
920 2.2981584072113037
921 2.2981584072113037
922 2.2971549034118652
923 2.294097661972046
924 2.294097661972046
925 2.2956395149230957
926 2.2956395149230957
927 2.295807361602783
928 2.295807361602783
929 2.2991929054260254
930 2.2991929054260254
931 2.2991929054260254
932 2.2991929054260254
933 2.2991929054260254
934 2.2983484268188477
935 2.295536994934082
936 2.2896335124969482
937 2.296107292175293
938 2.2921621799468994
939 2.2921621799468994
940 2.2921621799468994
941 2.293334484100342
942 2.295915365219116
943 2.301847457885742
944 2.291304588317871
945 2.291304588317871
946 2.296114444732666
947 2.2934038639068604
948 2.2935214042663574
949 2.2935214042663574
950 2.2863616943359375
951 2.2998180389404297
952 2.29664945602417
953 2.29664945602417
954 2.29664945602417
955 2.294151782989502
956 2.294151782989502
957 2.294151782989502
958 2.3032469749450684
959 2.2953314781188965
960 2.2941482067108154
961 2.2941482067108154
962 2.2941482067108154
963 2.2941482067108154
964 2.2941482067108154
965 2.2941482067108154
966 2.290189027786255
967 2.286487340927124
968 2.286487340927124
969 2.2941651344299316
970 2.294684886932373
971 2.3002896308898926
972 2.291957378387451
973 2.291957378387451
974 2.2901711463928223
975 2.2924253940582275
976 2.2945055961608887
977 2.2945055961608887
978 2.2945055961608887
979 2.2938709259033203
980 2.2945168018341064
981 2.2945168018341064
982 2.2945168018341064
983 2.28981351852417
984 2.294151782989502
985 2.2906394004821777
986 2.298955202102661
987 2.295478105545044
988 2.292362928390503
989 2.2917821407318115
990 2.2900781631469727
991 2.2900781631469727
992 2.2900781631469727
993 2.2984349727630615
994 2.2984349727630615
995 2.2980403900146484
996 2.292510986328125
997 2.292510986328125
998 2.29377818107605
999 2.294628381729126
1000 2.2889695167541504
1001 2.294910192489624
1002 2.294910192489624
1003 2.2946064472198486
1004 2.290583848953247
1005 2.291973829269409
1006 2.291973829269409
1007 2.291973829269409
1008 2.2942211627960205
1009 2.2942211627960205
1010 2.2942211627960205
1011 2.2942211627960205
1012 2.2970094680786133
1013 2.2970094680786133
1014 2.295179843902588
1015 2.295179843902588
1016 2.297581434249878
1017 2.300041675567627
1018 2.295926570892334
1019 2.297053337097168
1020 2.294757604598999
1021 2.294757604598999
1022 2.2954823970794678
1023 2.2954823970794678
1024 2.2884328365325928
1025 2.291621446609497
1026 2.2944490909576416
1027 2.2924587726593018
1028 2.2968690395355225
1029 2.2968690395355225
1030 2.2938337326049805
1031 2.2927205562591553
1032 2.289076328277588
1033 2.292954683303833
1034 2.292954683303833
1035 2.293898105621338
1036 2.293898105621338
1037 2.294006586074829
1038 2.288639545440674
1039 2.2946693897247314
1040 2.2946693897247314
1041 2.2946693897247314
1042 2.292945384979248
1043 2.294034957885742
1044 2.294034957885742
1045 2.294034957885742
1046 2.294034957885742
1047 2.294034957885742
1048 2.290835380554199
1049 2.2853646278381348
1050 2.2853646278381348
1051 2.2853646278381348
1052 2.295908212661743
1053 2.295908212661743
1054 2.2914228439331055
1055 2.2953195571899414
1056 2.2940311431884766
1057 2.293098211288452
1058 2.300652265548706
1059 2.2879371643066406
1060 2.2879371643066406
1061 2.292443037033081
1062 2.292443037033081
1063 2.2935500144958496
1064 2.285067081451416
1065 2.285067081451416
1066 2.285067081451416
1067 2.293571710586548
1068 2.287748336791992
1069 2.292402505874634
1070 2.292402505874634
1071 2.292720079421997
1072 2.292720079421997
1073 2.2919788360595703
1074 2.2909233570098877
1075 2.2911078929901123
1076 2.2907824516296387
1077 2.291006326675415
1078 2.297581195831299
1079 2.2837822437286377
1080 2.2897655963897705
1081 2.2842483520507812
1082 2.289637327194214
1083 2.289637327194214
1084 2.288599967956543
1085 2.2902908325195312
1086 2.2902908325195312
1087 2.2920656204223633
1088 2.2877089977264404
1089 2.288504123687744
1090 2.2890520095825195
1091 2.2947144508361816
1092 2.2947144508361816
1093 2.2886219024658203
1094 2.2907304763793945
1095 2.2899537086486816
1096 2.2862677574157715
1097 2.2901649475097656
1098 2.2933080196380615
1099 2.2933080196380615
1100 2.288783311843872
1101 2.291736364364624
1102 2.291736364364624
1103 2.2936272621154785
1104 2.2936272621154785
1105 2.2932395935058594
1106 2.290083646774292
1107 2.29439640045166
1108 2.29439640045166
1109 2.2902932167053223
1110 2.2902932167053223
1111 2.2931952476501465
1112 2.2931952476501465
1113 2.2937722206115723
1114 2.2882041931152344
1115 2.2882041931152344
1116 2.2882041931152344
1117 2.290647029876709
1118 2.290647029876709
1119 2.290464162826538
1120 2.2956161499023438
1121 2.2861361503601074
1122 2.2922825813293457
1123 2.2922825813293457
1124 2.2823264598846436
1125 2.283724546432495
1126 2.283724546432495
1127 2.2890689373016357
1128 2.2900257110595703
1129 2.287771463394165
1130 2.2886276245117188
1131 2.2934722900390625
1132 2.2938451766967773
1133 2.2888810634613037
1134 2.292715311050415
1135 2.2970142364501953
1136 2.2887730598449707
1137 2.2887730598449707
1138 2.287327527999878
1139 2.288621425628662
1140 2.288621425628662
1141 2.2936859130859375
1142 2.2936859130859375
1143 2.2842822074890137
1144 2.2840375900268555
1145 2.2910475730895996
1146 2.2910475730895996
1147 2.2910475730895996
1148 2.2910475730895996
1149 2.292477607727051
1150 2.28300404548645
1151 2.294713020324707
1152 2.294713020324707
1153 2.291471242904663
1154 2.2882080078125
1155 2.2876148223876953
1156 2.2936604022979736
1157 2.290780544281006
1158 2.293166160583496
1159 2.294255495071411
1160 2.294255495071411
1161 2.2917487621307373
1162 2.2863872051239014
1163 2.2884671688079834
1164 2.2911198139190674
1165 2.2911198139190674
1166 2.2855539321899414
1167 2.2862064838409424
1168 2.2850451469421387
1169 2.2850451469421387
1170 2.2879860401153564
1171 2.2879860401153564
1172 2.28981614112854
1173 2.2868831157684326
1174 2.2838122844696045
1175 2.2838122844696045
1176 2.289362907409668
1177 2.293551206588745
1178 2.29563570022583
1179 2.282663583755493
1180 2.282663583755493
1181 2.2923710346221924
1182 2.2864699363708496
1183 2.2882089614868164
1184 2.283031702041626
1185 2.291938543319702
1186 2.291938543319702
1187 2.290379762649536
1188 2.2912333011627197
1189 2.2912333011627197
1190 2.2874162197113037
1191 2.2874162197113037
1192 2.2874162197113037
1193 2.2874162197113037
1194 2.2958617210388184
1195 2.2958617210388184
1196 2.2861056327819824
1197 2.2900214195251465
1198 2.2900214195251465
1199 2.285282611846924
1200 2.2823281288146973
1201 2.2823281288146973
1202 2.2779386043548584
1203 2.2910172939300537
1204 2.2849199771881104
1205 2.2885324954986572
1206 2.2885324954986572
1207 2.2885324954986572
1208 2.2885324954986572
1209 2.2885875701904297
1210 2.2872276306152344
1211 2.2794559001922607
1212 2.2794559001922607
1213 2.2885372638702393
1214 2.2819697856903076
1215 2.2833001613616943
1216 2.2912938594818115
1217 2.2890546321868896
1218 2.2890546321868896
1219 2.2841856479644775
1220 2.2861781120300293
1221 2.2885327339172363
1222 2.284566640853882
1223 2.284566640853882
1224 2.2900898456573486
1225 2.2900898456573486
1226 2.285081386566162
1227 2.285081386566162
1228 2.280921459197998
1229 2.280921459197998
1230 2.292675495147705
1231 2.292675495147705
1232 2.292675495147705
1233 2.280886650085449
1234 2.280886650085449
1235 2.2821927070617676
1236 2.2821927070617676
1237 2.2859106063842773
1238 2.28481388092041
1239 2.284400224685669
1240 2.287672758102417
1241 2.2804412841796875
1242 2.2861082553863525
1243 2.285965919494629
1244 2.28779935836792
1245 2.279688596725464
1246 2.2832348346710205
1247 2.2880735397338867
1248 2.285257339477539
1249 2.283379554748535
1250 2.2945570945739746
1251 2.2945570945739746
1252 2.2812752723693848
1253 2.286036252975464
1254 2.286036252975464
1255 2.2836270332336426
1256 2.2825005054473877
1257 2.2825005054473877
1258 2.289334774017334
1259 2.2810404300689697
1260 2.285722255706787
1261 2.2822468280792236
1262 2.2829527854919434
1263 2.275841474533081
1264 2.282383441925049
1265 2.284480333328247
1266 2.280468463897705
1267 2.280714511871338
1268 2.2864532470703125
1269 2.2796428203582764
1270 2.2796428203582764
1271 2.2796428203582764
1272 2.2796428203582764
1273 2.2820985317230225
1274 2.282008171081543
1275 2.279818296432495
1276 2.274587392807007
1277 2.281202554702759
1278 2.2889304161071777
1279 2.277811288833618
1280 2.276892900466919
1281 2.2842607498168945
1282 2.2842607498168945
1283 2.2903292179107666
1284 2.2903292179107666
1285 2.2903292179107666
1286 2.2855019569396973
1287 2.2854256629943848
1288 2.2854256629943848
1289 2.282132148742676
