0 2.294797658920288
1 2.309844970703125
2 2.303239107131958
3 2.30462908744812
4 2.310147762298584
5 2.295741558074951
6 2.296954393386841
7 2.3021318912506104
8 2.3041858673095703
9 2.3071656227111816
10 2.3071656227111816
11 2.3025553226470947
12 2.3025553226470947
13 2.304569959640503
14 2.305610418319702
15 2.305610418319702
16 2.3072619438171387
17 2.3072619438171387
18 2.3072619438171387
19 2.3072619438171387
20 2.304804563522339
21 2.303036689758301
22 2.3061704635620117
23 2.3061704635620117
24 2.3061704635620117
25 2.3000893592834473
26 2.304497003555298
27 2.3131794929504395
28 2.305720090866089
29 2.3068180084228516
30 2.3040027618408203
31 2.3029677867889404
32 2.3115646839141846
33 2.2948191165924072
34 2.301257848739624
35 2.301257848739624
36 2.3106091022491455
37 2.291731834411621
38 2.291731834411621
39 2.3064961433410645
40 2.306415557861328
41 2.3059873580932617
42 2.3023667335510254
43 2.3109965324401855
44 2.3109965324401855
45 2.3079171180725098
46 2.3079171180725098
47 2.308016538619995
48 2.308016538619995
49 2.3016722202301025
50 2.306354522705078
51 2.306354522705078
52 2.3035261631011963
53 2.3081748485565186
54 2.3072903156280518
55 2.3072903156280518
56 2.29795503616333
57 2.304021120071411
58 2.3085575103759766
59 2.3085575103759766
60 2.3085575103759766
61 2.302680015563965
62 2.3019230365753174
63 2.297917604446411
64 2.297917604446411
65 2.3034942150115967
66 2.2990708351135254
67 2.304492950439453
68 2.304492950439453
69 2.304492950439453
70 2.3011064529418945
71 2.3011064529418945
72 2.303093433380127
73 2.3004322052001953
74 2.302624225616455
75 2.3072385787963867
76 2.305330753326416
77 2.305330753326416
78 2.3066492080688477
79 2.304663896560669
80 2.2992970943450928
81 2.299341917037964
82 2.299341917037964
83 2.299341917037964
84 2.304422616958618
85 2.296529531478882
86 2.310471534729004
87 2.310471534729004
88 2.310471534729004
89 2.3018946647644043
90 2.2987799644470215
91 2.2987799644470215
92 2.2966911792755127
93 2.2966911792755127
94 2.2982232570648193
95 2.2982232570648193
96 2.2982232570648193
97 2.2982232570648193
98 2.2982232570648193
99 2.308481216430664
100 2.303224563598633
101 2.3046646118164062
102 2.3046646118164062
103 2.302177906036377
104 2.2985098361968994
105 2.30359148979187
106 2.30359148979187
107 2.302870750427246
108 2.3044755458831787
109 2.3044755458831787
110 2.3044755458831787
111 2.303983211517334
112 2.306631088256836
113 2.3032004833221436
114 2.299879550933838
115 2.30332350730896
116 2.2993011474609375
117 2.3033509254455566
118 2.3025753498077393
119 2.300084352493286
120 2.3003668785095215
121 2.293207883834839
122 2.2982614040374756
123 2.2982614040374756
124 2.309522867202759
125 2.309522867202759
126 2.309522867202759
127 2.301694869995117
128 2.3083086013793945
129 2.3083086013793945
130 2.3083086013793945
131 2.3030197620391846
132 2.3002593517303467
133 2.3002161979675293
134 2.3002161979675293
135 2.3059332370758057
136 2.2979013919830322
137 2.2979013919830322
138 2.2979013919830322
139 2.299356698989868
140 2.297481060028076
141 2.3042399883270264
142 2.3042399883270264
143 2.2993323802948
144 2.304494857788086
145 2.304494857788086
146 2.3056063652038574
147 2.301243782043457
148 2.3014330863952637
149 2.3007545471191406
150 2.3054463863372803
151 2.3054463863372803
152 2.3001348972320557
153 2.3063364028930664
154 2.303382158279419
155 2.303382158279419
156 2.303382158279419
157 2.303382158279419
158 2.303382158279419
159 2.2992005348205566
160 2.2992005348205566
161 2.3041794300079346
162 2.303617477416992
163 2.300893783569336
164 2.2992005348205566
165 2.3055224418640137
166 2.2938082218170166
167 2.2938082218170166
168 2.2938082218170166
169 2.2938082218170166
170 2.301406145095825
171 2.3018689155578613
172 2.299576759338379
173 2.2999682426452637
174 2.2975704669952393
175 2.296159267425537
176 2.3055853843688965
177 2.3055853843688965
178 2.30810809135437
179 2.306244373321533
180 2.305828332901001
181 2.305828332901001
182 2.2986226081848145
183 2.296994686126709
184 2.3002004623413086
185 2.296187162399292
186 2.296187162399292
187 2.2961480617523193
188 2.306122064590454
189 2.300445556640625
190 2.300445556640625
191 2.294830799102783
192 2.3106353282928467
193 2.3106353282928467
194 2.303562641143799
195 2.29575252532959
196 2.302050828933716
197 2.302050828933716
198 2.3029978275299072
199 2.300166606903076
200 2.3029470443725586
201 2.3060927391052246
202 2.3044466972351074
203 2.3044466972351074
204 2.3016932010650635
205 2.3016932010650635
206 2.3056976795196533
207 2.3056976795196533
208 2.3056976795196533
209 2.308166742324829
210 2.308166742324829
211 2.304205894470215
212 2.2990429401397705
213 2.305600881576538
214 2.2997844219207764
215 2.30104923248291
216 2.30104923248291
217 2.30104923248291
218 2.3015003204345703
219 2.2965874671936035
220 2.2965874671936035
221 2.2965874671936035
222 2.304212808609009
223 2.304212808609009
224 2.304212808609009
225 2.302280902862549
226 2.305806875228882
227 2.301776647567749
228 2.301776647567749
229 2.3009297847747803
230 2.3009297847747803
231 2.3071129322052
232 2.308210611343384
233 2.3024768829345703
234 2.296370029449463
235 2.296370029449463
236 2.296370029449463
237 2.3045010566711426
238 2.3013200759887695
239 2.3108863830566406
240 2.302929639816284
241 2.302929639816284
242 2.302929639816284
243 2.302929639816284
244 2.302929639816284
245 2.302929639816284
246 2.302320957183838
247 2.302546501159668
248 2.3059167861938477
249 2.2990119457244873
250 2.2990119457244873
251 2.299670696258545
252 2.299670696258545
253 2.299670696258545
254 2.304655075073242
255 2.304655075073242
256 2.3078672885894775
257 2.3070261478424072
258 2.3050432205200195
259 2.3048386573791504
260 2.302905321121216
261 2.3011937141418457
262 2.3011937141418457
263 2.3042242527008057
264 2.295743465423584
265 2.295865058898926
266 2.295865058898926
267 2.295865058898926
268 2.297163963317871
269 2.297290563583374
270 2.299070358276367
271 2.3005218505859375
272 2.307687997817993
273 2.307687997817993
274 2.3005361557006836
275 2.3059263229370117
276 2.3059263229370117
277 2.302644968032837
278 2.302577495574951
279 2.302577495574951
280 2.302577495574951
281 2.309581995010376
282 2.309581995010376
283 2.309581995010376
284 2.309581995010376
285 2.309581995010376
286 2.303719997406006
287 2.304922342300415
288 2.308945417404175
289 2.3026275634765625
290 2.3051769733428955
291 2.2983593940734863
292 2.2983593940734863
293 2.3012921810150146
294 2.302579641342163
295 2.3028059005737305
296 2.3028059005737305
297 2.3000495433807373
298 2.299370527267456
299 2.307649612426758
300 2.307649612426758
301 2.307649612426758
302 2.300229072570801
303 2.3047077655792236
304 2.3037240505218506
305 2.3037240505218506
306 2.3037240505218506
307 2.3087971210479736
308 2.3088462352752686
309 2.3046016693115234
310 2.3046016693115234
311 2.2997093200683594
312 2.2997093200683594
313 2.302590847015381
314 2.302590847015381
315 2.302590847015381
316 2.300316333770752
317 2.300764560699463
318 2.300764560699463
319 2.299070119857788
320 2.299070119857788
321 2.299070119857788
322 2.301548480987549
323 2.301548480987549
324 2.301548480987549
325 2.301873207092285
326 2.300870418548584
327 2.3032615184783936
328 2.3032615184783936
329 2.3032615184783936
330 2.30745267868042
331 2.3004627227783203
332 2.3027710914611816
333 2.2995858192443848
334 2.3020827770233154
335 2.302006244659424
336 2.3036515712738037
337 2.3061885833740234
338 2.304090738296509
339 2.304090738296509
340 2.3096845149993896
341 2.3096845149993896
342 2.3096845149993896
343 2.3096845149993896
344 2.3096845149993896
345 2.2974395751953125
346 2.3061299324035645
347 2.303577423095703
348 2.303577423095703
349 2.3003594875335693
350 2.3050918579101562
351 2.304565906524658
352 2.303427219390869
353 2.2985897064208984
354 2.3058881759643555
355 2.3058881759643555
356 2.301175117492676
357 2.302443742752075
358 2.299865484237671
359 2.3057308197021484
360 2.295994997024536
361 2.3040692806243896
362 2.3002407550811768
363 2.304262399673462
364 2.307034492492676
365 2.3000593185424805
366 2.299391746520996
367 2.299391746520996
368 2.2966699600219727
369 2.303173542022705
370 2.303173542022705
371 2.303173542022705
372 2.3005058765411377
373 2.3047072887420654
374 2.301236629486084
375 2.306558847427368
376 2.3009159564971924
377 2.305434465408325
378 2.30295467376709
379 2.303656816482544
380 2.3003361225128174
381 2.299931049346924
382 2.299931049346924
383 2.299931049346924
384 2.303291082382202
385 2.3007330894470215
386 2.2993052005767822
387 2.3031439781188965
388 2.301826238632202
389 2.301826238632202
390 2.296184778213501
391 2.296184778213501
392 2.3060452938079834
393 2.305732488632202
394 2.299530029296875
395 2.305133104324341
396 2.305176019668579
397 2.3013648986816406
398 2.3021240234375
399 2.301046133041382
400 2.301046133041382
401 2.303804874420166
402 2.2942957878112793
403 2.2942957878112793
404 2.299940347671509
405 2.295510768890381
406 2.299081563949585
407 2.299081563949585
408 2.2982375621795654
409 2.2982375621795654
410 2.3010756969451904
411 2.3010756969451904
412 2.300659418106079
413 2.300659418106079
414 2.300659418106079
415 2.300659418106079
416 2.3038196563720703
417 2.2968945503234863
418 2.3058788776397705
419 2.297032356262207
420 2.3036928176879883
421 2.305678367614746
422 2.3000032901763916
423 2.3043408393859863
424 2.307459592819214
425 2.307459592819214
426 2.303826093673706
427 2.2986485958099365
428 2.296473503112793
429 2.2998104095458984
430 2.302431106567383
431 2.305272102355957
432 2.3032240867614746
433 2.305014133453369
434 2.2991321086883545
435 2.297173500061035
436 2.303595781326294
437 2.303595781326294
438 2.303595781326294
439 2.3011844158172607
440 2.29962420463562
441 2.3010778427124023
442 2.3010778427124023
443 2.3016557693481445
444 2.3016557693481445
445 2.302917242050171
446 2.302917242050171
447 2.2997026443481445
448 2.2997026443481445
449 2.2966864109039307
450 2.3035900592803955
451 2.2970998287200928
452 2.2983572483062744
453 2.2983572483062744
454 2.3028929233551025
455 2.3024420738220215
456 2.3024420738220215
457 2.2998054027557373
458 2.30900502204895
459 2.301978826522827
460 2.3020880222320557
461 2.3002240657806396
462 2.3011622428894043
463 2.304257392883301
464 2.2996556758880615
465 2.2948410511016846
466 2.2948410511016846
467 2.2948410511016846
468 2.3047659397125244
469 2.3028066158294678
470 2.304517984390259
471 2.304517984390259
472 2.297516345977783
473 2.301163911819458
474 2.3021724224090576
475 2.2983815670013428
476 2.2992725372314453
477 2.298999071121216
478 2.298999071121216
479 2.298999071121216
480 2.302821636199951
481 2.2976553440093994
482 2.305432081222534
483 2.297653913497925
484 2.297653913497925
485 2.301624298095703
486 2.2930853366851807
487 2.3015973567962646
488 2.3015973567962646
489 2.3006038665771484
490 2.2995007038116455
491 2.3029510974884033
492 2.2968244552612305
493 2.2968099117279053
494 2.3059709072113037
495 2.2998507022857666
496 2.300839424133301
497 2.3047735691070557
498 2.2976527214050293
499 2.2987141609191895
500 2.304155111312866
501 2.304155111312866
502 2.298491954803467
503 2.298491954803467
504 2.2984464168548584
505 2.2984464168548584
506 2.2984464168548584
507 2.2984464168548584
508 2.300997018814087
509 2.300997018814087
510 2.3021655082702637
511 2.3021655082702637
512 2.301919460296631
513 2.2994143962860107
514 2.301525592803955
515 2.301525592803955
516 2.299501895904541
517 2.300990343093872
518 2.3071279525756836
519 2.3022334575653076
520 2.2980072498321533
521 2.3022470474243164
522 2.295552968978882
523 2.302932024002075
524 2.299924850463867
525 2.300382375717163
526 2.3007471561431885
527 2.300640106201172
528 2.297332525253296
529 2.3030123710632324
530 2.3022637367248535
531 2.3030848503112793
532 2.3043692111968994
533 2.3043692111968994
534 2.2992019653320312
535 2.2992019653320312
536 2.301612138748169
537 2.3006222248077393
538 2.3029396533966064
539 2.3029396533966064
540 2.303368091583252
541 2.303368091583252
542 2.298175811767578
543 2.2915735244750977
544 2.3028452396392822
545 2.299386978149414
546 2.2974793910980225
547 2.3017241954803467
548 2.2975234985351562
549 2.300642490386963
550 2.2969284057617188
551 2.2969284057617188
552 2.3017868995666504
553 2.3033628463745117
554 2.3017771244049072
555 2.2984423637390137
556 2.2984423637390137
557 2.3033535480499268
558 2.3033535480499268
559 2.3033535480499268
560 2.302661180496216
561 2.2994272708892822
562 2.2951858043670654
563 2.297210931777954
564 2.297210931777954
565 2.3016576766967773
566 2.302652359008789
567 2.302652359008789
568 2.305691957473755
569 2.3074593544006348
570 2.3016860485076904
571 2.2960596084594727
572 2.299592971801758
573 2.299592971801758
574 2.299592971801758
575 2.298063039779663
576 2.293726682662964
577 2.2973930835723877
578 2.2973930835723877
579 2.2973930835723877
580 2.303401231765747
581 2.2954933643341064
582 2.2954933643341064
583 2.298772096633911
584 2.298772096633911
585 2.297987461090088
586 2.300057888031006
587 2.2931158542633057
588 2.2966578006744385
589 2.2973792552948
590 2.300074815750122
591 2.301992416381836
592 2.3017849922180176
593 2.2958123683929443
594 2.293975830078125
595 2.2982747554779053
596 2.3021955490112305
597 2.3021955490112305
598 2.3021955490112305
599 2.3058998584747314
600 2.302856206893921
601 2.2941153049468994
602 2.2964112758636475
603 2.2980105876922607
604 2.299415111541748
605 2.2967417240142822
606 2.294616460800171
607 2.2989468574523926
608 2.3037703037261963
609 2.3025736808776855
610 2.3001439571380615
611 2.2943532466888428
612 2.3039960861206055
613 2.3039960861206055
614 2.30499267578125
615 2.2976508140563965
616 2.2976508140563965
617 2.3048901557922363
618 2.2973742485046387
619 2.3014729022979736
620 2.3014729022979736
621 2.2970829010009766
622 2.298778533935547
623 2.298388957977295
624 2.2956151962280273
625 2.300966739654541
626 2.300966739654541
627 2.3001341819763184
628 2.3001341819763184
629 2.300933837890625
630 2.300616502761841
631 2.302522659301758
632 2.3045334815979004
633 2.3045334815979004
634 2.302001953125
635 2.302001953125
636 2.2954506874084473
637 2.3066186904907227
638 2.3066186904907227
639 2.300912618637085
640 2.3034021854400635
641 2.3012776374816895
642 2.30025053024292
643 2.2966346740722656
644 2.2966346740722656
645 2.2966346740722656
646 2.2954678535461426
647 2.3066179752349854
648 2.3066179752349854
649 2.301983594894409
650 2.301983594894409
651 2.301983594894409
652 2.2996225357055664
653 2.3042056560516357
654 2.3033363819122314
655 2.3033363819122314
656 2.301142930984497
657 2.296417474746704
658 2.296417474746704
659 2.30171799659729
660 2.3009743690490723
661 2.2956817150115967
662 2.2968313694000244
663 2.2996816635131836
664 2.3002052307128906
665 2.3007516860961914
666 2.300224781036377
667 2.2998383045196533
668 2.299269199371338
669 2.294663190841675
670 2.294663190841675
671 2.301328182220459
672 2.2999327182769775
673 2.2999327182769775
674 2.2999327182769775
675 2.2988905906677246
676 2.2978086471557617
677 2.3004531860351562
678 2.3004531860351562
679 2.296999454498291
680 2.302625894546509
681 2.298067331314087
682 2.298067331314087
683 2.298067331314087
684 2.298067331314087
685 2.29844069480896
686 2.2986278533935547
687 2.304425001144409
688 2.297513723373413
689 2.297513723373413
690 2.297513723373413
691 2.295102596282959
692 2.299114465713501
693 2.299962043762207
694 2.2987499237060547
695 2.295560359954834
696 2.295560359954834
697 2.2958180904388428
698 2.294506549835205
699 2.304924726486206
700 2.304851770401001
701 2.304851770401001
702 2.2981061935424805
703 2.299862861633301
704 2.299862861633301
705 2.301447629928589
706 2.2984070777893066
707 2.2992591857910156
708 2.296856164932251
709 2.30035400390625
710 2.2980313301086426
711 2.3012659549713135
712 2.298182487487793
713 2.299901008605957
714 2.299901008605957
715 2.299901008605957
716 2.299901008605957
717 2.291736602783203
718 2.298474073410034
719 2.298474073410034
720 2.296083450317383
721 2.299414873123169
722 2.299414873123169
723 2.299414873123169
724 2.299851417541504
725 2.2984790802001953
726 2.3010611534118652
727 2.3012359142303467
728 2.3012359142303467
729 2.2986249923706055
730 2.297623634338379
731 2.297921657562256
732 2.297389030456543
733 2.297833204269409
734 2.2995450496673584
735 2.2993359565734863
736 2.3020899295806885
737 2.3051352500915527
738 2.30192494392395
739 2.2969441413879395
740 2.2969441413879395
741 2.293962001800537
742 2.295614004135132
743 2.2990012168884277
744 2.2994375228881836
745 2.3027069568634033
746 2.3027069568634033
747 2.300590753555298
748 2.2992639541625977
749 2.298713207244873
750 2.2946243286132812
751 2.3001303672790527
752 2.3001303672790527
753 2.3004391193389893
754 2.3004391193389893
755 2.3004391193389893
756 2.2929162979125977
757 2.298252820968628
758 2.298252820968628
759 2.298252820968628
760 2.2971088886260986
761 2.296078681945801
762 2.2988693714141846
763 2.300365924835205
764 2.2979464530944824
765 2.300626754760742
766 2.300626754760742
767 2.296066999435425
768 2.300215482711792
769 2.300215482711792
770 2.300215482711792
771 2.2969820499420166
772 2.2953813076019287
773 2.2953813076019287
774 2.293590784072876
775 2.293590784072876
776 2.297872304916382
777 2.297872304916382
778 2.3070333003997803
779 2.3070333003997803
780 2.3070333003997803
781 2.2955338954925537
782 2.2964961528778076
783 2.2964961528778076
784 2.300027370452881
785 2.296231508255005
786 2.296318292617798
787 2.3009450435638428
788 2.300276041030884
789 2.2964975833892822
790 2.296238422393799
791 2.296238422393799
792 2.296238422393799
793 2.2993669509887695
794 2.2960734367370605
795 2.295318365097046
796 2.2993435859680176
797 2.301999568939209
798 2.3010036945343018
799 2.3010036945343018
800 2.3010036945343018
801 2.297701120376587
802 2.2937521934509277
803 2.296919822692871
804 2.297961950302124
805 2.297961950302124
806 2.299088478088379
807 2.297128200531006
808 2.301295518875122
809 2.2965426445007324
810 2.2994279861450195
811 2.301032066345215
812 2.301032066345215
813 2.302309036254883
814 2.302309036254883
815 2.300840139389038
816 2.300840139389038
817 2.300840139389038
818 2.2982330322265625
819 2.2982330322265625
820 2.3014252185821533
821 2.290658712387085
822 2.2933363914489746
823 2.2933363914489746
824 2.2933363914489746
825 2.298220634460449
826 2.298220634460449
827 2.298032283782959
828 2.298032283782959
829 2.296093463897705
830 2.296093463897705
831 2.3009743690490723
832 2.297816514968872
833 2.298767566680908
834 2.298767566680908
835 2.298767566680908
836 2.298767566680908
837 2.302006721496582
838 2.2972044944763184
839 2.2907590866088867
840 2.2979254722595215
841 2.295318841934204
842 2.2915730476379395
843 2.295422315597534
844 2.295422315597534
845 2.296924114227295
846 2.299217939376831
847 2.2971060276031494
848 2.299478530883789
849 2.299478530883789
850 2.299478530883789
851 2.299478530883789
852 2.2936339378356934
853 2.2936339378356934
854 2.2936339378356934
855 2.2936339378356934
856 2.2936339378356934
857 2.29610276222229
858 2.29610276222229
859 2.29610276222229
860 2.2949907779693604
861 2.3012619018554688
862 2.2969729900360107
863 2.2969729900360107
864 2.2969729900360107
865 2.302358388900757
866 2.2957937717437744
867 2.2954611778259277
868 2.2964963912963867
869 2.2964963912963867
870 2.2964963912963867
871 2.297116994857788
872 2.297116994857788
873 2.297116994857788
874 2.2970407009124756
875 2.2970407009124756
876 2.2970407009124756
877 2.3037545680999756
878 2.3037545680999756
879 2.2949976921081543
880 2.3004980087280273
881 2.2989513874053955
882 2.2989513874053955
883 2.2939932346343994
884 2.2939932346343994
885 2.2939932346343994
886 2.2939932346343994
887 2.3000993728637695
888 2.3000993728637695
889 2.3000125885009766
890 2.3000125885009766
891 2.2966628074645996
892 2.294664144515991
893 2.2990567684173584
894 2.2947511672973633
895 2.3037946224212646
896 2.298504590988159
897 2.2930915355682373
898 2.2930915355682373
899 2.2930915355682373
900 2.2930915355682373
901 2.3001785278320312
902 2.296243190765381
903 2.296243190765381
904 2.296243190765381
905 2.296243190765381
906 2.296243190765381
907 2.296243190765381
908 2.2970142364501953
909 2.2970142364501953
910 2.300971031188965
911 2.298018217086792
912 2.298018217086792
913 2.298018217086792
914 2.2978315353393555
915 2.2978315353393555
916 2.298448085784912
917 2.2959494590759277
918 2.2975258827209473
919 2.2975258827209473
920 2.2975258827209473
921 2.296535015106201
922 2.304617166519165
923 2.2959861755371094
924 2.2946572303771973
925 2.298373222351074
926 2.2971456050872803
927 2.2936289310455322
928 2.301647424697876
929 2.2944579124450684
930 2.299971103668213
931 2.2918202877044678
932 2.2953274250030518
933 2.2968575954437256
934 2.29504132270813
935 2.298973798751831
936 2.298973798751831
937 2.294142484664917
938 2.294142484664917
939 2.294142484664917
940 2.294451951980591
941 2.294451951980591
942 2.2986297607421875
943 2.300877571105957
944 2.294912815093994
945 2.2960152626037598
946 2.294212818145752
947 2.297382354736328
948 2.297382354736328
949 2.285491943359375
950 2.285491943359375
951 2.2943880558013916
952 2.2948765754699707
953 2.296553373336792
954 2.2944300174713135
955 2.2944300174713135
956 2.2931087017059326
957 2.297929286956787
958 2.2990493774414062
959 2.2990493774414062
960 2.2990493774414062
961 2.29427170753479
962 2.29689884185791
963 2.2967488765716553
964 2.2971606254577637
965 2.2971606254577637
966 2.2971606254577637
967 2.298823595046997
968 2.298823595046997
969 2.2919037342071533
970 2.2919037342071533
971 2.29439377784729
972 2.295248508453369
973 2.295278787612915
974 2.295278787612915
975 2.295278787612915
976 2.3019344806671143
977 2.2965283393859863
978 2.2965283393859863
979 2.290571689605713
980 2.2945475578308105
981 2.2945969104766846
982 2.298924684524536
983 2.288787603378296
984 2.2974302768707275
985 2.296057939529419
986 2.293126106262207
987 2.293126106262207
988 2.2900826930999756
989 2.2940540313720703
990 2.2940540313720703
991 2.2895047664642334
992 2.298983573913574
993 2.2945141792297363
994 2.2899322509765625
995 2.2899322509765625
996 2.291851043701172
997 2.2980129718780518
998 2.293461799621582
999 2.292282819747925
1000 2.2980504035949707
1001 2.302056074142456
1002 2.2968971729278564
1003 2.294161319732666
1004 2.2926061153411865
1005 2.295830011367798
1006 2.294656753540039
1007 2.298405170440674
1008 2.298405170440674
1009 2.297903537750244
1010 2.297903537750244
1011 2.2979748249053955
1012 2.296198606491089
1013 2.2908778190612793
1014 2.2916862964630127
1015 2.2986159324645996
1016 2.296332597732544
1017 2.296332597732544
1018 2.296332597732544
1019 2.296332597732544
1020 2.2953438758850098
1021 2.2966740131378174
1022 2.2925894260406494
1023 2.2975635528564453
1024 2.2975635528564453
1025 2.2975635528564453
1026 2.292109727859497
1027 2.2887215614318848
1028 2.2931699752807617
1029 2.2920758724212646
1030 2.2920758724212646
1031 2.296149253845215
1032 2.2992446422576904
1033 2.3025593757629395
1034 2.2910444736480713
1035 2.295997381210327
1036 2.295997381210327
1037 2.289494514465332
1038 2.292236089706421
1039 2.292236089706421
1040 2.2948238849639893
1041 2.2952823638916016
1042 2.2909750938415527
1043 2.2944648265838623
1044 2.2944648265838623
1045 2.2898812294006348
1046 2.2898812294006348
1047 2.2898812294006348
1048 2.29653263092041
1049 2.2952592372894287
1050 2.297633171081543
1051 2.294281244277954
1052 2.295977830886841
1053 2.295121908187866
1054 2.2935447692871094
1055 2.288140296936035
1056 2.2924580574035645
1057 2.294670820236206
1058 2.294670820236206
1059 2.294670820236206
1060 2.294670820236206
1061 2.294670820236206
1062 2.2875092029571533
1063 2.29058837890625
1064 2.2976560592651367
1065 2.29422664642334
1066 2.295093297958374
1067 2.2943310737609863
1068 2.298110008239746
1069 2.298110008239746
1070 2.2957911491394043
1071 2.2919342517852783
1072 2.2908425331115723
1073 2.2908425331115723
1074 2.2908425331115723
1075 2.2911999225616455
1076 2.2911999225616455
1077 2.2888283729553223
1078 2.2888283729553223
1079 2.2931103706359863
1080 2.2903120517730713
1081 2.294687509536743
1082 2.293154716491699
1083 2.291341781616211
1084 2.2888736724853516
1085 2.2888736724853516
1086 2.2897067070007324
1087 2.2897067070007324
1088 2.2897067070007324
1089 2.2897067070007324
1090 2.2916061878204346
1091 2.2916061878204346
1092 2.29009747505188
1093 2.293368101119995
1094 2.293368101119995
1095 2.2970781326293945
1096 2.2970781326293945
1097 2.290782928466797
1098 2.2843689918518066
1099 2.28641676902771
1100 2.28641676902771
1101 2.2916388511657715
1102 2.2916388511657715
1103 2.2935831546783447
1104 2.285841226577759
1105 2.285841226577759
1106 2.285841226577759
1107 2.287703514099121
1108 2.291731357574463
1109 2.291731357574463
1110 2.294567108154297
1111 2.29325795173645
1112 2.28786039352417
1113 2.2921528816223145
1114 2.295771598815918
1115 2.290661573410034
1116 2.290661573410034
1117 2.2860240936279297
1118 2.2956883907318115
1119 2.2931394577026367
1120 2.2931394577026367
1121 2.295323371887207
1122 2.291693687438965
1123 2.295614719390869
1124 2.2938437461853027
1125 2.2877562046051025
1126 2.2877562046051025
1127 2.289856195449829
1128 2.2870335578918457
1129 2.2870335578918457
1130 2.2890992164611816
1131 2.2890992164611816
1132 2.2890992164611816
1133 2.2962896823883057
1134 2.2962896823883057
1135 2.291301965713501
1136 2.287351369857788
1137 2.287351369857788
1138 2.29348087310791
1139 2.2918026447296143
1140 2.291555881500244
1141 2.2891948223114014
1142 2.2932510375976562
1143 2.2884037494659424
1144 2.2874374389648438
1145 2.2882332801818848
1146 2.291485071182251
1147 2.288405418395996
1148 2.290144205093384
1149 2.2849338054656982
1150 2.290158748626709
1151 2.290158748626709
1152 2.290158748626709
1153 2.290158748626709
1154 2.285024642944336
1155 2.2845489978790283
1156 2.2861454486846924
1157 2.2861454486846924
1158 2.2879490852355957
1159 2.2879490852355957
1160 2.2894647121429443
1161 2.284132719039917
1162 2.2904300689697266
1163 2.2904300689697266
1164 2.2904300689697266
1165 2.285930633544922
1166 2.285930633544922
1167 2.292747974395752
1168 2.2904365062713623
1169 2.2904365062713623
1170 2.283594846725464
1171 2.287599802017212
1172 2.2813405990600586
1173 2.2813405990600586
1174 2.2813405990600586
1175 2.2893877029418945
1176 2.2923758029937744
1177 2.292980432510376
1178 2.2893669605255127
1179 2.2829036712646484
1180 2.2929937839508057
1181 2.2929937839508057
1182 2.287369728088379
1183 2.289419174194336
1184 2.2927279472351074
1185 2.2880659103393555
1186 2.2880659103393555
1187 2.2880659103393555
1188 2.2856740951538086
1189 2.2940587997436523
1190 2.2874741554260254
1191 2.289470672607422
1192 2.288090705871582
1193 2.290572166442871
1194 2.28537654876709
1195 2.2886290550231934
1196 2.2848618030548096
1197 2.2842090129852295
1198 2.292081594467163
1199 2.292081594467163
1200 2.2820422649383545
1201 2.283792734146118
1202 2.2919774055480957
1203 2.2919774055480957
1204 2.291780471801758
1205 2.291780471801758
1206 2.2872915267944336
1207 2.288766860961914
1208 2.2940025329589844
1209 2.287832736968994
1210 2.2766358852386475
1211 2.2867257595062256
1212 2.283252000808716
1213 2.2831497192382812
1214 2.2831497192382812
1215 2.288214683532715
1216 2.288439989089966
1217 2.288439989089966
1218 2.2873926162719727
1219 2.2893712520599365
1220 2.2865302562713623
1221 2.2865302562713623
1222 2.2874972820281982
1223 2.2874972820281982
1224 2.2874972820281982
1225 2.291592836380005
1226 2.291592836380005
1227 2.291592836380005
1228 2.2814745903015137
1229 2.2814745903015137
1230 2.2814745903015137
1231 2.2889480590820312
1232 2.28678822517395
1233 2.2928247451782227
1234 2.28027606010437
1235 2.28027606010437
1236 2.28027606010437
1237 2.28027606010437
1238 2.291653871536255
1239 2.289106845855713
1240 2.2794957160949707
1241 2.2794957160949707
1242 2.285465717315674
1243 2.288069725036621
1244 2.2872211933135986
1245 2.282634973526001
1246 2.2841107845306396
1247 2.2802228927612305
1248 2.2802228927612305
1249 2.2820684909820557
1250 2.284271001815796
1251 2.284759998321533
1252 2.284759998321533
1253 2.2803738117218018
1254 2.286863088607788
1255 2.283672332763672
1256 2.283672332763672
1257 2.286808729171753
1258 2.285351276397705
1259 2.285351276397705
1260 2.2903823852539062
1261 2.2903823852539062
1262 2.2822265625
1263 2.2822265625
1264 2.2822265625
1265 2.28070330619812
1266 2.2864933013916016
1267 2.2845990657806396
1268 2.2820661067962646
1269 2.2860312461853027
1270 2.2724575996398926
1271 2.2724575996398926
1272 2.2724575996398926
1273 2.2724575996398926
1274 2.2886669635772705
1275 2.2774667739868164
1276 2.2793262004852295
1277 2.2793262004852295
1278 2.281303644180298
1279 2.281303644180298
1280 2.280871629714966
1281 2.281388521194458
1282 2.286491632461548
1283 2.285247325897217
1284 2.288083553314209
1285 2.288083553314209
1286 2.2774369716644287
1287 2.28753399848938
1288 2.28753399848938
