0 2.3009088039398193
1 2.30342435836792
2 2.3045599460601807
3 2.3028311729431152
4 2.3028311729431152
5 2.3014302253723145
6 2.302615165710449
7 2.302615165710449
8 2.3019511699676514
9 2.3019511699676514
10 2.3007304668426514
11 2.3045148849487305
12 2.3014655113220215
13 2.301999807357788
14 2.303199529647827
15 2.303199529647827
16 2.303149938583374
17 2.305863380432129
18 2.3019139766693115
19 2.3027706146240234
20 2.3027706146240234
21 2.3023428916931152
22 2.300480842590332
23 2.3031885623931885
24 2.30194091796875
25 2.3025400638580322
26 2.3021113872528076
27 2.301265239715576
28 2.302215576171875
29 2.301382541656494
30 2.3026959896087646
31 2.3012611865997314
32 2.3013956546783447
33 2.3013956546783447
34 2.3023345470428467
35 2.3031225204467773
36 2.3033523559570312
37 2.3033523559570312
38 2.3016037940979004
39 2.3016037940979004
40 2.302001714706421
41 2.300626277923584
42 2.3017847537994385
43 2.3018176555633545
44 2.3018176555633545
45 2.299128293991089
46 2.299128293991089
47 2.300931215286255
48 2.3002750873565674
49 2.3019821643829346
50 2.3019821643829346
51 2.3018760681152344
52 2.302954912185669
53 2.299783229827881
54 2.300306797027588
55 2.300905704498291
56 2.3024864196777344
57 2.299473762512207
58 2.299473762512207
59 2.3018531799316406
60 2.298938512802124
61 2.298938512802124
62 2.298938512802124
63 2.30073618888855
64 2.30073618888855
65 2.298299789428711
66 2.299412965774536
67 2.299412965774536
68 2.29941987991333
69 2.2974705696105957
70 2.3003249168395996
71 2.299149751663208
72 2.299149751663208
73 2.2983741760253906
74 2.3024795055389404
75 2.2994275093078613
76 2.2977547645568848
77 2.300787925720215
78 2.3009157180786133
79 2.3009157180786133
80 2.3009157180786133
81 2.300313949584961
82 2.3005034923553467
83 2.3011717796325684
84 2.298452138900757
85 2.300234317779541
86 2.300234317779541
87 2.300234317779541
88 2.2982916831970215
89 2.2982916831970215
90 2.2982916831970215
91 2.2982916831970215
92 2.30010724067688
93 2.299328565597534
94 2.2992758750915527
95 2.295555830001831
96 2.300644636154175
97 2.300644636154175
98 2.2999377250671387
99 2.29792857170105
100 2.29792857170105
101 2.29792857170105
102 2.29792857170105
103 2.29792857170105
104 2.2975239753723145
105 2.2980575561523438
106 2.2980575561523438
107 2.2980575561523438
108 2.2980575561523438
109 2.2967352867126465
110 2.2977206707000732
111 2.2977206707000732
112 2.2961840629577637
113 2.2957916259765625
114 2.2957916259765625
115 2.2996814250946045
116 2.295015335083008
117 2.2963387966156006
118 2.2963387966156006
119 2.2957818508148193
120 2.299027681350708
121 2.293670415878296
122 2.293670415878296
123 2.293670415878296
124 2.293670415878296
125 2.293670415878296
126 2.2955262660980225
127 2.293208122253418
128 2.2959396839141846
129 2.290903091430664
130 2.290903091430664
131 2.296469211578369
132 2.292855739593506
133 2.291053533554077
134 2.2928290367126465
135 2.293818473815918
136 2.293818473815918
137 2.293686866760254
138 2.2888686656951904
139 2.2901535034179688
140 2.288961410522461
141 2.288961410522461
142 2.288961410522461
143 2.292722702026367
144 2.290588617324829
145 2.286454677581787
146 2.2860333919525146
147 2.292126417160034
148 2.286875009536743
149 2.286875009536743
150 2.290318250656128
151 2.2867209911346436
152 2.2851524353027344
153 2.284839630126953
154 2.288638114929199
155 2.2830264568328857
156 2.2803051471710205
157 2.281432628631592
158 2.283412218093872
159 2.2806901931762695
160 2.277954339981079
161 2.284482955932617
162 2.2791621685028076
163 2.2791621685028076
164 2.2791621685028076
165 2.2736778259277344
166 2.2736778259277344
167 2.2774136066436768
168 2.2774136066436768
169 2.2774136066436768
170 2.2726972103118896
171 2.2726972103118896
172 2.2726972103118896
173 2.2726972103118896
174 2.2687864303588867
175 2.2706873416900635
176 2.2644543647766113
177 2.27183198928833
178 2.27183198928833
179 2.2548930644989014
180 2.2673304080963135
181 2.2454679012298584
182 2.247549533843994
183 2.249603033065796
184 2.249603033065796
185 2.240007162094116
186 2.2425918579101562
187 2.234264373779297
188 2.234264373779297
189 2.234264373779297
190 2.234264373779297
191 2.218783140182495
192 2.2232508659362793
193 2.22432017326355
194 2.2258963584899902
195 2.211514711380005
196 2.211514711380005
197 2.219703197479248
198 2.219703197479248
199 2.202300548553467
200 2.1912264823913574
201 2.1852118968963623
202 2.1605234146118164
203 2.165297031402588
204 2.1617109775543213
205 2.1617109775543213
206 2.1085591316223145
207 2.1085591316223145
208 2.121504068374634
209 2.121504068374634
210 2.121504068374634
211 2.058279037475586
212 2.0078256130218506
213 1.9935870170593262
214 1.9524245262145996
215 1.9524245262145996
216 1.9614466428756714
217 1.8411200046539307
218 1.8411200046539307
219 1.8592591285705566
220 1.7859858274459839
221 1.7017014026641846
222 1.6303727626800537
223 1.6692981719970703
224 1.6561164855957031
225 1.6561164855957031
226 1.5163763761520386
227 1.5163763761520386
228 1.349626898765564
229 1.3637577295303345
230 1.3637577295303345
231 1.1779757738113403
232 1.1779757738113403
233 1.1202107667922974
234 1.1202107667922974
235 0.9149764776229858
236 0.9380938410758972
237 0.9380938410758972
238 0.9380938410758972
239 0.854293704032898
240 0.9031264185905457
241 0.9031264185905457
242 0.8038378953933716
243 0.7170137166976929
244 0.7647596001625061
245 0.6401875615119934
246 0.7760080695152283
247 0.6424355506896973
248 0.7072000503540039
249 0.7398704290390015
250 0.6292836666107178
251 0.6757384538650513
252 0.6539548635482788
253 0.6655716896057129
254 0.6664218902587891
255 0.5227868556976318
256 0.5351176857948303
257 0.5533269047737122
258 0.6470867991447449
259 0.6470867991447449
260 0.5236623883247375
261 0.4393810033798218
262 0.616492748260498
263 0.616492748260498
264 0.51108318567276
265 0.51108318567276
266 0.439501017332077
267 0.5130096077919006
268 0.5703209638595581
269 0.5621531009674072
270 0.4707755744457245
271 0.5138372778892517
272 0.5787799954414368
273 0.45065948367118835
274 0.5111461877822876
275 0.5111461877822876
276 0.5032193064689636
277 0.4671404957771301
278 0.49960795044898987
279 0.49960795044898987
280 0.5597279071807861
281 0.5098579525947571
282 0.5097762942314148
283 0.5911355018615723
284 0.3062782883644104
285 0.5130147933959961
286 0.5130147933959961
287 0.415629506111145
288 0.40230807662010193
289 0.5050153136253357
290 0.4689854681491852
291 0.39601752161979675
292 0.4394853413105011
293 0.49025431275367737
294 0.49203506112098694
295 0.3936675786972046
296 0.33578965067863464
297 0.33578965067863464
298 0.33578965067863464
299 0.33578965067863464
300 0.62790846824646
301 0.62790846824646
302 0.3856729567050934
303 0.2865059971809387
304 0.2865059971809387
305 0.2865059971809387
306 0.3195963501930237
307 0.4027406871318817
308 0.48392677307128906
309 0.4718928933143616
310 0.4510583281517029
311 0.38555681705474854
312 0.3951336145401001
313 0.32777851819992065
314 0.4328943192958832
315 0.4328943192958832
316 0.48611903190612793
317 0.3190918266773224
318 0.3635598123073578
319 0.3635598123073578
320 0.39019879698753357
321 0.5103952884674072
322 0.5103952884674072
323 0.5103952884674072
324 0.5103952884674072
325 0.5103952884674072
326 0.5103952884674072
327 0.3829876780509949
328 0.3829876780509949
329 0.4304354786872864
330 0.3247240483760834
331 0.32577329874038696
332 0.32015618681907654
333 0.277023047208786
334 0.43608200550079346
335 0.3051411211490631
336 0.29589033126831055
337 0.36415961384773254
338 0.36415961384773254
339 0.3829689621925354
340 0.41472506523132324
341 0.34907546639442444
342 0.34907546639442444
343 0.2505273222923279
344 0.2505273222923279
345 0.2505273222923279
346 0.3222173750400543
347 0.34557053446769714
348 0.34557053446769714
349 0.34557053446769714
350 0.4435134828090668
351 0.2643381655216217
352 0.32338881492614746
353 0.32338881492614746
354 0.2894866466522217
355 0.2894866466522217
356 0.2894866466522217
357 0.3662117123603821
358 0.36524954438209534
359 0.20811353623867035
360 0.3436506390571594
361 0.4109557569026947
362 0.5664310455322266
363 0.2869592607021332
364 0.2869592607021332
365 0.18855874240398407
366 0.3266948461532593
367 0.2620529532432556
368 0.2620529532432556
369 0.28871554136276245
370 0.28871554136276245
371 0.2597961127758026
372 0.3698553144931793
373 0.22245004773139954
374 0.2218140959739685
375 0.2688605785369873
376 0.25831088423728943
377 0.49058082699775696
378 0.23773902654647827
379 0.38746553659439087
380 0.36282944679260254
381 0.27255910634994507
382 0.27255910634994507
383 0.3189256489276886
384 0.3189256489276886
385 0.3189256489276886
386 0.3344491124153137
387 0.375723659992218
388 0.4141198992729187
389 0.4141198992729187
390 0.19052569568157196
391 0.2753232717514038
392 0.2965543866157532
393 0.2965543866157532
394 0.28273075819015503
395 0.30784550309181213
396 0.30784550309181213
397 0.3253685235977173
398 0.21002203226089478
399 0.21002203226089478
400 0.3351369798183441
401 0.2282526195049286
402 0.42950108647346497
403 0.42950108647346497
404 0.25679564476013184
405 0.36711224913597107
406 0.30701982975006104
407 0.2625294029712677
408 0.2625294029712677
409 0.23315560817718506
410 0.23315560817718506
411 0.38319116830825806
412 0.38319116830825806
413 0.38319116830825806
414 0.39672771096229553
415 0.321616530418396
416 0.4788539707660675
417 0.4225515127182007
418 0.2719933092594147
419 0.2719933092594147
420 0.2719933092594147
421 0.2654944360256195
422 0.4077208638191223
423 0.40628889203071594
424 0.1827876716852188
425 0.271438866853714
426 0.1867770105600357
427 0.32544633746147156
428 0.34473085403442383
429 0.34473085403442383
430 0.34473085403442383
431 0.39609295129776
432 0.39609295129776
433 0.39609295129776
434 0.26567569375038147
435 0.19965587556362152
436 0.3315732479095459
437 0.23565568029880524
438 0.2269144505262375
439 0.30629175901412964
440 0.43842965364456177
441 0.43842965364456177
442 0.2747212052345276
443 0.3152427673339844
444 0.3195667266845703
445 0.3195667266845703
446 0.24215535819530487
447 0.24215535819530487
448 0.22091157734394073
449 0.1935158669948578
450 0.1935158669948578
451 0.1935158669948578
452 0.19851966202259064
453 0.21174055337905884
454 0.40067246556282043
455 0.21707716584205627
456 0.2804190218448639
457 0.23400641977787018
458 0.23400641977787018
459 0.23400641977787018
460 0.23400641977787018
461 0.23400641977787018
462 0.2683081030845642
463 0.2683081030845642
464 0.2683081030845642
465 0.3217465281486511
466 0.23553605377674103
467 0.3561444580554962
468 0.3561444580554962
469 0.321454256772995
470 0.27615880966186523
471 0.21526223421096802
472 0.21526223421096802
473 0.2031591832637787
474 0.23821000754833221
475 0.23821000754833221
476 0.28078126907348633
477 0.3002212345600128
478 0.3002212345600128
479 0.1986844539642334
480 0.31935110688209534
481 0.3409733772277832
482 0.2183803915977478
483 0.23884379863739014
484 0.3197821378707886
485 0.23273949325084686
486 0.23273949325084686
487 0.19241121411323547
488 0.2870582640171051
489 0.2870582640171051
490 0.2870582640171051
491 0.29331573843955994
492 0.29331573843955994
493 0.29165443778038025
494 0.29165443778038025
495 0.29165443778038025
496 0.29165443778038025
497 0.24105708301067352
498 0.19919222593307495
499 0.18505726754665375
