0 2.309199810028076
1 2.3007121086120605
2 2.2713875770568848
3 2.264324188232422
4 2.2430012226104736
5 2.2077481746673584
6 2.2173972129821777
7 2.151167154312134
8 2.140963315963745
9 2.0942025184631348
10 2.0636284351348877
11 2.032623529434204
12 1.980852723121643
13 1.8705480098724365
14 1.8435941934585571
15 1.7776020765304565
16 1.6877769231796265
17 1.687748908996582
18 1.5064703226089478
19 1.3817576169967651
20 1.2884366512298584
21 1.3487107753753662
22 1.2592453956604004
23 1.1402385234832764
24 1.0395562648773193
25 0.9534057378768921
26 0.9350857734680176
27 0.8280943036079407
28 0.8287986516952515
29 0.7697822451591492
30 0.777271032333374
31 0.6590584516525269
32 0.6776467561721802
33 0.6338600516319275
34 0.7528858780860901
35 0.47414612770080566
36 0.6992189288139343
37 0.6120247840881348
38 0.4562935531139374
39 0.4715220034122467
40 0.5185003876686096
41 0.6310402750968933
42 0.4836210012435913
43 0.5069953799247742
44 0.46970686316490173
45 0.5624707937240601
46 0.6888841986656189
47 0.5468378067016602
48 0.5084353685379028
49 0.3767225742340088
50 0.45488491654396057
51 0.536873996257782
52 0.48939236998558044
53 0.3733765780925751
54 0.4643436670303345
55 0.41562238335609436
56 0.569008469581604
57 0.41890811920166016
58 0.304067999124527
59 0.40140098333358765
60 0.24707576632499695
61 0.46733906865119934
62 0.5342608690261841
63 0.2781888246536255
64 0.2516826391220093
65 0.35279643535614014
66 0.2998848855495453
67 0.547953724861145
68 0.2892618775367737
69 0.4471745789051056
70 0.40410417318344116
71 0.43549907207489014
72 0.31247058510780334
73 0.2545373737812042
74 0.3212841749191284
75 0.2535964846611023
76 0.4382827877998352
77 0.26518768072128296
78 0.37974977493286133
79 0.2244393676519394
80 0.4171038866043091
81 0.39441898465156555
82 0.3609583377838135
83 0.30170080065727234
84 0.27413034439086914
85 0.3564385771751404
86 0.31506654620170593
87 0.38250458240509033
88 0.33064377307891846
89 0.2949870228767395
90 0.27838999032974243
91 0.37954655289649963
92 0.3328229784965515
93 0.28533458709716797
94 0.3229013681411743
95 0.2405654937028885
96 0.417825847864151
97 0.22296109795570374
98 0.3059626519680023
99 0.2665746808052063
100 0.3339098393917084
101 0.2803632915019989
102 0.25469934940338135
103 0.2577078938484192
104 0.13270369172096252
105 0.1909278929233551
106 0.42947348952293396
107 0.36828699707984924
108 0.38052716851234436
109 0.28370431065559387
110 0.32779717445373535
111 0.2522619366645813
112 0.2697998285293579
113 0.22142542898654938
114 0.2592659592628479
115 0.2450636476278305
116 0.205330491065979
117 0.37614545226097107
118 0.23999254405498505
119 0.21657057106494904
120 0.23329298198223114
121 0.22571326792240143
122 0.2049034833908081
123 0.2519986033439636
124 0.11292801797389984
125 0.19633795320987701
126 0.18621285259723663
127 0.1714286357164383
128 0.1622311919927597
129 0.16625207662582397
130 0.20199896395206451
131 0.15971535444259644
132 0.3103024959564209
133 0.265911340713501
134 0.24858565628528595
135 0.31568536162376404
136 0.14553749561309814
137 0.20726190507411957
138 0.2464630901813507
139 0.29173019528388977
140 0.1930994689464569
141 0.3368551433086395
142 0.1846105009317398
143 0.28554147481918335
144 0.24444204568862915
145 0.21354125440120697
146 0.169266477227211
147 0.2352060079574585
148 0.28083208203315735
149 0.19086693227291107
150 0.27117669582366943
151 0.168655127286911
152 0.2219448834657669
153 0.1512676328420639
154 0.21749165654182434
155 0.248286634683609
156 0.2273624688386917
157 0.16790515184402466
158 0.1698213517665863
159 0.11188709735870361
160 0.1536959707736969
161 0.16015268862247467
162 0.2654888927936554
163 0.14782452583312988
164 0.2321077585220337
165 0.12142036855220795
166 0.12463399767875671
167 0.15132024884223938
168 0.15935048460960388
169 0.14511068165302277
170 0.12602242827415466
171 0.1603236198425293
172 0.13331088423728943
173 0.1330309510231018
174 0.2016192227602005
175 0.15078195929527283
176 0.21493394672870636
177 0.24516049027442932
178 0.18697130680084229
179 0.07839049398899078
180 0.15726475417613983
181 0.12157811969518661
182 0.10830993205308914
183 0.18967044353485107
184 0.1128329262137413
185 0.1296735405921936
186 0.188276469707489
187 0.18151867389678955
188 0.16663770377635956
189 0.24996104836463928
190 0.1537712961435318
191 0.15809926390647888
192 0.20309531688690186
193 0.15222150087356567
194 0.1545979529619217
195 0.194660484790802
196 0.11959555000066757
197 0.1642967164516449
198 0.25830134749412537
199 0.08582649379968643
200 0.09932711720466614
201 0.14728859066963196
202 0.18349847197532654
203 0.14682945609092712
204 0.15183208882808685
205 0.06871799379587173
206 0.1531856656074524
207 0.15141771733760834
208 0.2226242870092392
209 0.15237459540367126
210 0.1839223951101303
211 0.15390540659427643
212 0.1550009548664093
213 0.12041346728801727
214 0.13290125131607056
215 0.11193453520536423
216 0.09045714884996414
217 0.1411297768354416
218 0.08948186039924622
219 0.16888467967510223
220 0.09882673621177673
221 0.11706477403640747
222 0.1626669317483902
223 0.09773732721805573
224 0.11554659157991409
225 0.18632006645202637
226 0.11480279266834259
227 0.10291366279125214
228 0.09315116703510284
229 0.19828887283802032
230 0.1693609356880188
231 0.13040490448474884
232 0.08599723130464554
233 0.1299683004617691
234 0.08890409767627716
235 0.0794152021408081
236 0.15646405518054962
237 0.24957460165023804
238 0.13494744896888733
239 0.13746507465839386
240 0.20167183876037598
241 0.16512635350227356
242 0.1370217651128769
243 0.2136230170726776
244 0.1381516307592392
245 0.15834926068782806
246 0.10579481720924377
247 0.09841679036617279
248 0.15790553390979767
249 0.08144388347864151
250 0.16673749685287476
251 0.13799139857292175
252 0.13503248989582062
253 0.08326756209135056
254 0.20024532079696655
255 0.0854724869132042
256 0.04463989660143852
257 0.08165891468524933
258 0.07911812514066696
259 0.1699478030204773
260 0.06942519545555115
261 0.05347885191440582
262 0.16804231703281403
263 0.08827842772006989
264 0.1157078891992569
265 0.14217786490917206
266 0.08420684933662415
267 0.0944700613617897
268 0.0722069963812828
269 0.15311291813850403
270 0.19098445773124695
271 0.1367645263671875
272 0.13117150962352753
273 0.12383466213941574
274 0.1204904243350029
275 0.146367609500885
276 0.09452306479215622
277 0.0925913080573082
278 0.14261019229888916
279 0.12880295515060425
280 0.060327231884002686
281 0.05197213962674141
282 0.1031590923666954
283 0.0640815943479538
284 0.12075643986463547
285 0.26429569721221924
286 0.13099424540996552
287 0.18005752563476562
288 0.09370604157447815
289 0.08230552077293396
290 0.15518175065517426
291 0.18519601225852966
292 0.1361333429813385
293 0.1006397232413292
294 0.1390722095966339
295 0.07912102341651917
296 0.1377941071987152
297 0.16453956067562103
298 0.10636411607265472
299 0.07538141310214996
300 0.06779949367046356
301 0.0818689838051796
302 0.08311328291893005
303 0.06202174723148346
304 0.14569266140460968
305 0.10477744787931442
306 0.12897518277168274
307 0.04768523573875427
308 0.10242046415805817
309 0.09896779805421829
310 0.0846356526017189
311 0.08906064182519913
312 0.06647147983312607
313 0.048913922160863876
314 0.05628582835197449
315 0.14002612233161926
316 0.09614996612071991
317 0.07906140387058258
318 0.11169182509183884
319 0.17020033299922943
320 0.14104783535003662
321 0.05299210175871849
322 0.08064211905002594
323 0.10251099616289139
324 0.09853121638298035
325 0.05095487833023071
326 0.10975577682256699
327 0.16023904085159302
328 0.08849713206291199
329 0.07934346050024033
330 0.07044069468975067
331 0.04864439740777016
332 0.04296686872839928
333 0.06794682890176773
334 0.05745241045951843
335 0.08119139075279236
336 0.07437831163406372
337 0.06280377507209778
338 0.04194658249616623
339 0.037319786846637726
340 0.13011068105697632
341 0.09875723719596863
342 0.1626979410648346
343 0.08888538926839828
344 0.053104255348443985
345 0.05997258797287941
346 0.11587301641702652
347 0.07331446558237076
348 0.05556736886501312
349 0.07267042249441147
350 0.04575099050998688
351 0.09792795032262802
352 0.11185322701931
353 0.07135295867919922
354 0.08156848698854446
355 0.11917367577552795
356 0.04325703904032707
357 0.10261815786361694
358 0.0966649204492569
359 0.1445438265800476
360 0.09339949488639832
361 0.06272178143262863
362 0.11679324507713318
363 0.07927589863538742
364 0.0982668474316597
365 0.07762724161148071
366 0.028773870319128036
367 0.08603459596633911
368 0.04287240654230118
369 0.0680263563990593
370 0.0895172581076622
371 0.04708421975374222
372 0.0658060684800148
373 0.12318491190671921
374 0.08314686268568039
375 0.10063841193914413
376 0.04805475100874901
377 0.06842834502458572
378 0.05359543487429619
379 0.0523860789835453
380 0.053828321397304535
381 0.0513138510286808
382 0.07822296768426895
383 0.12837624549865723
384 0.08187739551067352
385 0.09047608077526093
386 0.1554916948080063
387 0.07478828728199005
388 0.07675530016422272
389 0.08149732649326324
390 0.06635629385709763
391 0.1489662528038025
392 0.08950582891702652
393 0.05191334709525108
394 0.07140276581048965
395 0.0805061087012291
396 0.05356869474053383
397 0.08905531466007233
398 0.07818366587162018
399 0.02965667098760605
400 0.100403793156147
401 0.1303165704011917
402 0.06168152764439583
403 0.06053490936756134
404 0.0614507794380188
405 0.06255136430263519
406 0.10279689729213715
407 0.04183848947286606
408 0.12318941205739975
409 0.03583561256527901
410 0.08558177947998047
411 0.06167164072394371
412 0.04919767752289772
413 0.12049169093370438
414 0.056607525795698166
415 0.03461553901433945
416 0.06365102529525757
417 0.05618024989962578
418 0.09182335436344147
419 0.07376611232757568
420 0.04161495715379715
421 0.0694182962179184
422 0.03311581537127495
423 0.07261471450328827
424 0.05973687767982483
425 0.04106178134679794
426 0.08989415317773819
427 0.06099974736571312
428 0.11478449404239655
429 0.060419514775276184
430 0.027166565880179405
431 0.066142238676548
432 0.05874118208885193
433 0.06627549231052399
434 0.03850286453962326
435 0.04260791838169098
436 0.037732191383838654
437 0.09217974543571472
438 0.1146511361002922
439 0.030134163796901703
440 0.09107939153909683
441 0.07257358729839325
442 0.030907703563570976
443 0.05614349618554115
444 0.0929364487528801
445 0.13474030792713165
446 0.0691569373011589
447 0.07161019742488861
448 0.08163149654865265
449 0.11344677209854126
450 0.07712968438863754
451 0.05556616932153702
452 0.05165782943367958
453 0.07556018233299255
454 0.04047848656773567
455 0.03439317271113396
456 0.08992165327072144
457 0.0470217727124691
458 0.044278521090745926
459 0.06609657406806946
460 0.07175856828689575
461 0.07041795551776886
462 0.05227861553430557
463 0.033246561884880066
464 0.06422194093465805
465 0.039689790457487106
466 0.03594641759991646
467 0.05970640853047371
468 0.017109956592321396
469 0.022916419431567192
470 0.04882268235087395
471 0.05331214517354965
472 0.03373374789953232
473 0.022727718576788902
474 0.024282630532979965
475 0.07780181616544724
476 0.0544699989259243
477 0.049916334450244904
478 0.06984434276819229
479 0.056474652141332626
480 0.06028423830866814
481 0.024824723601341248
482 0.04851566255092621
483 0.05338315665721893
484 0.07411675155162811
485 0.05241261050105095
486 0.02129305712878704
487 0.06720685958862305
488 0.06517627835273743
489 0.03499849885702133
490 0.021867817267775536
491 0.06047458574175835
492 0.03476188704371452
493 0.04103613644838333
494 0.041539452970027924
495 0.0692235454916954
496 0.08645705878734589
497 0.04379011690616608
498 0.05048219859600067
499 0.07081524282693863
