0 2.304860830307007
1 2.304860830307007
2 2.304860830307007
3 2.304860830307007
4 2.304860830307007
5 2.304860830307007
6 2.302755117416382
7 2.300872802734375
8 2.3014395236968994
9 2.3024954795837402
10 2.3024954795837402
11 2.3024954795837402
12 2.3033556938171387
13 2.3021979331970215
14 2.3041276931762695
15 2.3014073371887207
16 2.302072048187256
17 2.300692319869995
18 2.301752805709839
19 2.3014774322509766
20 2.3014774322509766
21 2.3044216632843018
22 2.299556255340576
23 2.2999606132507324
24 2.2999606132507324
25 2.302438259124756
26 2.302438259124756
27 2.3000316619873047
28 2.3000316619873047
29 2.3000316619873047
30 2.3023273944854736
31 2.3019416332244873
32 2.2999982833862305
33 2.301999568939209
34 2.3015849590301514
35 2.3004446029663086
36 2.3004446029663086
37 2.301821708679199
38 2.3002536296844482
39 2.3016538619995117
40 2.303291082382202
41 2.30051589012146
42 2.30051589012146
43 2.2986724376678467
44 2.299046039581299
45 2.3018829822540283
46 2.301736831665039
47 2.301736831665039
48 2.2998740673065186
49 2.301222801208496
50 2.297274589538574
51 2.297274589538574
52 2.297274589538574
53 2.300966262817383
54 2.3018903732299805
55 2.3026318550109863
56 2.3026318550109863
57 2.3011186122894287
58 2.2990264892578125
59 2.3003716468811035
60 2.3003716468811035
61 2.300996780395508
62 2.299581289291382
63 2.30084228515625
64 2.30084228515625
65 2.300567626953125
66 2.300567626953125
67 2.301082134246826
68 2.301082134246826
69 2.301082134246826
70 2.298060417175293
71 2.3012092113494873
72 2.3008294105529785
73 2.3008294105529785
74 2.3008294105529785
75 2.2988641262054443
76 2.300698757171631
77 2.2993762493133545
78 2.2993762493133545
79 2.2993762493133545
80 2.2999789714813232
81 2.2982664108276367
82 2.3001184463500977
83 2.3001184463500977
84 2.300884485244751
85 2.300884485244751
86 2.2972631454467773
87 2.2973124980926514
88 2.2973124980926514
89 2.2992002964019775
90 2.297426462173462
91 2.299992084503174
92 2.2965214252471924
93 2.2988274097442627
94 2.2988274097442627
95 2.2987442016601562
96 2.2987442016601562
97 2.2969536781311035
98 2.2954554557800293
99 2.296576976776123
100 2.2968621253967285
101 2.296902894973755
102 2.2978780269622803
103 2.2978780269622803
104 2.297091245651245
105 2.297091245651245
106 2.2995524406433105
107 2.2995524406433105
108 2.2982475757598877
109 2.2968244552612305
110 2.2953414916992188
111 2.2953414916992188
112 2.2959702014923096
113 2.295461416244507
114 2.297250270843506
115 2.294283390045166
116 2.292574882507324
117 2.2952802181243896
118 2.296664237976074
119 2.2901670932769775
120 2.295599937438965
121 2.2950081825256348
122 2.2950081825256348
123 2.2950336933135986
124 2.2927725315093994
125 2.29355788230896
126 2.295651435852051
127 2.2925267219543457
128 2.2925267219543457
129 2.2899911403656006
130 2.295302152633667
131 2.295302152633667
132 2.2910656929016113
133 2.297231912612915
134 2.297231912612915
135 2.297231912612915
136 2.2907164096832275
137 2.2909858226776123
138 2.291379690170288
139 2.292888879776001
140 2.2929675579071045
141 2.2908644676208496
142 2.2865781784057617
143 2.2865781784057617
144 2.286879539489746
145 2.286879539489746
146 2.2881438732147217
147 2.2905447483062744
148 2.2905447483062744
149 2.2905447483062744
150 2.2905447483062744
151 2.2852752208709717
152 2.2832882404327393
153 2.2832882404327393
154 2.2832882404327393
155 2.2837789058685303
156 2.288184881210327
157 2.288184881210327
158 2.2841198444366455
159 2.2821764945983887
160 2.284858465194702
161 2.2822601795196533
162 2.285980701446533
163 2.277064561843872
164 2.279369592666626
165 2.282522439956665
166 2.283501148223877
167 2.2752039432525635
168 2.2744686603546143
169 2.273709535598755
170 2.273709535598755
171 2.2768714427948
172 2.2768714427948
173 2.2663190364837646
174 2.2775661945343018
175 2.274414539337158
176 2.26853609085083
177 2.2568705081939697
178 2.2568705081939697
179 2.259117841720581
180 2.2540509700775146
181 2.2608516216278076
182 2.2472102642059326
183 2.2514469623565674
184 2.2567718029022217
185 2.238234281539917
186 2.238234281539917
187 2.229090452194214
188 2.24475359916687
189 2.24475359916687
190 2.2310898303985596
191 2.2310898303985596
192 2.2310898303985596
193 2.2310898303985596
194 2.2107508182525635
195 2.2107508182525635
196 2.201301336288452
197 2.196974515914917
198 2.192307233810425
199 2.1944401264190674
200 2.1446149349212646
201 2.1446149349212646
202 2.1690077781677246
203 2.1690077781677246
204 2.155155897140503
205 2.148866891860962
206 2.1137828826904297
207 2.088416337966919
208 2.0990214347839355
209 2.086406946182251
210 2.086406946182251
211 2.0396149158477783
212 2.0396149158477783
213 2.0161526203155518
214 1.9908570051193237
215 1.9197803735733032
216 1.9192267656326294
217 1.9192267656326294
218 1.9192267656326294
219 1.9192267656326294
220 1.8080470561981201
221 1.745687484741211
222 1.745687484741211
223 1.745687484741211
224 1.745687484741211
225 1.745687484741211
226 1.745687484741211
227 1.356346607208252
228 1.3920016288757324
229 1.2053273916244507
230 1.2519443035125732
231 1.194077491760254
232 1.1932142972946167
233 1.0956636667251587
234 1.016789197921753
235 1.016789197921753
236 1.016789197921753
237 0.876751720905304
238 0.8644251227378845
239 0.9235115051269531
240 0.8271973133087158
241 0.6935597062110901
242 0.7652586102485657
243 0.7652586102485657
244 0.7652586102485657
245 0.65572589635849
246 0.65572589635849
247 0.65572589635849
248 0.6254688501358032
249 0.6254688501358032
250 0.6254688501358032
251 0.6310412287712097
252 0.7385718822479248
253 0.5631483793258667
254 0.5666400194168091
255 0.5503692030906677
256 0.6426685452461243
257 0.6426685452461243
258 0.6449384093284607
259 0.4644911289215088
260 0.4663248062133789
261 0.6275568008422852
262 0.6577861905097961
263 0.4959665834903717
264 0.513537585735321
265 0.4799884855747223
266 0.4982597231864929
267 0.4331468939781189
268 0.5811040997505188
269 0.6082456707954407
270 0.5230885744094849
271 0.42319968342781067
272 0.5662056803703308
273 0.5662056803703308
274 0.5471986532211304
275 0.44276246428489685
276 0.5180460214614868
277 0.5188952684402466
278 0.3503305912017822
279 0.31697264313697815
280 0.31697264313697815
281 0.40080443024635315
282 0.40080443024635315
283 0.4201812148094177
284 0.512927234172821
285 0.512927234172821
286 0.474215567111969
287 0.455354779958725
288 0.455354779958725
289 0.36750760674476624
290 0.4847300946712494
291 0.35473307967185974
292 0.35473307967185974
293 0.35473307967185974
294 0.35473307967185974
295 0.5312636494636536
296 0.3819287419319153
297 0.3819287419319153
298 0.3470715582370758
299 0.2544761896133423
300 0.38688334822654724
301 0.32701459527015686
302 0.38662853837013245
303 0.38662853837013245
304 0.38662853837013245
305 0.42873021960258484
306 0.42873021960258484
307 0.42873021960258484
308 0.42873021960258484
309 0.42873021960258484
310 0.42873021960258484
311 0.34926658868789673
312 0.40795210003852844
313 0.28664296865463257
314 0.39620572328567505
315 0.2335798442363739
316 0.2335798442363739
317 0.2335798442363739
318 0.2335798442363739
319 0.33635425567626953
320 0.3125193119049072
321 0.33058011531829834
322 0.3190019130706787
323 0.35817110538482666
324 0.3431602716445923
325 0.3431602716445923
326 0.3431602716445923
327 0.2682027518749237
328 0.21704068779945374
329 0.21704068779945374
330 0.4838816523551941
331 0.4838816523551941
332 0.4838816523551941
333 0.4532419443130493
334 0.4532419443130493
335 0.4504934251308441
336 0.4504934251308441
337 0.32440802454948425
338 0.34093478322029114
339 0.4215002954006195
340 0.4278457760810852
341 0.2907695174217224
342 0.2888059616088867
343 0.2888059616088867
344 0.43805167078971863
345 0.4000450074672699
346 0.35218316316604614
347 0.35218316316604614
348 0.35218316316604614
349 0.2897489666938782
350 0.4246560037136078
351 0.3952943980693817
352 0.3952943980693817
353 0.3716815114021301
354 0.2606610655784607
355 0.38321903347969055
356 0.3863067328929901
357 0.3312477171421051
358 0.2848309874534607
359 0.2848309874534607
360 0.3508813679218292
361 0.3508813679218292
362 0.20338132977485657
363 0.22851629555225372
364 0.41468650102615356
365 0.2943269610404968
366 0.2943269610404968
367 0.25947561860084534
368 0.36202991008758545
369 0.29267609119415283
370 0.35143986344337463
371 0.31200405955314636
372 0.31200405955314636
373 0.305782288312912
374 0.305782288312912
375 0.3880525827407837
376 0.3880525827407837
377 0.18907295167446136
378 0.2645237147808075
379 0.4099642038345337
380 0.4099642038345337
381 0.24780316650867462
382 0.4497695565223694
383 0.4889530539512634
384 0.4889530539512634
385 0.4205421805381775
386 0.4205421805381775
387 0.32753416895866394
388 0.32753416895866394
389 0.28228759765625
390 0.30210384726524353
391 0.38438910245895386
392 0.38438910245895386
393 0.23004044592380524
394 0.3069121837615967
395 0.2999822497367859
396 0.3422335684299469
397 0.23767299950122833
398 0.23767299950122833
399 0.23767299950122833
400 0.23767299950122833
401 0.23767299950122833
402 0.3164176642894745
403 0.3365773558616638
404 0.3365773558616638
405 0.3524211347103119
406 0.3524211347103119
407 0.3524211347103119
408 0.18147826194763184
409 0.24225454032421112
410 0.2260337620973587
411 0.38857483863830566
412 0.35823410749435425
413 0.35823410749435425
414 0.3663851022720337
415 0.3340451419353485
416 0.27145254611968994
417 0.27145254611968994
418 0.27145254611968994
419 0.27145254611968994
420 0.31653842329978943
421 0.31653842329978943
422 0.31653842329978943
423 0.31653842329978943
424 0.3872835040092468
425 0.2919871509075165
426 0.2919871509075165
427 0.154607892036438
428 0.2941303849220276
429 0.2941303849220276
430 0.24610397219657898
431 0.29301998019218445
432 0.2614406943321228
433 0.2614406943321228
434 0.32708078622817993
435 0.346439391374588
436 0.40188950300216675
437 0.40188950300216675
438 0.30783262848854065
439 0.25743359327316284
440 0.25743359327316284
441 0.2525467872619629
442 0.29697197675704956
443 0.29697197675704956
444 0.25418147444725037
445 0.27901697158813477
446 0.22862757742404938
447 0.2979426383972168
448 0.2979426383972168
449 0.2979426383972168
450 0.3216556906700134
451 0.21037784218788147
452 0.1860491931438446
453 0.22935454547405243
454 0.22935454547405243
455 0.11752067506313324
456 0.11752067506313324
457 0.11752067506313324
458 0.33772993087768555
459 0.26073595881462097
460 0.2488406002521515
461 0.22252510488033295
462 0.22252510488033295
463 0.12637224793434143
464 0.3672787845134735
465 0.3672787845134735
466 0.39663711190223694
467 0.19744440913200378
468 0.19744440913200378
469 0.24009710550308228
470 0.26895520091056824
471 0.23237617313861847
472 0.2454870492219925
473 0.2454870492219925
474 0.18191614747047424
475 0.18191614747047424
476 0.2753937244415283
477 0.2753937244415283
478 0.30582287907600403
479 0.20249071717262268
480 0.20249071717262268
481 0.20249071717262268
482 0.2598765194416046
483 0.2227814942598343
484 0.2227814942598343
485 0.21616728603839874
486 0.24087007343769073
487 0.19277681410312653
488 0.1726544052362442
489 0.24831342697143555
490 0.3292783498764038
491 0.19939978420734406
492 0.1820583939552307
493 0.21648643910884857
494 0.21648643910884857
495 0.21648643910884857
496 0.18970932066440582
497 0.14364907145500183
498 0.2905724048614502
499 0.19507527351379395
