0 0.0
1 0.0
2 0.0
3 2.302258014678955
4 2.303156852722168
5 2.3052611351013184
6 2.3052611351013184
7 2.303232192993164
8 2.300154447555542
9 2.3060898780822754
10 2.3042681217193604
11 2.3042681217193604
12 2.3033642768859863
13 2.302936315536499
14 2.302936315536499
15 2.301802396774292
16 2.3013007640838623
17 2.299985647201538
18 2.299985647201538
19 2.3030388355255127
20 2.3030388355255127
21 2.300973892211914
22 2.3035194873809814
23 2.302488088607788
24 2.3023228645324707
25 2.301166296005249
26 2.3010804653167725
27 2.3039886951446533
28 2.3043456077575684
29 2.3043456077575684
30 2.3028016090393066
31 2.3028016090393066
32 2.3028016090393066
33 2.3047289848327637
34 2.3047289848327637
35 2.301372766494751
36 2.3009161949157715
37 2.3012735843658447
38 2.3021435737609863
39 2.29958438873291
40 2.29958438873291
41 2.29958438873291
42 2.30238938331604
43 2.30238938331604
44 2.301384687423706
45 2.3014960289001465
46 2.3014960289001465
47 2.3014960289001465
48 2.3014960289001465
49 2.298910617828369
50 2.3020691871643066
51 2.302107334136963
52 2.302107334136963
53 2.299649715423584
54 2.299649715423584
55 2.299649715423584
56 2.2996013164520264
57 2.3007614612579346
58 2.298804521560669
59 2.302263021469116
60 2.302263021469116
61 2.3006482124328613
62 2.3023078441619873
63 2.3023078441619873
64 2.298452138900757
65 2.3003296852111816
66 2.2997376918792725
67 2.3017148971557617
68 2.3009307384490967
69 2.3012213706970215
70 2.3012213706970215
71 2.297597646713257
72 2.301262617111206
73 2.299840211868286
74 2.3028831481933594
75 2.3006699085235596
76 2.299729108810425
77 2.302064895629883
78 2.302064895629883
79 2.3007514476776123
80 2.2986373901367188
81 2.2990779876708984
82 2.2990779876708984
83 2.298542022705078
84 2.2995176315307617
85 2.29957914352417
86 2.29957914352417
87 2.29957914352417
88 2.29957914352417
89 2.29752516746521
90 2.2959704399108887
91 2.295609951019287
92 2.300257444381714
93 2.2963037490844727
94 2.298314332962036
95 2.29788875579834
96 2.2973318099975586
97 2.2997593879699707
98 2.2964766025543213
99 2.2983198165893555
100 2.2966363430023193
101 2.2976274490356445
102 2.300203323364258
103 2.2965009212493896
104 2.297589063644409
105 2.296383857727051
106 2.2972989082336426
107 2.2986395359039307
108 2.296187400817871
109 2.2988216876983643
110 2.294923782348633
111 2.296403646469116
112 2.2979636192321777
113 2.2979636192321777
114 2.2979636192321777
115 2.2944650650024414
116 2.2947330474853516
117 2.2947330474853516
118 2.2947330474853516
119 2.2947330474853516
120 2.29852032661438
121 2.29852032661438
122 2.296466588973999
123 2.297842264175415
124 2.292243480682373
125 2.296132802963257
126 2.2967426776885986
127 2.2924399375915527
128 2.2924399375915527
129 2.2929844856262207
130 2.2922239303588867
131 2.295919895172119
132 2.295919895172119
133 2.2940473556518555
134 2.2926368713378906
135 2.2917697429656982
136 2.2937417030334473
137 2.293182134628296
138 2.293182134628296
139 2.293865442276001
140 2.293865442276001
141 2.293865442276001
142 2.288391590118408
143 2.290701389312744
144 2.2889158725738525
145 2.289900541305542
146 2.292240619659424
147 2.286407232284546
148 2.286407232284546
149 2.2845406532287598
150 2.28719162940979
151 2.28719162940979
152 2.2871856689453125
153 2.2844300270080566
154 2.2797751426696777
155 2.287100076675415
156 2.2868664264678955
157 2.285130739212036
158 2.2835049629211426
159 2.2835049629211426
160 2.2861430644989014
161 2.2861430644989014
162 2.2861430644989014
163 2.280452251434326
164 2.2815234661102295
165 2.2804503440856934
166 2.2718961238861084
167 2.2830874919891357
168 2.2776498794555664
169 2.2779223918914795
170 2.2779223918914795
171 2.275294065475464
172 2.2751681804656982
173 2.27498722076416
174 2.2660605907440186
175 2.268381118774414
176 2.268381118774414
177 2.269707441329956
178 2.2635440826416016
179 2.2635440826416016
180 2.2478721141815186
181 2.260474681854248
182 2.263655662536621
183 2.253032684326172
184 2.253032684326172
185 2.2487218379974365
186 2.243650436401367
187 2.2434792518615723
188 2.2591655254364014
189 2.2399613857269287
190 2.236750602722168
191 2.236750602722168
192 2.219514846801758
193 2.2178261280059814
194 2.2370660305023193
195 2.208536386489868
196 2.202868700027466
197 2.2082817554473877
198 2.179619789123535
199 2.179619789123535
200 2.179619789123535
201 2.158596992492676
202 2.158596992492676
203 2.158596992492676
204 2.1350436210632324
205 2.14967942237854
206 2.131057024002075
207 2.0889716148376465
208 2.0889716148376465
209 2.0863327980041504
210 2.0863327980041504
211 2.0566487312316895
212 2.0211193561553955
213 2.0381686687469482
214 1.9674718379974365
215 1.9073712825775146
216 1.9073712825775146
217 1.9138785600662231
218 1.9229614734649658
219 1.84110426902771
220 1.84110426902771
221 1.7611184120178223
222 1.7337318658828735
223 1.6100640296936035
224 1.6100640296936035
225 1.5116386413574219
226 1.5299899578094482
227 1.5299899578094482
228 1.5299899578094482
229 1.5299899578094482
230 1.3212915658950806
231 1.2024967670440674
232 1.1138250827789307
233 1.1138250827789307
234 1.0803817510604858
235 1.0105961561203003
236 0.8533859848976135
237 0.7566899657249451
238 0.9266983270645142
239 0.7929176092147827
240 0.9065623879432678
241 0.7975968718528748
242 0.7975968718528748
243 0.6929033398628235
244 0.6704378128051758
245 0.6704378128051758
246 0.6704378128051758
247 0.6936541199684143
248 0.6791662573814392
249 0.7660678029060364
250 0.5873305201530457
251 0.5873305201530457
252 0.7591708898544312
253 0.7591708898544312
254 0.7591708898544312
255 0.6012396812438965
256 0.6706185340881348
257 0.5035043358802795
258 0.5101467967033386
259 0.47352835536003113
260 0.373604416847229
261 0.373604416847229
262 0.373604416847229
263 0.6333296298980713
264 0.6333296298980713
265 0.6333296298980713
266 0.6333296298980713
267 0.6333296298980713
268 0.49166181683540344
269 0.43907690048217773
270 0.3574252128601074
271 0.5102339386940002
272 0.3752106726169586
273 0.7147415280342102
274 0.5634559988975525
275 0.5634559988975525
276 0.5634559988975525
277 0.5634559988975525
278 0.5634559988975525
279 0.5634559988975525
280 0.5191386938095093
281 0.5178189277648926
282 0.44030502438545227
283 0.44030502438545227
284 0.44030502438545227
285 0.4002726078033447
286 0.7965018153190613
287 0.38419950008392334
288 0.42098480463027954
289 0.36703434586524963
290 0.5156504511833191
291 0.4581141471862793
292 0.4581141471862793
293 0.5000895857810974
294 0.5000895857810974
295 0.4228452444076538
296 0.3852810561656952
297 0.44189611077308655
298 0.3375563323497772
299 0.3375563323497772
300 0.42820146679878235
301 0.42820146679878235
302 0.3786740005016327
303 0.5608363151550293
304 0.31873220205307007
305 0.3072875738143921
306 0.3072875738143921
307 0.38896483182907104
308 0.4116252362728119
309 0.33939871191978455
310 0.33939871191978455
311 0.5675098299980164
312 0.3320205807685852
313 0.3545544147491455
314 0.3545544147491455
315 0.37891244888305664
316 0.38254231214523315
317 0.38254231214523315
318 0.34770530462265015
319 0.38727161288261414
320 0.3094354271888733
321 0.3094354271888733
322 0.4315727651119232
323 0.5475821495056152
324 0.5475821495056152
325 0.3468811810016632
326 0.27254095673561096
327 0.2681537866592407
328 0.4725733995437622
329 0.3832075595855713
330 0.3832075595855713
331 0.34906241297721863
332 0.43843042850494385
333 0.41356155276298523
334 0.41356155276298523
335 0.41356155276298523
336 0.3906044363975525
337 0.35971033573150635
338 0.35971033573150635
339 0.35971033573150635
340 0.35971033573150635
341 0.5210329294204712
342 0.5210329294204712
343 0.38880428671836853
344 0.4470674991607666
345 0.34892699122428894
346 0.4464651942253113
347 0.2896181344985962
348 0.3263275921344757
349 0.3263275921344757
350 0.236691415309906
351 0.3610246181488037
352 0.43108537793159485
353 0.3171411156654358
354 0.3171411156654358
355 0.3171411156654358
356 0.22871610522270203
357 0.32926425337791443
358 0.4199928045272827
359 0.3025377094745636
360 0.32027727365493774
361 0.31189221143722534
362 0.31189221143722534
363 0.31189221143722534
364 0.332568883895874
365 0.332568883895874
366 0.332568883895874
367 0.332568883895874
368 0.3508211374282837
369 0.3983004689216614
370 0.35170313715934753
371 0.35170313715934753
372 0.35170313715934753
373 0.35170313715934753
374 0.35170313715934753
375 0.35170313715934753
376 0.3521897494792938
377 0.3521897494792938
378 0.37279990315437317
379 0.37279990315437317
380 0.5272369980812073
381 0.5272369980812073
382 0.30465051531791687
383 0.24800166487693787
384 0.32084929943084717
385 0.31476500630378723
386 0.31476500630378723
387 0.28318125009536743
388 0.28318125009536743
389 0.28318125009536743
390 0.28318125009536743
391 0.4282064139842987
392 0.2780511677265167
393 0.24908193945884705
394 0.24908193945884705
395 0.34138253331184387
396 0.4133608043193817
397 0.319240003824234
398 0.33607178926467896
399 0.2756301164627075
400 0.2756301164627075
401 0.23475095629692078
402 0.23475095629692078
403 0.2585896849632263
404 0.2897190451622009
405 0.3788195550441742
406 0.2222331464290619
407 0.2222331464290619
408 0.31363368034362793
409 0.36395183205604553
410 0.3946443498134613
411 0.17500270903110504
412 0.17500270903110504
413 0.3690912425518036
414 0.4107758700847626
415 0.28090187907218933
416 0.28090187907218933
417 0.2889491021633148
418 0.39812302589416504
419 0.3178277015686035
420 0.4251703917980194
421 0.3607185482978821
422 0.2664203345775604
423 0.299998015165329
424 0.22750894725322723
425 0.22750894725322723
426 0.33760663866996765
427 0.2633823752403259
428 0.33572739362716675
429 0.2474738359451294
430 0.20734912157058716
431 0.20734912157058716
432 0.2745947539806366
433 0.27658799290657043
434 0.426153302192688
435 0.1147988960146904
436 0.1147988960146904
437 0.402365505695343
438 0.33036503195762634
439 0.33036503195762634
440 0.2569959759712219
441 0.2196095585823059
442 0.25878775119781494
443 0.25356459617614746
444 0.25356459617614746
445 0.39009860157966614
446 0.2477959841489792
447 0.304174542427063
448 0.24268946051597595
449 0.30822935700416565
450 0.19836106896400452
451 0.3179585337638855
452 0.32332906126976013
453 0.32332906126976013
454 0.32332906126976013
455 0.32332906126976013
456 0.3791901767253876
457 0.3791901767253876
458 0.3791901767253876
459 0.3791901767253876
460 0.31989842653274536
461 0.20892590284347534
462 0.2577086091041565
463 0.2577086091041565
464 0.24856090545654297
465 0.18957361578941345
466 0.31024640798568726
467 0.31940504908561707
468 0.36819005012512207
469 0.36819005012512207
470 0.36819005012512207
471 0.36819005012512207
472 0.25966307520866394
473 0.2271851748228073
474 0.2271851748228073
475 0.34291258454322815
476 0.1954910308122635
477 0.3396695554256439
478 0.2937043309211731
479 0.19492748379707336
480 0.27137789130210876
481 0.3060905635356903
482 0.3060905635356903
483 0.20643004775047302
484 0.25670886039733887
485 0.33378151059150696
486 0.26659151911735535
487 0.21550768613815308
488 0.32711824774742126
489 0.17775923013687134
490 0.24614986777305603
491 0.2721083164215088
492 0.18816810846328735
493 0.18816810846328735
494 0.22670899331569672
495 0.19447195529937744
496 0.2633795142173767
497 0.2613604962825775
498 0.24382060766220093
499 0.24382060766220093
