0 0.0
1 2.302076578140259
2 2.3046534061431885
3 2.3033297061920166
4 2.301351547241211
5 2.301351547241211
6 2.302119493484497
7 2.300724744796753
8 2.300724744796753
9 2.300724744796753
10 2.3029181957244873
11 2.301840305328369
12 2.301840305328369
13 2.301840305328369
14 2.3007848262786865
15 2.3012545108795166
16 2.3011422157287598
17 2.3027353286743164
18 2.3027353286743164
19 2.3027353286743164
20 2.301833152770996
21 2.3031420707702637
22 2.302199125289917
23 2.3021304607391357
24 2.3021433353424072
25 2.3021433353424072
26 2.3011364936828613
27 2.3031020164489746
28 2.3000383377075195
29 2.3019320964813232
30 2.3019320964813232
31 2.302882194519043
32 2.302882194519043
33 2.302882194519043
34 2.3023390769958496
35 2.300466537475586
36 2.300793409347534
37 2.3004868030548096
38 2.3020851612091064
39 2.3010196685791016
40 2.304628849029541
41 2.3027658462524414
42 2.3027658462524414
43 2.3016867637634277
44 2.3016867637634277
45 2.301219940185547
46 2.3012266159057617
47 2.3012545108795166
48 2.3009982109069824
49 2.3000526428222656
50 2.3000526428222656
51 2.301616668701172
52 2.3023788928985596
53 2.3017752170562744
54 2.2990167140960693
55 2.3003523349761963
56 2.300351619720459
57 2.300351619720459
58 2.303260564804077
59 2.3000166416168213
60 2.2992119789123535
61 2.2992119789123535
62 2.2992119789123535
63 2.3019073009490967
64 2.300987720489502
65 2.2997031211853027
66 2.2997031211853027
67 2.299099922180176
68 2.299720525741577
69 2.2990500926971436
70 2.2973976135253906
71 2.2973976135253906
72 2.2973976135253906
73 2.3024942874908447
74 2.3024942874908447
75 2.3024942874908447
76 2.298776388168335
77 2.298776388168335
78 2.3023297786712646
79 2.297368049621582
80 2.297368049621582
81 2.2987871170043945
82 2.2987871170043945
83 2.2987871170043945
84 2.3027000427246094
85 2.3027000427246094
86 2.2991204261779785
87 2.3002161979675293
88 2.2959063053131104
89 2.299013376235962
90 2.299013376235962
91 2.2973625659942627
92 2.296452045440674
93 2.297172784805298
94 2.297172784805298
95 2.297172784805298
96 2.298553466796875
97 2.298553466796875
98 2.298553466796875
99 2.297694444656372
100 2.295708417892456
101 2.295708417892456
102 2.2960760593414307
103 2.2950685024261475
104 2.2950685024261475
105 2.3010716438293457
106 2.29667067527771
107 2.295099973678589
108 2.2963387966156006
109 2.2963356971740723
110 2.299238443374634
111 2.2952628135681152
112 2.2952778339385986
113 2.2943923473358154
114 2.2952773571014404
115 2.2952773571014404
116 2.2952773571014404
117 2.2952773571014404
118 2.2952773571014404
119 2.295060157775879
120 2.2976059913635254
121 2.291170358657837
122 2.2959353923797607
123 2.2967987060546875
124 2.295485734939575
125 2.295485734939575
126 2.295485734939575
127 2.295485734939575
128 2.288550615310669
129 2.291353225708008
130 2.2935774326324463
131 2.2935774326324463
132 2.2957918643951416
133 2.2957918643951416
134 2.2957918643951416
135 2.2957918643951416
136 2.291667938232422
137 2.291667938232422
138 2.2923526763916016
139 2.290586233139038
140 2.288844585418701
141 2.292581558227539
142 2.292581558227539
143 2.292581558227539
144 2.2952592372894287
145 2.2879271507263184
146 2.2886624336242676
147 2.2843050956726074
148 2.288674831390381
149 2.288674831390381
150 2.286508560180664
151 2.2889974117279053
152 2.2889974117279053
153 2.2889974117279053
154 2.2854795455932617
155 2.284209728240967
156 2.284209728240967
157 2.290055751800537
158 2.2839860916137695
159 2.281125068664551
160 2.281125068664551
161 2.280012369155884
162 2.2825233936309814
163 2.277203321456909
164 2.277203321456909
165 2.2751834392547607
166 2.2785539627075195
167 2.2785539627075195
168 2.275712728500366
169 2.2820303440093994
170 2.2686827182769775
171 2.2702746391296387
172 2.273038864135742
173 2.2634129524230957
174 2.274268865585327
175 2.274268865585327
176 2.274268865585327
177 2.255274772644043
178 2.2577874660491943
179 2.271481990814209
180 2.255338668823242
181 2.255338668823242
182 2.248868703842163
183 2.2448229789733887
184 2.2590866088867188
185 2.2521114349365234
186 2.2521114349365234
187 2.2364699840545654
188 2.2364699840545654
189 2.234450340270996
190 2.234450340270996
191 2.234450340270996
192 2.2115156650543213
193 2.2284741401672363
194 2.2284741401672363
195 2.2284741401672363
196 2.206495523452759
197 2.196972608566284
198 2.20750093460083
199 2.20750093460083
200 2.17468523979187
201 2.173464298248291
202 2.1910617351531982
203 2.1910617351531982
204 2.1910617351531982
205 2.124634027481079
206 2.124634027481079
207 2.124634027481079
208 2.054940938949585
209 2.0924882888793945
210 2.103626012802124
211 2.103626012802124
212 2.005558729171753
213 2.005558729171753
214 1.980981707572937
215 1.993248462677002
216 1.876196265220642
217 1.9264894723892212
218 1.8876394033432007
219 1.8876394033432007
220 1.8876394033432007
221 1.8876394033432007
222 1.653635025024414
223 1.6978778839111328
224 1.518181324005127
225 1.518181324005127
226 1.5638513565063477
227 1.367546796798706
228 1.367546796798706
229 1.367546796798706
230 1.2249869108200073
231 1.1187912225723267
232 1.2782484292984009
233 1.0704041719436646
234 1.0704041719436646
235 1.0704041719436646
236 0.9926497340202332
237 0.9148203730583191
238 0.9148203730583191
239 0.9148203730583191
240 0.83353590965271
241 0.779636025428772
242 0.779636025428772
243 0.779636025428772
244 0.7561942934989929
245 0.7137723565101624
246 0.6517453193664551
247 0.6517453193664551
248 0.6517453193664551
249 0.7288137078285217
250 0.7288137078285217
251 0.6369085311889648
252 0.6369085311889648
253 0.6725752353668213
254 0.8156477212905884
255 0.5313614010810852
256 0.6759290099143982
257 0.6248945593833923
258 0.6248945593833923
259 0.5533126592636108
260 0.4580802917480469
261 0.4736989140510559
262 0.48875921964645386
263 0.6924635171890259
264 0.6924635171890259
265 0.48128706216812134
266 0.6465400457382202
267 0.4734514355659485
268 0.4864250719547272
269 0.616119921207428
270 0.616119921207428
271 0.499385267496109
272 0.499385267496109
273 0.47066065669059753
274 0.47066065669059753
275 0.5536021590232849
276 0.5536021590232849
277 0.42962828278541565
278 0.32338470220565796
279 0.32338470220565796
280 0.32338470220565796
281 0.32338470220565796
282 0.32338470220565796
283 0.5864672660827637
284 0.4483848810195923
285 0.5631194114685059
286 0.5375333428382874
287 0.5375333428382874
288 0.5375333428382874
289 0.29519763588905334
290 0.29519763588905334
291 0.7124121785163879
292 0.46830469369888306
293 0.4666103422641754
294 0.6534894108772278
295 0.3921992778778076
296 0.5218579769134521
297 0.5218579769134521
298 0.5642014145851135
299 0.5642014145851135
300 0.5642014145851135
301 0.3974853754043579
302 0.3974853754043579
303 0.3740279972553253
304 0.4155929684638977
305 0.4155929684638977
306 0.37963616847991943
307 0.2481079399585724
308 0.28816911578178406
309 0.28816911578178406
310 0.37338128685951233
311 0.37338128685951233
312 0.6309464573860168
313 0.6309464573860168
314 0.4133039712905884
315 0.36602431535720825
316 0.36602431535720825
317 0.36602431535720825
318 0.4150603413581848
319 0.3114272952079773
320 0.3114272952079773
321 0.39706888794898987
322 0.528457760810852
323 0.4404509961605072
324 0.45399871468544006
325 0.482479065656662
326 0.472828209400177
327 0.48669570684432983
328 0.4893258810043335
329 0.3774160146713257
330 0.3907731771469116
331 0.3559125065803528
332 0.3914397954940796
333 0.44564610719680786
334 0.32200321555137634
335 0.33208808302879333
336 0.47140568494796753
337 0.47140568494796753
338 0.39841485023498535
339 0.39841485023498535
340 0.44758644700050354
341 0.44758644700050354
342 0.44758644700050354
343 0.33076903223991394
344 0.33076903223991394
345 0.33076903223991394
346 0.35335251688957214
347 0.32350340485572815
348 0.3217006325721741
349 0.4384573996067047
350 0.4384573996067047
351 0.4384573996067047
352 0.4384573996067047
353 0.4384573996067047
354 0.3522149920463562
355 0.23957481980323792
356 0.23957481980323792
357 0.23957481980323792
358 0.23957481980323792
359 0.448454350233078
360 0.3407267928123474
361 0.29836416244506836
362 0.28677162528038025
363 0.3881702721118927
364 0.21946173906326294
365 0.32672035694122314
366 0.42912760376930237
367 0.42912760376930237
368 0.3336494565010071
369 0.3336494565010071
370 0.3336494565010071
371 0.38427111506462097
372 0.2976536750793457
373 0.3095621168613434
374 0.4227929711341858
375 0.21059313416481018
376 0.2926478981971741
377 0.372419536113739
378 0.2588728964328766
379 0.2136707901954651
380 0.36901941895484924
381 0.34509432315826416
382 0.5151803493499756
383 0.38876813650131226
384 0.23406875133514404
385 0.23406875133514404
386 0.3399263918399811
387 0.3503805100917816
388 0.21431362628936768
389 0.28627169132232666
390 0.28627169132232666
391 0.246753990650177
392 0.246753990650177
393 0.19839520752429962
394 0.18732653558254242
395 0.18732653558254242
396 0.3510781228542328
397 0.3974408209323883
398 0.30122241377830505
399 0.20873285830020905
400 0.21822845935821533
401 0.23315171897411346
402 0.33428263664245605
403 0.33428263664245605
404 0.22748500108718872
405 0.22748500108718872
406 0.3870481252670288
407 0.531639814376831
408 0.3781067430973053
409 0.31302961707115173
410 0.48301219940185547
411 0.2627878785133362
412 0.33469438552856445
413 0.33469438552856445
414 0.4922495484352112
415 0.4922495484352112
416 0.19340986013412476
417 0.32509955763816833
418 0.19448167085647583
419 0.19448167085647583
420 0.33679884672164917
421 0.26802417635917664
422 0.38274115324020386
423 0.38274115324020386
424 0.38274115324020386
425 0.2942166030406952
426 0.2942166030406952
427 0.32716408371925354
428 0.21810902655124664
429 0.32193464040756226
430 0.32280129194259644
431 0.2867848575115204
432 0.3247036337852478
433 0.3750649690628052
434 0.18812644481658936
435 0.20282554626464844
436 0.3810617923736572
437 0.3810617923736572
438 0.24061162769794464
439 0.24061162769794464
440 0.2871819734573364
441 0.34957581758499146
442 0.32928332686424255
443 0.32928332686424255
444 0.2834714651107788
445 0.23024553060531616
446 0.23024553060531616
447 0.2024758756160736
448 0.28374454379081726
449 0.19658318161964417
450 0.19658318161964417
451 0.30251872539520264
452 0.30251872539520264
453 0.2599092721939087
454 0.2771334648132324
455 0.2917853593826294
456 0.22831980884075165
457 0.27587735652923584
458 0.33709973096847534
459 0.33709973096847534
460 0.35521799325942993
461 0.35521799325942993
462 0.35521799325942993
463 0.35521799325942993
464 0.3154718577861786
465 0.3154718577861786
466 0.3154718577861786
467 0.3154718577861786
468 0.24799992144107819
469 0.34127578139305115
470 0.1943809986114502
471 0.1943809986114502
472 0.24708013236522675
473 0.24708013236522675
474 0.29904189705848694
475 0.3300464153289795
476 0.30038905143737793
477 0.2745199203491211
478 0.22835715115070343
479 0.28316742181777954
480 0.30460718274116516
481 0.36847448348999023
482 0.30888909101486206
483 0.30888909101486206
484 0.21638497710227966
485 0.21638497710227966
486 0.25858667492866516
487 0.17122745513916016
488 0.26139557361602783
489 0.30754396319389343
490 0.24882830679416656
491 0.45938345789909363
492 0.23261457681655884
493 0.27753305435180664
494 0.27753305435180664
495 0.23621180653572083
496 0.23621180653572083
497 0.18543142080307007
498 0.18543142080307007
499 0.2862916588783264
