0 1.0918573243927197
1 1.2918573243927196
2 1.4293451407361173
3 1.6041281893508503
4 1.6041281893508503
5 1.7047205594596335
6 1.7407741006585238
7 1.891365123165956
8 1.9954125583956994
9 2.088397870652456
10 2.1861588874703197
11 2.3030194986535077
12 2.3030194986535077
13 2.3857643176983636
14 2.4471846155203365
15 2.5234425924958113
16 2.6161666925574045
17 2.6161666925574045
18 2.6161666925574045
19 2.652807009963902
20 2.6813784385353303
21 2.728827720704401
22 2.7600636477879195
23 2.7600636477879195
24 2.7600636477879195
25 2.7600636477879195
26 2.7600636477879195
27 2.7600636477879195
28 2.7600636477879195
29 2.7600636477879195
30 2.7600636477879195
31 2.7600636477879195
32 2.7600636477879195
33 2.788635076359348
34 2.788635076359348
35 2.788635076359348
36 2.788635076359348
37 2.8747887540459764
38 2.903360182617405
39 2.9319316111888334
40 2.9319316111888334
41 2.9319316111888334
42 2.9319316111888334
43 2.9319316111888334
44 2.9319316111888334
45 2.9319316111888334
46 2.9319316111888334
47 2.9319316111888334
48 2.960503039760262
49 2.960503039760262
50 2.960503039760262
51 2.960503039760262
52 2.960503039760262
53 2.9890744683316903
54 2.9890744683316903
55 2.9890744683316903
56 2.9890744683316903
57 2.9890744683316903
58 2.9890744683316903
59 2.9890744683316903
60 2.9890744683316903
61 2.9890744683316903
62 2.9890744683316903
63 2.9890744683316903
64 2.9890744683316903
65 2.9890744683316903
66 2.9890744683316903
67 2.9890744683316903
68 2.9890744683316903
69 2.9890744683316903
70 2.9890744683316903
71 2.9890744683316903
72 2.9890744683316903
73 2.9890744683316903
74 2.9890744683316903
75 2.9890744683316903
76 2.9890744683316903
77 2.9890744683316903
78 2.9890744683316903
79 2.9890744683316903
80 2.9890744683316903
81 2.9890744683316903
82 2.9890744683316903
83 2.9890744683316903
84 2.9890744683316903
85 2.9890744683316903
86 2.9890744683316903
87 2.9890744683316903
88 2.9890744683316903
89 2.9890744683316903
90 2.9890744683316903
91 2.9890744683316903
92 2.9890744683316903
93 3.0416441095488063
94 3.0416441095488063
95 3.0416441095488063
96 3.0416441095488063
97 3.0416441095488063
98 3.0416441095488063
99 3.0416441095488063
