0 1.0075788131567909
1 1.0075788131567909
2 1.0075788131567909
3 1.0207478609122689
4 1.0169319319253791
5 1.0433277652959116
6 1.0433277652959116
7 1.047828017009644
8 1.047828017009644
9 1.047828017009644
10 1.0899246286601356
11 1.0864140741012471
12 1.103992881489407
13 1.1011702655784097
14 1.113911206493489
15 1.1103676639573692
16 1.1103676639573692
17 1.1104513713976458
18 1.1104513713988597
19 1.1104513713988597
20 1.1104513713988597
21 1.1104513713988597
22 1.1104513713988597
23 1.1104513713988597
24 1.1104513713988597
25 1.1104513713988597
26 1.1104513713988597
27 1.1104513713988597
28 1.1104513713988597
29 1.1104513713988597
30 1.1104513713988597
31 1.1104513713988597
32 1.1104513713988597
33 1.1104513713988597
34 1.1104513713988597
35 1.1104513713988597
36 1.1104513713988597
37 1.1104513713988597
38 1.1104513713988597
39 1.1104513713988597
40 1.1104513713988597
41 1.1104513713988597
42 1.1104513713988597
43 1.1104513713988597
44 1.1104513713988597
45 1.1104513713988597
46 1.1104513713988597
47 1.1104513713988597
48 1.1104513713988597
49 1.1104513713988597
