0 -0.0011754649727663013
1 -0.0029016748536532288
2 0.0
3 0.0017067371328536964
4 -0.0033345602505804217
5 0.0
6 0.0
7 -0.0028953056316822767
8 0.0
9 -0.0028953056316822767
10 -0.0014925448411327066
11 0.0
12 -0.0027321101166307925
13 -0.0027448507491499184
14 -0.002683580038137734
15 0.0
16 -0.0025709994602948426
17 -0.0025924268178641797
18 -0.0008440944426863574
19 -0.0013170686938830326
20 -0.0002971853535196208
21 0.0
22 7.5128710467930624e-06
23 -0.0012014765300965202
24 0.0
25 0.00020783001091575029
26 0.0
27 0.0
28 0.0005234080521627161
29 -0.0011644946120173473
30 0.0
31 -0.0006115975729323064
32 -0.0004581594318939387
33 -0.0013817334733137571
34 -0.0028735887026414275
35 -0.0027661622734740376
36 0.0
37 0.00012846992687875548
38 0.0
39 -0.0002266010569238489
40 -0.0005853062527174472
41 -0.0027457483811303973
42 -0.0010716711989864727
43 -0.0026102347183041275
44 -0.000838871336221761
45 -0.0009032101386398782
46 0.0
47 0.0
48 0.00017228884642590822
49 -0.0025030978431459516
