1 1.000000
2 1.003232
3 1.006465
4 1.009697
5 1.012929
6 1.016162
7 1.019394
8 1.022626
9 1.025859
10 1.029091
11 1.032323
12 1.035556
13 1.038788
14 1.042020
15 1.045253
16 1.048485
17 1.051717
18 1.054949
19 1.058182
20 1.061414
21 1.064646
22 1.067879
23 1.071111
24 1.074343
25 1.077576
26 1.080808
27 1.084040
28 1.087273
29 1.090505
30 1.093737
31 1.096970
32 1.100202
33 1.103434
34 1.106667
35 1.109899
36 1.113131
37 1.116364
38 1.119596
39 1.122828
40 1.126061
41 1.129293
42 1.132525
43 1.135758
44 1.138990
45 1.142222
46 1.145455
47 1.148687
48 1.151919
49 1.155152
50 1.158384
51 1.161616
52 1.164848
53 1.168081
54 1.171313
55 1.174545
56 1.177778
57 1.181010
58 1.184242
59 1.187475
60 1.190707
61 1.193939
62 1.197172
63 1.200404
64 1.203636
65 1.206869
66 1.210101
67 1.213333
68 1.216566
69 1.219798
70 1.223030
71 1.226263
72 1.229495
73 1.232727
74 1.235960
75 1.239192
76 1.242424
77 1.245657
78 1.248889
79 1.252121
80 1.255354
81 1.258586
82 1.261818
83 1.265051
84 1.268283
85 1.271515
86 1.274747
87 1.277980
88 1.281212
89 1.284444
90 1.287677
91 1.290909
92 1.294141
93 1.297374
94 1.300606
95 1.303838
96 1.307071
97 1.310303
98 1.313535
99 1.316768
100 1.320000
