1 1.264979
2 1.288890
3 1.313155
4 1.337471
5 1.361451
6 1.384648
7 1.406593
8 1.426830
9 1.444943
10 1.460592
11 1.473536
12 1.483651
13 1.490942
14 1.495547
15 1.497729
16 1.497864
17 1.496420
18 1.493931
19 1.490965
20 1.488091
21 1.485845
22 1.484702
23 1.485041
24 1.487132
25 1.491113
26 1.496988
27 1.504624
28 1.513765
29 1.524043
30 1.535008
31 1.546154
32 1.556951
33 1.566880
34 1.575464
35 1.582303
36 1.587092
37 1.589650
38 1.589922
39 1.587992
40 1.584071
41 1.578489
42 1.571673
43 1.564121
44 1.556372
45 1.548972
46 1.542442
47 1.537243
48 1.533751
49 1.532231
50 1.532822
51 1.535531
52 1.540228
53 1.546656
54 1.554452
55 1.563160
56 1.572270
57 1.581242
58 1.589544
59 1.596683
60 1.602238
61 1.605884
62 1.607413
63 1.606748
64 1.603948
65 1.599200
66 1.592816
67 1.585205
68 1.576854
69 1.568293
70 1.560064
71 1.552691
72 1.546640
73 1.542296
74 1.539939
75 1.539721
76 1.541664
77 1.545653
78 1.551447
79 1.558690
80 1.566938
81 1.575683
82 1.584385
83 1.592509
84 1.599552
85 1.605081
86 1.608755
87 1.610350
88 1.609768
89 1.607049
90 1.602365
91 1.596008
92 1.588378
93 1.579949
94 1.571249
95 1.562820
96 1.555187
97 1.548827
98 1.544137
99 1.541410
100 1.540816
