1 1.000000
2 1.020051
3 1.040101
4 1.060152
5 1.080202
6 1.100253
7 1.120303
8 1.140354
9 1.160404
10 1.180455
11 1.200505
12 1.220556
13 1.240606
14 1.260657
15 1.280707
16 1.300758
17 1.320808
18 1.340859
19 1.360909
20 1.380960
21 1.401010
22 1.421061
23 1.441111
24 1.461162
25 1.481212
26 1.501263
27 1.521313
28 1.541364
29 1.561414
30 1.581465
31 1.601515
32 1.621566
33 1.641616
34 1.661667
35 1.681717
36 1.701768
37 1.721818
38 1.741869
39 1.761919
40 1.781970
41 1.802020
42 1.822071
43 1.842121
44 1.862172
45 1.882222
46 1.902273
47 1.922323
48 1.942374
49 1.962424
50 1.982475
51 2.002525
52 2.022576
53 2.042626
54 2.062677
55 2.082727
56 2.102778
57 2.122828
58 2.142879
59 2.162929
60 2.182980
61 2.203030
62 2.223081
63 2.243131
64 2.263182
65 2.283232
66 2.303283
67 2.323333
68 2.343384
69 2.363434
70 2.383485
71 2.403535
72 2.423586
73 2.443636
74 2.463687
75 2.483737
76 2.503788
77 2.523838
78 2.543889
79 2.563939
80 2.583990
81 2.604040
82 2.624091
83 2.644141
84 2.664192
85 2.684242
86 2.704293
87 2.724343
88 2.744394
89 2.764444
90 2.784495
91 2.804545
92 2.824596
93 2.844646
94 2.864697
95 2.884747
96 2.904798
97 2.924848
98 2.944899
99 2.964949
100 2.985000
