1 1.000000
2 1.065152
3 1.130303
4 1.195455
5 1.260606
6 1.325758
7 1.390909
8 1.456061
9 1.521212
10 1.586364
11 1.651515
12 1.716667
13 1.781818
14 1.846970
15 1.912121
16 1.977273
17 2.042424
18 2.107576
19 2.172727
20 2.237879
21 2.303030
22 2.368182
23 2.433333
24 2.498485
25 2.563636
26 2.628788
27 2.693939
28 2.759091
29 2.824242
30 2.889394
31 2.954545
32 3.019697
33 3.084848
34 3.150000
35 3.215152
36 3.280303
37 3.345455
38 3.410606
39 3.475758
40 3.540909
41 3.606061
42 3.671212
43 3.736364
44 3.801515
45 3.866667
46 3.931818
47 3.996970
48 4.062121
49 4.127273
50 4.192424
51 4.257576
52 4.322727
53 4.387879
54 4.453030
55 4.518182
56 4.583333
57 4.648485
58 4.713636
59 4.778788
60 4.843939
61 4.909091
62 4.974242
63 5.039394
64 5.104545
65 5.169697
66 5.234848
67 5.300000
68 5.365152
69 5.430303
70 5.495455
71 5.560606
72 5.625758
73 5.690909
74 5.756061
75 5.821212
76 5.886364
77 5.951515
78 6.016667
79 6.081818
80 6.146970
81 6.212121
82 6.277273
83 6.342424
84 6.407576
85 6.472727
86 6.537879
87 6.603030
88 6.668182
89 6.733333
90 6.798485
91 6.863636
92 6.928788
93 6.993939
94 7.059091
95 7.124242
96 7.189394
97 7.254545
98 7.319697
99 7.384848
100 7.450000
