1 0.992292
2 0.992292
3 0.992292
4 0.992292
5 0.992292
6 1.065865
7 1.180656
8 1.219330
9 1.219330
10 1.219330
11 1.219330
12 1.219330
13 1.219330
14 1.219330
15 1.219330
16 1.219330
17 1.219330
18 1.219330
19 1.219330
20 1.219330
21 1.219330
22 1.219330
23 1.219330
24 1.219330
25 1.219330
26 1.219330
27 1.219330
28 1.219330
29 1.219330
30 1.219330
31 1.219330
32 1.246581
33 1.307747
34 1.317783
35 1.317783
36 1.317783
37 1.317783
38 1.317783
39 1.317783
40 1.317783
41 1.317783
42 1.317783
43 1.317783
44 1.317783
45 1.317783
46 1.317783
47 1.317783
48 1.317783
49 1.317783
50 1.338470
51 1.370908
52 1.370908
53 1.370908
54 1.370908
55 1.370908
56 1.370908
57 1.370908
58 1.370908
59 1.370908
60 1.370908
61 1.370908
62 1.370908
63 1.370908
64 1.370908
65 1.370908
66 1.370908
67 1.370908
68 1.393041
69 1.393041
70 1.393041
71 1.393041
72 1.393041
73 1.393041
74 1.393041
75 1.393041
76 1.411878
77 1.411878
78 1.411878
79 1.411878
80 1.411878
81 1.411878
82 1.411878
83 1.411878
84 1.411878
85 1.411878
86 1.411878
87 1.411878
88 1.411878
89 1.411878
90 1.411878
91 1.411878
92 1.424981
93 1.500575
94 1.521645
95 1.521645
96 1.521645
97 1.521645
98 1.521645
99 1.521645
100 1.521645
