1 1.041727
2 1.041727
3 1.041727
4 1.041727
5 1.041727
6 1.133305
7 1.232131
8 1.279613
9 1.279613
10 1.279613
11 1.279613
12 1.279613
13 1.279613
14 1.279613
15 1.349029
16 1.407054
17 1.407054
18 1.407054
19 1.407054
20 1.407054
21 1.407054
22 1.407054
23 1.407054
24 1.447102
25 1.507266
26 1.509284
27 1.509284
28 1.509284
29 1.509284
30 1.509284
31 1.558564
32 1.660156
33 1.733581
34 1.747070
35 1.747070
36 1.747070
37 1.747070
38 1.747070
39 1.747070
40 1.747070
41 1.747070
42 1.786022
43 1.788617
44 1.788617
45 1.788617
46 1.788617
47 1.788617
48 1.822883
49 1.939857
50 2.040110
51 2.086021
52 2.086021
53 2.086021
54 2.086021
55 2.086021
56 2.086021
57 2.086021
58 2.136749
59 2.191265
60 2.203479
61 2.203479
62 2.203479
63 2.203479
64 2.203479
65 2.203479
66 2.236905
67 2.349553
68 2.458787
69 2.465883
70 2.465883
71 2.465883
72 2.465883
73 2.465883
74 2.465883
75 2.552200
76 2.618486
77 2.628460
78 2.628460
79 2.628460
80 2.628460
81 2.628460
82 2.628460
83 2.628460
84 2.652213
85 2.726839
86 2.802987
87 2.802987
88 2.802987
89 2.802987
90 2.802987
91 2.806915
92 2.930671
93 3.021579
94 3.057998
95 3.057998
96 3.057998
97 3.057998
98 3.057998
99 3.057998
100 3.057998
