1 0.822581
2 1.215801
3 1.215801
4 1.215801
5 1.227087
6 1.243798
7 1.532917
8 1.532917
9 1.532917
10 1.532917
11 1.532917
12 1.532917
13 1.538127
14 1.538127
15 1.652301
16 1.652301
17 1.652301
18 1.652301
19 1.652301
20 1.652301
21 1.652301
22 1.652301
23 1.783254
24 1.783254
25 1.783254
26 1.857186
27 1.857186
28 1.989924
29 1.989924
30 1.989924
31 1.989924
32 1.989924
33 1.989924
34 1.992139
35 1.992139
36 2.099871
37 2.099871
38 2.099871
39 2.099871
40 2.099871
41 2.099871
42 2.108253
43 2.108253
44 2.220773
45 2.220773
46 2.220773
47 2.220773
48 2.220773
49 2.363676
50 2.363676
51 2.363676
52 2.406482
53 2.406482
54 2.406482
55 2.406482
56 2.406482
57 2.504805
58 2.504805
59 2.504805
60 2.504805
61 2.504805
62 2.603326
63 2.603326
64 2.603326
65 2.603326
66 2.603326
67 2.603326
68 2.603326
69 2.603326
70 2.780368
71 2.780368
72 2.780368
73 2.780368
74 2.780368
75 2.780368
76 2.780368
77 2.780368
78 2.834301
79 2.834301
80 2.834301
81 2.838944
82 2.838944
83 2.947984
84 2.947984
85 2.947984
86 2.994620
87 2.994620
88 2.994620
89 2.994620
90 2.994620
91 3.086062
92 3.086062
93 3.086062
94 3.127241
95 3.127241
96 3.233091
97 3.233091
98 3.233091
99 3.233091
100 3.233091
