1 0.959867
2 1.028536
3 1.401542
4 1.401542
5 1.401542
6 1.586846
7 1.668503
8 1.971143
9 1.971143
10 1.971143
11 1.996793
12 2.030135
13 2.030135
14 2.243831
15 2.243831
16 2.533431
17 2.533431
18 2.533431
19 2.558604
20 2.558604
21 2.558604
22 2.704324
23 2.704324
24 3.002257
25 3.033151
26 3.033151
27 3.210056
28 3.210056
29 3.431391
30 3.431391
31 3.431391
32 3.529932
33 3.529932
34 3.529932
35 3.659931
36 3.659931
37 3.796507
38 3.796507
39 3.796507
40 3.966526
41 3.966526
42 4.227167
43 4.227167
44 4.227167
45 4.341288
46 4.341288
47 4.341288
48 4.474461
49 4.474461
50 4.690583
51 4.690583
52 4.690583
53 4.851519
54 4.851519
55 4.851519
56 4.924136
57 4.924136
58 5.180660
59 5.180660
60 5.180660
61 5.227751
62 5.227751
63 5.386871
64 5.386871
65 5.386871
66 5.650521
67 5.650521
68 5.650521
69 5.800390
70 5.800390
71 5.932885
72 5.932885
73 5.932885
74 6.051926
75 6.051926
76 6.051926
77 6.185105
78 6.185105
79 6.316978
80 6.316978
81 6.316978
82 6.448346
83 6.448346
84 6.672063
85 6.672063
86 6.672063
87 6.797432
88 6.797432
89 6.797432
90 6.797432
91 6.797432
92 7.113860
93 7.113860
94 7.113860
95 7.158540
96 7.158540
97 7.305497
98 7.305497
99 7.305497
100 7.499668
