1 1.215912
2 1.215912
3 1.215912
4 1.252185
5 1.252185
6 1.252185
7 1.430742
8 1.430742
9 1.557089
10 1.557089
11 1.557089
12 1.557089
13 1.557089
14 1.654157
15 1.654157
16 1.654157
17 1.681278
18 1.681278
19 1.681278
20 1.681278
21 1.681278
22 1.760029
23 1.760029
24 1.760029
25 1.899687
26 1.899687
27 1.899687
28 1.899687
29 1.899687
30 1.997046
31 1.997046
32 1.997046
33 1.997946
34 1.997946
35 2.107943
36 2.107943
37 2.107943
38 2.107943
39 2.107943
40 2.107943
41 2.107943
42 2.107943
43 2.216193
44 2.216193
45 2.216193
46 2.262097
47 2.262097
48 2.262097
49 2.284477
50 2.284477
51 2.428206
52 2.428206
53 2.428206
54 2.428206
55 2.428206
56 2.499201
57 2.499201
58 2.499201
59 2.513610
60 2.513610
61 2.513610
62 2.513610
63 2.513610
64 2.606392
65 2.606392
66 2.606392
67 2.696244
68 2.696244
69 2.822016
70 2.822016
71 2.822016
72 2.822016
73 2.822016
74 2.822016
75 2.822016
76 2.822016
77 2.887031
78 2.887031
79 2.887031
80 2.887031
81 2.887031
82 2.887031
83 2.887031
84 2.887031
85 3.038231
86 3.038231
87 3.038231
88 3.038231
89 3.038231
90 3.140273
91 3.140273
92 3.140273
93 3.169035
94 3.169035
95 3.169035
96 3.169035
97 3.169035
98 3.240899
99 3.240899
100 3.240899
