1 0.853814
2 1.148167
3 1.148167
4 1.265334
5 1.265334
6 1.265334
7 1.428160
8 1.428160
9 1.428160
10 1.464223
11 1.464223
12 1.590845
13 1.590845
14 1.590845
15 1.590845
16 1.590845
17 1.590845
18 1.591336
19 1.591336
20 1.710334
21 1.710334
22 1.710334
23 1.710334
24 1.710334
25 1.909587
26 1.909587
27 1.909587
28 1.909587
29 1.909587
30 1.909587
31 1.909587
32 1.909587
33 2.043119
34 2.043119
35 2.043119
36 2.043119
37 2.043119
38 2.127367
39 2.127367
40 2.127367
41 2.148128
42 2.148128
43 2.148128
44 2.155032
45 2.155032
46 2.270478
47 2.270478
48 2.270478
49 2.270478
50 2.270478
51 2.270478
52 2.270478
53 2.270478
54 2.376776
55 2.376776
56 2.376776
57 2.376776
58 2.376776
59 2.512402
60 2.512402
61 2.512402
62 2.512402
63 2.512402
64 2.512402
65 2.512402
66 2.512402
67 2.617016
68 2.617016
69 2.617016
70 2.617016
71 2.617016
72 2.617016
73 2.635445
74 2.635445
75 2.741885
76 2.741885
77 2.741885
78 2.741885
79 2.741885
80 2.829914
81 2.829914
82 2.829914
83 2.843160
84 2.843160
85 2.843160
86 2.870502
87 2.870502
88 3.002884
89 3.002884
90 3.002884
91 3.002884
92 3.002884
93 3.098643
94 3.098643
95 3.098643
96 3.098643
97 3.098643
98 3.098643
99 3.098643
100 3.098643
