1 1.236419
2 1.236419
3 1.236419
4 1.236419
5 1.236419
6 1.394803
7 1.394803
8 1.394803
9 1.411122
10 1.411122
11 1.411122
12 1.443306
13 1.443306
14 1.553918
15 1.553918
16 1.553918
17 1.620054
18 1.620054
19 1.620054
20 1.661290
21 1.661290
22 1.770707
23 1.770707
24 1.770707
25 1.829334
26 1.829334
27 1.939052
28 1.939052
29 1.939052
30 1.975508
31 1.975508
32 1.975508
33 1.989079
34 1.989079
35 2.109483
36 2.109483
37 2.109483
38 2.109483
39 2.109483
40 2.109483
41 2.109483
42 2.109483
43 2.198098
44 2.198098
45 2.198098
46 2.207750
47 2.207750
48 2.322792
49 2.322792
50 2.322792
51 2.409823
52 2.409823
53 2.409823
54 2.409823
55 2.409823
56 2.491204
57 2.491204
58 2.491204
59 2.530598
60 2.530598
61 2.642678
62 2.642678
63 2.642678
64 2.642678
65 2.642678
66 2.642678
67 2.703881
68 2.703881
69 2.829820
70 2.829820
71 2.829820
72 2.829820
73 2.829820
74 2.829820
75 2.829820
76 2.829820
77 2.863345
78 2.863345
79 2.863345
80 2.863345
81 2.863345
82 2.931400
83 2.931400
84 2.931400
85 3.004788
86 3.004788
87 3.004788
88 3.050566
89 3.050566
90 3.156995
91 3.156995
92 3.156995
93 3.184650
94 3.184650
95 3.323297
96 3.323297
97 3.323297
98 3.323297
99 3.323297
100 3.323297
