1 0.901609
2 1.162373
3 1.162373
4 1.371142
5 1.371142
6 1.371142
7 1.467150
8 1.467150
9 1.467150
10 1.467150
11 1.467150
12 1.559570
13 1.559570
14 1.559570
15 1.559570
16 1.559570
17 1.691355
18 1.691355
19 1.691355
20 1.691355
21 1.691355
22 1.691355
23 1.691355
24 1.691355
25 1.828599
26 1.828599
27 1.828599
28 1.828599
29 1.828599
30 1.828599
31 1.828599
32 1.828599
33 1.938529
34 1.938529
35 1.938529
36 1.956271
37 1.956271
38 2.064155
39 2.064155
40 2.064155
41 2.170019
42 2.170019
43 2.170019
44 2.187632
45 2.187632
46 2.295117
47 2.295117
48 2.295117
49 2.295117
50 2.295117
51 2.428298
52 2.428298
53 2.428298
54 2.428298
55 2.428298
56 2.428298
57 2.428298
58 2.428298
59 2.481763
60 2.481763
61 2.481763
62 2.554828
63 2.554828
64 2.554828
65 2.554828
66 2.554828
67 2.706159
68 2.706159
69 2.706159
70 2.736842
71 2.736842
72 2.856349
73 2.856349
74 2.856349
75 2.856349
76 2.856349
77 2.856349
78 2.856349
79 2.856349
80 2.929905
81 2.929905
82 2.929905
83 2.929905
84 2.929905
85 2.929905
86 2.929905
87 2.929905
88 3.030993
89 3.030993
90 3.030993
91 3.064812
92 3.064812
93 3.216227
94 3.216227
95 3.216227
96 3.216227
97 3.216227
98 3.216227
99 3.216227
100 3.216227
