0 0.0
1 -0.0005910006065080491
2 -0.0003505207026652369
3 -0.0009211576360085729
4 0.0
5 -0.0004736873608933629
6 0.0
7 -0.0007469224867942412
8 0.0
9 -0.00047005201472071655
10 -0.0009013146671382153
11 0.0
12 -0.0005842240768535142
13 -0.00044566264194221926
14 0.0
15 -0.00047755188149822315
16 -0.0002123526119246578
17 -0.0002604972615828699
18 -0.000952384599250957
19 0.0
20 -0.0005297673426841545
21 -0.0008569629388218295
22 0.0
23 -0.0008512125176105464
24 -0.0005493035361715908
25 -0.000528699514370431
26 0.0
27 -0.000554874987286314
28 -0.0005882455707378976
29 -0.0006037895628245602
30 0.0
31 -0.0005947195552896564
32 0.0
33 -0.0006104925941550463
34 -0.0009132434650164454
35 0.0
36 -0.0006692066194666995
37 0.0
38 -0.0009087689047004528
39 -0.00040456105338502763
40 -0.000682289939920869
41 -0.0009586331917529168
42 -0.0006716909324051906
43 0.0
44 -0.0006895378090116065
45 -0.0006662694748362198
46 -0.00037827853766488984
47 -0.0006733154154665169
48 -0.0006754496892500376
49 -0.0006966028028231083
