0 1.0553064994333372
1 1.0553064994333372
2 1.2057919364068241
3 1.2843203278239512
4 1.388519445206358
5 1.4830681824986423
6 1.4830681824986423
7 1.5342505280487426
8 1.5342505280487426
9 1.645728181676518
10 1.7202401714716429
11 1.8203102653867334
12 1.866657621897702
13 1.866657621897702
14 1.866657621897702
15 1.992097346081375
16 1.992097346081375
17 2.1242842926481584
18 2.202364886093345
19 2.202364886093345
20 2.255746246838683
21 2.3112208800820517
22 2.3846870080214013
23 2.3846870080214013
24 2.4330558693994853
25 2.4616272979709137
26 2.4616272979709137
27 2.4986307946215187
28 2.5353716866958695
29 2.5397408525947354
30 2.5397408525947354
31 2.621229163834988
32 2.621229163834988
33 2.621229163834988
34 2.621229163834988
35 2.621229163834988
36 2.621229163834988
37 2.6498005924064163
38 2.6783720209778448
39 2.6783720209778448
40 2.6783720209778448
41 2.6783720209778448
42 2.7069434495492732
43 2.7069434495492732
44 2.7069434495492732
45 2.7069434495492732
46 2.7069434495492732
47 2.7069434495492732
48 2.7069434495492732
49 2.7355148781207017
50 2.7355148781207017
51 2.7355148781207017
52 2.7355148781207017
53 2.7355148781207017
54 2.7355148781207017
55 2.7355148781207017
56 2.7355148781207017
57 2.7355148781207017
58 2.7355148781207017
59 2.7355148781207017
60 2.7355148781207017
61 2.76408630669213
62 2.76408630669213
63 2.7926577352635586
64 2.7926577352635586
65 2.7926577352635586
66 2.7926577352635586
67 2.7926577352635586
68 2.7926577352635586
69 2.7926577352635586
70 2.7926577352635586
71 2.7926577352635586
72 2.7926577352635586
73 2.7926577352635586
74 2.7926577352635586
75 2.7926577352635586
76 2.7926577352635586
77 2.7926577352635586
78 2.7926577352635586
79 2.7926577352635586
80 2.7926577352635586
81 2.7926577352635586
82 2.7926577352635586
83 2.7926577352635586
84 2.7926577352635586
85 2.7926577352635586
86 2.7926577352635586
87 2.7926577352635586
88 2.7926577352635586
89 2.7926577352635586
90 2.7926577352635586
91 2.821229163834987
92 2.821229163834987
93 2.821229163834987
94 2.821229163834987
95 2.821229163834987
96 2.821229163834987
97 2.821229163834987
98 2.821229163834987
99 2.821229163834987
