0 1.0889178967287283
1 1.2485733920476496
2 1.407260759497932
3 1.5442789236232013
4 1.5728503521946298
5 1.5728503521946298
6 1.5728503521946298
7 1.5728503521946298
8 1.5728503521946298
9 1.6014217807660582
10 1.6014217807660582
11 1.6014217807660582
12 1.6014217807660582
13 1.6014217807660582
14 1.6014217807660582
15 1.6014217807660582
16 1.6014217807660582
17 1.6014217807660582
18 1.6014217807660582
19 1.6014217807660582
20 1.6014217807660582
21 1.6014217807660582
22 1.6014217807660582
23 1.6014217807660582
24 1.6014217807660582
25 1.6014217807660582
26 1.6014217807660582
27 1.6014217807660582
28 1.6014217807660582
29 1.6014217807660582
30 1.6014217807660582
31 1.6014217807660582
32 1.6014217807660582
33 1.6014217807660582
34 1.6014217807660582
35 1.6299932093374867
36 1.6299932093374867
37 1.6299932093374867
38 1.6299932093374867
39 1.6299932093374867
40 1.6299932093374867
41 1.6299932093374867
42 1.6299932093374867
43 1.6299932093374867
44 1.6585646379089152
45 1.6585646379089152
46 1.6585646379089152
47 1.6871360664803436
48 1.6871360664803436
49 1.6871360664803436
