0 1.2
1 1.4
2 1.5691557046739781
3 1.7637033929280008
4 1.7637033929280008
5 1.7637033929280008
6 1.7925661720315602
7 1.8222663948116433
8 1.8222663948116433
9 1.8222663948116433
10 1.8222663948116433
11 1.8222663948116433
12 1.8222663948116433
13 1.8222663948116433
14 1.8222663948116433
15 1.8222663948116433
16 1.8222663948116433
17 1.8222663948116433
18 1.8222663948116433
19 1.8222663948116433
20 1.8222663948116433
21 1.8222663948116433
22 1.8222663948116433
23 1.8222663948116433
24 1.8222663948116433
25 1.8222663948116433
26 1.8222663948116433
27 1.8222663948116433
28 1.8222663948116433
29 1.8222663948116433
30 1.8222663948116433
31 1.8222663948116433
32 1.8222663948116433
33 1.8222663948116433
34 1.8508378233830718
35 1.8794092519545003
36 1.8794092519545003
37 1.8794092519545003
38 1.8794092519545003
39 1.9079806805259287
40 1.9365521090973572
41 1.9365521090973572
42 1.9365521090973572
43 1.9365521090973572
44 1.9365521090973572
45 1.9365521090973572
46 1.9365521090973572
47 1.9365521090973572
48 1.9365521090973572
49 1.9365521090973572
