0 1.0231585683064892
1 1.0523695023345614
2 1.0724659727801455
3 1.094852710345539
4 1.122529876722651
5 1.1453070854160146
6 1.1654655454816227
7 1.188215403861537
8 1.2105126050628479
9 1.232899074991604
10 1.2563380975521397
11 1.2792596545191686
12 1.3017801995373375
13 1.3017801995373375
14 1.3251452987715646
15 1.352480357923821
16 1.352480357923821
17 1.3724929370143812
18 1.3724929370143812
19 1.3962600104654073
20 1.3962600104654073
21 1.3962600104654073
22 1.421898727391251
23 1.445060108395767
24 1.4735989819553097
25 1.4967612423605503
26 1.5240037338275305
27 1.5469654991943078
28 1.5741300030142154
29 1.59247555097169
30 1.59247555097169
31 1.6183167345128662
32 1.6183167345128662
33 1.644320420509964
34 1.675483120620843
35 1.6953333288794281
36 1.6953333288794281
37 1.6953333288794281
38 1.7258898911900202
39 1.7258898911900202
40 1.7258898911900202
41 1.756863879686009
42 1.7818071887397944
43 1.8081483960606923
44 1.8341700482903371
45 1.8555072905673349
46 1.8775257794742282
47 1.8968524668697286
48 1.91609223669741
49 1.91609223669741
50 1.91609223669741
51 1.9438288877165184
52 1.9750481000016027
53 1.9750481000016027
54 1.9750481000016027
55 2.015948814459687
56 2.04456127925187
57 2.04456127925187
58 2.0854259658246943
59 2.0854259658246943
60 2.0854259658246943
61 2.1228879293247522
62 2.153298823132006
63 2.1836733646413315
64 2.2059357076360033
65 2.2272095559210454
66 2.246397585689877
67 2.2690333279570605
68 2.2863031965504055
69 2.297238132999763
70 2.297238132999763
71 2.297238132999763
72 2.297238132999763
73 2.3303715094770534
74 2.369635078614944
75 2.3897935818696876
76 2.3897935818696876
77 2.4173457718410862
78 2.4830810108297183
79 2.4830810108297183
80 2.5588202934005984
81 2.5920823678019915
82 2.6169143333734812
83 2.6345884463236002
84 2.6345884463236002
85 2.6345884463236002
86 2.660178420833022
87 2.6782835565141103
88 2.6917391644794435
89 2.6995149483622174
90 2.704828153694997
91 2.715401752269669
92 2.7290482588481253
93 2.7290482588481253
94 2.7290482588481253
95 2.7290482588481253
96 2.7548593497944798
97 2.785936766405519
98 2.785936766405519
99 2.785936766405519
