0 1.024792429754263
1 1.024792429754263
2 1.0434518401222177
3 1.0675945741516915
4 1.0675945741516915
5 1.0908663354477475
6 1.1100543033695223
7 1.1100543033695223
8 1.1339787949126714
9 1.157472888903358
10 1.181510715114105
11 1.2044188680042969
12 1.2275505997226213
13 1.2555823394798513
14 1.2783925777249217
15 1.3068387501764214
16 1.330014139144586
17 1.3493567744304389
18 1.3760674963018327
19 1.3998891952111996
20 1.3998891952111996
21 1.4287953656705112
22 1.451062912460847
23 1.451062912460847
24 1.451062912460847
25 1.451062912460847
26 1.4817489245310933
27 1.505704498078344
28 1.5329606675965948
29 1.5511902654958372
30 1.5700124843265608
31 1.5700124843265608
32 1.5700124843265608
33 1.59763716429538
34 1.59763716429538
35 1.6199379309354767
36 1.643345692252062
37 1.6684019836328947
38 1.6901437098531487
39 1.6901437098531487
40 1.7227555086306077
41 1.7227555086306077
42 1.7506234772937705
43 1.7776191922725635
44 1.8032561358198065
45 1.8032561358198065
46 1.8032561358198065
47 1.831170314025545
48 1.860351249625377
49 1.8868011863201397
50 1.8868011863201397
51 1.917340551100659
52 1.943481786288382
53 1.9769623091784179
54 1.9966493996515915
55 2.0134422388086226
56 2.0134422388086226
57 2.0358953524452135
58 2.0637254871468307
59 2.0885959489324915
60 2.1276480637118906
61 2.1483371281372645
62 2.16509823629132
63 2.16509823629132
64 2.1860256546542214
65 2.1860256546542214
66 2.210373206818781
67 2.2288169681256744
68 2.2288169681256744
69 2.2288169681256744
70 2.2288169681256744
71 2.2288169681256744
72 2.293199906249505
73 2.293199906249505
74 2.293199906249505
75 2.3706256714688383
76 2.441873923597252
77 2.480452138404794
78 2.5069875489073223
79 2.524179910767831
80 2.533874559394901
81 2.5405528024230177
82 2.5405528024230177
83 2.5405528024230177
84 2.5671018479645578
85 2.5855884811289593
86 2.5855884811289593
87 2.6121541023665658
88 2.6121541023665658
89 2.6337466525421678
90 2.6337466525421678
91 2.6337466525421678
92 2.6337466525421678
93 2.686047921703476
94 2.686047921703476
95 2.760152055917847
96 2.826208103694432
97 2.8663877366406973
98 2.8663877366406973
99 2.9125314366738198
