0 1.0232224552623221
1 1.0515530858027629
2 1.0727098780153015
3 1.0960095664412997
4 1.0960095664412997
5 1.1204226805515796
6 1.1394454669078258
7 1.162270750536795
8 1.185475750648792
9 1.2078292324986624
10 1.230572095215182
11 1.2531640195636229
12 1.2768277121254135
13 1.2768277121254135
14 1.3009017387280926
15 1.3009017387280926
16 1.3249681264805582
17 1.3450858065289906
18 1.3732173277376685
19 1.3953254363788195
20 1.4233559074878792
21 1.449966900496735
22 1.4714106752601364
23 1.4941667316860876
24 1.5203987334443427
25 1.5428884742887645
26 1.5428884742887645
27 1.56993406634062
28 1.56993406634062
29 1.592480883016331
30 1.611661743127241
31 1.635391827711894
32 1.6633179868567534
33 1.685207649510086
34 1.7120206079876856
35 1.7120206079876856
36 1.7362673699041542
37 1.7593119971864621
38 1.7804865119281552
39 1.805119707863608
40 1.8314857313372095
41 1.8314857313372095
42 1.855903680345169
43 1.8794475473376848
44 1.8794475473376848
45 1.9032812017023928
46 1.9277930314418092
47 1.9480096746189681
48 1.9480096746189681
49 1.970643238273886
50 1.9960485576238405
51 2.0208804706677403
52 2.0442540323702283
53 2.075678466170183
54 2.075678466170183
55 2.075678466170183
56 2.103864387526244
57 2.1344909829759326
58 2.1749051616969353
59 2.1996312517103713
60 2.1996312517103713
61 2.1996312517103713
62 2.1996312517103713
63 2.229610576473074
64 2.229610576473074
65 2.275732120937231
66 2.310894809169005
67 2.3376719563630113
68 2.3628030367913744
69 2.3628030367913744
70 2.394750206361815
71 2.4207863086315387
72 2.4452915317023045
73 2.461409415727136
74 2.4781281670066555
75 2.488839853158925
76 2.488839853158925
77 2.488839853158925
78 2.488839853158925
79 2.525900500360629
80 2.560815698226669
81 2.603816733701264
82 2.6313708382384706
83 2.6416323762268776
84 2.6553227712852028
85 2.664023094366097
86 2.6736258993148447
87 2.68066851588602
88 2.6874475064428114
89 2.6874475064428114
90 2.6960541285449318
91 2.7121890972293445
92 2.728104378642794
93 2.7312044410949525
94 2.73902621375842
95 2.7452719529941905
96 2.756918867533098
97 2.756918867533098
98 2.7769078133175493
99 2.79954738243467
