0 1.0062753706254166
1 1.0060241347355565
2 1.0060241347355565
3 1.0104914242387806
4 1.0113114255276907
5 1.0113114255276907
6 1.026229385087129
7 1.0251093774862
8 1.0251093774862
9 1.0251093774862
10 1.047027954446113
11 1.0467469153815876
12 1.0495566864807215
13 1.0521486647301785
14 1.0514309781053615
15 1.050199167451782
16 1.0570538541171954
17 1.0548465632784132
18 1.0575773009183052
19 1.0575773009183052
20 1.0575773009183052
21 1.0574995737119848
22 1.057486361248569
23 1.057486361248569
24 1.057486361248569
25 1.057486361248569
26 1.057486361248569
27 1.057486361248569
28 1.057486361248569
29 1.057486361248569
30 1.057486361248569
31 1.057486361248569
32 1.057486361248569
33 1.057486361248569
34 1.057486361248569
35 1.057486361248569
36 1.057486361248569
37 1.057486361248569
38 1.057486361248569
39 1.057486361248569
40 1.057486361248569
41 1.057486361248569
42 1.057486361248569
43 1.057486361248569
44 1.057486361248569
45 1.057486361248569
46 1.057486361248569
47 1.057486361248569
48 1.057486361248569
49 1.057486361248569
