1 0.955508
2 1.082070
3 1.203122
4 1.331291
5 1.518925
6 1.711269
7 1.883306
8 2.050263
9 2.115182
10 2.170705
11 2.176468
12 2.301059
13 2.393139
14 2.613509
15 2.764939
16 2.887056
17 3.010202
18 3.074380
19 3.074380
20 3.103858
21 3.179514
22 3.401422
23 3.578013
24 3.776033
25 3.900278
26 3.959793
27 4.049890
28 4.049890
29 4.091969
30 4.166668
31 4.289235
32 4.432789
33 4.630194
34 4.685664
35 4.700651
36 4.745741
37 4.745741
38 4.750579
39 4.910117
40 5.052298
41 5.202741
42 5.318789
43 5.383302
44 5.389412
45 5.442091
46 5.452512
47 5.542248
48 5.684505
49 5.829496
50 6.003525
51 6.064674
52 6.064674
53 6.064674
54 6.064674
55 6.064674
56 6.075999
57 6.204049
58 6.322714
59 6.456085
60 6.496408
61 6.496408
62 6.496408
63 6.496408
64 6.496408
65 6.612143
66 6.744616
67 6.905558
68 6.980563
69 6.988087
70 6.988087
71 6.988087
72 6.988087
73 6.988087
74 6.996558
75 7.088954
76 7.160779
77 7.180730
78 7.180730
79 7.180730
80 7.180730
81 7.180730
82 7.180730
83 7.238088
84 7.354825
85 7.457165
86 7.474810
87 7.474810
88 7.474810
89 7.474810
90 7.474810
91 7.474810
92 7.534268
93 7.599277
94 7.621612
95 7.621612
96 7.621612
97 7.621612
98 7.621612
99 7.621612
100 7.621612
