1 1.046354
2 1.072702
3 1.186139
4 1.309009
5 1.475425
6 1.707295
7 1.908470
8 2.107418
9 2.153750
10 2.153932
11 2.153932
12 2.185086
13 2.334399
14 2.532604
15 2.682660
16 2.892742
17 2.958421
18 2.972549
19 3.062651
20 3.080139
21 3.177122
22 3.350214
23 3.525559
24 3.749961
25 3.876996
26 3.942406
27 4.022835
28 4.022835
29 4.036579
30 4.152992
31 4.274444
32 4.411883
33 4.523054
34 4.671446
35 4.671446
36 4.678881
37 4.678881
38 4.730051
39 4.843043
40 4.984251
41 5.140001
42 5.266457
43 5.323334
44 5.391676
45 5.391676
46 5.391676
47 5.448971
48 5.596498
49 5.733062
50 5.876880
51 5.937234
52 5.937234
53 5.962034
54 5.962034
55 5.962034
56 5.967566
57 6.068864
58 6.186847
59 6.279577
60 6.342957
61 6.342957
62 6.342957
63 6.344515
64 6.382104
65 6.478969
66 6.610886
67 6.769402
68 6.895196
69 6.902214
70 6.902214
71 6.902214
72 6.902214
73 6.902214
74 6.902214
75 6.978838
76 7.076143
77 7.095717
78 7.095717
79 7.095717
80 7.095717
81 7.095717
82 7.095717
83 7.170805
84 7.287277
85 7.366829
86 7.384240
87 7.384240
88 7.384240
89 7.384240
90 7.384240
91 7.384240
92 7.436318
93 7.500816
94 7.513052
95 7.513052
96 7.513052
97 7.513052
98 7.513052
99 7.513052
100 7.513052
