1 0.934852
2 0.985086
3 1.206589
4 1.346650
5 1.535939
6 1.750711
7 1.921747
8 2.077373
9 2.124195
10 2.147493
11 2.147493
12 2.199059
13 2.368008
14 2.506438
15 2.710679
16 2.831892
17 2.946619
18 3.025054
19 3.025054
20 3.085451
21 3.160256
22 3.332003
23 3.545047
24 3.715129
25 3.838564
26 3.914018
27 4.021035
28 4.021035
29 4.035551
30 4.159089
31 4.280913
32 4.423683
33 4.539568
34 4.703069
35 4.703069
36 4.706325
37 4.706325
38 4.751261
39 4.844398
40 4.985930
41 5.135737
42 5.345591
43 5.402776
44 5.408281
45 5.433696
46 5.443534
47 5.505101
48 5.618670
49 5.763139
50 5.966544
51 6.027163
52 6.027163
53 6.027163
54 6.027163
55 6.027163
56 6.027163
57 6.073569
58 6.206371
59 6.353818
60 6.393708
61 6.460618
62 6.460618
63 6.460618
64 6.460618
65 6.578967
66 6.724048
67 6.847905
68 6.922562
69 6.929748
70 6.929748
71 6.929748
72 6.929748
73 6.929748
74 6.935804
75 7.027927
76 7.142827
77 7.162526
78 7.162526
79 7.162526
80 7.162526
81 7.162526
82 7.162526
83 7.217685
84 7.334245
85 7.413880
86 7.431369
87 7.431369
88 7.431369
89 7.431369
90 7.431369
91 7.431369
92 7.446100
93 7.510638
94 7.522909
95 7.522909
96 7.522909
97 7.522909
98 7.522909
99 7.522909
100 7.522909
