1 0.998551
2 0.998551
3 0.998551
4 0.998551
5 1.107116
6 1.248689
7 1.356776
8 1.486114
9 1.486114
10 1.486114
11 1.486114
12 1.486114
13 1.486114
14 1.504059
15 1.597010
16 1.684514
17 1.694424
18 1.694424
19 1.694424
20 1.694424
21 1.694424
22 1.713634
23 1.849389
24 1.967968
25 2.040573
26 2.049134
27 2.049134
28 2.049134
29 2.049134
30 2.049134
31 2.056607
32 2.148296
33 2.249419
34 2.259406
35 2.259406
36 2.259406
37 2.259406
38 2.259406
39 2.259406
40 2.259406
41 2.353181
42 2.429217
43 2.450276
44 2.450276
45 2.450276
46 2.450276
47 2.450276
48 2.463462
49 2.609286
50 2.692014
51 2.719307
52 2.719307
53 2.719307
54 2.719307
55 2.719307
56 2.719307
57 2.719307
58 2.719307
59 2.734651
60 2.747275
61 2.747275
62 2.747275
63 2.747275
64 2.747275
65 2.747275
66 2.803008
67 2.904311
68 2.972064
69 2.972064
70 2.972064
71 2.972064
72 2.972064
73 2.972064
74 2.972064
75 2.972064
76 2.997470
77 3.001348
78 3.001348
79 3.001348
80 3.001348
81 3.001348
82 3.001348
83 3.001348
84 3.038701
85 3.107900
86 3.115628
87 3.115628
88 3.115628
89 3.115628
90 3.115628
91 3.115628
92 3.115628
93 3.154943
94 3.162837
95 3.162837
96 3.162837
97 3.162837
98 3.162837
99 3.162837
100 3.162837
