1 1.012883
2 1.012883
3 1.012883
4 1.028314
5 1.130771
6 1.294243
7 1.457871
8 1.509511
9 1.509547
10 1.509547
11 1.509547
12 1.509547
13 1.509547
14 1.509547
15 1.563692
16 1.631075
17 1.663675
18 1.663675
19 1.663675
20 1.663675
21 1.663675
22 1.698788
23 1.824146
24 1.942584
25 2.015051
26 2.023475
27 2.023475
28 2.023475
29 2.023475
30 2.023475
31 2.035520
32 2.127083
33 2.234081
34 2.243945
35 2.243945
36 2.243945
37 2.243945
38 2.243945
39 2.243945
40 2.243945
41 2.344542
42 2.431814
43 2.450182
44 2.450182
45 2.450182
46 2.450182
47 2.450182
48 2.461367
49 2.563440
50 2.680705
51 2.707908
52 2.707908
53 2.707908
54 2.707908
55 2.707908
56 2.707908
57 2.707908
58 2.707908
59 2.725500
60 2.752702
61 2.752702
62 2.752702
63 2.752702
64 2.752702
65 2.752702
66 2.822048
67 2.923289
68 2.976745
69 2.994044
70 2.994044
71 2.994044
72 2.994044
73 2.994044
74 2.994044
75 2.994044
76 2.994044
77 2.994044
78 2.994044
79 2.994044
80 2.994044
81 2.994044
82 2.994044
83 2.994044
84 3.013262
85 3.082433
86 3.090133
87 3.090133
88 3.090133
89 3.090133
90 3.090133
91 3.090133
92 3.090133
93 3.135694
94 3.143576
95 3.143576
96 3.143576
97 3.143576
98 3.143576
99 3.143576
100 3.143576
