1 1.063518
2 1.063518
3 1.063518
4 1.063518
5 1.162317
6 1.289680
7 1.397423
8 1.490131
9 1.490131
10 1.490131
11 1.490131
12 1.490131
13 1.490131
14 1.490131
15 1.559183
16 1.623195
17 1.643606
18 1.643606
19 1.643606
20 1.643606
21 1.643606
22 1.652185
23 1.775484
24 1.893782
25 2.004643
26 2.062180
27 2.062180
28 2.062180
29 2.062180
30 2.062180
31 2.062180
32 2.129239
33 2.195079
34 2.216608
35 2.216608
36 2.216608
37 2.216608
38 2.216608
39 2.216608
40 2.221588
41 2.357225
42 2.433046
43 2.451308
44 2.451308
45 2.451308
46 2.451308
47 2.451308
48 2.451308
49 2.553455
50 2.635998
51 2.663110
52 2.663110
53 2.663110
54 2.663110
55 2.663110
56 2.663110
57 2.663110
58 2.663110
59 2.708878
60 2.751137
61 2.751137
62 2.751137
63 2.751137
64 2.751137
65 2.751137
66 2.832597
67 2.933776
68 2.986433
69 2.986433
70 2.986433
71 2.986433
72 2.986433
73 2.986433
74 2.986433
75 2.986433
76 2.986433
77 2.986433
78 2.986433
79 2.986433
80 2.986433
81 2.986433
82 2.986433
83 2.986433
84 3.021268
85 3.109861
86 3.117535
87 3.117535
88 3.117535
89 3.117535
90 3.117535
91 3.117535
92 3.117535
93 3.131691
94 3.139561
95 3.139561
96 3.139561
97 3.139561
98 3.139561
99 3.139561
100 3.139561
