1 1.027162
2 1.027162
3 1.032251
4 1.080355
5 1.184040
6 1.312790
7 1.421908
8 1.474737
9 1.510630
10 1.510630
11 1.510630
12 1.510630
13 1.510630
14 1.510630
15 1.591702
16 1.656956
17 1.686784
18 1.689936
19 1.689936
20 1.689936
21 1.689936
22 1.702937
23 1.827375
24 1.989277
25 2.062715
26 2.072097
27 2.072097
28 2.072097
29 2.072097
30 2.072097
31 2.119201
32 2.211644
33 2.278476
34 2.316798
35 2.316798
36 2.316798
37 2.316798
38 2.316798
39 2.316798
40 2.316798
41 2.374186
42 2.453185
43 2.472293
44 2.472293
45 2.472293
46 2.472293
47 2.472293
48 2.517261
49 2.619996
50 2.703280
51 2.731119
52 2.731119
53 2.731119
54 2.731119
55 2.731119
56 2.731119
57 2.731119
58 2.747409
59 2.812878
60 2.825948
61 2.825948
62 2.825948
63 2.825948
64 2.825948
65 2.825948
66 2.884127
67 2.985799
68 3.038934
69 3.038934
70 3.038934
71 3.038934
72 3.038934
73 3.038934
74 3.038934
75 3.038934
76 3.040713
77 3.069117
78 3.069117
79 3.069117
80 3.069117
81 3.069117
82 3.069117
83 3.069117
84 3.113765
85 3.183135
86 3.191022
87 3.191022
88 3.191022
89 3.191022
90 3.191022
91 3.191022
92 3.191022
93 3.201385
94 3.209351
95 3.209351
96 3.209351
97 3.209351
98 3.209351
99 3.209351
100 3.209351
