1 1.015103
2 1.015103
3 1.015103
4 1.015103
5 1.022502
6 1.147581
7 1.231828
8 1.260054
9 1.260054
10 1.260054
11 1.260054
12 1.260054
13 1.260054
14 1.260054
15 1.260054
16 1.260054
17 1.260054
18 1.260054
19 1.260054
20 1.260054
21 1.260054
22 1.260054
23 1.260054
24 1.284683
25 1.338038
26 1.338038
27 1.338038
28 1.338038
29 1.338038
30 1.338038
31 1.338038
32 1.338038
33 1.338038
34 1.338038
35 1.338038
36 1.338038
37 1.338038
38 1.338038
39 1.338038
40 1.338038
41 1.338038
42 1.358257
43 1.362069
44 1.362069
45 1.362069
46 1.362069
47 1.362069
48 1.362069
49 1.375410
50 1.445262
51 1.459935
52 1.459935
53 1.459935
54 1.459935
55 1.459935
56 1.459935
57 1.459935
58 1.459935
59 1.459935
60 1.459935
61 1.459935
62 1.459935
63 1.459935
64 1.459935
65 1.459935
66 1.459935
67 1.474893
68 1.519382
69 1.519382
70 1.519382
71 1.519382
72 1.519382
73 1.519382
74 1.519382
75 1.519382
76 1.519382
77 1.519382
78 1.519382
79 1.519382
80 1.519382
81 1.519382
82 1.519382
83 1.519382
84 1.519382
85 1.519382
86 1.519382
87 1.519382
88 1.519382
89 1.519382
90 1.519382
91 1.519382
92 1.519382
93 1.519382
94 1.519382
95 1.519382
96 1.519382
97 1.519382
98 1.519382
99 1.519382
100 1.519382
