1 0.962299
2 0.962299
3 0.962299
4 1.007827
5 1.194452
6 1.321640
7 1.429213
8 1.480513
9 1.498108
10 1.498108
11 1.498108
12 1.498108
13 1.498108
14 1.498108
15 1.575072
16 1.638929
17 1.648378
18 1.648378
19 1.648378
20 1.648378
21 1.648378
22 1.687287
23 1.810444
24 1.928601
25 2.000791
26 2.034571
27 2.034571
28 2.034571
29 2.034571
30 2.034571
31 2.034571
32 2.150568
33 2.216285
34 2.225905
35 2.225905
36 2.225905
37 2.225905
38 2.225905
39 2.225905
40 2.225905
41 2.321178
42 2.396892
43 2.454519
44 2.454519
45 2.454519
46 2.454519
47 2.454519
48 2.454519
49 2.555943
50 2.638393
51 2.665413
52 2.665413
53 2.665413
54 2.665413
55 2.665413
56 2.665413
57 2.665413
58 2.665413
59 2.700936
60 2.713336
61 2.713336
62 2.713336
63 2.713336
64 2.713336
65 2.713336
66 2.821186
67 2.922304
68 2.974901
69 2.974901
70 2.974901
71 2.974901
72 2.974901
73 2.974901
74 2.974901
75 2.974901
76 2.974901
77 2.974901
78 2.974901
79 2.974901
80 2.974901
81 2.974901
82 2.974901
83 2.974901
84 3.015965
85 3.085079
86 3.092726
87 3.092726
88 3.092726
89 3.092726
90 3.092726
91 3.092726
92 3.092726
93 3.123301
94 3.131159
95 3.131159
96 3.131159
97 3.131159
98 3.131159
99 3.131159
100 3.131159
