0 0.068737
1 0.041230
2 0.048949
3 0.038019
4 0.045925
5 0.048449
6 0.044749
7 0.059956
8 0.075943
9 0.040764
10 0.064666
11 0.040100
12 0.047386
13 0.042401
14 0.056226
15 0.034055
16 0.058276
17 0.057699
18 0.065244
19 0.039337
20 0.033664
21 0.038438
22 0.081526
23 0.063911
24 0.058140
25 0.065117
26 0.042321
27 0.028849
28 0.037466
29 0.029079
30 0.030866
31 0.044253
32 0.040827
33 0.057092
34 0.048272
35 0.056306
36 0.036647
37 0.031979
38 0.043326
39 0.078244
40 0.047702
41 0.073104
42 0.053523
43 0.051295
44 0.070023
45 0.046297
46 0.062213
47 0.059529
48 0.045768
49 0.061237
50 0.067700
51 0.042607
52 0.084742
53 0.046014
54 0.031476
55 0.057118
56 0.060536
57 0.038679
58 0.061276
59 0.068240
60 0.028536
61 0.045031
62 0.034372
63 0.034815
64 0.043391
65 0.050322
66 0.058061
67 0.079346
68 0.070137
69 0.069999
70 0.038071
