0 1.0691201365850043
1 1.157722798603351
2 1.2012157172230502
3 1.3114239313234712
4 1.3851011383669356
5 1.5433699294641483
6 1.7433699294641483
7 1.9084644283830323
8 1.9615953925646823
9 2.1615953925646822
10 2.259039376340383
11 2.4448037162617573
12 2.6448037162617575
13 2.8448037162617577
14 3.044803716261758
15 3.244803716261758
16 3.358450848926966
17 3.558450848926966
18 3.7584508489269663
19 3.9584508489269665
20 4.077811574976697
21 4.277811574976697
22 4.477811574976697
23 4.639725515388216
24 4.719123148991164
25 4.919123148991164
26 5.119123148991164
27 5.319123148991165
28 5.519123148991165
29 5.5676729331969685
30 5.767672933196969
31 5.967672933196969
32 6.167672933196969
33 6.367672933196969
34 6.367672933196969
35 6.567672933196969
36 6.76767293319697
37 6.96767293319697
38 7.16767293319697
39 7.36767293319697
40 7.56767293319697
41 7.56767293319697
42 7.648533663454951
43 7.848533663454951
44 8.04853366345495
45 8.24853366345495
46 8.448533663454949
47 8.448533663454949
48 8.448533663454949
49 8.448533663454949
50 8.648533663454948
51 8.848533663454948
52 9.048533663454947
53 9.248533663454946
54 9.29613775520716
55 9.29613775520716
56 9.29613775520716
57 9.29613775520716
58 9.49613775520716
59 9.49613775520716
60 9.49613775520716
61 9.69613775520716
62 9.896137755207159
63 10.096137755207158
64 10.096137755207158
65 10.296137755207157
66 10.496137755207156
67 10.496137755207156
68 10.696137755207156
69 10.896137755207155
70 10.896137755207155
71 10.896137755207155
72 10.896137755207155
73 10.896137755207155
74 10.896137755207155
75 11.096137755207154
76 11.096137755207154
77 11.096137755207154
78 11.096137755207154
79 11.096137755207154
80 11.296137755207154
81 11.296137755207154
82 11.496137755207153
83 11.496137755207153
84 11.496137755207153
85 11.696137755207152
86 11.696137755207152
87 11.696137755207152
88 11.896137755207151
89 11.896137755207151
90 11.896137755207151
91 11.896137755207151
92 12.09613775520715
93 12.29613775520715
94 12.29613775520715
95 12.29613775520715
96 12.29613775520715
97 12.29613775520715
98 12.49613775520715
99 12.49613775520715
