0 1.1232948171348076
1 1.1232948171348076
2 1.287841748235578
3 1.287841748235578
4 1.287841748235578
5 1.287841748235578
6 1.287841748235578
7 1.287841748235578
8 1.287841748235578
9 1.287841748235578
10 1.287841748235578
11 1.287841748235578
12 1.287841748235578
13 1.287841748235578
14 1.287841748235578
15 1.287841748235578
16 1.3164131768070064
17 1.344984605378435
18 1.344984605378435
19 1.344984605378435
20 1.344984605378435
21 1.344984605378435
22 1.3735560339498634
23 1.3735560339498634
24 1.3735560339498634
25 1.4021274625212918
26 1.4021274625212918
27 1.4021274625212918
28 1.4306988910927203
29 1.4306988910927203
30 1.4306988910927203
31 1.4306988910927203
32 1.4306988910927203
33 1.4306988910927203
34 1.4306988910927203
35 1.4306988910927203
36 1.4306988910927203
37 1.4306988910927203
38 1.4306988910927203
39 1.4592703196641488
40 1.4592703196641488
41 1.4592703196641488
42 1.4592703196641488
43 1.4592703196641488
44 1.4592703196641488
45 1.4592703196641488
46 1.4592703196641488
47 1.4592703196641488
48 1.4592703196641488
49 1.4592703196641488
