0 1.0944278047491784
1 1.2054264307097182
2 1.317723898910267
3 1.4581243086357265
4 1.5638183288880068
5 1.6856291369061354
6 1.6856291369061354
7 1.8291089281894743
8 1.879661265904946
9 2.0235468539616193
10 2.123198465985392
11 2.211977677235599
12 2.324245928738338
13 2.3824144493550374
14 2.445414788252473
15 2.445414788252473
16 2.494866258548587
17 2.494866258548587
18 2.494866258548587
19 2.5283658829793554
20 2.650080800167258
21 2.650080800167258
22 2.7068195823887984
23 2.7599995035844915
24 2.8304868886416066
25 2.8801096983926757
26 2.9170770475195336
27 3.0078031890325616
28 3.052507538201004
29 3.052507538201004
30 3.052507538201004
31 3.1061904386446244
32 3.1061904386446244
33 3.150914658145883
34 3.150914658145883
35 3.150914658145883
36 3.150914658145883
37 3.1794860867173114
38 3.20805751528874
39 3.27592841537738
40 3.27592841537738
41 3.27592841537738
42 3.355282697091051
43 3.355282697091051
44 3.355282697091051
45 3.355282697091051
46 3.3838541256624795
47 3.3838541256624795
48 3.3838541256624795
49 3.3838541256624795
50 3.3838541256624795
51 3.3838541256624795
52 3.3838541256624795
53 3.445209940301546
54 3.4928140320537606
55 3.4928140320537606
56 3.4928140320537606
57 3.4928140320537606
58 3.5455920453312424
59 3.5455920453312424
60 3.5455920453312424
61 3.574163473902671
62 3.6027349024740993
63 3.6027349024740993
64 3.6027349024740993
65 3.6027349024740993
66 3.6027349024740993
67 3.6027349024740993
68 3.6027349024740993
69 3.6027349024740993
70 3.6027349024740993
71 3.6027349024740993
72 3.6027349024740993
73 3.6027349024740993
74 3.6027349024740993
75 3.6027349024740993
76 3.6027349024740993
77 3.6027349024740993
78 3.6027349024740993
79 3.6027349024740993
80 3.6027349024740993
81 3.6027349024740993
82 3.6027349024740993
83 3.6027349024740993
84 3.6027349024740993
85 3.6027349024740993
86 3.6027349024740993
87 3.6027349024740993
88 3.6027349024740993
89 3.6027349024740993
90 3.6027349024740993
91 3.6027349024740993
92 3.6027349024740993
93 3.631306331045528
94 3.631306331045528
95 3.631306331045528
96 3.631306331045528
97 3.631306331045528
98 3.631306331045528
99 3.631306331045528
