0 1.010805844906269
1 1.1387685758019883
2 1.1387685758019883
3 1.1387685758019883
4 1.1887522740124123
5 1.1887522740124123
6 1.1887522740124123
7 1.1887522740124123
8 1.1887522740124123
9 1.1887522740124123
10 1.1887522740124123
11 1.1887522740124123
12 1.1887522740124123
13 1.1887522740124123
14 1.1887522740124123
15 1.1887522740124123
16 1.1887522740124123
17 1.2173237025838408
18 1.2173237025838408
19 1.2173237025838408
20 1.2458951311552693
21 1.2458951311552693
22 1.2458951311552693
23 1.2458951311552693
24 1.2744665597266978
25 1.2744665597266978
26 1.2744665597266978
27 1.3030379882981262
28 1.3030379882981262
29 1.3316094168695547
30 1.3316094168695547
31 1.3316094168695547
32 1.3316094168695547
33 1.3601808454409832
34 1.3601808454409832
35 1.3887522740124116
36 1.3887522740124116
37 1.3887522740124116
38 1.3887522740124116
39 1.41732370258384
40 1.41732370258384
41 1.41732370258384
42 1.41732370258384
43 1.41732370258384
44 1.41732370258384
45 1.41732370258384
46 1.41732370258384
47 1.41732370258384
48 1.41732370258384
49 1.41732370258384
