0 2.9386666666666665e-07
1 0.0005076013907224358
2 0.0017370692829260866
3 0.0017370692829260866
4 0.0
5 0.0
6 0.0
7 0.0
8 0.0017370692829260866
9 0.0
10 0.0
11 0.0
12 0.0017370692829260866
13 0.0017370692829260866
14 0.0017370692829260866
15 0.0
16 0.0017370692829260866
17 0.0
18 0.0017370692829260866
19 0.0008180087342086143
20 0.0017370692829260866
21 0.0017370692829260866
22 0.0017370692829260866
23 0.0
24 0.0017370692829260866
25 0.0017370692829260866
26 0.0017370692829260866
27 0.0
28 0.0017370692829260866
29 0.0017370692829260866
30 0.0017370692829260866
31 0.0017370692829260866
32 0.0017370692829260866
33 0.0
34 0.0017370692829260866
35 0.0017370692829260866
36 0.0
37 0.0
38 0.0017370692829260866
39 0.0017370692829260866
40 0.0017370692829260866
41 0.0
42 0.0017370692829260866
43 0.0017370692829260866
44 0.0017370692829260866
45 0.0017370692829260866
46 0.0017370692829260866
47 0.0
48 0.0017370692829260866
49 0.0
50 0.0
51 0.0017370692829260866
52 0.0017370692829260866
53 0.0017370692829260866
54 0.0017370692829260866
55 0.0
56 0.0
57 0.0017370692829260866
58 0.0
59 0.0005203419906416447
60 2.9386666666666665e-07
61 2.9386666666666665e-07
62 2.9386666666666665e-07
63 0.0017370692829260866
64 0.0017370692829260866
65 0.0012268661679795882
66 0.0017370692829260866
67 0.0017370692829260866
68 0.0017370692829260866
69 0.0017370692829260866
70 0.00013928222942167189
71 2.9386666666666665e-07
72 2.9386666666666665e-07
73 0.0005492978995489374
74 0.0017370692829260866
75 0.0009373070789066605
76 0.0
77 0.0017370692829260866
78 0.0
79 2.9386666666666665e-07
80 2.9386666666666665e-07
81 2.9386666666666665e-07
82 2.9386666666666665e-07
83 2.9386666666666665e-07
84 0.0
85 2.9386666666666665e-07
86 2.9386666666666665e-07
87 2.9386666666666665e-07
88 0.0017370692829260866
89 0.0
90 2.9386666666666665e-07
91 2.9386666666666665e-07
92 2.9386666666666665e-07
93 2.9386666666666665e-07
94 2.9386666666666665e-07
95 2.9386666666666665e-07
96 0.0
97 0.0
98 2.9386666666666665e-07
99 2.9386666666666665e-07
