0 0.00040741394590320296
1 0.0012836197494378821
2 2.9386666666666665e-07
3 0.004632660173655362
4 0.004632660173655362
5 0.0
6 0.004632660173655362
7 0.0
8 0.004632660173655362
9 0.004632660173655362
10 0.0
11 0.0
12 0.0
13 0.004632660173655362
14 0.0
15 0.004632660173655362
16 0.004632660173655362
17 0.002434906687591842
18 2.9386666666666665e-07
19 0.0
20 2.9386666666666665e-07
21 2.9386666666666665e-07
22 2.9386666666666665e-07
23 2.9386666666666665e-07
24 2.9386666666666665e-07
25 2.9386666666666665e-07
26 2.9386666666666665e-07
27 2.9386666666666665e-07
28 2.9386666666666665e-07
29 0.0
30 2.9386666666666665e-07
31 0.0
32 2.9386666666666665e-07
33 2.9386666666666665e-07
34 2.9386666666666665e-07
35 0.0
36 2.9386666666666665e-07
37 2.9386666666666665e-07
38 0.0
39 0.0
40 2.9386666666666665e-07
41 2.9386666666666665e-07
42 2.9386666666666665e-07
43 0.0
44 2.9386666666666665e-07
45 2.9386666666666665e-07
46 0.0
47 2.9386666666666665e-07
48 0.0
49 2.9386666666666665e-07
50 0.0
51 2.9386666666666665e-07
52 0.0
53 0.0
54 0.0
55 2.9386666666666665e-07
56 2.9386666666666665e-07
57 2.9386666666666665e-07
58 0.0
59 2.9386666666666665e-07
60 2.9386666666666665e-07
61 0.0
62 2.9386666666666665e-07
63 2.9386666666666665e-07
64 2.9386666666666665e-07
65 2.9386666666666665e-07
66 2.9386666666666665e-07
67 0.0
68 2.9386666666666665e-07
69 2.9386666666666665e-07
70 0.0
71 0.0
72 0.0
73 2.9386666666666665e-07
74 2.9386666666666665e-07
75 2.9386666666666665e-07
76 0.0
77 0.0
78 0.0
79 2.9386666666666665e-07
80 0.0
81 2.9386666666666665e-07
82 2.9386666666666665e-07
83 0.0
84 0.0
85 2.9386666666666665e-07
86 0.0
87 2.9386666666666665e-07
88 0.0
89 2.9386666666666665e-07
90 2.9386666666666665e-07
91 2.9386666666666665e-07
92 2.9386666666666665e-07
93 0.0
94 2.9386666666666665e-07
95 2.9386666666666665e-07
96 2.9386666666666665e-07
97 0.0
98 2.9386666666666665e-07
99 2.9386666666666665e-07
