0 18.109455085742944
1 18.109455085742944
2 815.374257380155
3 10.238625956273426
4 44.39729640935885
5 8.019740919043507
6 5.511059839287777
7 5.204509940129083
8 3.840914602456181
9 4.504351559133754
10 3.6648909629375233
11 3.956903056898017
12 3.191982445566579
13 3.4519801628834133
14 3.200710913728272
15 3.317851067543507
16 3.461165220872231
17 3.070130060051846
18 2.6860903469904356
19 2.786165783201354
20 2.8537747718024815
21 2.3093107687705396
22 2.315255271487978
23 2.5294406079482643
24 2.880883549618208
25 2.7047740605665838
26 2.7366430646124456
27 2.694628150061168
28 2.454594765978494
29 2.677223880867054
30 2.8034466101325353
31 2.3469446496166784
32 2.9731918531039048
33 2.4163206166300313
34 2.3498333913794514
35 2.3369096023193174
36 2.7850491735802825
37 2.4050971969119783
38 2.3458612585377847
39 2.482818189592824
40 2.9740218961161338
41 2.6714135310004625
42 2.5611250593162525
43 2.6578368531160796
44 2.6484416188330218
45 2.92833529024377
46 2.6631845238806306
47 2.692021235521732
48 2.5296896178463566
49 2.6482238201214825
