0 1.0909601707790133
1 1.0909601707790133
2 1.157275102766854
3 1.2483522829925822
4 1.341807140919439
5 1.4331205318166487
6 1.5059326574150447
7 1.5663870335684995
8 1.6217021675011116
9 1.6217021675011116
10 1.6671658935927585
11 1.7523995956362108
12 1.7920250767193855
13 1.8358239766327924
14 1.8358239766327924
15 1.8650500782431771
16 1.8650500782431771
17 1.9005827967533262
18 1.9005827967533262
19 1.9005827967533262
20 1.9345391111671337
21 1.9593673112056944
22 1.9796648216256463
23 1.9796648216256463
24 2.0023986447973683
25 2.0251862503813074
26 2.0251862503813074
27 2.052942629129827
28 2.078867432998572
29 2.1017209252015845
30 2.1017209252015845
31 2.122840429559077
32 2.1509320051693477
33 2.178709313694791
34 2.2125678670837132
35 2.2498169138080177
36 2.2498169138080177
37 2.285096405880009
38 2.3130237866368417
39 2.398453609891743
40 2.398453609891743
41 2.4257346099787895
42 2.446628527187166
43 2.446628527187166
44 2.4648329269063316
45 2.5271929923724494
46 2.5271929923724494
47 2.552908056690019
48 2.574364204516207
49 2.574364204516207
