0 1573
1 5243
4 5243
5 5243
6 5243
7 5243
10 5243
11 5243
12 5243
13 5243
14 5243
15 5243
16 5243
18 5243
20 5243
21 5243
22 5243
23 5243
24 5243
25 3145
26 2830
27 5242
28 5243
29 5243
30 5243
32 5243
33 5243
34 5243
35 5243
36 5243
37 5243
38 4268
39 5243
40 5243
42 5243
43 3874
46 2324
47 4603
48 5243
50 5243
52 5243
53 5243
55 5243
56 5243
57 3145
58 5243
59 3145
60 1887
62 7
63 4
64 3428
65 5243
66 1
67 5243
68 0
70 14
72 5243
73 5243
74 5243
75 3145
76 1
77 0
79 0
80 0
81 0
82 0
84 1004
85 5243
86 5243
87 3695
89 3547
90 5243
91 3145
92 5242
94 5243
95 0
96 0
97 0
99 0
100 0
101 5243
105 0
106 5243
107 5243
109 2813
110 5243
112 5243
115 3145
116 1887
117 4110
120 2466
121 5243
123 3145
124 5243
125 5243
128 0
129 0
130 0
131 0
132 0
133 5243
134 0
135 5243
137 3145
138 5243
139 0
140 0
141 0
142 0
146 0
147 0
148 0
149 5243
150 0
153 0
154 5243
155 3840
158 1125
160 0
161 0
164 2006
165 1203
166 0
168 0
169 0
171 2904
173 1742
175 0
176 0
178 3096
179 1857
180 5243
181 3886
182 0
183 0
185 0
187 0
190 0
191 0
192 0
194 5242
195 4993
198 2995
200 3
201 5243
202 3145
205 0
206 0
207 0
209 0
211 0
212 0
213 5243
215 3938
216 0
217 0
218 5243
219 4497
221 2698
222 0
224 0
225 0
226 0
227 0
228 0
229 0
230 0
231 0
232 0
233 0
235 0
236 0
237 0
238 0
241 5243
242 1
243 0
244 0
245 0
248 0
249 0
250 1335
251 0
252 5243
254 3145
255 0
257 0
258 0
259 0
260 0
261 0
263 0
265 0
266 0
267 0
268 5242
270 0
272 0
273 0
274 0
275 855
279 0
280 0
281 0
282 0
284 5243
285 3145
287 0
288 0
291 0
292 0
295 5243
296 0
299 0
300 0
301 0
305 0
307 0
308 0
309 0
313 0
314 0
315 0
319 0
320 0
322 0
324 5243
325 0
326 5243
327 3145
329 0
330 0
331 0
332 0
333 0
334 0
335 0
337 0
340 0
341 2243
342 0
343 0
344 0
347 0
348 5243
349 0
350 0
351 0
354 0
355 0
356 0
357 0
358 0
359 0
362 0
363 0
366 5243
368 0
369 0
371 0
373 0
374 5242
377 0
379 0
381 0
382 0
384 0
385 0
388 0
390 0
391 5242
392 0
393 0
394 0
395 0
397 0
401 2162
402 0
403 0
404 0
405 0
406 0
407 0
408 0
409 0
410 5243
411 3145
412 0
413 0
414 0
415 0
416 0
417 0
418 0
419 0
420 0
421 0
422 0
423 0
425 0
426 903
428 0
429 0
430 0
431 0
432 0
433 0
434 0
435 0
437 0
438 0
439 0
442 0
443 0
444 0
445 0
446 0
448 0
450 0
452 0
453 0
454 0
455 0
456 0
457 0
461 0
462 0
463 4752
464 2851
465 0
467 0
468 0
469 0
471 0
472 0
474 0
475 0
476 0
478 0
479 0
480 5243
481 3145
482 1887
484 0
485 0
486 0
487 0
488 3736
489 0
490 0
491 0
493 0
494 0
497 0
498 0
499 5
