0 2932
2 9774
3 9774
4 9774
5 9774
6 9774
7 9774
8 9774
9 9774
10 9774
11 9774
12 9774
13 9774
14 9774
16 9774
17 9774
18 9774
21 9774
22 9774
23 9774
24 9774
25 9774
27 9774
28 9774
29 9774
32 9774
33 5864
39 9774
41 9774
42 9774
43 9774
44 9774
45 5864
46 3518
49 2110
50 1266
51 0
52 9773
53 9774
56 5864
57 4508
58 9774
59 5864
61 9773
63 5863
65 9773
66 1
67 0
68 9773
69 1
70 9774
71 5864
72 5206
73 3608
75 2164
76 1
78 0
79 0
80 9774
81 3
82 1
84 0
85 9
86 6560
87 6116
88 9773
91 5863
92 9774
93 5864
94 2
95 0
96 0
100 0
101 0
102 0
103 0
105 0
106 0
108 0
110 9773
111 0
114 0
116 0
117 9774
119 5792
122 3475
124 0
125 0
126 0
127 0
130 0
131 0
134 0
135 0
141 0
142 9773
144 5863
145 2
147 9774
149 0
150 0
151 0
152 9773
153 5863
154 5586
155 3351
156 0
158 0
160 0
161 9773
164 9774
165 7936
167 1
168 0
170 0
171 0
172 0
174 0
175 9773
176 5863
177 0
178 0
179 0
180 854
181 0
183 0
184 9774
185 2
186 0
187 2
188 1
189 0
190 0
191 0
193 0
194 0
195 0
197 0
198 0
199 0
200 0
201 0
203 0
204 0
205 0
207 0
209 0
211 0
212 0
214 0
215 0
217 0
219 0
220 0
222 9774
223 0
224 0
225 0
227 4292
228 2575
229 7635
230 0
231 0
235 9773
236 4894
237 0
238 0
239 0
240 0
241 0
242 0
244 0
245 9687
246 5812
247 3487
248 0
249 0
250 0
251 0
252 0
255 0
256 0
258 9773
259 1
260 0
261 0
264 0
265 0
266 0
268 0
269 0
270 0
272 0
275 0
276 0
279 0
281 0
282 0
283 0
284 1808
285 1084
286 0
287 0
289 326
290 195
291 117
292 0
293 0
294 0
296 0
297 0
299 0
302 9773
303 5863
304 2
305 0
306 0
308 0
309 0
310 0
311 0
312 0
313 14
314 6951
315 4170
316 0
318 9774
319 5864
320 0
321 0
323 822
324 0
325 9774
327 5864
328 0
330 0
331 0
332 0
333 0
335 0
336 0
337 9774
338 0
339 0
340 0
342 8568
343 7298
344 0
345 0
346 0
347 0
348 0
349 1583
350 0
351 0
353 0
354 0
355 0
356 0
358 0
360 0
362 7316
364 0
366 0
367 2797
368 0
369 0
370 0
371 0
372 8943
375 5365
376 0
377 0
381 0
382 0
383 0
384 0
386 0
389 0
390 0
391 0
392 0
394 0
396 0
397 0
398 0
400 0
405 0
407 0
408 0
411 0
412 0
414 0
416 0
418 0
419 9774
420 0
421 0
422 0
423 0
424 0
425 0
426 2225
427 1335
429 801
430 0
431 0
433 0
435 0
437 0
440 0
441 0
442 0
443 1793
445 9774
446 5864
447 0
448 0
449 0
450 0
452 0
455 0
457 8829
458 5297
459 3178
460 0
461 0
463 0
467 0
468 0
470 0
471 0
472 0
473 0
478 0
479 3645
480 0
482 0
485 0
486 0
487 0
489 9773
490 9752
491 0
492 0
495 0
496 0
499 0
