0 2196
1 7320
2 7320
3 7320
5 7320
6 7320
11 7320
12 7320
13 7320
14 7320
17 7320
18 7320
19 7320
20 7320
21 7320
24 7320
25 7320
26 7320
28 7320
30 7320
31 7320
33 7320
34 7320
35 7320
36 7320
38 7320
39 7320
40 7320
41 7320
42 7320
43 7320
44 7320
45 7320
46 7320
47 7320
49 7320
50 7320
51 7320
54 7320
56 7320
57 7320
59 7320
60 7320
61 7320
63 7320
64 7320
67 7320
68 7320
70 7320
71 7320
72 7320
74 7320
76 7320
77 7320
78 7320
80 7320
81 7320
83 4392
85 7320
87 7320
88 7320
90 7320
91 7320
93 6558
96 2826
97 1695
98 2492
99 7320
103 7320
104 7320
106 7320
107 7320
108 7320
111 3523
113 2113
114 7320
115 4392
116 2635
117 0
118 6286
119 0
120 0
121 7320
122 5571
123 4449
124 0
126 7320
127 4392
128 0
129 7320
132 5477
133 0
134 7320
136 5162
137 3097
138 0
139 4249
143 7320
144 4392
145 7319
146 4391
147 7320
148 7320
151 1764
152 0
154 0
156 0
157 0
158 7320
159 7320
162 4392
163 0
164 0
167 0
168 0
169 0
170 0
171 0
172 0
173 0
174 0
175 0
176 0
177 7320
179 4392
180 7320
184 4350
185 7320
186 937
187 7319
188 6348
191 3808
192 7320
193 4392
196 3626
197 0
198 0
200 0
201 0
202 0
203 0
204 7320
205 7320
206 0
207 7320
208 4392
209 7320
210 0
211 1744
214 1046
216 0
218 0
220 7320
221 4497
222 0
223 3199
224 3840
226 2304
227 7320
228 4594
229 0
230 7320
231 6272
232 4925
233 0
234 0
238 6844
240 4106
242 7320
243 7320
244 7320
247 4653
249 7320
250 7320
252 4031
253 0
255 4780
256 7320
257 4392
258 7320
260 7320
261 6811
262 4086
263 0
264 0
268 0
269 383
270 7278
272 5284
273 7320
274 4151
276 0
278 7111
279 7320
282 4392
283 2635
284 0
285 0
286 7319
287 0
288 0
289 7320
290 4392
293 2635
295 7320
297 4995
298 7320
300 4392
301 7320
303 4881
304 1
305 7320
307 7320
308 7320
309 4562
311 7320
312 4392
313 7320
315 4392
316 3540
317 7319
319 4391
320 0
321 0
322 0
323 1538
324 7319
325 0
326 3375
327 2025
329 0
331 7320
332 4685
333 0
334 0
336 0
337 0
338 445
339 267
340 0
341 0
342 0
344 6034
345 3774
346 7319
348 0
349 0
350 5892
351 0
352 7320
353 6152
354 0
355 0
356 0
357 7320
358 6556
359 3933
360 7320
361 0
362 0
363 7320
364 1305
365 783
366 0
367 1167
368 0
369 0
370 0
372 0
373 0
374 1078
375 646
378 5237
379 3142
383 1885
385 0
386 0
388 0
389 7320
391 0
392 7319
394 4391
395 2634
396 0
399 7320
400 1820
402 7320
405 4392
412 7320
414 7320
416 7320
417 4392
418 0
420 0
421 7320
422 7320
423 7320
424 0
425 0
426 1092
427 655
428 0
431 0
433 4916
434 4459
436 2675
439 5665
440 3399
441 0
442 7319
444 4770
446 2862
447 0
449 0
450 0
451 7320
452 7320
453 6776
455 5913
456 3547
457 0
459 0
461 2158
463 0
466 7320
467 0
468 7320
470 0
471 7320
472 0
476 0
477 0
478 0
479 7320
482 4392
483 0
484 0
485 7320
487 4392
488 0
490 0
491 0
492 0
493 2632
494 1579
495 7319
496 6707
497 5742
498 0
