2 0
3 244
4 244
5 244
6 244
8 244
9 244
10 244
11 244
15 244
17 244
18 244
19 244
21 244
26 244
27 244
29 244
30 244
31 244
33 244
34 244
36 244
37 244
38 244
40 244
41 244
42 244
43 244
44 244
46 244
47 244
48 244
50 244
52 244
55 244
57 244
58 244
60 244
62 244
64 244
65 244
66 244
68 244
69 244
70 244
71 146
72 244
73 244
74 244
76 244
78 244
79 244
80 244
83 146
85 244
86 244
87 244
88 244
89 244
90 244
92 244
93 244
94 244
95 244
96 244
98 0
99 244
100 244
102 244
103 244
104 244
106 244
107 244
108 244
109 244
110 244
111 244
112 244
114 244
115 146
118 244
120 244
121 244
125 244
126 0
128 244
129 244
130 244
132 244
134 244
135 244
136 244
138 244
141 244
142 244
143 244
144 146
147 244
148 244
149 0
150 0
151 244
152 0
153 0
154 244
155 244
157 0
158 244
159 244
161 244
162 146
164 244
165 146
166 0
168 0
169 244
170 244
171 244
172 244
173 244
175 244
176 146
178 0
179 0
180 244
181 0
182 244
183 244
184 0
186 244
187 244
188 146
189 244
190 244
192 244
193 146
194 244
196 0
197 244
198 146
199 244
200 0
202 0
205 244
208 146
209 244
210 244
211 244
212 244
213 244
215 0
216 0
218 244
219 244
223 244
225 244
226 146
227 244
229 244
232 244
233 0
234 0
235 244
238 244
239 244
240 146
242 244
243 244
244 244
245 244
246 244
248 0
249 244
250 244
251 244
253 0
255 0
256 244
258 244
259 244
262 146
263 0
265 244
266 244
268 244
269 0
270 244
271 244
272 146
274 244
275 244
276 244
277 146
278 244
279 244
280 244
281 1
284 244
286 244
287 244
288 244
289 244
290 146
292 244
293 146
294 244
295 244
296 244
297 146
298 0
299 244
300 146
301 244
302 244
304 244
306 244
308 244
309 146
310 244
311 244
312 146
313 244
314 0
316 244
317 244
318 0
321 244
323 244
324 0
325 244
326 0
327 0
328 244
330 146
331 0
332 0
333 244
335 244
340 244
341 244
343 244
344 244
345 244
351 0
352 244
353 146
354 244
355 244
356 244
358 146
360 0
361 244
362 244
363 244
365 146
366 243
367 146
368 244
370 244
372 244
373 146
374 0
376 0
377 244
378 0
380 244
381 244
382 0
384 244
386 244
387 0
389 244
392 244
393 244
394 146
396 244
398 244
399 244
400 0
401 244
402 244
403 244
404 244
406 244
407 244
409 244
411 244
412 244
413 244
414 244
415 244
417 146
418 244
419 0
420 244
422 244
423 146
424 244
426 244
427 244
428 244
429 146
431 244
434 146
435 244
436 146
437 244
438 244
439 0
444 0
445 244
447 244
448 244
451 244
453 244
454 244
456 146
458 87
462 244
463 244
465 0
466 244
469 146
470 244
473 244
474 244
475 244
476 244
477 244
479 0
480 244
481 146
482 87
483 46
484 0
485 244
486 244
488 244
489 244
490 244
491 244
492 244
493 244
495 244
496 244
498 0
499 244
