0 818
1 2725
4 2725
6 2725
7 2725
8 2725
9 2725
10 2725
12 2725
13 2725
14 2725
15 2725
16 2725
17 2725
18 2725
19 2725
20 2725
21 2725
22 2725
23 2725
24 2725
28 2725
29 2725
30 2725
31 2725
32 2725
33 2725
35 2725
38 2725
40 2725
41 2725
43 2725
44 2725
45 2725
47 2725
48 2725
49 2725
50 2725
51 2725
52 2725
53 2725
54 2725
55 2725
57 2725
58 2725
59 2725
60 2725
61 2725
62 2725
66 2725
67 2725
69 2725
70 2725
71 2725
72 2725
74 2725
76 2725
77 2725
78 2725
79 2725
81 2725
84 2725
85 2725
86 2725
87 2725
88 2725
89 2725
90 2725
91 1635
92 2725
93 2586
95 0
96 2725
97 2541
99 2725
100 2725
101 2725
102 2725
103 2725
105 2725
107 2725
109 2725
110 2725
111 2724
112 2725
113 1635
114 333
117 0
118 2725
119 2725
121 2725
122 2725
124 2725
126 4
127 2
128 2725
130 2725
131 1659
132 1484
133 0
135 2725
136 1635
137 1130
138 2725
140 2725
141 2725
142 2725
143 0
144 0
145 2724
146 1710
147 2725
148 675
149 2725
150 2724
152 0
155 0
156 0
157 2725
159 0
161 2725
162 1635
163 2725
164 2725
165 2725
166 2725
167 2725
168 2725
170 2725
173 2725
176 1635
177 2725
178 0
179 0
180 0
182 2725
185 2725
186 2725
189 2725
190 2725
191 1635
193 981
194 2725
195 0
196 2725
197 0
199 2725
202 2371
203 2725
204 2725
206 2725
208 1635
209 2725
210 2725
212 2725
213 1062
214 637
215 0
218 2725
219 2725
221 1713
222 2725
223 0
225 2725
226 1635
227 2725
228 1635
230 409
234 2725
235 1778
236 2725
237 2725
238 2725
241 2725
242 2725
243 2653
245 2725
247 1933
248 2725
249 2725
251 2725
252 0
253 2725
254 1635
256 0
258 0
259 2724
261 2725
262 2725
264 1635
265 2725
266 2725
267 2711
268 2725
269 2725
271 2725
272 2725
273 2352
274 2725
277 1635
279 2725
282 1635
284 2725
285 1635
289 2725
291 2725
292 0
294 2725
295 0
296 0
298 2725
299 2725
300 1635
301 2725
302 2328
303 1396
304 2724
309 1634
310 2725
314 0
315 0
316 2725
317 3
318 0
319 0
320 0
321 2725
322 2725
324 0
326 0
327 0
328 2725
329 0
330 0
331 1038
332 622
334 373
335 2725
336 2725
337 0
338 2725
339 2355
342 2725
343 1983
344 2725
345 1710
346 0
347 0
348 2265
351 2152
352 0
353 0
355 2725
357 644
358 386
359 231
360 1797
361 2012
363 0
364 2725
369 1635
371 2725
372 2725
374 2725
375 1635
376 2725
377 0
378 2725
379 1635
380 0
382 2725
383 1635
384 2725
385 85
387 2725
388 5
389 0
391 2725
393 2725
394 1635
395 1165
397 0
398 2725
399 2725
400 2725
401 2725
403 0
404 2162
405 1787
406 2725
407 1105
408 2725
409 2725
410 0
413 0
414 2725
416 2725
417 1635
418 0
419 2725
420 0
421 2725
422 2725
423 1635
424 0
425 0
426 654
427 456
429 273
430 2725
432 2725
433 2725
435 2725
439 0
440 0
441 2606
442 2234
443 2725
444 1635
445 0
446 0
447 0
448 0
449 2725
450 0
453 0
454 1378
456 826
458 495
460 0
461 976
462 0
463 2725
464 2725
465 0
468 2725
469 2725
470 2725
471 0
472 416
474 2725
475 1635
476 2725
477 2725
479 0
480 0
481 0
483 0
484 2725
485 1314
486 2725
487 1635
488 2725
492 1635
494 1116
497 669
499 2724
