1 9996
3 9997
4 9997
5 9997
6 9997
7 9997
8 9997
9 9997
10 9997
11 9997
12 9997
14 9997
15 9997
16 9997
18 9997
19 9997
20 9997
21 9997
22 9997
24 9997
25 9997
26 9997
27 8407
28 9997
29 9997
30 9997
31 9997
32 9997
33 9997
34 9997
35 9997
36 9997
38 9997
39 9997
41 9997
42 9997
44 9997
45 9997
46 9997
48 9997
51 9997
52 9997
54 9997
57 9771
60 9319
61 9997
63 9997
65 9997
68 8877
71 9997
72 9997
74 9997
77 9010
78 9997
79 9997
80 9997
81 9566
83 9997
85 9003
86 9997
87 9785
88 9997
89 9997
90 9252
91 9997
93 9997
96 9997
97 9997
98 9997
99 7521
