1 9996
4 9997
5 9997
6 9997
7 9997
8 9997
9 9997
11 9997
13 9997
14 9629
15 9997
16 9997
17 9997
18 9997
21 9997
22 9997
23 9997
24 9997
25 9997
27 7351
28 9997
29 9997
30 9997
33 9997
35 9375
36 9997
37 9997
38 9049
39 8656
41 9996
43 9997
44 9997
45 9997
46 9997
47 9997
48 9997
49 9997
50 9997
52 9997
53 9997
54 9997
55 9997
58 9997
59 9997
60 9347
62 9997
63 9997
64 9997
65 9997
67 9997
68 8537
71 9997
72 9997
73 9997
74 9997
75 9997
76 9997
77 8662
79 9996
80 9997
81 8526
83 9996
84 9997
86 9997
87 8416
88 9997
89 9997
90 7861
91 9996
92 9997
94 9997
95 9997
96 9997
99 5998
