0 0.0
1 0.0
2 2.350541591644287
3 2.3817179203033447
4 2.374616861343384
5 2.374616861343384
6 2.374616861343384
7 2.5473766326904297
8 2.6028170585632324
9 2.6028170585632324
10 2.457520008087158
11 2.348391532897949
12 2.348391532897949
13 2.104069232940674
14 2.0092411041259766
15 1.8516545295715332
16 1.566917061805725
17 1.2587625980377197
18 0.9412531852722168
19 0.9412531852722168
20 0.9617776274681091
21 0.9453381896018982
22 1.1608223915100098
23 1.1608223915100098
24 0.8839954733848572
25 0.678505539894104
26 0.5885960459709167
27 0.5131557583808899
28 0.2196434736251831
29 0.16020609438419342
30 0.38931944966316223
31 0.6510626077651978
32 1.0924745798110962
33 1.04862380027771
34 0.4101775586605072
35 0.08519009500741959
36 0.07404178380966187
37 0.07404178380966187
38 0.07404178380966187
39 0.45087307691574097
40 0.6963675618171692
41 0.4144090712070465
42 0.4144090712070465
43 0.5509254336357117
44 0.5509254336357117
45 0.5224330425262451
46 0.4518674314022064
47 0.2893325984477997
48 0.21907563507556915
49 0.224167138338089
50 0.15632891654968262
51 0.15632891654968262
52 0.15632891654968262
53 0.1749362200498581
54 0.1749362200498581
55 0.2620939314365387
56 0.4098159372806549
57 0.4465062618255615
58 0.4465062618255615
59 0.5083807110786438
60 0.5083807110786438
61 0.5083807110786438
62 0.3133908808231354
63 0.6214131712913513
64 0.42479369044303894
65 0.42479369044303894
66 0.2566087245941162
67 0.2200142741203308
68 0.16263870894908905
69 0.08808644115924835
70 0.046175625175237656
71 0.046175625175237656
72 0.05937347933650017
73 0.05937347933650017
74 0.05937347933650017
75 0.3881792724132538
76 0.16241326928138733
77 0.37977084517478943
78 0.4152194559574127
79 0.3451058864593506
80 0.3451058864593506
81 0.18529953062534332
82 0.09186891466379166
83 0.18544550240039825
84 0.08459008485078812
85 0.08459008485078812
86 0.1322009265422821
87 0.1322009265422821
88 0.0937824547290802
89 0.14589136838912964
90 0.07997418195009232
91 0.13394978642463684
92 0.13394978642463684
93 0.13394978642463684
94 0.13394978642463684
95 0.18704436719417572
96 0.18704436719417572
97 0.20373821258544922
98 0.25456997752189636
99 0.25456997752189636
100 0.25456997752189636
101 0.29999852180480957
102 0.19093729555606842
103 0.13381212949752808
104 0.13381212949752808
105 0.13381212949752808
106 0.13032323122024536
107 0.19236968457698822
108 0.19236968457698822
109 0.16387735307216644
110 0.05751688778400421
111 0.1692955493927002
112 0.18494509160518646
113 0.08844008296728134
114 0.10898295789957047
115 0.10898295789957047
116 0.10898295789957047
117 0.10898295789957047
118 0.19631752371788025
119 0.19631752371788025
120 0.2895183861255646
121 0.18380455672740936
122 0.1219189241528511
123 0.1219189241528511
124 0.1183512881398201
125 0.1183512881398201
126 0.1183512881398201
127 0.162925124168396
128 0.13794198632240295
129 0.10657519847154617
130 0.05880437046289444
131 0.045996081084012985
132 0.09032559394836426
133 0.09032559394836426
134 0.14766015112400055
135 0.07513680309057236
136 0.07513680309057236
137 0.07513680309057236
138 0.03985883295536041
139 0.1527557075023651
140 0.1824241429567337
141 0.1824241429567337
142 0.1824241429567337
143 0.07314448058605194
144 0.11816780269145966
145 0.20208892226219177
146 0.20208892226219177
147 0.09205380827188492
148 0.19662751257419586
149 0.19662751257419586
150 0.12495683133602142
151 0.1856347769498825
152 0.09318628907203674
153 0.09947317838668823
154 0.10305947065353394
155 0.10305947065353394
156 0.09834612160921097
157 0.09811233729124069
158 0.07519563287496567
159 0.030319685116410255
160 0.030319685116410255
161 0.030895918607711792
162 0.030895918607711792
163 0.07201255112886429
164 0.24681921303272247
165 0.15371602773666382
166 0.15371602773666382
167 0.19707591831684113
168 0.13325786590576172
169 0.12075076252222061
170 0.12075076252222061
171 0.10974765568971634
172 0.07696834951639175
173 0.07696834951639175
174 0.07696834951639175
175 0.10798360407352448
176 0.041279394179582596
177 0.05913582816720009
178 0.15857748687267303
179 0.15857748687267303
180 0.22426080703735352
181 0.07708119601011276
182 0.06397725641727448
183 0.05678197368979454
184 0.044101614505052567
185 0.02927805669605732
186 0.08462679386138916
187 0.04258069768548012
188 0.08608990162611008
189 0.036824267357587814
190 0.06479989737272263
191 0.06479989737272263
192 0.20085711777210236
193 0.12444265931844711
194 0.11241262406110764
195 0.11241262406110764
196 0.11241262406110764
197 0.14515414834022522
198 0.14515414834022522
199 0.1852521300315857
200 0.10471399873495102
201 0.11944469809532166
202 0.11944469809532166
203 0.11944469809532166
204 0.06805111467838287
205 0.059863053262233734
206 0.059863053262233734
207 0.11155436933040619
208 0.04984493926167488
209 0.037567947059869766
210 0.1112603023648262
211 0.1112603023648262
212 0.08525539189577103
213 0.08525539189577103
214 0.16945385932922363
215 0.16945385932922363
216 0.16945385932922363
217 0.15628337860107422
218 0.14674687385559082
219 0.07475165277719498
220 0.1326892077922821
221 0.10329154878854752
222 0.07290255278348923
223 0.21101820468902588
224 0.21101820468902588
225 0.1871902346611023
226 0.09331989288330078
227 0.12385622411966324
228 0.12385622411966324
229 0.05164302513003349
230 0.10092277824878693
231 0.03697318956255913
232 0.03697318956255913
233 0.055994708091020584
234 0.020952189341187477
235 0.020952189341187477
236 0.07417671382427216
237 0.04535824432969093
238 0.04535824432969093
239 0.0479838065803051
240 0.015747640281915665
241 0.03103247471153736
242 0.06722303479909897
243 0.05256425961852074
244 0.06226633861660957
245 0.06226633861660957
246 0.07137876003980637
247 0.04293864220380783
248 0.0378548800945282
249 0.10818053036928177
250 0.10818053036928177
251 0.10818053036928177
252 0.09957705438137054
253 0.03928563371300697
254 0.128769651055336
255 0.07077854126691818
256 0.07077854126691818
257 0.07077854126691818
258 0.08036070317029953
259 0.26419976353645325
260 0.05810926854610443
261 0.05810926854610443
262 0.05810926854610443
263 0.05810926854610443
264 0.05810926854610443
265 0.11054497212171555
266 0.06833314150571823
267 0.13269086182117462
268 0.03664446622133255
269 0.04902208596467972
270 0.08890405297279358
271 0.04183352738618851
272 0.04250488057732582
273 0.03988194838166237
274 0.03988194838166237
275 0.03988194838166237
276 0.1135353147983551
277 0.1135353147983551
278 0.06815595179796219
279 0.13841362297534943
280 0.10159063339233398
281 0.10159063339233398
282 0.06866864114999771
283 0.06866864114999771
284 0.16078120470046997
285 0.16078120470046997
286 0.13611099123954773
287 0.13611099123954773
288 0.13611099123954773
289 0.13611099123954773
290 0.08811789005994797
291 0.07878433912992477
292 0.0966501384973526
293 0.0966501384973526
294 0.04832961782813072
295 0.07531068474054337
296 0.04695139825344086
297 0.07208537310361862
298 0.07208537310361862
299 0.058985162526369095
300 0.05215379595756531
301 0.0739850103855133
302 0.04109587147831917
303 0.025179531425237656
304 0.12511588633060455
305 0.033867333084344864
306 0.033867333084344864
307 0.03652242198586464
308 0.025116408243775368
309 0.11583121865987778
310 0.03371758013963699
311 0.03371758013963699
312 0.03371758013963699
313 0.0852697566151619
314 0.13119909167289734
315 0.13119909167289734
316 0.13119909167289734
317 0.047093525528907776
318 0.047093525528907776
319 0.03469904139637947
320 0.1375609189271927
321 0.11010768264532089
322 0.14775986969470978
323 0.06264140456914902
324 0.06264140456914902
325 0.06264140456914902
326 0.06066872552037239
327 0.07641027122735977
328 0.03953051194548607
329 0.03953051194548607
330 0.03953051194548607
331 0.10913785547018051
332 0.0429241806268692
333 0.0429241806268692
334 0.13791298866271973
335 0.13791298866271973
336 0.08309075981378555
337 0.08309075981378555
338 0.08309075981378555
339 0.08309075981378555
340 0.08309075981378555
341 0.04319867491722107
342 0.10509230941534042
343 0.10509230941534042
344 0.07876240462064743
345 0.04716039448976517
346 0.08711299300193787
347 0.08647862076759338
348 0.08647862076759338
349 0.08802556246519089
350 0.07697619497776031
351 0.05440155416727066
352 0.05440155416727066
353 0.05440155416727066
354 0.07433445751667023
355 0.026022635400295258
356 0.026022635400295258
357 0.08240954577922821
358 0.06547826528549194
359 0.04820334166288376
360 0.1303214430809021
361 0.06360509991645813
362 0.05846557766199112
363 0.14180311560630798
364 0.14180311560630798
365 0.12294770777225494
366 0.12294770777225494
367 0.12294770777225494
368 0.02186049520969391
369 0.02186049520969391
370 0.02186049520969391
371 0.20480407774448395
372 0.05265821889042854
373 0.05265821889042854
374 0.13510192930698395
375 0.11187978833913803
376 0.11187978833913803
377 0.0964815765619278
378 0.0964815765619278
379 0.06838785111904144
380 0.05547915771603584
381 0.10399584472179413
382 0.04369646683335304
383 0.0609951950609684
384 0.03388635069131851
385 0.03388635069131851
386 0.10128896683454514
387 0.10128896683454514
388 0.06508462876081467
389 0.06508462876081467
390 0.03736628219485283
391 0.03736628219485283
392 0.04106975346803665
393 0.04106975346803665
394 0.04106975346803665
395 0.09111596643924713
396 0.060117896646261215
397 0.060117896646261215
398 0.03044324927031994
399 0.11439510434865952
400 0.05933307111263275
401 0.05933307111263275
402 0.05933307111263275
403 0.040766485035419464
404 0.023349158465862274
405 0.04300161078572273
406 0.08472154289484024
407 0.1206309124827385
408 0.05059555172920227
409 0.052220895886421204
410 0.03772340342402458
411 0.14629362523555756
412 0.09169997274875641
413 0.10076257586479187
414 0.10076257586479187
415 0.08579321205615997
416 0.09618918597698212
417 0.09570775181055069
418 0.03471839427947998
419 0.0662161335349083
420 0.05296412110328674
421 0.08974393457174301
422 0.040017269551754
423 0.04007788002490997
424 0.04007788002490997
425 0.10439350455999374
426 0.11029967665672302
427 0.10699436068534851
428 0.03067263960838318
429 0.14719422161579132
430 0.14719422161579132
431 0.058258384466171265
432 0.058258384466171265
433 0.1201038509607315
434 0.03004082292318344
435 0.07880744338035583
436 0.07880744338035583
437 0.027305547147989273
438 0.027305547147989273
439 0.031670570373535156
440 0.03904764726758003
441 0.053890079259872437
442 0.08252823352813721
443 0.1404196172952652
444 0.1404196172952652
445 0.1404196172952652
446 0.05184699967503548
447 0.09919798374176025
448 0.09919798374176025
449 0.07919587939977646
450 0.07919587939977646
451 0.07919587939977646
452 0.05154700204730034
453 0.12677651643753052
454 0.11105267703533173
455 0.11105267703533173
456 0.05864103510975838
457 0.01994778774678707
458 0.06827525049448013
459 0.0649237111210823
460 0.0649237111210823
461 0.0525091290473938
462 0.07647549360990524
463 0.03455477952957153
464 0.10696613043546677
465 0.11798805743455887
466 0.11798805743455887
467 0.11616852134466171
468 0.11616852134466171
469 0.11616852134466171
470 0.06881993263959885
471 0.12869524955749512
472 0.06415638327598572
473 0.13709448277950287
474 0.13709448277950287
475 0.07174398750066757
476 0.054560087621212006
477 0.11751266568899155
478 0.0408472903072834
479 0.049907129257917404
480 0.037379372864961624
481 0.037379372864961624
482 0.06740652769804001
483 0.06015460938215256
484 0.04058186709880829
485 0.09110158681869507
486 0.08001220226287842
487 0.036336250603199005
488 0.0418488048017025
489 0.0418488048017025
490 0.024039722979068756
491 0.04305924102663994
492 0.07619418203830719
493 0.04729725047945976
494 0.05672628432512283
495 0.03931253403425217
496 0.05065181851387024
497 0.051053132861852646
498 0.051053132861852646
499 0.051053132861852646
