0 0.0
1 2.2778425216674805
2 2.205185890197754
3 2.205185890197754
4 2.143550395965576
5 2.143550395965576
6 2.3023719787597656
7 2.3023719787597656
8 2.484046697616577
9 2.440852642059326
10 2.440852642059326
11 2.440852642059326
12 2.440852642059326
13 2.4038538932800293
14 2.3684287071228027
15 2.216860294342041
16 1.9679690599441528
17 1.5746684074401855
18 1.5746684074401855
19 0.9865878224372864
20 0.938893735408783
21 0.938893735408783
22 1.7275456190109253
23 1.7038902044296265
24 1.7038902044296265
25 0.7592743039131165
26 0.7592743039131165
27 0.7592743039131165
28 0.8926325440406799
29 0.8926325440406799
30 1.0214120149612427
31 1.0214120149612427
32 0.7824335694313049
33 0.5296452641487122
34 0.5296452641487122
35 0.5296452641487122
36 0.6318574547767639
37 0.41821572184562683
38 0.40965011715888977
39 0.5054188966751099
40 0.3152258098125458
41 0.3152258098125458
42 0.33231624960899353
43 0.4570269286632538
44 0.4293631613254547
45 0.3972180485725403
46 0.3972180485725403
47 0.46056821942329407
48 0.46280741691589355
49 0.2744423747062683
50 0.43445149064064026
51 0.27270573377609253
52 0.27270573377609253
53 0.27270573377609253
54 0.35144171118736267
55 0.26085805892944336
56 0.35064786672592163
57 0.42540398240089417
58 0.41472116112709045
59 0.44668638706207275
60 0.40107354521751404
61 0.2534916400909424
62 0.2534916400909424
63 0.2557709515094757
64 0.17347602546215057
65 0.17347602546215057
66 0.1894754022359848
67 0.3027212619781494
68 0.35237202048301697
69 0.20528782904148102
70 0.3254872262477875
71 0.2182246744632721
72 0.2471979707479477
73 0.16304464638233185
74 0.16304464638233185
75 0.20319326221942902
76 0.2639463245868683
77 0.19223885238170624
78 0.24552969634532928
79 0.18251416087150574
80 0.1595127135515213
81 0.1595127135515213
82 0.18767602741718292
83 0.212053120136261
84 0.18781360983848572
85 0.18781360983848572
86 0.2438810020685196
87 0.28879138827323914
88 0.23467469215393066
89 0.23502151668071747
90 0.26860326528549194
91 0.27710407972335815
92 0.17344874143600464
93 0.144369974732399
94 0.15274624526500702
95 0.15274624526500702
96 0.13992442190647125
97 0.13992442190647125
98 0.07560747861862183
99 0.11379053443670273
100 0.11379053443670273
101 0.1661481261253357
102 0.1661481261253357
103 0.20680810511112213
104 0.20680810511112213
105 0.2562275826931
106 0.2562275826931
107 0.14335577189922333
108 0.14839588105678558
109 0.14839588105678558
110 0.1628672033548355
111 0.1628672033548355
112 0.1628672033548355
113 0.142830029129982
114 0.142830029129982
115 0.2399284541606903
116 0.20942354202270508
117 0.17696800827980042
118 0.2725839912891388
119 0.1592065393924713
120 0.1592065393924713
121 0.13720686733722687
122 0.1355704814195633
123 0.08548064529895782
124 0.08548064529895782
125 0.06904952228069305
126 0.1405583918094635
127 0.1405583918094635
128 0.10117197781801224
129 0.10113528370857239
130 0.10113528370857239
131 0.18223296105861664
132 0.18223296105861664
133 0.18468719720840454
134 0.1557229459285736
135 0.14261357486248016
136 0.258148193359375
137 0.15206804871559143
138 0.2127716839313507
139 0.16523346304893494
140 0.14888785779476166
141 0.14888785779476166
142 0.14888785779476166
143 0.10226315259933472
144 0.10226315259933472
145 0.10640054196119308
146 0.057629019021987915
147 0.15102355182170868
148 0.03450831025838852
149 0.19378727674484253
150 0.08560451865196228
151 0.08560451865196228
152 0.08560451865196228
153 0.08560451865196228
154 0.09580528736114502
155 0.09580528736114502
156 0.11558455228805542
157 0.11558455228805542
158 0.11558455228805542
159 0.27821630239486694
160 0.27821630239486694
161 0.2800368368625641
162 0.13138321042060852
163 0.12894293665885925
164 0.12894293665885925
165 0.12894293665885925
166 0.1605847030878067
167 0.146996408700943
168 0.07895241677761078
169 0.07895241677761078
170 0.10563212633132935
171 0.10563212633132935
172 0.07398802787065506
173 0.1011999323964119
174 0.06557798385620117
175 0.04276547580957413
176 0.04276547580957413
177 0.04276547580957413
178 0.04276547580957413
179 0.24682193994522095
180 0.13320104777812958
181 0.11905474215745926
182 0.10393521189689636
183 0.2043444663286209
184 0.11229822039604187
185 0.0936136543750763
186 0.0936136543750763
187 0.0936136543750763
188 0.13420718908309937
189 0.13420718908309937
190 0.13420718908309937
191 0.10722041875123978
192 0.10722041875123978
193 0.18885718286037445
194 0.10473552346229553
195 0.08305275440216064
196 0.1304941624403
197 0.1304941624403
198 0.062191132456064224
199 0.05273992195725441
200 0.06821569055318832
201 0.11123822629451752
202 0.09726729243993759
203 0.09726729243993759
204 0.06860805302858353
205 0.06860805302858353
206 0.11177442222833633
207 0.0771787241101265
208 0.0771787241101265
209 0.0771787241101265
210 0.0771787241101265
211 0.10077575594186783
212 0.1186576560139656
213 0.1415853649377823
214 0.1415853649377823
215 0.11492804437875748
216 0.06465152651071548
217 0.13411466777324677
218 0.13411466777324677
219 0.1068660244345665
220 0.1068660244345665
221 0.11152564734220505
222 0.16641393303871155
223 0.1124749556183815
224 0.1124749556183815
225 0.10683511197566986
226 0.06373612582683563
227 0.06373612582683563
228 0.07740761339664459
229 0.09580963104963303
230 0.09580963104963303
231 0.09580963104963303
232 0.09580963104963303
233 0.11741767078638077
234 0.14521777629852295
235 0.09640775620937347
236 0.07897977530956268
237 0.11325544118881226
238 0.11214835941791534
239 0.05733797326683998
240 0.05733797326683998
241 0.0637306272983551
242 0.06820570677518845
243 0.06820570677518845
244 0.0869036614894867
245 0.07093888521194458
246 0.07093888521194458
247 0.09171827137470245
248 0.09171827137470245
249 0.07471254467964172
250 0.07471254467964172
251 0.16509637236595154
252 0.16509637236595154
253 0.16509637236595154
254 0.0887284129858017
255 0.0887284129858017
256 0.13900181651115417
257 0.13900181651115417
258 0.13900181651115417
259 0.13900181651115417
260 0.13900181651115417
261 0.2312517911195755
262 0.07137127965688705
263 0.12619014084339142
264 0.12619014084339142
265 0.12619014084339142
266 0.13766901195049286
267 0.13803647458553314
268 0.13803647458553314
269 0.09937448799610138
270 0.13264331221580505
271 0.13412261009216309
272 0.08161573857069016
273 0.15022824704647064
274 0.04885336756706238
275 0.04885336756706238
276 0.0504220686852932
277 0.0504220686852932
278 0.09467948228120804
279 0.07144472002983093
280 0.05215764790773392
281 0.05215764790773392
282 0.05215764790773392
283 0.06017361208796501
284 0.09776610881090164
285 0.09776610881090164
286 0.09776610881090164
287 0.09776610881090164
288 0.06837787479162216
289 0.13370616734027863
290 0.13370616734027863
291 0.13370616734027863
292 0.12447777390480042
293 0.12447777390480042
294 0.14796613156795502
295 0.14796613156795502
296 0.14796613156795502
297 0.0779578760266304
298 0.117560014128685
299 0.08834956586360931
300 0.08608739078044891
301 0.13702575862407684
302 0.08742880821228027
303 0.08574755489826202
304 0.08574755489826202
305 0.08574755489826202
306 0.08231852948665619
307 0.08719713240861893
308 0.08719713240861893
309 0.057799819856882095
310 0.06845735758543015
311 0.04288221523165703
312 0.06783716380596161
313 0.06783716380596161
314 0.11307601630687714
315 0.11307601630687714
316 0.11307601630687714
317 0.042111825197935104
318 0.042111825197935104
319 0.05053930729627609
320 0.07108569890260696
321 0.1726296991109848
322 0.09274953603744507
323 0.1492367833852768
324 0.11864756792783737
325 0.0822099968791008
326 0.09035572409629822
327 0.10240434110164642
328 0.06348210573196411
329 0.03536025434732437
330 0.049653492867946625
331 0.049653492867946625
332 0.049653492867946625
333 0.08346980065107346
334 0.08203184604644775
335 0.1050085574388504
336 0.08683373034000397
337 0.07039666175842285
338 0.07039666175842285
339 0.05661820247769356
340 0.05661820247769356
341 0.07310964912176132
342 0.0740446075797081
343 0.026319148018956184
344 0.026319148018956184
345 0.026319148018956184
346 0.13345453143119812
347 0.13345453143119812
348 0.11565718054771423
349 0.17491072416305542
350 0.17491072416305542
351 0.17491072416305542
352 0.10443048179149628
353 0.12559127807617188
354 0.1223561018705368
355 0.0901593342423439
356 0.11806869506835938
357 0.10689350962638855
358 0.10689350962638855
359 0.0626838207244873
360 0.0687917172908783
361 0.0687917172908783
362 0.0687917172908783
363 0.0687917172908783
364 0.08477771282196045
365 0.06435796618461609
366 0.08941027522087097
367 0.06591501832008362
368 0.0817614495754242
369 0.10563559085130692
370 0.0996984913945198
371 0.061078619211912155
372 0.061078619211912155
373 0.04626469314098358
374 0.053518474102020264
375 0.053518474102020264
376 0.11587897688150406
377 0.11587897688150406
378 0.09212268888950348
379 0.09212268888950348
380 0.08720625191926956
381 0.09566408395767212
382 0.09566408395767212
383 0.060741573572158813
384 0.0547306202352047
385 0.0547306202352047
386 0.1388172060251236
387 0.08838727325201035
388 0.06318540871143341
389 0.09014937281608582
390 0.06206035614013672
391 0.047287795692682266
392 0.06226491183042526
393 0.06593882292509079
394 0.06593882292509079
395 0.11652427166700363
396 0.04166494682431221
397 0.09137368947267532
398 0.07966689020395279
399 0.07966689020395279
400 0.08164338022470474
401 0.07686889916658401
402 0.07686889916658401
403 0.07686889916658401
404 0.11541923880577087
405 0.11541923880577087
406 0.11541923880577087
407 0.13032153248786926
408 0.13032153248786926
409 0.11924606561660767
410 0.09594110399484634
411 0.046959035098552704
412 0.09619744122028351
413 0.14061520993709564
414 0.16954255104064941
415 0.04002225771546364
416 0.09495750814676285
417 0.07681023329496384
418 0.07681023329496384
419 0.07207287102937698
420 0.07207287102937698
421 0.07207287102937698
422 0.07207287102937698
423 0.0864013209939003
424 0.04371541365981102
425 0.04371541365981102
426 0.12895958125591278
427 0.0809289738535881
428 0.05392717942595482
429 0.05080161616206169
430 0.08133550733327866
431 0.05276292935013771
432 0.10689538717269897
433 0.10689538717269897
434 0.10689538717269897
435 0.10433456301689148
436 0.043740399181842804
437 0.11710800230503082
438 0.05234677344560623
439 0.092046357691288
440 0.092046357691288
441 0.10400452464818954
442 0.10400452464818954
443 0.03422242030501366
444 0.06980864703655243
445 0.08049469441175461
446 0.06772509962320328
447 0.10180381685495377
448 0.09408368915319443
449 0.09408368915319443
450 0.08758383989334106
451 0.09605039656162262
452 0.05680672079324722
453 0.05680672079324722
454 0.05680672079324722
455 0.039482295513153076
456 0.039482295513153076
457 0.039482295513153076
458 0.07774580270051956
459 0.07774580270051956
460 0.07774580270051956
461 0.10546738654375076
462 0.10546738654375076
463 0.10546738654375076
464 0.10546738654375076
465 0.11308436840772629
466 0.042143598198890686
467 0.042143598198890686
468 0.10907527804374695
469 0.09484466910362244
470 0.0734439492225647
471 0.09399884939193726
472 0.0901678130030632
473 0.02126229554414749
474 0.02126229554414749
475 0.02126229554414749
476 0.07896534353494644
477 0.10139579325914383
478 0.1009613499045372
479 0.1009613499045372
480 0.1009613499045372
481 0.04138084501028061
482 0.06263677775859833
483 0.06263677775859833
484 0.054875124245882034
485 0.06472565978765488
486 0.05032440647482872
487 0.12078958749771118
488 0.03932890668511391
489 0.03932890668511391
490 0.03932890668511391
491 0.03932890668511391
492 0.16294026374816895
493 0.12857404351234436
494 0.10207472741603851
495 0.03878621757030487
496 0.03878621757030487
497 0.03878621757030487
498 0.03878621757030487
499 0.07107145339250565
