0 0.0
1 2.313788414001465
2 2.230668067932129
3 2.230668067932129
4 2.230668067932129
5 2.299494981765747
6 2.299494981765747
7 2.299494981765747
8 2.787203073501587
9 2.759366035461426
10 2.5906691551208496
11 2.3850955963134766
12 2.133870840072632
13 2.133870840072632
14 2.133870840072632
15 2.133870840072632
16 1.9870014190673828
17 2.0055081844329834
18 2.0055081844329834
19 1.6671409606933594
20 1.3727682828903198
21 1.3727682828903198
22 1.129050850868225
23 1.1337203979492188
24 0.976914644241333
25 0.6608842611312866
26 0.4814993143081665
27 0.58242267370224
28 0.8141800761222839
29 0.8222185969352722
30 0.42610713839530945
31 0.42610713839530945
32 0.38488274812698364
33 0.7077031135559082
34 0.9274922609329224
35 0.8861992359161377
36 0.8861992359161377
37 0.3608049750328064
38 0.23464515805244446
39 0.3103348910808563
40 0.3103348910808563
41 0.3886604905128479
42 0.4664587378501892
43 0.4927781820297241
44 0.45818817615509033
45 0.45818817615509033
46 0.45818817615509033
47 0.665808379650116
48 0.665808379650116
49 0.5921600461006165
50 0.47859370708465576
51 0.3709522485733032
52 0.39621061086654663
53 0.1706535667181015
54 0.1287386268377304
55 0.1287386268377304
56 0.23510561883449554
57 0.3876219391822815
58 0.3876219391822815
59 0.6667173504829407
60 0.840700089931488
61 0.7258213758468628
62 0.3268749713897705
63 0.3268749713897705
64 0.07583565264940262
65 0.10447476804256439
66 0.10447476804256439
67 0.09810630232095718
68 0.11188815534114838
69 0.1882731169462204
70 0.1882731169462204
71 0.2790304124355316
72 0.2790304124355316
73 0.28167960047721863
74 0.5399181842803955
75 0.3605000376701355
76 0.24056285619735718
77 0.24056285619735718
78 0.24056285619735718
79 0.24056285619735718
80 0.33521074056625366
81 0.3517838716506958
82 0.3517838716506958
83 0.2226504683494568
84 0.29152023792266846
85 0.26264992356300354
86 0.17360474169254303
87 0.11015050113201141
88 0.09803376346826553
89 0.1937716156244278
90 0.14995093643665314
91 0.17595277726650238
92 0.06159152463078499
93 0.06223907321691513
94 0.1372111737728119
95 0.22981984913349152
96 0.2341766506433487
97 0.1716637760400772
98 0.13946589827537537
99 0.13946589827537537
100 0.15848402678966522
101 0.14016346633434296
102 0.26311933994293213
103 0.26311933994293213
104 0.26311933994293213
105 0.26311933994293213
106 0.2484409511089325
107 0.19543792307376862
108 0.23337514698505402
109 0.23899763822555542
110 0.11823531985282898
111 0.2998484969139099
112 0.2862897515296936
113 0.0991952046751976
114 0.0746837630867958
115 0.09150945395231247
116 0.09845150262117386
117 0.04134462773799896
118 0.17231693863868713
119 0.06911227107048035
120 0.06911227107048035
121 0.06911227107048035
122 0.06911227107048035
123 0.3088780641555786
124 0.48719531297683716
125 0.5475040674209595
126 0.5475040674209595
127 0.22750481963157654
128 0.29845213890075684
129 0.20862072706222534
130 0.20862072706222534
131 0.21201284229755402
132 0.09600730240345001
133 0.08719267696142197
134 0.11947130411863327
135 0.11947130411863327
136 0.1503206342458725
137 0.12142383307218552
138 0.12142383307218552
139 0.16702178120613098
140 0.16702178120613098
141 0.1383690983057022
142 0.33563756942749023
143 0.20623789727687836
144 0.1312253177165985
145 0.1312253177165985
146 0.1312253177165985
147 0.18203802406787872
148 0.1979258805513382
149 0.1979258805513382
150 0.1518808901309967
151 0.26164790987968445
152 0.12750056385993958
153 0.12750056385993958
154 0.19139058887958527
155 0.09223334491252899
156 0.09223334491252899
157 0.23709864914417267
158 0.23709864914417267
159 0.13148118555545807
160 0.26158636808395386
161 0.26158636808395386
162 0.1960030049085617
163 0.1234624981880188
164 0.14062997698783875
165 0.1884055882692337
166 0.20686660706996918
167 0.12920494377613068
168 0.07012740522623062
169 0.0718584880232811
170 0.11087141931056976
171 0.10837933421134949
172 0.1684374213218689
173 0.08016549050807953
174 0.1517375409603119
175 0.08960621058940887
176 0.08960621058940887
177 0.08960621058940887
178 0.10457710176706314
179 0.10457710176706314
180 0.17570696771144867
181 0.17570696771144867
182 0.2165372222661972
183 0.2165372222661972
184 0.2165372222661972
185 0.19970592856407166
186 0.1733621209859848
187 0.1733621209859848
188 0.11586868762969971
189 0.09836622327566147
190 0.09836622327566147
191 0.10331153869628906
192 0.08510218560695648
193 0.08510218560695648
194 0.034142348915338516
195 0.04121457412838936
196 0.11213278025388718
197 0.09670164436101913
198 0.10585340857505798
199 0.122959665954113
200 0.16039219498634338
201 0.2317335456609726
202 0.12164462357759476
203 0.12164462357759476
204 0.12164462357759476
205 0.0871070846915245
206 0.16170620918273926
207 0.17802885174751282
208 0.17802885174751282
209 0.17802885174751282
210 0.17802885174751282
211 0.13115988671779633
212 0.13115988671779633
213 0.1212536096572876
214 0.1212536096572876
215 0.22321189939975739
216 0.22321189939975739
217 0.36447906494140625
218 0.14319925010204315
219 0.14319925010204315
220 0.18720179796218872
221 0.09647441655397415
222 0.09647441655397415
223 0.15436333417892456
224 0.15436333417892456
225 0.11866724491119385
226 0.21111048758029938
227 0.16767358779907227
228 0.09626016020774841
229 0.10601885616779327
230 0.10601885616779327
231 0.06456486135721207
232 0.1645904928445816
233 0.1645904928445816
234 0.1645904928445816
235 0.15477873384952545
236 0.15477873384952545
237 0.10416817665100098
238 0.10416817665100098
239 0.12695425748825073
240 0.08396831154823303
241 0.16163623332977295
242 0.2187996208667755
243 0.10520978271961212
244 0.12557353079319
245 0.08649566024541855
246 0.09711107611656189
247 0.07849577814340591
248 0.02908576838672161
249 0.02908576838672161
250 0.12794776260852814
251 0.1558045744895935
252 0.035109516233205795
253 0.08204668015241623
254 0.09348727017641068
255 0.050434209406375885
256 0.165786474943161
257 0.09236396104097366
258 0.23446990549564362
259 0.09692306071519852
260 0.1915690153837204
261 0.1915690153837204
262 0.12112166732549667
263 0.12112166732549667
264 0.13277827203273773
265 0.13277827203273773
266 0.13277827203273773
267 0.13277827203273773
268 0.09181894361972809
269 0.09181894361972809
270 0.09181894361972809
271 0.08116747438907623
272 0.08116747438907623
273 0.19509238004684448
274 0.14994864165782928
275 0.1626044511795044
276 0.18620312213897705
277 0.08507415652275085
278 0.0466109961271286
279 0.0466109961271286
280 0.12278909981250763
281 0.1414123922586441
282 0.06795290112495422
283 0.0701996311545372
284 0.06632163375616074
285 0.06193350628018379
286 0.11365668475627899
287 0.06682655215263367
288 0.060628484934568405
289 0.12594901025295258
290 0.12594901025295258
291 0.08356186002492905
292 0.14822478592395782
293 0.037567734718322754
294 0.07226286083459854
295 0.10773403942584991
296 0.10773403942584991
297 0.06799178570508957
298 0.08019699901342392
299 0.08019699901342392
300 0.1688832938671112
301 0.1688832938671112
302 0.06726391613483429
303 0.135532945394516
304 0.24288205802440643
305 0.17631925642490387
306 0.17631925642490387
307 0.17631925642490387
308 0.16688792407512665
309 0.060686759650707245
310 0.13729342818260193
311 0.171963170170784
312 0.171963170170784
313 0.03243076056241989
314 0.08322495967149734
315 0.08322495967149734
316 0.11123046278953552
317 0.07180791348218918
318 0.09337633103132248
319 0.09608916193246841
320 0.09608916193246841
321 0.09608916193246841
322 0.06671837717294693
323 0.09191811829805374
324 0.09418520331382751
325 0.09418520331382751
326 0.09418520331382751
327 0.09418520331382751
328 0.07534763962030411
329 0.07534763962030411
330 0.11479925364255905
331 0.11479925364255905
332 0.32514411211013794
333 0.09636524319648743
334 0.1641814112663269
335 0.10856568813323975
336 0.10856568813323975
337 0.04966829717159271
338 0.13915321230888367
339 0.1112724021077156
340 0.1221420168876648
341 0.11590196937322617
342 0.11590196937322617
343 0.11590196937322617
344 0.06389066576957703
345 0.11301136016845703
346 0.06295038014650345
347 0.04999552667140961
348 0.0572635792195797
349 0.12331482023000717
350 0.07002943754196167
351 0.022304818034172058
352 0.057435501366853714
353 0.057798292487859726
354 0.12930701673030853
355 0.1506306231021881
356 0.1411140114068985
357 0.0916769802570343
358 0.0916769802570343
359 0.0834825411438942
360 0.09501336514949799
361 0.13389496505260468
362 0.1655634492635727
363 0.16960608959197998
364 0.20042426884174347
365 0.17053626477718353
366 0.055546391755342484
367 0.05517629534006119
368 0.0756411924958229
369 0.0854906365275383
370 0.0854906365275383
371 0.06485062837600708
372 0.10884978622198105
373 0.026098378002643585
374 0.026098378002643585
375 0.06507812440395355
376 0.08433294296264648
377 0.09167496114969254
378 0.1416267454624176
379 0.15799257159233093
380 0.08471985161304474
381 0.07896839827299118
382 0.05904921889305115
383 0.10920605063438416
384 0.12586285173892975
385 0.09179621189832687
386 0.038027890026569366
387 0.038027890026569366
388 0.05409449338912964
389 0.05409449338912964
390 0.05409449338912964
391 0.05409449338912964
392 0.2142614871263504
393 0.0964164212346077
394 0.09763149917125702
395 0.09763149917125702
396 0.0724337100982666
397 0.23138917982578278
398 0.21303443610668182
399 0.058687686920166016
400 0.06760906428098679
401 0.10198837518692017
402 0.10198837518692017
403 0.07748203724622726
404 0.16838669776916504
405 0.16838669776916504
406 0.14019179344177246
407 0.14019179344177246
408 0.03458288311958313
409 0.06296760588884354
410 0.1526426076889038
411 0.06162102892994881
412 0.06162102892994881
413 0.11012926697731018
414 0.11012926697731018
415 0.11012926697731018
416 0.12262526899576187
417 0.12262526899576187
418 0.15436498820781708
419 0.032320573925971985
420 0.032320573925971985
421 0.032320573925971985
422 0.06500214338302612
423 0.10337091982364655
424 0.056162890046834946
425 0.15612129867076874
426 0.20872630178928375
427 0.08754952996969223
428 0.029008302837610245
429 0.029008302837610245
430 0.08141601830720901
431 0.1806940883398056
432 0.10040049254894257
433 0.10470842570066452
434 0.10249033570289612
435 0.035163514316082
436 0.0890333279967308
437 0.06259229779243469
438 0.10703703761100769
439 0.10703703761100769
440 0.11944036930799484
441 0.06294288486242294
442 0.06294288486242294
443 0.026738470420241356
444 0.07637380808591843
445 0.15184660255908966
446 0.15184660255908966
447 0.15184660255908966
448 0.04282020777463913
449 0.0877157598733902
450 0.1470627635717392
451 0.07412402331829071
452 0.08105908334255219
453 0.08694233000278473
454 0.08694233000278473
455 0.08694233000278473
456 0.08694233000278473
457 0.04452301189303398
458 0.04452301189303398
459 0.10726184397935867
460 0.08211810141801834
461 0.051538508385419846
462 0.10883691906929016
463 0.12084829062223434
464 0.21375705301761627
465 0.21375705301761627
466 0.21375705301761627
467 0.09402823448181152
468 0.13657519221305847
469 0.049549758434295654
470 0.03767423331737518
471 0.03767423331737518
472 0.09555013477802277
473 0.09555013477802277
474 0.10666226595640182
475 0.11414582282304764
476 0.11414582282304764
477 0.10692411661148071
478 0.15492981672286987
479 0.15492981672286987
480 0.10518015921115875
481 0.0612451434135437
482 0.08026336133480072
483 0.04337475076317787
484 0.04337475076317787
485 0.04337475076317787
486 0.0594109483063221
487 0.12366101890802383
488 0.1256408393383026
489 0.10990772396326065
490 0.03632223978638649
491 0.03632223978638649
492 0.04280596226453781
493 0.10462222248315811
494 0.053279198706150055
495 0.06116620823740959
496 0.08664453774690628
497 0.06742866337299347
498 0.09946956485509872
499 0.04797076806426048
