0 0.0
1 2.367339849472046
2 2.367339849472046
3 2.3219048976898193
4 2.2846524715423584
5 2.2060389518737793
6 2.095731258392334
7 1.9465596675872803
8 1.9465596675872803
9 1.9465596675872803
10 1.9465596675872803
11 1.9465596675872803
12 1.9465596675872803
13 2.4426193237304688
14 2.4426193237304688
15 2.7321128845214844
16 2.7321128845214844
17 2.795910596847534
18 2.6160545349121094
19 2.1311910152435303
20 2.1311910152435303
21 0.948710024356842
22 0.948710024356842
23 0.4176359176635742
24 0.43418222665786743
25 0.43418222665786743
26 0.43418222665786743
27 1.9359272718429565
28 1.3794806003570557
29 1.3794806003570557
30 1.3794806003570557
31 0.31393930315971375
32 0.25189775228500366
33 0.25189775228500366
34 0.7847116589546204
35 0.7847116589546204
36 0.7847116589546204
37 0.5563404560089111
38 0.4965376853942871
39 0.4965376853942871
40 0.37606123089790344
41 0.1430475264787674
42 0.21786467730998993
43 0.21786467730998993
44 0.25452476739883423
45 0.3041117489337921
46 0.20947107672691345
47 0.2328638881444931
48 0.2328638881444931
49 0.3296482563018799
50 0.2184583842754364
51 0.32343360781669617
52 0.3879854381084442
53 0.3419014811515808
54 0.3419014811515808
55 0.3419014811515808
56 0.1727571189403534
57 0.1727571189403534
58 0.1601599007844925
59 0.1601599007844925
60 0.1601599007844925
61 0.30238208174705505
62 0.43160006403923035
63 0.2306375503540039
64 0.2306375503540039
65 0.28188958764076233
66 0.45849138498306274
67 0.45849138498306274
68 0.31350013613700867
69 0.22048862278461456
70 0.16515062749385834
71 0.18337570130825043
72 0.14513470232486725
73 0.14513470232486725
74 0.06255576759576797
75 0.15477396547794342
76 0.15477396547794342
77 0.24824050068855286
78 0.24824050068855286
79 0.2164829671382904
80 0.1833828091621399
81 0.17360824346542358
82 0.24771377444267273
83 0.24771377444267273
84 0.2597735822200775
85 0.2597735822200775
86 0.19091427326202393
87 0.2102566510438919
88 0.16311602294445038
89 0.08026060461997986
90 0.14846204221248627
91 0.15037989616394043
92 0.15037989616394043
93 0.3473947048187256
94 0.16787005960941315
95 0.16787005960941315
96 0.23385180532932281
97 0.1815032958984375
98 0.11428213864564896
99 0.2075655609369278
100 0.09361720085144043
101 0.09361720085144043
102 0.09361720085144043
103 0.10975395143032074
104 0.12822289764881134
105 0.18016663193702698
106 0.15581469237804413
107 0.14852972328662872
108 0.08181539177894592
109 0.08181539177894592
110 0.10204119235277176
111 0.08705448359251022
112 0.08705448359251022
113 0.19057908654212952
114 0.15386764705181122
115 0.15386764705181122
116 0.1249401718378067
117 0.17313510179519653
118 0.23775430023670197
119 0.16086532175540924
120 0.18122906982898712
121 0.13398988544940948
122 0.1974218338727951
123 0.14290767908096313
124 0.1587243527173996
125 0.1587243527173996
126 0.06857880204916
127 0.06857880204916
128 0.09191428124904633
129 0.14712736010551453
130 0.12096233665943146
131 0.10764312744140625
132 0.10764312744140625
133 0.1315489560365677
134 0.14400263130664825
135 0.17864243686199188
136 0.13823869824409485
137 0.13823869824409485
138 0.13823869824409485
139 0.10657156258821487
140 0.10657156258821487
141 0.1946280151605606
142 0.19149555265903473
143 0.08165531605482101
144 0.07604295760393143
145 0.07604295760393143
146 0.07604295760393143
147 0.07604295760393143
148 0.16802440583705902
149 0.16802440583705902
150 0.217620387673378
151 0.1446467936038971
152 0.11584661900997162
153 0.21948076784610748
154 0.1401604562997818
155 0.0839795246720314
156 0.15883928537368774
157 0.05971471592783928
158 0.09748691320419312
159 0.0517800971865654
160 0.069587841629982
161 0.069587841629982
162 0.0974244475364685
163 0.09371917694807053
164 0.07903444766998291
165 0.07903444766998291
166 0.07903444766998291
167 0.07322346419095993
168 0.16653326153755188
169 0.04232100024819374
170 0.11264370381832123
171 0.09216849505901337
172 0.10298657417297363
173 0.09877036511898041
174 0.13286367058753967
175 0.13286367058753967
176 0.0678805559873581
177 0.1222638189792633
178 0.06419181078672409
179 0.09180067479610443
180 0.2021978795528412
181 0.08200258016586304
182 0.15832149982452393
183 0.08158678561449051
184 0.16709105670452118
185 0.16709105670452118
186 0.11393393576145172
187 0.1488218903541565
188 0.1488218903541565
189 0.07023990899324417
190 0.05303667485713959
191 0.12475527822971344
192 0.12475527822971344
193 0.1769193410873413
194 0.1769193410873413
195 0.05925048887729645
196 0.05925048887729645
197 0.07679582387208939
198 0.15472251176834106
199 0.15664266049861908
200 0.10906266421079636
201 0.07140859961509705
202 0.07140859961509705
203 0.09971798211336136
204 0.06811103969812393
205 0.06438959389925003
206 0.06438959389925003
207 0.06438959389925003
208 0.045794252306222916
209 0.07364890724420547
210 0.13423120975494385
211 0.07081054151058197
212 0.10218062251806259
213 0.10218062251806259
214 0.0775800347328186
215 0.04080586135387421
216 0.15790769457817078
217 0.15790769457817078
218 0.0622406005859375
219 0.055571332573890686
220 0.055571332573890686
221 0.055571332573890686
222 0.09296958148479462
223 0.09296958148479462
224 0.08204812556505203
225 0.08204812556505203
226 0.05973007157444954
227 0.1926257610321045
228 0.07495652139186859
229 0.07495652139186859
230 0.07687573879957199
231 0.15157385170459747
232 0.09385035932064056
233 0.10680407285690308
234 0.10680407285690308
235 0.10680407285690308
236 0.14406155049800873
237 0.14406155049800873
238 0.15672950446605682
239 0.06404886394739151
240 0.07834867388010025
241 0.045401521027088165
242 0.02122824639081955
243 0.11612613499164581
244 0.028798986226320267
245 0.0339544303715229
246 0.09117675572633743
247 0.09117675572633743
248 0.06462429463863373
249 0.15812698006629944
250 0.1084863618016243
251 0.0487721748650074
252 0.057200733572244644
253 0.13467562198638916
254 0.13467562198638916
255 0.18375501036643982
256 0.18375501036643982
257 0.08602020889520645
258 0.0974627286195755
259 0.10754198580980301
260 0.10754198580980301
261 0.1419963240623474
262 0.06152300164103508
263 0.10168633610010147
264 0.08087990432977676
265 0.06959382444620132
266 0.08412949740886688
267 0.13788731396198273
268 0.0464482307434082
269 0.09082621335983276
270 0.030661165714263916
271 0.053115975111722946
272 0.0393998920917511
273 0.028520364314317703
274 0.028520364314317703
275 0.022215964272618294
276 0.022215964272618294
277 0.18042615056037903
278 0.061385996639728546
279 0.13519246876239777
280 0.13519246876239777
281 0.08213288336992264
282 0.08440062403678894
283 0.12301811575889587
284 0.12301811575889587
285 0.06635353714227676
286 0.18299870193004608
287 0.08329232782125473
288 0.08329232782125473
289 0.08329232782125473
290 0.13499052822589874
291 0.13499052822589874
292 0.08543483912944794
293 0.05413651466369629
294 0.05413651466369629
295 0.09173263609409332
296 0.09564585983753204
297 0.09564585983753204
298 0.10811860114336014
299 0.10811860114336014
300 0.06981859356164932
301 0.06981859356164932
302 0.06981859356164932
303 0.06981859356164932
304 0.09428688138723373
305 0.07928477972745895
306 0.07928477972745895
307 0.07724255323410034
308 0.04116232693195343
309 0.04116232693195343
310 0.2452927976846695
311 0.07691407203674316
312 0.054173365235328674
313 0.15264487266540527
314 0.0770682767033577
315 0.07055514305830002
316 0.1534760296344757
317 0.1534760296344757
318 0.15547145903110504
319 0.174337238073349
320 0.15874125063419342
321 0.06980210542678833
322 0.0644606426358223
323 0.07610288262367249
324 0.04255901649594307
325 0.1051156148314476
326 0.03365437686443329
327 0.03365437686443329
328 0.025835003703832626
329 0.05902662128210068
330 0.06115226447582245
331 0.06328632682561874
332 0.06328632682561874
333 0.07496282458305359
334 0.035311367362737656
335 0.035311367362737656
336 0.06294461339712143
337 0.036211252212524414
338 0.08138637244701385
339 0.08138637244701385
340 0.05904838442802429
341 0.07343671470880508
342 0.07343671470880508
343 0.10439383238554001
344 0.08624551445245743
345 0.039903637021780014
346 0.039903637021780014
347 0.04797757416963577
348 0.06172008812427521
349 0.06172008812427521
350 0.08991905301809311
351 0.08765818923711777
352 0.07617039233446121
353 0.11623498797416687
354 0.09997681528329849
355 0.06798215955495834
356 0.13449916243553162
357 0.13449916243553162
358 0.13449916243553162
359 0.13449916243553162
360 0.13449916243553162
361 0.13449916243553162
362 0.13449916243553162
363 0.11639968305826187
364 0.11825347691774368
365 0.05378689616918564
366 0.12075602263212204
367 0.06508821994066238
368 0.06508821994066238
369 0.06508821994066238
370 0.06508821994066238
371 0.06508821994066238
372 0.05368534103035927
373 0.09282932430505753
374 0.09282932430505753
375 0.09282932430505753
376 0.09282932430505753
377 0.11650411784648895
378 0.12283842265605927
379 0.09368325769901276
380 0.08636791259050369
381 0.07511290907859802
382 0.07113272696733475
383 0.07113272696733475
384 0.1302483230829239
385 0.12618468701839447
386 0.12618468701839447
387 0.09798498451709747
388 0.058233313262462616
389 0.09479095786809921
390 0.10939448326826096
391 0.0738731250166893
392 0.0738731250166893
393 0.10221591591835022
394 0.09353101998567581
395 0.09353101998567581
396 0.09353101998567581
397 0.12942016124725342
398 0.12942016124725342
399 0.0423852913081646
400 0.15076638758182526
401 0.07849723845720291
402 0.0759638324379921
403 0.04337891563773155
404 0.07474245131015778
405 0.05649072676897049
406 0.09988115727901459
407 0.09988115727901459
408 0.09988115727901459
409 0.05974004417657852
410 0.0710085853934288
411 0.0710085853934288
412 0.05335300415754318
413 0.04562728479504585
414 0.04359566420316696
415 0.07258180528879166
416 0.07258180528879166
417 0.13092876970767975
418 0.13092876970767975
419 0.10048629343509674
420 0.044109802693128586
421 0.06005279719829559
422 0.032138146460056305
423 0.032138146460056305
424 0.052304141223430634
425 0.0889003574848175
426 0.0889003574848175
427 0.10577724874019623
428 0.10577724874019623
429 0.09902991354465485
430 0.10244561731815338
431 0.10244561731815338
432 0.07381172478199005
433 0.16235142946243286
434 0.16235142946243286
435 0.16235142946243286
436 0.11281882971525192
437 0.07978072762489319
438 0.07978072762489319
439 0.11545009911060333
440 0.11545009911060333
441 0.11545009911060333
442 0.11545009911060333
443 0.1788654327392578
444 0.14253592491149902
445 0.06232795491814613
446 0.06232795491814613
447 0.06232795491814613
448 0.05311359092593193
449 0.02986719086766243
450 0.10612516105175018
451 0.03732284903526306
452 0.05106397718191147
453 0.1439158022403717
454 0.06712764501571655
455 0.052074410021305084
456 0.052074410021305084
457 0.052074410021305084
458 0.0790320485830307
459 0.09321977943181992
460 0.1221449226140976
461 0.0711270347237587
462 0.0711270347237587
463 0.06079033389687538
464 0.06079033389687538
465 0.05126052722334862
466 0.11295899748802185
467 0.05735088139772415
468 0.05735088139772415
469 0.03720206767320633
470 0.04813247174024582
471 0.04813247174024582
472 0.06582479923963547
473 0.03575519844889641
474 0.03575519844889641
475 0.07308106124401093
476 0.07308106124401093
477 0.07308106124401093
478 0.04752819985151291
479 0.14206843078136444
480 0.14206843078136444
481 0.12990982830524445
482 0.12990982830524445
483 0.12990982830524445
484 0.03591524064540863
485 0.051017876714468
486 0.051017876714468
487 0.06995571404695511
488 0.12973108887672424
489 0.06176379695534706
490 0.05636178329586983
491 0.08052344620227814
492 0.04495568200945854
493 0.06252884119749069
494 0.04900741204619408
495 0.05341096967458725
496 0.04442334175109863
497 0.06400863826274872
498 0.06946505606174469
499 0.0661059096455574
