0 0.0
1 2.387618064880371
2 2.309474229812622
3 2.309474229812622
4 2.309474229812622
5 2.3166885375976562
6 2.36847186088562
7 2.321143388748169
8 2.321143388748169
9 2.1086373329162598
10 2.012951374053955
11 1.9037606716156006
12 1.8069751262664795
13 1.8069751262664795
14 1.8069751262664795
15 1.8564867973327637
16 1.9274080991744995
17 1.9274080991744995
18 1.9274080991744995
19 1.9274080991744995
20 1.9274080991744995
21 2.7597522735595703
22 2.7597522735595703
23 2.531967878341675
24 2.531967878341675
25 1.1790716648101807
26 0.6658629179000854
27 0.323312908411026
28 0.323312908411026
29 2.701145887374878
30 2.5991523265838623
31 1.5630438327789307
32 0.689691960811615
33 0.23677094280719757
34 0.34840628504753113
35 0.8381357789039612
36 1.1833579540252686
37 1.1833579540252686
38 0.6174203753471375
39 0.6174203753471375
40 0.654647707939148
41 0.6452813148498535
42 0.7799183130264282
43 0.5946084260940552
44 0.5486966967582703
45 0.4725996255874634
46 0.40972232818603516
47 0.40972232818603516
48 0.4446287453174591
49 0.5415598154067993
50 0.5415598154067993
51 0.5511327981948853
52 0.39275750517845154
53 0.42815783619880676
54 0.3372496962547302
55 0.40709343552589417
56 0.40709343552589417
57 0.35429927706718445
58 0.3528323769569397
59 0.3528323769569397
60 0.4966830313205719
61 0.3680592179298401
62 0.29183322191238403
63 0.29183322191238403
64 0.228994220495224
65 0.22525812685489655
66 0.3595827519893646
67 0.3595827519893646
68 0.3595827519893646
69 0.45747414231300354
70 0.7501786947250366
71 0.7501786947250366
72 0.6106559038162231
73 0.5177163481712341
74 0.5177163481712341
75 0.33462998270988464
76 0.33462998270988464
77 0.24858735501766205
78 0.39286571741104126
79 0.13599954545497894
80 0.13599954545497894
81 0.1754579097032547
82 0.1754579097032547
83 0.1754579097032547
84 0.2684161067008972
85 0.4526280164718628
86 0.4526280164718628
87 0.426909476518631
88 0.5409618020057678
89 0.3397315740585327
90 0.3397315740585327
91 0.3397315740585327
92 0.3162980079650879
93 0.17570377886295319
94 0.12350473552942276
95 0.13083411753177643
96 0.1272689253091812
97 0.22426164150238037
98 0.22426164150238037
99 0.1950189769268036
100 0.2950149476528168
101 0.14661942422389984
102 0.22335004806518555
103 0.22335004806518555
104 0.31842899322509766
105 0.20188280940055847
106 0.20188280940055847
107 0.475833922624588
108 0.475833922624588
109 0.23002028465270996
110 0.23002028465270996
111 0.23002028465270996
112 0.3476012945175171
113 0.23775967955589294
114 0.3722529113292694
115 0.3330323100090027
116 0.2959415018558502
117 0.15838143229484558
118 0.15838143229484558
119 0.1943739950656891
120 0.12848985195159912
121 0.1538434475660324
122 0.10816265642642975
123 0.18563345074653625
124 0.31310367584228516
125 0.2185768187046051
126 0.23118063807487488
127 0.19299615919589996
128 0.19299615919589996
129 0.19299615919589996
130 0.19299615919589996
131 0.20089255273342133
132 0.2110886573791504
133 0.13201043009757996
134 0.13201043009757996
135 0.2434185892343521
136 0.1678319275379181
137 0.14865824580192566
138 0.23462702333927155
139 0.20505189895629883
140 0.15655900537967682
141 0.2747156322002411
142 0.2747156322002411
143 0.1453467458486557
144 0.1453467458486557
145 0.13113528490066528
146 0.21097522974014282
147 0.16864043474197388
148 0.17325760424137115
149 0.15916107594966888
150 0.10469505935907364
151 0.14132118225097656
152 0.14132118225097656
153 0.09377206116914749
154 0.09377206116914749
155 0.13364195823669434
156 0.20349939167499542
157 0.2768678367137909
158 0.24846884608268738
159 0.26659590005874634
160 0.2140510231256485
161 0.23435240983963013
162 0.0957169458270073
163 0.15873143076896667
164 0.08637497574090958
165 0.09320203959941864
166 0.06518968939781189
167 0.06518968939781189
168 0.06518968939781189
169 0.06518968939781189
170 0.19694149494171143
171 0.1475449800491333
172 0.1475449800491333
173 0.2658011019229889
174 0.2269328236579895
175 0.18224194645881653
176 0.18224194645881653
177 0.1899164915084839
178 0.1899164915084839
179 0.1899164915084839
180 0.1899164915084839
181 0.19265501201152802
182 0.19265501201152802
183 0.2668571472167969
184 0.11390324681997299
185 0.15042003989219666
186 0.15042003989219666
187 0.16282981634140015
188 0.08285610377788544
189 0.2000766396522522
190 0.19673165678977966
191 0.19673165678977966
192 0.17623338103294373
193 0.29504939913749695
194 0.1778607964515686
195 0.1123279556632042
196 0.10760926455259323
197 0.10760926455259323
198 0.13535739481449127
199 0.13535739481449127
200 0.13535739481449127
201 0.10577278584241867
202 0.10577278584241867
203 0.12490681558847427
204 0.2928793728351593
205 0.25238245725631714
206 0.12284451723098755
207 0.12284451723098755
208 0.2749379873275757
209 0.29647037386894226
210 0.29647037386894226
211 0.29647037386894226
212 0.22606973350048065
213 0.1917731612920761
214 0.1917731612920761
215 0.1917731612920761
216 0.17694693803787231
217 0.17694693803787231
218 0.14665202796459198
219 0.15780401229858398
220 0.15393505990505219
221 0.07532741129398346
222 0.11230062693357468
223 0.12731236219406128
224 0.1461382806301117
225 0.1461382806301117
226 0.1461382806301117
227 0.1774967908859253
228 0.1774967908859253
229 0.08487844467163086
230 0.11756983399391174
231 0.14241620898246765
232 0.192330464720726
233 0.192330464720726
234 0.17165817320346832
235 0.12827438116073608
236 0.12827438116073608
237 0.12827438116073608
238 0.12827438116073608
239 0.12827438116073608
240 0.12827438116073608
241 0.12827438116073608
242 0.2900114357471466
243 0.39216455817222595
244 0.39216455817222595
245 0.12473970651626587
246 0.12473970651626587
247 0.17577119171619415
248 0.17577119171619415
249 0.10296546667814255
250 0.2279912531375885
251 0.10978028923273087
252 0.10978028923273087
253 0.10978028923273087
254 0.09686284512281418
255 0.13799716532230377
256 0.11939369142055511
257 0.14387382566928864
258 0.09879082441329956
259 0.08723665773868561
260 0.155408576130867
261 0.155408576130867
262 0.0762520283460617
263 0.1891794353723526
264 0.1891794353723526
265 0.14622947573661804
266 0.14622947573661804
267 0.10748540610074997
268 0.0904187262058258
269 0.1893027126789093
270 0.1893027126789093
271 0.1893027126789093
272 0.18889062106609344
273 0.09326540678739548
274 0.33920231461524963
275 0.20210613310337067
276 0.20210613310337067
277 0.28676730394363403
278 0.28676730394363403
279 0.13777229189872742
280 0.09996460378170013
281 0.06251285970211029
282 0.1749602109193802
283 0.08207280188798904
284 0.08207280188798904
285 0.08207280188798904
286 0.12301648408174515
287 0.047968484461307526
288 0.12197872251272202
289 0.12197872251272202
290 0.12197872251272202
291 0.19470921158790588
292 0.19470921158790588
293 0.21274733543395996
294 0.21274733543395996
295 0.17536711692810059
296 0.09335344284772873
297 0.09335344284772873
298 0.2048625648021698
299 0.2048625648021698
300 0.2048625648021698
301 0.2048625648021698
302 0.2048625648021698
303 0.3531598746776581
304 0.1930558681488037
305 0.1930558681488037
306 0.2207432985305786
307 0.1761053502559662
308 0.15240585803985596
309 0.18768487870693207
310 0.08878277987241745
311 0.2282581627368927
312 0.19951876997947693
313 0.07592350989580154
314 0.12035808712244034
315 0.07466964423656464
316 0.08937609195709229
317 0.08937609195709229
318 0.17311991751194
319 0.17311991751194
320 0.054919417947530746
321 0.06829624623060226
322 0.06829624623060226
323 0.11501513421535492
324 0.11501513421535492
325 0.11501513421535492
326 0.13375680148601532
327 0.10864575952291489
328 0.10864575952291489
329 0.10864575952291489
330 0.10864575952291489
331 0.19234102964401245
332 0.19234102964401245
333 0.19234102964401245
334 0.15518911182880402
335 0.16811293363571167
336 0.1483883410692215
337 0.1483883410692215
338 0.20319712162017822
339 0.1575309783220291
340 0.21508166193962097
341 0.09538500010967255
342 0.07370155304670334
343 0.20323951542377472
344 0.07801681011915207
345 0.10995728522539139
346 0.10119396448135376
347 0.09414182603359222
348 0.21587806940078735
349 0.04824144020676613
350 0.13702964782714844
351 0.13702964782714844
352 0.030237654224038124
353 0.07701108604669571
354 0.07701108604669571
355 0.15263065695762634
356 0.26078271865844727
357 0.26078271865844727
358 0.05768962576985359
359 0.05768962576985359
360 0.09289319068193436
361 0.08750361949205399
362 0.15007181465625763
363 0.12164212018251419
364 0.12164212018251419
365 0.12164212018251419
366 0.140743687748909
367 0.1439104676246643
368 0.13365726172924042
369 0.09274007380008698
370 0.10272036492824554
371 0.174489364027977
372 0.14012779295444489
373 0.12552224099636078
374 0.14191924035549164
375 0.059727154672145844
376 0.07672127336263657
377 0.07672127336263657
378 0.07672127336263657
379 0.07672127336263657
380 0.07672127336263657
381 0.07672127336263657
382 0.07672127336263657
383 0.21252863109111786
384 0.1440189629793167
385 0.11548185348510742
386 0.11548185348510742
387 0.1840549260377884
388 0.1631125658750534
389 0.14606709778308868
390 0.09114288538694382
391 0.11594127118587494
392 0.11594127118587494
393 0.11594127118587494
394 0.11594127118587494
395 0.11594127118587494
396 0.11249089986085892
397 0.11249089986085892
398 0.15312626957893372
399 0.17561344802379608
400 0.17561344802379608
401 0.17561344802379608
402 0.1282573938369751
403 0.09105414152145386
404 0.09105414152145386
405 0.11165641248226166
406 0.11165641248226166
407 0.22430013120174408
408 0.1419311761856079
409 0.1743016242980957
410 0.1838623583316803
411 0.11441229283809662
412 0.10006378591060638
413 0.10649177432060242
414 0.1119372695684433
415 0.06514836102724075
416 0.06514836102724075
417 0.06514836102724075
418 0.06514836102724075
419 0.06514836102724075
420 0.06514836102724075
421 0.07852894812822342
422 0.09604623168706894
423 0.09604623168706894
424 0.13126544654369354
425 0.13297773897647858
426 0.17989514768123627
427 0.17989514768123627
428 0.07583463937044144
429 0.0920245349407196
430 0.10881705582141876
431 0.10881705582141876
432 0.11035245656967163
433 0.11035245656967163
434 0.13430911302566528
435 0.1725195199251175
436 0.1725195199251175
437 0.10159800946712494
438 0.09918368607759476
439 0.09277277439832687
440 0.12356187403202057
441 0.07043839246034622
442 0.07038172334432602
443 0.05990801751613617
444 0.12626014649868011
445 0.055164530873298645
446 0.10094571858644485
447 0.07234913855791092
448 0.08694343268871307
449 0.06139956787228584
450 0.10017954558134079
451 0.1347382366657257
452 0.1347382366657257
453 0.12511035799980164
454 0.12511035799980164
455 0.08060537278652191
456 0.08495959639549255
457 0.08451158553361893
458 0.07009391486644745
459 0.10991740226745605
460 0.10933180153369904
461 0.0821915715932846
462 0.09316594898700714
463 0.09316594898700714
464 0.10206490010023117
465 0.08401527255773544
466 0.10301810503005981
467 0.10301810503005981
468 0.07783294469118118
469 0.1770552098751068
470 0.10115861147642136
471 0.1301017850637436
472 0.1301017850637436
473 0.1301017850637436
474 0.0991295725107193
475 0.057357095181941986
476 0.05805182456970215
477 0.06584739685058594
478 0.0706474632024765
479 0.12124904990196228
480 0.0787372812628746
481 0.18048198521137238
482 0.10542619228363037
483 0.10542619228363037
484 0.102730892598629
485 0.06701190769672394
486 0.14130838215351105
487 0.14130838215351105
488 0.14130838215351105
489 0.1239842027425766
490 0.12966041266918182
491 0.12966041266918182
492 0.12966041266918182
493 0.15719221532344818
494 0.15719221532344818
495 0.15719221532344818
496 0.09261124581098557
497 0.1187790259718895
498 0.1108739972114563
499 0.1108739972114563
