0 0.0
1 2.4539177417755127
2 2.34987735748291
3 2.173198699951172
4 1.9600234031677246
5 1.7422014474868774
6 1.5595088005065918
7 1.5595088005065918
8 1.5408351421356201
9 1.5408351421356201
10 1.747644305229187
11 1.8346471786499023
12 1.7548682689666748
13 1.6404749155044556
14 1.4340671300888062
15 1.055370807647705
16 1.055370807647705
17 0.6106752753257751
18 0.5947619676589966
19 0.5844954252243042
20 0.5285616517066956
21 0.5285616517066956
22 0.6830440163612366
23 0.6830440163612366
24 0.6119369864463806
25 0.6119369864463806
26 0.6119369864463806
27 0.6119369864463806
28 0.5502046346664429
29 0.49080991744995117
30 0.13606612384319305
31 0.18277326226234436
32 0.18277326226234436
33 0.18277326226234436
34 0.10267622023820877
35 0.27956756949424744
36 0.5692505836486816
37 0.3035676181316376
38 0.22897033393383026
39 0.1679069846868515
40 0.1479722559452057
41 0.1479722559452057
42 0.04103909432888031
43 0.06837387382984161
44 0.11327221244573593
45 0.11327221244573593
46 0.15365542471408844
47 0.15687575936317444
48 0.2798800766468048
49 0.15562818944454193
50 0.1362123042345047
51 0.06044377386569977
52 0.10041908919811249
53 0.1498243808746338
54 0.12823209166526794
55 0.12823209166526794
56 0.05085759609937668
57 0.05085759609937668
58 0.10017488151788712
59 0.06602397561073303
60 0.15533755719661713
61 0.16536104679107666
62 0.11462817341089249
63 0.18206730484962463
64 0.18206730484962463
65 0.180106982588768
66 0.180106982588768
67 0.22451072931289673
68 0.2343294471502304
69 0.2343294471502304
70 0.06398739665746689
71 0.04905207082629204
72 0.037683725357055664
73 0.042091019451618195
74 0.0697486624121666
75 0.0697486624121666
76 0.0697486624121666
77 0.08478330820798874
78 0.08478330820798874
79 0.08478330820798874
80 0.08478330820798874
81 0.1436455249786377
82 0.07562834024429321
83 0.12558315694332123
84 0.18533167243003845
85 0.1383627951145172
86 0.1383627951145172
87 0.08861420303583145
88 0.09856162220239639
89 0.09856162220239639
90 0.17911121249198914
91 0.03164667263627052
92 0.03164667263627052
93 0.0750577449798584
94 0.0750577449798584
95 0.016393031924962997
96 0.016393031924962997
97 0.016393031924962997
98 0.016393031924962997
99 0.07058032602071762
100 0.07058032602071762
101 0.07058032602071762
102 0.07058032602071762
103 0.0750567689538002
104 0.09440352022647858
105 0.10684362053871155
106 0.1267661452293396
107 0.1267661452293396
108 0.11568908393383026
109 0.11316743493080139
110 0.16563595831394196
111 0.07927045971155167
112 0.04700818285346031
113 0.06575681269168854
114 0.06575681269168854
115 0.06575681269168854
116 0.04363764077425003
117 0.07221510261297226
118 0.07221510261297226
119 0.04904700815677643
120 0.05084272101521492
121 0.05084272101521492
122 0.05084272101521492
123 0.09256692230701447
124 0.08384667336940765
125 0.08384667336940765
126 0.02213483303785324
127 0.05818901211023331
128 0.07979611307382584
129 0.07979611307382584
130 0.08228132128715515
131 0.08228132128715515
132 0.08513756096363068
133 0.07234052568674088
134 0.06762149184942245
135 0.1285538375377655
136 0.1285538375377655
137 0.029114773496985435
138 0.06813034415245056
139 0.030656512826681137
140 0.06948620826005936
141 0.019446002319455147
142 0.00760502927005291
143 0.04515160992741585
144 0.06964076310396194
145 0.04201068356633186
146 0.017065294086933136
147 0.017065294086933136
148 0.06134329363703728
149 0.049201346933841705
150 0.049201346933841705
151 0.030684057623147964
152 0.03650843724608421
153 0.09968028962612152
154 0.07116276770830154
155 0.04797494038939476
156 0.04797494038939476
157 0.08550681173801422
158 0.03193097189068794
159 0.12149544060230255
160 0.06616690754890442
161 0.10345909744501114
162 0.08350969851016998
163 0.08350969851016998
164 0.07922852039337158
165 0.020958250388503075
166 0.014540954492986202
167 0.014540954492986202
168 0.11665651947259903
169 0.04531732574105263
170 0.04826248437166214
171 0.06584440916776657
172 0.02347101829946041
173 0.011788676492869854
174 0.05760105326771736
175 0.021611353382468224
176 0.019749607890844345
177 0.019749607890844345
178 0.06224910169839859
179 0.024597331881523132
180 0.0482327863574028
181 0.032822027802467346
182 0.032822027802467346
183 0.032822027802467346
184 0.032822027802467346
185 0.03409559279680252
186 0.08688715100288391
187 0.046585701406002045
188 0.04970415309071541
189 0.04357133060693741
190 0.04357133060693741
191 0.036454811692237854
192 0.036454811692237854
193 0.02297191694378853
194 0.02297191694378853
195 0.02297191694378853
196 0.018101351335644722
197 0.09771201014518738
198 0.04746364429593086
199 0.04746364429593086
200 0.04746364429593086
201 0.05563358590006828
202 0.15403684973716736
203 0.029749253764748573
204 0.029749253764748573
205 0.10410251468420029
206 0.10410251468420029
207 0.08610967546701431
208 0.02418898046016693
209 0.1152292937040329
210 0.013105707243084908
211 0.013105707243084908
212 0.024814443662762642
213 0.023213163018226624
214 0.10052472352981567
215 0.03952312469482422
216 0.04092938080430031
217 0.03489358350634575
218 0.03489358350634575
219 0.03489358350634575
220 0.06627421081066132
221 0.08207324147224426
222 0.08207324147224426
223 0.05495894327759743
224 0.014484957791864872
225 0.014484957791864872
226 0.014484957791864872
227 0.0880548506975174
228 0.05712965503334999
229 0.08086814731359482
230 0.08086814731359482
231 0.08086814731359482
232 0.025658071041107178
233 0.0526994988322258
234 0.05801909416913986
235 0.05801909416913986
236 0.05801909416913986
237 0.03022175282239914
238 0.11383439600467682
239 0.06008073315024376
240 0.06008073315024376
241 0.05723998695611954
242 0.03600122034549713
243 0.017635386437177658
244 0.08028741925954819
245 0.04382620006799698
246 0.0837821289896965
247 0.05956123024225235
248 0.03280095010995865
249 0.03597898408770561
250 0.06924047321081161
251 0.06924047321081161
252 0.08751816302537918
253 0.003984730690717697
254 0.003984730690717697
255 0.01495399046689272
256 0.04403051361441612
257 0.04046930745244026
258 0.04046930745244026
259 0.033646754920482635
260 0.015671854838728905
261 0.03448164463043213
262 0.04583849012851715
263 0.010948700830340385
264 0.053577736020088196
265 0.027974341064691544
266 0.027974341064691544
267 0.027974341064691544
268 0.027974341064691544
269 0.007826429791748524
270 0.02665645256638527
271 0.042937733232975006
272 0.009125611744821072
273 0.009125611744821072
274 0.009125611744821072
275 0.0424053780734539
276 0.022282177582383156
277 0.09237900376319885
278 0.019577495753765106
279 0.019577495753765106
280 0.019577495753765106
281 0.1085629090666771
282 0.03451770916581154
283 0.041348036378622055
284 0.08996647596359253
285 0.033223167061805725
286 0.033223167061805725
287 0.08643848448991776
288 0.08643848448991776
289 0.029675131663680077
290 0.1323816329240799
291 0.05308414250612259
292 0.028563963249325752
293 0.052129510790109634
294 0.0191967710852623
295 0.0191967710852623
296 0.059161387383937836
297 0.013540198095142841
298 0.013540198095142841
299 0.024234943091869354
300 0.05733882635831833
301 0.07590855658054352
302 0.07533357292413712
303 0.034166980534791946
304 0.021889353170990944
305 0.016021892428398132
306 0.09700533747673035
307 0.09700533747673035
308 0.09700533747673035
309 0.05874491110444069
310 0.063370481133461
311 0.008370778523385525
312 0.04477890208363533
313 0.015496069565415382
314 0.044371023774147034
315 0.012248625047504902
316 0.012248625047504902
317 0.07412242889404297
318 0.0738784596323967
319 0.0738784596323967
320 0.013684460893273354
321 0.013684460893273354
322 0.03661525249481201
323 0.025715630501508713
324 0.11230634897947311
325 0.05203985422849655
326 0.045136239379644394
327 0.061128489673137665
328 0.06411626935005188
329 0.03807174041867256
330 0.039230506867170334
331 0.02730189822614193
332 0.048479512333869934
333 0.0799655169248581
334 0.0799655169248581
335 0.03958023712038994
336 0.04955323040485382
337 0.05171000957489014
338 0.05672433599829674
339 0.01582966186106205
340 0.01582966186106205
341 0.01582966186106205
342 0.03046875260770321
343 0.06446870416402817
344 0.06446870416402817
345 0.033893976360559464
346 0.033893976360559464
347 0.033893976360559464
348 0.07989474385976791
349 0.07989474385976791
350 0.04889773949980736
351 0.050679877400398254
352 0.050679877400398254
353 0.017482664436101913
354 0.017482664436101913
355 0.06844257563352585
356 0.06844257563352585
357 0.03246090188622475
358 0.038301724940538406
359 0.038301724940538406
360 0.038301724940538406
361 0.010522612370550632
362 0.010522612370550632
363 0.024074595421552658
364 0.024074595421552658
365 0.03759682551026344
366 0.0477604866027832
367 0.01956568844616413
368 0.04067523032426834
369 0.03898360952734947
370 0.05363807454705238
371 0.05363807454705238
372 0.05363807454705238
373 0.015049620531499386
374 0.041536081582307816
375 0.05868372321128845
376 0.09115145355463028
377 0.09798920899629593
378 0.05909128487110138
379 0.01717573218047619
380 0.01717573218047619
381 0.034230366349220276
382 0.034230366349220276
383 0.03174222633242607
384 0.037466369569301605
385 0.05777514725923538
386 0.05777514725923538
387 0.04786432906985283
388 0.04786432906985283
389 0.10221558809280396
390 0.1031222939491272
391 0.1031222939491272
392 0.1031222939491272
393 0.04660441726446152
394 0.051198042929172516
395 0.021609049290418625
396 0.02452472224831581
397 0.04370393976569176
398 0.05506746098399162
399 0.016207246109843254
400 0.016207246109843254
401 0.05709828808903694
402 0.021553093567490578
403 0.036430951207876205
404 0.036430951207876205
405 0.02871851623058319
406 0.05085129663348198
407 0.085896335542202
408 0.0651576966047287
409 0.0651576966047287
410 0.0651576966047287
411 0.036159697920084
412 0.04688671976327896
413 0.04688671976327896
414 0.07940978556871414
415 0.06652480363845825
416 0.058738164603710175
417 0.03070932812988758
418 0.08532595634460449
419 0.03684047609567642
420 0.05396203696727753
421 0.041539039462804794
422 0.030449114739894867
423 0.005577405449002981
424 0.007265741005539894
425 0.007265741005539894
426 0.061987943947315216
427 0.061987943947315216
428 0.019363217055797577
429 0.07967445254325867
430 0.025888677686452866
431 0.03637988865375519
432 0.038163069635629654
433 0.038163069635629654
434 0.07661572098731995
435 0.011555356904864311
436 0.012846973724663258
437 0.023431194946169853
438 0.050312191247940063
439 0.050312191247940063
440 0.026138361543416977
441 0.024258213117718697
442 0.04095497727394104
443 0.03159858658909798
444 0.07605921477079391
445 0.07605921477079391
446 0.025301026180386543
447 0.03502843528985977
448 0.03502843528985977
449 0.07195451110601425
450 0.07195451110601425
451 0.06314923614263535
452 0.07844388484954834
453 0.0362064465880394
454 0.039315517991781235
455 0.046653103083372116
456 0.006220607087016106
457 0.0173923522233963
458 0.026220642030239105
459 0.07162493467330933
460 0.06294599920511246
461 0.053345583379268646
462 0.03443794324994087
463 0.031226566061377525
464 0.031226566061377525
465 0.031226566061377525
466 0.02192051149904728
467 0.02192051149904728
468 0.023549962788820267
469 0.06369157135486603
470 0.06369157135486603
471 0.013072925619781017
472 0.040161825716495514
473 0.040161825716495514
474 0.024061404168605804
475 0.04768572747707367
476 0.04768572747707367
477 0.03923754394054413
478 0.02024831622838974
479 0.0567161962389946
480 0.0567161962389946
481 0.01423562504351139
482 0.02245790883898735
483 0.04974285140633583
484 0.019290324300527573
485 0.019290324300527573
486 0.01777164824306965
487 0.07395622134208679
488 0.03232955560088158
489 0.06132936105132103
490 0.10611223429441452
491 0.02061055414378643
492 0.02061055414378643
493 0.02061055414378643
494 0.021711576730012894
495 0.017474278807640076
496 0.03415025770664215
497 0.018963251262903214
498 0.03988424316048622
499 0.021332526579499245
