0 0.0
1 2.308729410171509
2 2.308729410171509
3 2.4348278045654297
4 2.4348278045654297
5 2.6330127716064453
6 2.7070682048797607
7 2.7070953845977783
8 2.571798086166382
9 2.3244476318359375
10 2.058623790740967
11 1.8756792545318604
12 1.726363182067871
13 1.696218490600586
14 1.6239714622497559
15 1.5939048528671265
16 1.6319931745529175
17 1.6319931745529175
18 1.8721662759780884
19 1.8721662759780884
20 2.334979772567749
21 2.3958284854888916
22 2.0073277950286865
23 1.2199811935424805
24 0.5664688944816589
25 0.6109166741371155
26 1.0373831987380981
27 1.2897403240203857
28 1.2897403240203857
29 1.2897403240203857
30 1.2897403240203857
31 3.003931760787964
32 3.003931760787964
33 0.8312967419624329
34 0.5003811717033386
35 0.3143357038497925
36 0.5732695460319519
37 0.5732695460319519
38 0.5732695460319519
39 1.0118509531021118
40 1.0118509531021118
41 1.0118509531021118
42 1.0118509531021118
43 1.5477005243301392
44 1.2457878589630127
45 0.8524537682533264
46 0.3477127254009247
47 0.3477127254009247
48 0.3477127254009247
49 0.3477127254009247
50 0.3477127254009247
51 0.3477127254009247
52 1.0233176946640015
53 1.0233176946640015
54 1.5742392539978027
55 1.117699384689331
56 0.5470142364501953
57 0.3005223572254181
58 0.27060312032699585
59 0.15798252820968628
60 0.12914519011974335
61 0.1382671296596527
62 0.20485535264015198
63 0.20485535264015198
64 0.3208011984825134
65 0.3208011984825134
66 0.3208011984825134
67 0.3208011984825134
68 1.0459619760513306
69 0.867022693157196
70 0.867022693157196
71 0.4441785514354706
72 0.34211376309394836
73 0.17432335019111633
74 0.15030533075332642
75 0.10098637640476227
76 0.09507942199707031
77 0.09261870384216309
78 0.05801370367407799
79 0.05801370367407799
80 0.12367978692054749
81 0.22552239894866943
82 0.21297228336334229
83 0.32381656765937805
84 0.32018229365348816
85 0.11522502452135086
86 0.18358111381530762
87 0.18358111381530762
88 0.18358111381530762
89 0.19374629855155945
90 0.19374629855155945
91 0.19374629855155945
92 0.26640743017196655
93 0.2833043932914734
94 0.21363325417041779
95 0.21363325417041779
96 0.17784424126148224
97 0.17784424126148224
98 0.19611528515815735
99 0.11165382713079453
100 0.11735351383686066
101 0.15693962574005127
102 0.13588306307792664
103 0.13680751621723175
104 0.09480336308479309
105 0.13403508067131042
106 0.13403508067131042
107 0.13403508067131042
108 0.13403508067131042
109 0.13403508067131042
110 0.13403508067131042
111 0.24565240740776062
112 0.3146670460700989
113 0.3146670460700989
114 0.28960055112838745
115 0.23185870051383972
116 0.26186037063598633
117 0.26186037063598633
118 0.20062963664531708
119 0.21438248455524445
120 0.14478108286857605
121 0.20152699947357178
122 0.07483327388763428
123 0.07928861677646637
124 0.10804623365402222
125 0.06483832001686096
126 0.027417467907071114
127 0.07387278228998184
128 0.07387278228998184
129 0.07499627023935318
130 0.15215982496738434
131 0.15215982496738434
132 0.11676166951656342
133 0.12680265307426453
134 0.12680265307426453
135 0.12680265307426453
136 0.20874515175819397
137 0.3214188516139984
138 0.16986846923828125
139 0.16986846923828125
140 0.16361142694950104
141 0.12065290659666061
142 0.07108049839735031
143 0.1302052140235901
144 0.08390843123197556
145 0.04700310900807381
146 0.06892763078212738
147 0.05220389366149902
148 0.05220389366149902
149 0.0563974566757679
150 0.0563974566757679
151 0.05482270568609238
152 0.05482270568609238
153 0.10555592179298401
154 0.10555592179298401
155 0.1789720058441162
156 0.1789720058441162
157 0.1789720058441162
158 0.2513137757778168
159 0.2513137757778168
160 0.1323578804731369
161 0.17123766243457794
162 0.17123766243457794
163 0.28103625774383545
164 0.14661215245723724
165 0.17898015677928925
166 0.09212620556354523
167 0.11340837925672531
168 0.05442167818546295
169 0.05442167818546295
170 0.12233522534370422
171 0.08951161056756973
172 0.08951161056756973
173 0.08951161056756973
174 0.08951161056756973
175 0.08951161056756973
176 0.1032707616686821
177 0.06156684830784798
178 0.11415494978427887
179 0.10197964310646057
180 0.10514513403177261
181 0.10514513403177261
182 0.10514513403177261
183 0.12213760614395142
184 0.1153067871928215
185 0.1153067871928215
186 0.1153067871928215
187 0.1153067871928215
188 0.08117896318435669
189 0.11913271248340607
190 0.11066041141748428
191 0.08838865160942078
192 0.10812348872423172
193 0.1122947409749031
194 0.1122947409749031
195 0.06553943455219269
196 0.06553943455219269
197 0.10037171840667725
198 0.08789205551147461
199 0.07956612855195999
200 0.07956612855195999
201 0.07956612855195999
202 0.08293567597866058
203 0.06802167743444443
204 0.06685210019350052
205 0.06685210019350052
206 0.10194511711597443
207 0.10194511711597443
208 0.10194511711597443
209 0.10194511711597443
210 0.19324029982089996
211 0.11001915484666824
212 0.11001915484666824
213 0.11001915484666824
214 0.07844178378582001
215 0.13397571444511414
216 0.12124820798635483
217 0.1544397622346878
218 0.06549959629774094
219 0.1347893923521042
220 0.12066247314214706
221 0.10036683082580566
222 0.0664324164390564
223 0.11343170702457428
224 0.039345402270555496
225 0.08555839955806732
226 0.0617949515581131
227 0.0617949515581131
228 0.08359714597463608
229 0.08359714597463608
230 0.061951085925102234
231 0.1011095717549324
232 0.1011095717549324
233 0.09801942855119705
234 0.11974207311868668
235 0.0636875107884407
236 0.13865704834461212
237 0.13865704834461212
238 0.10931314527988434
239 0.10931314527988434
240 0.04725511744618416
241 0.11482591927051544
242 0.11482591927051544
243 0.11482591927051544
244 0.06730551272630692
245 0.14911672472953796
246 0.09019109606742859
247 0.09019109606742859
248 0.10342980921268463
249 0.10342980921268463
250 0.11371785402297974
251 0.11371785402297974
252 0.15334230661392212
253 0.10044301301240921
254 0.13353478908538818
255 0.05714752897620201
256 0.07194967567920685
257 0.1056797057390213
258 0.12148019671440125
259 0.10686510801315308
260 0.10464406758546829
261 0.07772894948720932
262 0.08818791061639786
263 0.048316869884729385
264 0.04805799946188927
265 0.04805799946188927
266 0.016863912343978882
267 0.016863912343978882
268 0.016863912343978882
269 0.016863912343978882
270 0.13377214968204498
271 0.13377214968204498
272 0.13377214968204498
273 0.13377214968204498
274 0.07133059948682785
275 0.13531728088855743
276 0.13531728088855743
277 0.13464350998401642
278 0.08523149788379669
279 0.08523149788379669
280 0.08523149788379669
281 0.08523149788379669
282 0.08523149788379669
283 0.15597794950008392
284 0.11678723245859146
285 0.15971706807613373
286 0.15971706807613373
287 0.10908281058073044
288 0.08504210412502289
289 0.14309601485729218
290 0.09966357797384262
291 0.15021029114723206
292 0.0721905529499054
293 0.07750009000301361
294 0.03689514473080635
295 0.06713492423295975
296 0.05240905284881592
297 0.05240905284881592
298 0.05645061284303665
299 0.02067115530371666
300 0.021896637976169586
301 0.039786048233509064
302 0.039786048233509064
303 0.06787539273500443
304 0.038920555263757706
305 0.07108546048402786
306 0.04576576128602028
307 0.05227517709136009
308 0.0802583172917366
309 0.0802583172917366
310 0.0802583172917366
311 0.13715428113937378
312 0.04974948987364769
313 0.05927527695894241
314 0.10045874118804932
315 0.07540792226791382
316 0.10990162193775177
317 0.13791009783744812
318 0.08363302052021027
319 0.08020765334367752
320 0.08020765334367752
321 0.05675892159342766
322 0.05675892159342766
323 0.05675892159342766
324 0.04134122654795647
325 0.10743345320224762
326 0.07998353242874146
327 0.07998353242874146
328 0.07998353242874146
329 0.029374685138463974
330 0.060944732278585434
331 0.05591176077723503
332 0.03834730014204979
333 0.03834730014204979
334 0.015574864111840725
335 0.015574864111840725
336 0.08549272269010544
337 0.08549272269010544
338 0.12872639298439026
339 0.11537079513072968
340 0.17170044779777527
341 0.17170044779777527
342 0.13034363090991974
343 0.09848783165216446
344 0.08716844022274017
345 0.06389019638299942
346 0.06389019638299942
347 0.07935681939125061
348 0.07935681939125061
349 0.04966215416789055
350 0.04966215416789055
351 0.040488101541996
352 0.06976132094860077
353 0.06976132094860077
354 0.06976132094860077
355 0.07001298666000366
356 0.0427570715546608
357 0.1255866438150406
358 0.06780288368463516
359 0.06427241861820221
360 0.059763018041849136
361 0.059763018041849136
362 0.05579635500907898
363 0.05579635500907898
364 0.06970293819904327
365 0.05861477926373482
366 0.03798329457640648
367 0.03798329457640648
368 0.08635323494672775
369 0.07642079144716263
370 0.09151062369346619
371 0.09365758299827576
372 0.05773364380002022
373 0.06543316692113876
374 0.06385241448879242
375 0.08063668012619019
376 0.07281255722045898
377 0.11001855880022049
378 0.12113731354475021
379 0.10152095556259155
380 0.10152095556259155
381 0.10152095556259155
382 0.10622752457857132
383 0.10622752457857132
384 0.10622752457857132
385 0.08222931623458862
386 0.051096249371767044
387 0.051096249371767044
388 0.10128333419561386
389 0.10128333419561386
390 0.10128333419561386
391 0.01852189190685749
392 0.08260047435760498
393 0.06768593192100525
394 0.04931565374135971
395 0.04076392948627472
396 0.05291793867945671
397 0.0911421850323677
398 0.07442551851272583
399 0.07442551851272583
400 0.06604056060314178
401 0.09443593770265579
402 0.031371522694826126
403 0.031371522694826126
404 0.07417816668748856
405 0.055298466235399246
406 0.09600888192653656
407 0.060766980051994324
408 0.06233400106430054
409 0.06233400106430054
410 0.06352361291646957
411 0.07328299432992935
412 0.07328299432992935
413 0.07328299432992935
414 0.05628136545419693
415 0.03893602639436722
416 0.03893602639436722
417 0.071993887424469
418 0.09399201720952988
419 0.08741117268800735
420 0.04199308529496193
421 0.07333411276340485
422 0.06881152838468552
423 0.06881152838468552
424 0.09133097529411316
425 0.09133097529411316
426 0.11034861952066422
427 0.024511227384209633
428 0.06506574153900146
429 0.06506574153900146
430 0.06506574153900146
431 0.041909199208021164
432 0.041909199208021164
433 0.0396178737282753
434 0.10998491197824478
435 0.1021147221326828
436 0.08353105187416077
437 0.08353105187416077
438 0.0906396359205246
439 0.10135069489479065
440 0.06891089677810669
441 0.06891089677810669
442 0.062235210090875626
443 0.062235210090875626
444 0.034499090164899826
445 0.07526272535324097
446 0.11297979205846786
447 0.11297979205846786
448 0.04945046454668045
449 0.04945046454668045
450 0.04945046454668045
451 0.04945046454668045
452 0.04945046454668045
453 0.11891671270132065
454 0.05989677831530571
455 0.08202632516622543
456 0.0862509086728096
457 0.02885284088551998
458 0.03609370067715645
459 0.03609370067715645
460 0.10129266232252121
461 0.10129266232252121
462 0.09442142397165298
463 0.057113222777843475
464 0.050967536866664886
465 0.050634175539016724
466 0.038398150354623795
467 0.042112305760383606
468 0.11988605558872223
469 0.11988605558872223
470 0.09301163256168365
471 0.0550888366997242
472 0.0550888366997242
473 0.07551966607570648
474 0.06581750512123108
475 0.06581750512123108
476 0.029324734583497047
477 0.061704982072114944
478 0.061704982072114944
479 0.016754062846302986
480 0.07154794782400131
481 0.07154794782400131
482 0.07154794782400131
483 0.09431591629981995
484 0.05772022530436516
485 0.0692480057477951
486 0.0255015529692173
487 0.10107650607824326
488 0.10107650607824326
489 0.05002902075648308
490 0.07722572237253189
491 0.07419898360967636
492 0.1066514328122139
493 0.1066514328122139
494 0.1066514328122139
495 0.1066514328122139
496 0.1066514328122139
497 0.1066514328122139
498 0.08148711919784546
499 0.056038808077573776
