0 -0.00046292506729828553
1 -0.0012899597752705281
2 0.0
3 -0.0003865035368740396
4 -0.00027105587143333524
5 -0.00018586310479701854
6 -0.00020140298710041906
7 -0.0003627040041565021
8 -0.00016891150137687274
9 0.0
10 -0.0001016807766793441
11 9.04683885145074e-05
12 2.7832485437659038e-05
13 -0.00025204943195657854
14 0.0004267940519641842
15 0.00015852327782707513
16 0.00025452498461796675
17 0.0
18 0.0005625516687670301
19 0.0
20 0.000206401156912287
21 0.00041985839396408456
22 0.0005897070841072581
23 0.00029450413057895646
24 0.0
25 0.0005296652559722682
26 0.0
27 0.0
28 0.0006456401203229916
29 0.0003666752343988362
30 0.0
31 0.00028555456239688924
32 0.0
33 0.00041347100067476715
34 0.0003718355229238737
35 0.0003439074009470393
36 0.0002854762653259497
37 0.0004941446680464986
38 0.0003879790340313807
39 0.000637388533969621
40 0.0
41 0.00010932385406897843
42 0.0007221489195176976
43 8.472463126830216e-05
44 0.00031573276880714305
45 0.0
46 0.0
47 6.392436300297952e-05
48 0.000544138542423342
49 0.00025816819513109116
50 0.0
51 0.00011513109672895254
52 -2.1569458244668075e-05
53 0.000396500128810752
54 0.0
55 0.00011338498576381369
56 0.00028387000223971214
57 0.00023740945962519536
58 0.0003871629606430723
59 4.369718936838908e-05
60 0.0005935524645113096
61 0.00011084435445288345
62 0.00014836019108312003
63 0.00046683149713626376
64 0.0002986848734051014
65 2.382519102597938e-05
66 0.0004612071320337404
67 0.0005422323106900874
68 0.00026653929167285166
69 0.0
70 0.0
71 0.00044571415751119066
72 0.0002587121776104431
73 0.0
74 0.00044571415751119066
75 0.0
76 3.644037277282323e-05
77 0.0
78 -6.000614039799411e-05
79 -4.27302024887105e-05
80 0.0
81 0.000251519245034316
82 0.0
83 0.0002674244414523773
84 6.181910079787176e-05
85 -2.0723679021169856e-05
86 0.0004428939258865319
87 0.0002544442915932625
88 0.0
89 0.0001577304250090255
90 0.0005014708210049628
91 0.0
92 0.0
93 0.00014517923379041327
94 0.0
95 0.0002999017827538715
96 0.0
97 -0.00027591979922913894
98 1.1778939467248487e-05
99 0.0
