0 0.0018331156861994147
1 0.0016362506741132408
2 0.001958669057168193
3 0.0
4 0.0018679548401927596
5 0.0017381206145791787
6 0.0012807708700629116
7 0.0011375814156526203
8 0.0
9 0.0007940070286020659
10 0.0009147068538140658
11 -0.0021013688363097764
12 0.001016702721323929
13 0.0005633938028264072
14 -0.000841647945326697
15 0.0
16 0.0
17 0.0
18 -0.0019302542125577324
19 -0.000988632944355608
20 0.0
21 -0.0015440789147476153
22 -0.0017372148109681498
23 -0.0017371183163371975
24 -0.00173721481096815
25 -0.0017372148109681498
26 -0.0019302542125577322
27 -0.00173721481096815
28 -0.0012546163360980247
29 0.0
30 -0.001843000399247785
31 0.0
32 0.0
33 -0.0015440789147476153
34 -0.0019302542125577324
35 0.0
36 0.0
37 -0.0017372148109681502
38 -0.00173721481096815
39 -0.0012546163360980245
40 -0.0017372148109681502
41 0.0
42 -0.0012546163360980245
43 -0.0020266773896177406
44 -0.0019302542125577322
45 -0.0012546163360980245
46 -0.0016004463986689643
47 -0.0022197167912073232
48 -0.0012546163360980245
49 0.0
50 -0.0017015990178492757
51 0.0
52 -0.002219716791207323
53 -0.0019302542125577322
54 -0.0017372148109681502
55 -0.002026677389617741
56 -0.0017372148109681498
57 0.0
58 -0.0017320992694938773
59 0.0
60 -0.0012546163360980247
61 0.0
62 0.0
63 -0.0019302542125577322
64 -0.0017372148109681498
65 0.0
66 -0.0012546163360980245
67 -0.0012546163360980245
68 0.0
69 -0.0012546163360980245
70 -0.0020266773896177406
71 -0.0012546163360980245
72 -0.00173721481096815
73 -0.002026677389617741
74 -0.0012546163360980245
75 -0.0020266773896177406
76 0.0
77 -0.001447655737687607
78 -0.0020266773896177406
79 -0.002026677389617741
80 -0.00173721481096815
81 -0.0017371183163371977
82 0.0
83 -0.001544078914747615
84 -0.0020266773896177406
85 0.0
86 -0.0012546163360980247
87 -0.001544078914747615
88 -0.00173721481096815
89 -0.0019302542125577322
90 -0.0014476557376876067
91 -0.00173721481096815
92 -0.0020266773896177406
93 -0.0019302542125577322
94 -0.00173721481096815
95 0.0
96 -0.0019302542125577322
97 0.0
98 -0.002026677389617741
99 -0.00173721481096815
