0 -0.00046292506729828553
1 0.0
2 -0.0004968216414070847
3 -0.00034934542053416075
4 0.0
5 -0.0001870923235903105
6 -0.00020586336078250788
7 -0.00017279947325629126
8 1.5742506505335235e-05
9 -0.00017176110539601433
10 0.0003050092961544023
11 0.0006170997268346426
12 0.0
13 0.0001964175832818138
14 0.0007711447685995067
15 0.0005332639834711039
16 0.0007804624449754462
17 0.0008282778311498208
18 0.0
19 0.001123540277062369
20 0.0
21 0.0008232851503440023
22 0.0
23 0.0008570781266980452
24 0.00118911323862048
25 0.0011741272176708877
26 0.0010403461468555275
27 0.0011992348460236272
28 0.0011974446590638736
29 0.0009215281377289443
30 0.0009174860125211713
31 0.0
32 0.0008077071774023875
33 0.0009531677735329332
34 0.0010065219701408537
35 0.0008644254800790988
36 0.0008894879476449518
37 0.0
38 0.0009738952606410114
39 0.0011590145290784695
40 0.0010049679182156496
41 0.0006982196819385899
42 0.0
43 0.0006864517367110806
44 0.0009558151556714454
45 0.00102435975758458
46 0.0009377048799901214
47 0.0006612145545007908
48 0.0010146059115495462
49 0.0007295489632527262
50 0.0009227461758961592
51 0.0006753247149789432
52 0.0005533596802607588
53 0.0
54 0.0
55 0.0
56 0.0008309200145546838
57 0.0007196075498640707
58 0.0009607867994442588
59 0.0006563387954287272
60 0.0
61 0.0006352066292871636
62 0.0
63 0.0
64 0.0008868788142421019
65 0.0006720092887455635
66 0.0009569275131740935
67 0.0
68 0.0
69 0.0
70 0.00058549646063473
71 0.000952465108251676
72 0.0008535600044725385
73 0.0005177890304966789
74 0.000952465108251676
75 0.0005983357366778501
76 0.0
77 0.001124114672245448
78 0.0005261225734502294
79 0.0005485472739050109
80 0.0
81 0.0008441945976736501
82 0.0005177890304966789
83 0.0008073083354801606
84 0.0
85 0.0005195519641006414
86 0.000948804360584709
87 0.000790459700460906
88 0.0008088642432953943
89 0.0007800142717055143
90 0.0010823706757352024
91 0.0008088642432953943
92 0.00045224889351407673
93 0.0007637224382371376
94 0.0008250382909023539
95 0.0
96 0.0007554079152671619
97 0.0
98 0.0
99 0.0007956607480850628
