0 -0.00046292506729828553
1 -0.0013510467452463666
2 -0.0004712328782834439
3 0.0
4 -0.0002680134132707185
5 0.0
6 -0.0003041142822702864
7 -0.00045260291276812413
8 -0.0002817870457727057
9 0.0
10 -0.00021907925224514917
11 0.0
12 -6.452322503744994e-05
13 -0.00034859095257617334
14 0.0
15 0.0
16 0.000267938139790384
17 0.00030702344872593506
18 0.0005513359133528207
19 0.0006691262721424505
20 0.00017081884757878574
21 0.00039105459038794535
22 0.0005555796193936639
23 0.0002647076326753474
24 0.0005631278407788751
25 0.0
26 0.00037994464556406787
27 0.0
28 0.0
29 0.0003914783681167521
30 0.00032404384779908917
31 0.00029360754226814373
32 0.0001821764625171279
33 0.00040204125233286045
34 0.0
35 0.00033288382076073435
36 0.0
37 0.0005018437978949027
38 0.0
39 0.0
40 0.00045968855279338684
41 0.0
42 0.0
43 0.0
44 0.00042779975191108735
45 0.0006074139642808102
46 0.00047334217722239466
47 0.0
48 0.0
49 0.00033001776243515456
50 0.0
51 0.0
52 8.610997506869015e-05
53 0.0005104795628463551
54 0.000610948527906658
55 0.0002182190432360842
56 0.0003828757713712728
57 0.00032467824990607805
58 0.0004909780928507854
59 0.0
60 0.0006840876921244729
61 0.00020265081468384918
62 0.0
63 0.0
64 0.0
65 0.0
66 0.0
67 0.0006466404330418533
68 0.0003987070749683007
69 0.0007113705968086432
70 0.00010266910906092849
71 0.0005445139726945803
72 0.0
73 4.747654242335366e-05
74 0.0005445139726945803
75 0.0
76 0.0001563203927994493
77 0.0006487553864292179
78 5.4269735191904336e-05
79 7.254951293054599e-05
80 0.0004999249424396706
81 0.0003670715004744917
82 4.747654242335366e-05
83 0.0
84 0.0
85 0.00010679050962884593
86 0.0
87 0.0
88 0.0
89 0.0003257760192197042
90 0.0006583408117387123
91 0.0
92 3.6783359590400706e-05
93 0.0003122146805371523
94 0.0
95 0.0004466865694468651
96 0.0003281685735417736
97 -0.00011351393309139317
98 0.00017404440019205152
99 0.0
