0 -0.001814531103205688
1 0.0
2 -0.0021331326358668395
3 -0.002103287422977568
4 -0.00207080996035377
5 -0.0019908848630086724
6 -0.0019823741492049456
7 0.0
8 -0.0019151015905671572
9 0.0
10 0.0
11 -0.001654943246374934
12 -0.001713381043459883
13 0.0
14 -0.0012776632158460644
15 0.0
16 -0.0011288800683108588
17 -0.0010571935352469508
18 0.0
19 -0.0004709948278007457
20 0.0
21 -0.0006466458966607689
22 -0.0006739137932183836
23 0.0
24 -0.000718265710080087
25 -0.0006719218212327304
26 0.0
27 -0.0006495158262995023
28 -0.00034634118537894685
29 -0.0005886219902689198
30 -0.0007260667880311484
31 -0.0007802157335270653
32 -0.0007919591046955405
33 -0.00041383082993046524
34 0.0
35 -0.00041310767072250354
36 -0.0005455213618542958
37 -0.00030390262533597223
38 -0.0003720980453748946
39 1.686401405390763e-06
40 -0.00026334738592282607
41 -0.0005621006538567144
42 0.0001435885784697524
43 -0.00048751506245119704
44 0.0
45 7.665941840319834e-05
46 -7.499494638567707e-05
47 0.0
48 0.00014745110352737273
49 -0.00010097042754529435
50 -3.5884562512144636e-05
51 -0.00031167283354613325
52 0.0
53 0.0
54 0.00010281338547772192
55 -0.00026756946634561897
56 -3.293329397242481e-05
57 -4.183730205281792e-05
58 0.0
59 0.0
60 0.0003038536036999443
61 -0.0001430751478091194
62 -0.00010008474644380839
63 0.0
64 0.00010941988550404947
65 0.0
66 0.0003016976481289517
67 0.0003751904176122038
68 0.0
69 0.0004363223536265691
70 -0.00019523369170772377
71 0.00029280953742785785
72 7.922562540795035e-05
73 -0.00024270463098538005
74 0.00029280953742785785
75 -0.00018623183634016195
76 -0.000149088404621442
77 0.0
78 -0.00023686182893678417
79 -0.00022113945413333835
80 0.0001869414995548999
81 0.0
82 -0.00024270463098538005
83 0.00010452244475202189
84 -8.158675087270309e-05
85 -0.00014520015469982956
86 0.0003263350013412515
87 0.00013094934997462423
88 9.426742280711375e-05
89 0.0
90 0.0
91 9.426742280711375e-05
92 -0.0002435004537752267
93 0.0
94 0.0001059019715422666
95 0.00019762968866720272
96 0.0
97 -0.00038907585849164427
98 -0.0001012792925208756
99 0.000126258255111446
