0 0.0
1 -0.00019324829850129045
2 -0.00010041157841010079
3 -8.464483348811581e-06
4 0.0
5 -0.00010641495308234012
6 -0.0006580083598755237
7 -0.0005166776136851935
8 0.0
9 -0.000561362994790111
10 0.00021352371365790363
11 -6.940816156667718e-05
12 0.0
13 0.00016328260323623443
14 3.4929055167839037e-06
15 -0.0007379640919313462
16 0.0
17 0.0
18 0.0
19 0.0005022710267819746
20 -0.0006730368183592681
21 6.544082741371018e-05
22 -0.0015873252189538745
23 -0.0001738105761112595
24 0.0006672609242533006
25 0.0
26 0.0002003391246209098
27 0.0005605204027062248
28 -0.0011564114192345906
29 0.0
30 0.0
31 0.0
32 -0.00020644928896662574
33 -0.00027795810684749653
34 0.0
35 -0.0007906634457216017
36 0.0
37 -0.00029040210225877425
38 0.0
39 0.0
40 0.00031712485875184547
41 -0.0009870311009146785
42 0.0
43 0.0
44 0.001053667373262311
45 0.0005464624698447007
46 -0.00042016233076445274
47 0.00019630753118922984
48 -0.0016802715174167714
49 -0.00016290025401133733
