0 -0.0003159455292206183
1 0.0
2 0.0
3 0.0
4 -0.0006699635699287204
5 -0.0005006087369593275
6 0.0008362720224507488
7 0.0003884542205149712
8 -0.00015015340093858193
9 -0.0004144712598413751
10 -0.0007036464840081311
11 0.0
12 0.0
13 -0.0008111104545049052
14 0.0
15 0.000562419764247381
16 -0.0007021520068447656
17 -0.0005159929057541038
18 -0.0006904349007080672
19 0.00014796747632591351
20 0.0
21 -0.0007212321932729659
22 0.0004988883138050044
23 0.0
24 0.0
25 0.00032313362983799336
26 0.0004609616691218048
27 -0.0007481395381826186
28 0.0
29 -0.00047161441801622366
30 0.0
31 -0.0010676762267754058
32 0.0
33 -0.0005370613364102531
34 -5.250510815114705e-05
35 -0.0002964191113147869
36 -0.0009012684731495876
37 0.00018754622442553834
38 0.0
39 0.0002228700001345299
40 -0.0006318053665122006
41 0.0006051802763174257
42 -0.0005903186439764328
43 0.0
44 -0.0004765013407526281
45 0.0
46 -0.00035486048039260577
47 0.0004467950697900947
48 0.0001960622222579038
49 -0.0008605197583229667
