0 0.0
1 0.0005092594597043062
2 0.001548670314556748
3 4.9017048607707217e-05
4 0.0004192792696665654
5 0.0
6 0.0006490165925601433
7 0.0
8 0.0005813284367369056
9 0.0
10 -0.0005404813568005118
11 0.001270336390502777
12 0.0026385265103234926
13 0.0
14 0.0008150129542127154
15 0.0019662625544946927
16 0.0
17 0.0004611992702127861
18 0.0
19 0.0
20 -0.00042020300413527417
21 0.0021569216236949156
22 0.0026641379753821986
23 0.0
24 -0.0010043609545919729
25 0.0
26 9.686508941534426e-06
27 0.0
28 0.0017026490646814556
29 0.0003175796389628593
30 -0.00043349437442290314
31 0.001379305661973232
32 0.0003074864951655906
33 0.0022337936209004036
34 0.0010305627208327828
35 0.0
36 0.0
37 0.002558322517116202
38 0.0008225242812391415
39 0.0
40 0.0008137341045381511
41 0.0011509493892701017
42 0.0
43 -7.628648563417314e-05
44 0.0
45 -0.0007960156146202953
46 2.7992324712399227e-05
47 0.0
48 2.78195664267251e-06
49 0.0
