0 1.0129890678513214e-07
1 1.9638395529991387e-07
2 0.0004878657129327006
3 0.0
4 1.2197076796434288e-07
5 2.2514061123061841e-07
6 0.0
7 0.0
8 0.0
9 0.0
10 3.2934386431623564e-05
11 1.2009379965858374e-07
12 1.1196295944830634e-07
13 2.2147298699668164e-07
14 9.319143139622864e-08
15 0.0
16 5.5648871401110976e-08
17 2.0990340858166668e-07
18 1.0632049242964878e-07
19 1.979129025758616e-07
20 1.8559042412889677e-07
21 8.409719277544063e-09
22 1.1197427895975646e-07
23 1.6453875741619524e-08
24 0.0
25 0.0
26 2.4473504594756663e-07
27 0.0
28 5.12721875114291e-08
29 2.1692479726333497e-07
30 8.449964779758476e-08
31 1.5953239551742213e-07
32 0.0
33 0.0
34 1.0749903088110877e-07
35 1.4590313611947908e-07
36 2.515514437833992e-08
37 7.446071305416989e-09
38 3.38984803405146e-08
39 2.659230087497795e-07
40 0.00013743756620991114
41 0.0
42 6.308818549391357e-05
43 1.0922472540046883e-05
44 -4.093075508210375e-08
45 0.0
46 6.945347972142795e-06
47 1.850136066539524e-07
48 0.00028953474711728436
49 0.0
50 0.0005446487062656335
51 1.1951650694468506e-05
52 1.9252947839245467e-05
53 -3.736211265015928e-08
54 0.0001081805605569703
55 -0.00021292041108041915
56 -0.00012662221317261238
57 -1.7075480695324273e-06
58 0.0
59 0.00011428356425223329
60 0.0
61 0.00011609976597440672
62 0.0
63 0.000176183356515995
64 2.838291835315132e-07
65 0.0010857181427104934
66 -9.642257259661047e-05
67 -1.9761816785632822e-07
68 -2.3264737367955334e-06
69 0.0
70 0.0
71 0.0
72 0.0007488592559428035
73 2.632877258650742e-07
74 0.0
75 0.0
76 0.0
77 7.22172469412915e-07
78 0.0003658421360227207
79 0.0010355759838954442
80 3.9394564209233794e-07
81 0.0
82 0.0
83 0.0
84 4.792265322830379e-07
85 0.0012615866887934573
86 0.0011650495286649719
87 5.592149020253193e-08
88 -0.00039505951320807723
89 0.0
90 -0.0001397234976764464
91 -1.995483965868689e-07
92 -0.0003435559082751997
93 -0.0008705642007106699
94 -0.0005113195454802571
95 0.0
96 0.0
97 -0.00018130220847985813
98 -0.00014949237880585676
99 -8.442527987547329e-08
