0 1.2110966592539022e-07
1 0.0
2 0.00070843564514305
3 0.00020204746220959936
4 1.3301424363221743e-07
5 0.0
6 1.3180246899475907e-07
7 1.1405182346094333e-07
8 2.159927764780634e-07
9 1.142041791946948e-07
10 1.0751475207897302e-05
11 1.1574176984238577e-07
12 8.852868712194784e-08
13 0.0
14 1.3718972870983126e-07
15 0.0
16 0.0
17 2.6262325796133926e-07
18 0.0
19 2.3809150966197274e-07
20 2.436135950018146e-07
21 0.0
22 0.0
23 8.869448788982195e-08
24 0.0
25 0.0
26 2.8190125722572344e-07
27 0.0
28 9.544195509394275e-08
29 2.2798902084466595e-07
30 0.0
31 2.800502611358851e-07
32 9.988984332598299e-08
33 1.749349762959004e-06
34 6.168411550434718e-08
35 1.196373688435277e-07
36 0.0
37 1.0204639409248427e-07
38 6.654267329682825e-08
39 0.0
40 0.0004569884651174025
41 2.1500176611514016e-07
42 7.376324374208208e-05
43 0.0
44 9.952298396041379e-08
45 1.398432002347105e-07
46 1.139812628590868e-05
47 3.1223841330806086e-07
48 0.00036915604335594133
49 0.0
50 0.0006306356117955576
51 0.0
52 7.57672057045632e-05
53 2.151281056210468e-07
54 0.0006023424223494086
55 1.9501988827286703e-05
56 0.0001914150505935351
57 0.0
58 0.000703954999440998
59 0.00034872574230290836
60 0.0004324243853984671
61 0.0
62 0.0002453164800017286
63 0.00016113273725725037
64 0.0
65 0.0
66 0.00011903419711249026
67 1.1186256850230798e-07
68 2.922084015258515e-06
69 6.944843392488586e-08
70 1.5617667689898672e-08
71 -0.0007496877484928762
72 -0.0005957053970557309
73 0.0
74 -3.9648202727664026e-05
75 -0.00021747785038004185
76 2.863940793104486e-05
77 0.0
78 5.068726243881372e-05
79 0.0
80 5.073055651297381e-07
81 0.003980177259143597
82 0.00039128436290848163
83 3.286658973661276e-05
84 0.0
85 0.00012365170562963934
86 0.0
87 -3.7509047923320666e-09
88 0.0
89 0.0
90 0.00032778178045607447
91 6.944395063796531e-07
92 0.000869654478094782
93 0.0009440612469390112
94 0.0003830756740329937
95 -0.0008278530227656346
96 -0.0009685482916176255
97 0.0
98 -0.00030281172993520803
99 0.0
