0 0.0
1 0.0
2 0.0
3 0.0
4 7.967924961454225e-08
5 2.1485484009342093e-07
6 1.2209050528265964e-07
7 1.447589190287197e-07
8 0.0
9 1.2740445085503641e-07
10 3.0296962179034638e-05
11 1.0417463947673613e-07
12 1.1569604961443622e-07
13 0.0
14 0.0
15 1.2539400354375262e-07
16 4.778136646436981e-08
17 0.0
18 1.4591793276232863e-07
19 1.9925778763576532e-07
20 0.0
21 5.200230166805684e-08
22 1.3730644357376028e-07
23 0.0
24 2.5969260550112427e-07
25 0.0
26 0.0
27 1.8779405768401902e-05
28 4.707001443125241e-08
29 2.2150876031472335e-07
30 8.518572988207896e-08
31 0.0
32 1.224568410897868e-07
33 1.022287040235739e-06
34 3.7987121351815396e-08
35 1.0898899488292252e-07
36 4.459017175476099e-08
37 3.421902658543066e-08
38 2.0836018677012396e-08
39 1.7016872641361665e-07
40 0.00017335760655119858
41 0.0
42 9.049733948516349e-05
43 1.4658981187684493e-05
44 -3.1647226666197446e-08
45 0.0
46 1.0325838924241321e-05
47 1.991089044273291e-07
48 0.0
49 1.4713997939793463e-07
50 0.0
51 0.00013547279808459836
52 5.456296133183472e-05
53 7.455707669216059e-08
54 0.0002722428385254381
55 0.00010961512036918024
56 0.00039647315135574786
57 -7.666155264813238e-07
58 -0.00017039492146548772
59 0.0
60 -6.696190889474252e-05
61 1.4641989868159639e-07
62 -2.272739089892926e-05
63 0.0
64 0.0
65 0.0006204542666668228
66 0.0001226150181622599
67 1.3580280166640053e-07
68 1.4726050082962176e-06
69 0.0
70 7.314548771284244e-07
71 0.0
72 0.0
73 4.551388213397929e-07
74 0.0
75 0.0006491348353988695
76 0.0
77 6.161898171560344e-07
78 2.4527044127379482e-05
79 0.0
80 1.705681017124192e-08
81 -0.0004020165651277076
82 -0.0003835106593318387
83 -0.00018451193492125448
84 -2.2364511262702762e-07
85 -0.0003275355262264856
86 0.0
87 -6.389810663695204e-08
88 0.00138190014333632
89 0.0021927991861990094
90 0.0
91 3.8743918331945406e-07
92 0.0
93 0.0008518940723729448
94 0.0
95 0.0020616928646750477
96 0.00041496205553524394
97 0.0009701419372581505
98 2.7449405433030116e-05
99 -2.1323003469045843e-07
