0 0.0
1 -2.9386666255959426e-07
2 -0.0012130831717513501
3 0.0
4 -2.9386666255959426e-07
5 -2.9386666255959426e-07
6 0.0
7 -2.9386666255959426e-07
8 -2.9386666255959426e-07
9 -2.9386666255959426e-07
10 0.0
11 -2.9386666255959426e-07
12 0.0
13 -2.9386666255959426e-07
14 -2.9386666255959426e-07
15 -2.9386666255959426e-07
16 0.0
17 -2.9386666255959426e-07
18 0.0
19 -2.9386666255959426e-07
20 -2.9386666255959426e-07
21 -2.9386666255959426e-07
22 -2.9386666255959426e-07
23 0.0
24 -2.9386666255959426e-07
25 -7.8764376993945e-05
26 -2.9386666255959426e-07
27 -1.897042817233796e-05
28 -2.9386666255959426e-07
29 -2.9386666255959426e-07
30 -2.9386666255959426e-07
31 -2.9386666255959426e-07
32 -2.9386666255959426e-07
33 0.0
34 -2.9386666255959426e-07
35 -2.9386666255959426e-07
36 0.0
37 -2.9386666255959426e-07
38 0.0
39 -2.9386666255959426e-07
40 -0.0006103369640186429
41 -2.9386666255959426e-07
42 -0.00020078458037460224
43 -2.1286900263817188e-05
44 -2.9386666255959426e-07
45 -2.9386666255959426e-07
46 0.0
47 -2.9386666255959426e-07
48 -0.000559432475711219
49 -2.9386666255959426e-07
50 0.0
51 0.0
52 0.0
53 0.0
54 -0.0009400868555530905
55 0.0
56 -0.0007209485222119838
57 0.0
58 0.0
59 -0.0006501802927232347
60 0.0
61 0.0
62 -0.0002668040545245276
63 -0.000174753214565726
64 -2.9386666255959426e-07
65 -0.0010498007904971018
66 0.0
67 -2.9386666255959426e-07
68 0.0
69 0.0
70 -2.9386666255959426e-07
71 -0.0015585851130595074
72 0.0
73 0.0
74 -0.00038598657542934236
75 0.0
76 -0.00028244024565537984
77 -2.9386666255959426e-07
78 0.0
79 0.0
80 -2.9386666255959426e-07
81 -0.001287818347918801
82 -0.0005936969594605065
83 -0.00025985462548305804
84 -2.9386666255959426e-07
85 0.0
86 0.0
87 0.0
88 -0.0007990136684384197
89 -0.0008701293521511388
90 0.0
91 -2.9386666255959426e-07
92 -0.000497177252225356
93 0.0
94 -0.0008134916202493514
95 -0.0014793617391546832
96 -0.001150422577855655
97 -0.0012921907097620533
98 0.0
99 -2.9386666255959426e-07
