0 1.2274313218518282e-07
1 3.6374938692480985e-07
2 0.00036797847410072003
3 0.00020101220866592724
4 1.27754652848974e-07
5 2.0973493553912638e-07
6 1.068018373327037e-07
7 1.3075604091762552e-07
8 0.0
9 0.0
10 2.5917991831586932e-05
11 1.2099590959050965e-07
12 0.0
13 2.34685243629852e-07
14 1.261995247143467e-07
15 1.0328638502358697e-07
16 4.097441722364869e-08
17 2.0846064072545015e-07
18 8.268763704731151e-08
19 0.0
20 0.0
21 7.880646801142914e-08
22 1.1473090759906522e-07
23 3.641368806403399e-08
24 0.0
25 6.769795498050505e-05
26 0.0
27 0.0
28 7.858282584190746e-08
29 2.1517955766586505e-07
30 1.155251810125153e-07
31 0.0
32 1.1304705154263062e-07
33 1.0071168804775427e-06
34 2.3826129809960402e-08
35 1.3114566097629694e-07
36 4.1553704315273387e-08
37 0.0
38 7.019195732207716e-08
39 0.0
40 0.0
41 2.795934295006193e-07
42 0.0
43 2.1739795116286556e-05
44 4.4289808377951415e-08
45 1.0959882426842667e-07
46 1.1799024053833739e-05
47 0.0
48 0.0
49 2.806752606363317e-07
50 0.0006831436463016114
51 1.3635544766988427e-05
52 0.0
53 1.3005517287942873e-07
54 0.00040978310992162225
55 0.00010395439877336829
56 0.0
57 0.0
58 0.0006715365157452101
59 0.0
60 0.0005077395542756269
61 0.00018108820791116402
62 0.0
63 0.00024540675301893333
64 1.378900786614382e-07
65 0.0006809710180490039
66 0.0
67 0.0
68 2.0026327255345143e-06
69 5.2113897219506255e-08
70 2.2533596208584676e-07
71 -5.900970615951936e-05
72 -0.00017054802839380862
73 -1.5469043270015664e-07
74 -0.00014339890286574854
75 -3.1428180858039494e-05
76 1.8822199102015803e-05
77 -2.3498534726153455e-07
78 -0.0001542613508823051
79 -0.00027451921886773175
80 -1.6302362136307402e-07
81 0.0
82 -0.00015492821832434938
83 -3.753463756178656e-05
84 -5.778954924430918e-08
85 8.716040000807091e-05
86 -0.0002520744617614037
87 -1.5262424147803276e-07
88 -0.00020506845319541607
89 0.0
90 -6.124104095832846e-05
91 -6.630456934765832e-08
92 5.736656991596973e-05
93 0.0
94 0.0
95 0.0023909269680032702
96 0.001962708559152044
97 0.0
98 0.0
99 8.775295279439563e-07
