0 1.0
1 1.0565271209743223
2 1.0565271209743223
3 1.116660752303078
4 1.116660752303078
5 1.203863518897396
6 1.3038635188973962
7 1.3610200189674995
8 1.4591660572795455
9 1.4591660572795455
10 1.5591660572795456
11 1.611318010352264
12 1.652830884026601
13 1.7063926583864142
14 1.750775947377818
15 1.850775947377818
16 1.9507759473778181
17 2.0119126695855707
18 2.0119126695855707
19 2.0391962402660417
20 2.0914834524552193
21 2.144708122505216
22 2.2012011853646976
23 2.2012011853646976
24 2.2836439512098132
25 2.37330772881207
26 2.4608009867927048
27 2.4608009867927048
28 2.4608009867927048
29 2.53542325700841
30 2.53542325700841
31 2.63542325700841
32 2.73542325700841
33 2.808731434986794
34 2.808731434986794
35 2.808731434986794
36 2.908731434986794
37 2.908731434986794
38 2.908731434986794
39 2.908731434986794
40 2.986332151101251
41 3.043158076958155
42 3.043158076958155
43 3.050584259311437
44 3.0964455380197973
45 3.1799939152146353
46 3.2752068972073087
47 3.3459829118946933
48 3.425260217544266
49 3.508775297680524
