0 1.0995305117398988
1 1.0995305117398988
2 1.1372526025425131
3 1.233411344917495
4 1.3251328927873105
5 1.4242239860355348
6 1.508382648637949
7 1.608382648637949
8 1.7044373342760335
9 1.7044373342760335
10 1.7673088819263116
11 1.7673088819263116
12 1.8029720450793711
13 1.8582565809924996
14 1.8868215615873811
15 1.9419758965653426
16 1.9820267270748235
17 1.9820267270748235
18 1.9820267270748235
19 1.9820267270748235
20 2.041185138171558
21 2.094939717889445
22 2.1604122947256843
23 2.2248810539280233
24 2.3110069940146514
25 2.401257766569841
26 2.4939332451665903
27 2.4939332451665903
28 2.4939332451665903
29 2.5570382091936965
30 2.6241872916307285
31 2.678463565322211
32 2.752788658999049
33 2.752788658999049
34 2.752788658999049
35 2.852788658999049
36 2.9492201163266225
37 3.0363531338516636
38 3.127088885659736
39 3.2270136749078633
40 3.3075977213653025
41 3.3713251248835463
42 3.4607404014939664
43 3.4607404014939664
44 3.5607404014939665
45 3.6607404014939666
46 3.7504134558997966
47 3.7504134558997966
48 3.8252061955817602
49 3.917704420094332
