0 1.0965174889591984
1 1.0965174889591984
2 1.0965174889591984
3 1.113689809613426
4 1.113689809613426
5 1.2091065063075106
6 1.2870162242268637
7 1.375866606809096
8 1.4495909113827232
9 1.5495909113827233
10 1.5495909113827233
11 1.5495909113827233
12 1.6214857453839646
13 1.7214857453761185
14 1.7214857453761185
15 1.8214857453761186
16 1.8214857453761186
17 1.8960920065821394
18 1.9205851690120945
19 1.9469120350883833
20 2.0160182539234706
21 2.0707366094452877
22 2.138221200947055
23 2.1983570534925505
24 2.1983570534925505
25 2.2852513436274657
26 2.2852513436355464
27 2.3755567247593348
28 2.461700884514468
29 2.535068371093635
30 2.535068371093635
31 2.535068371093635
32 2.6219987163675293
33 2.6219987163675293
34 2.6955806338994144
35 2.7803189480328254
36 2.7803189480328254
37 2.8636445934335946
38 2.943300209506109
39 3.0352762841717404
40 3.0352762841717404
41 3.087991933484618
42 3.087991933484618
43 3.1500484703195224
44 3.210680356140425
45 3.210680356140425
46 3.210680356140425
47 3.267582987572828
48 3.325494880270628
49 3.3821707275295094
