0 1.0043859914991708
1 1.0054576615401458
2 1.0246446830358698
3 1.0793185090498265
4 1.1531404163565504
5 1.2423778048324745
6 1.2597186836860896
7 1.311481388064088
8 1.311481388064088
9 1.311481388064088
10 1.4114813880640882
11 1.5114813880640883
12 1.6114813880640884
13 1.7114813880640884
14 1.8114813880640885
15 1.8376487629928526
16 1.8638359811992786
17 1.9239253451920013
18 1.936220473139595
19 1.9507731152441883
20 1.9507731152441883
21 1.9507731152441883
22 1.9684574257069163
23 2.009087593283586
24 2.0526959370959945
25 2.0526959370959945
26 2.0526959370959945
27 2.08273115268842
28 2.123938220629579
29 2.123938220629579
30 2.158137209681822
31 2.158137209681822
32 2.1766629704001708
33 2.2475840503978657
34 2.3225045217652
35 2.3797517531710866
36 2.424033423366859
37 2.493017199325344
38 2.534627896035131
39 2.5793786091834807
40 2.6226859527064468
41 2.6484519446621
42 2.6851094205824357
43 2.6851094205824357
44 2.6851094205824357
45 2.7166677243334423
46 2.758434850733058
47 2.778208390060801
48 2.778208390060801
49 2.778208390060801
