0 1.0955843672431602
1 1.1682252541724447
2 1.2682252541724448
3 1.3618213344852825
4 1.3618213344852825
5 1.3618213344852825
6 1.443015809693434
7 1.541118535071194
8 1.6366414976687294
9 1.726737779990652
10 1.7990525929566303
11 1.7990525929566303
12 1.8472832893947195
13 1.9025442314501515
14 1.946909199942234
15 2.0074102767583586
16 2.050181561795479
17 2.1291169917609625
18 2.1571203394932494
19 2.192796987134642
20 2.245395304521711
21 2.245395304521711
22 2.313633827896838
23 2.3880555820386427
24 2.4880555820386427
25 2.4880555820386427
26 2.5786231542204834
27 2.6621257230663016
28 2.6621257230663016
29 2.6621257230663016
30 2.7360645960110417
31 2.803155308950776
32 2.803155308950776
33 2.8908633836710393
34 2.967609328967933
35 2.967609328967933
36 2.967609328967933
37 3.0565659128958265
38 3.1565659128958266
39 3.1565659128958266
40 3.2565659128958266
41 3.3565659128958267
42 3.456565912895827
43 3.556565912895827
44 3.556565912895827
45 3.6538312788428517
46 3.6538312788428517
47 3.753831278842852
48 3.853831278842852
49 3.953831278842852
