0 1.0
1 1.1
2 1.1929872814431586
3 1.1929872814431586
4 1.2913740584692872
5 1.2913740584692872
6 1.370595360451404
7 1.370595360451404
8 1.4705953604514042
9 1.5685726879171293
10 1.6322884294672793
11 1.6913808786819184
12 1.6913808786819184
13 1.6913808786819184
14 1.7216219811889784
15 1.7216219811889784
16 1.7649639506238688
17 1.8649639506238689
18 1.9091338066728714
19 1.963524562033667
20 1.963524562033667
21 2.0195902643139574
22 2.0936477962335194
23 2.1666825511532024
24 2.2509159869302526
25 2.3368414841255594
26 2.429304790743645
27 2.524983685037388
28 2.5982553633730374
29 2.658525388698506
30 2.658525388698506
31 2.658525388698506
32 2.658525388698506
33 2.7246751281030037
34 2.778328867249594
35 2.778328867249594
36 2.8639670056285
37 2.8639670056285
38 2.9437668987586902
39 3.0366718163442887
40 3.0366718163442887
41 3.0366718163442887
42 3.0366718163442887
43 3.105427014088538
44 3.1706785303581015
45 3.2432590847055667
46 3.334789484042121
47 3.334789484042121
48 3.334789484042121
49 3.4101387315775247
