0 1.0907514798661329
1 1.1363254980356845
2 1.2273132980711614
3 1.2273132980711614
4 1.3226085238079517
5 1.4196644210389215
6 1.4196644210389215
7 1.4196644210389215
8 1.4196644210389215
9 1.5093852714068585
10 1.5093852714068585
11 1.6093852714068586
12 1.6093852714068586
13 1.6093852714068586
14 1.6093852714068586
15 1.6093852714068586
16 1.6093852714068586
17 1.6093852714068586
18 1.7093852714068587
19 1.8093852714068588
20 1.9093852714068589
21 2.0093852714068587
22 2.109385271406859
23 2.209385271406859
24 2.2954080922436586
25 2.3954080922436587
26 2.4782591590128646
27 2.5512245936024276
28 2.6176183714372323
29 2.66331083022781
30 2.6951807336418714
31 2.7327582455622434
32 2.79058233370667
33 2.853136410477877
34 2.8790470288341266
35 2.950809528478269
36 3.009680499899548
37 3.0762217955817235
38 3.0762217955817235
39 3.1554327208300483
40 3.215546420995984
41 3.280054422741662
42 3.360768178976189
43 3.360768178976189
44 3.4364199840348686
45 3.4364199840348686
46 3.5245798006532296
47 3.577794290514679
48 3.6537596594342614
49 3.6537596594337365
