0 1.0
1 1.0592696395141075
2 1.150726101610532
3 1.150726101610532
4 1.2449573305707808
5 1.3382888798413373
6 1.3382888798413373
7 1.4041700309662457
8 1.4935119300965072
9 1.5863821272275058
10 1.6545300133986536
11 1.715917735082556
12 1.7633579761883666
13 1.8049496464784647
14 1.8353474623914963
15 1.8353474623914963
16 1.8353474623914963
17 1.9046788503921739
18 1.9046788503921739
19 1.9046788503921739
20 1.9535485078910584
21 2.014340149491571
22 2.014340149491571
23 2.0740824131079414
24 2.1584306901986205
25 2.1584306901986205
26 2.2584306901986206
27 2.352190437335603
28 2.452190437335603
29 2.452190437335603
30 2.511428557542004
31 2.611428557542004
32 2.6973100879088054
33 2.773942835004002
34 2.773942835004002
35 2.87192493051794
36 2.9678389896962103
37 3.0603123245894666
38 3.1384231213929312
39 3.2384231213929313
40 3.292724730141912
41 3.292724730141912
42 3.3757114286293293
43 3.459619974123136
44 3.5406551904205967
45 3.5406551904205967
46 3.5406551904205967
47 3.6053381743694137
48 3.641130143419015
49 3.690360499044884
