0 1.0
1 1.1
2 1.1
3 1.1678803943397995
4 1.266801625442985
5 1.266801625442985
6 1.352674314407228
7 1.452674314407228
8 1.5140257857175141
9 1.5140257857175141
10 1.6140257857175142
11 1.6739557421688684
12 1.7127532082220311
13 1.7663107757747751
14 1.814939264039125
15 1.814939264039125
16 1.8607908888316798
17 1.9186753856151513
18 1.9595627479873758
19 2.0567366170747965
20 2.0567366170747965
21 2.0567366170747965
22 2.1567366170747966
23 2.254915162841035
24 2.254915162841035
25 2.3360958220368753
26 2.3720495222364923
27 2.416019502051936
28 2.466231316277218
29 2.513796695771296
30 2.6124716017147827
31 2.681207082414865
32 2.7352797122203
33 2.7824507007640116
34 2.8824507007640117
35 2.8824507007640117
36 2.966913895974285
37 3.0554581790024833
38 3.1536155042800638
39 3.2411075384517702
40 3.326539869372714
41 3.3743727307510083
42 3.3743727307510083
43 3.4219149278589267
44 3.480035609064271
45 3.5164095259674695
46 3.6164095259674696
47 3.6648694297426463
48 3.6648694297426463
49 3.6648694297426463
