0 1.0872763700499284
1 1.161137892850679
2 1.2611378928506791
3 1.3561664862647111
4 1.4561664862647112
5 1.4561664862647112
6 1.5467875897843757
7 1.6444743087467089
8 1.7120115098620101
9 1.7120115098620101
10 1.8116217793870546
11 1.8116217793870546
12 1.8116217793870546
13 1.8116217793870546
14 1.8596691567741825
15 1.8596691567741825
16 1.9087014844098404
17 1.955124443956492
18 1.955124443956492
19 2.047895399480216
20 2.098271550042024
21 2.1534908202857217
22 2.1534908202857217
23 2.1534908202857217
24 2.193285201156928
25 2.193285201156928
26 2.2399992094672636
27 2.2838974017565694
28 2.2838974017565694
29 2.31289482131247
30 2.4033676477040946
31 2.477576771426319
32 2.5328274463410456
33 2.577295120129157
34 2.577295120129157
35 2.6716046366588184
36 2.763743420222669
37 2.863743420222669
38 2.963743420222669
39 3.063743420222669
40 3.1637434202226693
41 3.2085459145677153
42 3.2488362448217525
43 3.2899465326168764
44 3.3415627518731417
45 3.4078272699814884
46 3.506653107901247
47 3.555575685006303
48 3.6529608261007795
49 3.6529608261007795
