0 1.0910400471619657
1 1.0910400471619657
2 1.1339379531328149
3 1.2314551334081172
4 1.3312879106987863
5 1.3312879106987863
6 1.411432336077734
7 1.5079423436994834
8 1.5079423436994834
9 1.5784148582745592
10 1.6761376244497237
11 1.7317838369526928
12 1.7811140512153882
13 1.8283564616312187
14 1.8783643623837025
15 1.9462310826330658
16 2.0013210144099527
17 2.0615350377516504
18 2.110889052312262
19 2.110889052312262
20 2.178959542827062
21 2.178959542827062
22 2.178959542827062
23 2.278959542827062
24 2.3346586144883372
25 2.4346586144883373
26 2.4932672610355295
27 2.550476182421248
28 2.550476182421248
29 2.5952705296711827
30 2.5952705296711827
31 2.5952705296711827
32 2.6522800205376105
33 2.6865897186179053
34 2.7722433324622338
35 2.7722433324622338
36 2.872243332462234
37 2.872243332462234
38 2.872243332462234
39 2.9516040525890697
40 2.9516040525890697
41 2.9516040525890697
42 2.9905357134262
43 3.044393510675806
44 3.1107932442095616
45 3.1107932442095616
46 3.170008705985439
47 3.2180535922666618
48 3.318053592266662
49 3.418053592266662
