0 1.0
1 1.0820987321953226
2 1.1604124976037824
3 1.1604124976037824
4 1.1604124976037824
5 1.2496144574103287
6 1.2496144574103287
7 1.2496144574103287
8 1.3496144574103288
9 1.3948085336981182
10 1.4728253868709638
11 1.5728253868709638
12 1.5728253868709638
13 1.5728253868709638
14 1.5728253868709638
15 1.672825386870964
16 1.772825386870964
17 1.7973512242088399
18 1.813158758217196
19 1.8602383618870677
20 1.9602383618870678
21 1.9602383618870678
22 1.9602383618870678
23 1.9602383618870678
24 2.060238361887068
25 2.060238361887068
26 2.060238361887068
27 2.160238361887068
28 2.260238361887068
29 2.260238361887068
30 2.260238361887068
31 2.360238361887068
32 2.4602383618870682
33 2.4602383618870682
34 2.4602383618870682
35 2.4602383618870682
36 2.4602383618870682
37 2.4602383618870682
38 2.4763493215012558
39 2.4947954739364846
40 2.4947954739364846
41 2.4947954739364846
42 2.5947954739364847
43 2.6947954739364848
44 2.6947954739364848
45 2.794795473936485
46 2.794795473936485
47 2.894795473936485
48 2.8995860915151184
49 2.90682327498314
