0 2.2379458582832954
1 2.2379458627993016
2 5.076022122895817
3 1.8263310660890881
4 2.902971570671103
5 1.6631752002206022
6 4.292685711417025
7 1.4514357983235862
8 3.496111148977678
9 1.6956774018933183
10 2.8830808001972508
11 1.4178592605511127
12 1.8142963223470618
13 1.5832510975410015
14 1.4615778843340435
15 1.4833649376972804
16 1.6620912022577354
17 1.3700490994041676
18 1.4803046236463244
19 1.3582358372244663
20 1.0814605941347426
21 2.5864978318758993
22 1.2432997698903416
23 1.5551260997990048
24 1.628130712216943
25 1.152854433896482
26 1.7180110134454158
27 1.0212309192482143
28 1.6742967281500942
29 1.1925702914554097
30 0.9553848430638858
31 1.5746449097949482
32 1.3677068226184685
33 1.3561930898836396
34 1.1958962469047822
35 1.1177962587404384
36 1.069462670057929
37 1.3858864537188602
38 1.2496275113485649
39 1.0552721595365688
40 0.9719691863631139
41 1.6168560503585092
42 0.9696552192268265
43 1.1539545401225182
44 1.005438936387596
45 0.9123700715705213
46 1.382202657750058
47 0.9444164903715129
48 0.9458716141480257
49 1.0695456162136576
50 1.084712562986071
51 1.0298167137050362
52 0.9797488822910447
53 0.9638438878949306
54 1.2260129224623146
55 1.038269396213436
56 1.0691316872254055
57 0.8679827045265347
58 0.9617094377953362
59 0.9105184891761844
60 0.799943022143542
61 1.4363643924505929
62 0.93531483574498
63 0.7984966520479463
64 1.2636465279172722
65 0.8816187960855808
66 0.871480639000789
67 0.8909818519788865
68 0.891881021915372
69 0.8177786973525555
70 0.9340900757850711
71 0.8083345015400963
72 0.8313324969459045
73 0.7783508741091885
74 0.7413262754761741
75 0.9514162966799935
76 0.909517245239534
77 0.8016537755644753
78 0.7412377115743738
79 0.8911177362904243
80 0.8326912356618387
81 0.7690454349876447
82 0.7550228940079139
83 0.7952400053444015
84 0.9021859477821499
85 0.7867021660286736
86 0.85293640266886
87 0.8323714819459198
88 0.8023809124168247
89 1.0972788802096438
90 1.0248294473690576
91 0.8174419907142193
92 0.7469022622679602
93 0.7155910366424943
94 0.6857146541056195
95 0.8601826310489835
96 0.7901591531413511
97 0.7275961288502621
98 0.6844668137993986
99 0.8245292326201967
