0 2.2379458582832954
1 2.2379458582832954
2 5.076022148397971
3 1.8263310687455627
4 2.9029714545831706
5 1.6631751672803194
6 4.292685698134654
7 1.451435814594492
8 3.496111055204131
9 1.6956773941231305
10 2.8830807461379964
11 1.4178592721731882
12 1.8142962915319587
13 1.583251032590202
14 1.4615778028466908
15 1.4833648700235946
16 1.6620911236260927
17 1.3700490208389366
18 1.480304510613338
19 1.3582356927786696
20 1.0814605108542694
21 2.58649773624282
22 1.2432996891335193
23 1.5551260252848973
24 1.6281298531795279
25 1.152854383821939
26 1.7180109749265369
27 1.0212309016490713
28 1.674296777294871
29 1.1925702102337044
30 0.955384824867036
31 1.5746452374710678
32 1.3677068574182834
33 1.3561931517130816
34 1.195896178102095
35 1.1177962350314041
36 1.0694627583192915
37 1.3858863136562465
38 1.2496275953595686
39 1.0552722379025643
40 0.9719691642479644
41 1.616856074266779
42 0.9696551403295363
43 1.153954653089093
44 1.005438791742564
45 0.9123700942169657
46 1.382202482024275
47 0.9444165338712814
48 0.9458716545264368
49 1.0695455310072408
50 1.0847125318389086
51 1.029816766170406
52 0.9797488184692468
53 0.9638439392977106
54 1.226013010723677
55 1.038269550820247
56 1.0691316635827832
57 0.8679825647295684
58 0.9617086239179861
59 0.9105186171518395
60 0.7999430428640424
61 1.4363639767123464
62 0.9353149503054393
63 0.7984966099760327
64 1.2636465900787737
65 0.8816188689393918
66 0.8714806463725056
67 0.890981951663089
68 0.8918808833470252
69 0.8177787852154469
70 0.9340899293469187
71 0.8083345677527213
72 0.8313326241246173
73 0.7783508670031194
74 0.7413261553371185
75 0.9514162832647977
76 0.9095172791759948
77 0.801653760522189
78 0.7412376533311722
79 0.8911177831771978
80 0.8326913033687304
81 0.7690454443849228
82 0.7550228573485669
83 0.7952401499230217
84 0.9021858983053138
85 0.7867022143100961
86 0.8529364487254852
87 0.8323714654093666
88 0.8023809278243763
89 1.0972788110084852
90 1.0248295444631974
91 0.8174419676028919
92 0.7469023288790562
93 0.7155910710106321
94 0.6857145912467936
95 0.8601826709625117
96 0.7901594607610889
97 0.7275961692950852
98 0.6844668049334152
99 0.8245295725825105
