0 2.2379458582832954
1 2.2379458582832954
2 2.076022148397971
3 1.826331067151678
4 1.90297152059656
5 1.6631751872038776
6 1.6926857350596475
7 1.4514357991205284
8 1.4961112695816166
9 1.6956773845598225
10 1.8830808279574085
11 1.4178592549725164
12 1.8142963643193577
13 1.5832510913646984
14 1.4615778219733067
15 1.4833649768802781
16 1.6620912247049444
17 1.3700491490802393
18 1.4803045292086587
19 1.3582357387356772
20 1.0814605696951778
21 2.586498108016415
22 1.2432998183709998
23 1.555126055967177
24 1.628130553293361
25 1.152854428649945
26 1.7180109956470373
27 1.0212309234985735
28 1.674296607280508
29 1.1925702904592317
30 0.9553848683668046
31 1.5746448559349293
32 1.3677070083060305
33 1.3561930847035144
34 1.1958962239262785
35 1.1177962437977698
36 1.0694632578028942
37 1.3858864175243961
38 1.2496274096055948
39 1.0552721582747435
40 0.9719692061538484
41 1.616856210875976
42 0.9696552317786682
43 1.1539545769811008
44 1.005438864529963
45 0.912370047927899
46 1.3822027078246009
47 0.9444164980752886
48 0.9458716846774216
49 1.0695456307578552
50 1.0847124637667516
51 1.029816814252593
52 0.9797488387248642
53 0.9638438799919192
54 1.226013019888514
55 1.0382694491436886
56 1.06913176984176
57 0.8679826907792796
58 0.9617085960914166
59 0.9105184966143127
60 0.7999430020207482
61 1.4363644225351657
62 0.9353148034024039
63 0.7984966509189446
64 1.263646596520724
65 0.8816188547936654
66 0.87148069186463
67 0.8909818932206518
68 0.8918809709442691
69 0.8177787483568643
70 0.9340900557286892
71 0.8083345565291168
72 0.8313325889263312
73 0.7783508231048797
74 0.7413262477160164
75 0.9514158308007923
76 0.9095171413713843
77 0.8016538707658774
78 0.7412377255872764
79 0.8911176935875981
80 0.8326913843912003
81 0.7690451234496072
82 0.755022943949633
83 0.7952400454571652
84 0.9021860171825441
85 0.7867023745287096
86 0.8529363499710487
87 0.8323715733286398
88 0.8023808714407068
89 1.097278889241657
90 1.0248295682386435
91 0.8174419878585093
92 0.7469023066310829
93 0.7155910974425526
94 0.6857148590526209
95 0.8601826700991575
96 0.7901593385964715
97 0.7275961940335032
98 0.6844668190127295
99 0.8245292265767175
