0 2.2379458582832954
1 2.2379458582832954
2 5.076022145210202
3 1.826331067682973
4 2.9029715364025828
5 1.6631751771092746
6 4.292685764015219
7 1.4514357704970167
8 3.4961111906843265
9 1.6956774228794662
10 2.8830807557013043
11 1.4178592525152776
12 1.814296319889823
13 1.5832510684526067
14 1.4615778954912362
15 1.4833649404865785
16 1.662091140627529
17 1.3700491216521409
18 1.4803045893778044
19 1.3582357723400786
20 1.081460592939329
21 2.5864978855366827
22 1.2432998473265708
23 1.5551261922443145
24 1.6281307324061487
25 1.152854420946169
26 1.71801095148315
27 1.0212309293428172
28 1.6742967765643404
29 1.1925703466436657
30 0.9553848730820467
31 1.574644971757214
32 1.3677069068287075
33 1.3561931160499126
34 1.1958962086515506
35 1.1177961805072667
36 1.0694632700226765
37 1.3858863958741297
38 1.2496275476758527
39 1.0552722078844032
40 0.9719692522436796
41 1.6168562072897357
42 0.9696552348336137
43 1.1539545609758426
44 1.00543880409517
45 0.912370162156299
46 1.3822027112780175
47 0.9444165272965073
48 0.9458717212703567
49 1.0695456538691825
50 1.08471239410071
51 1.0298166436405236
52 0.9797489435227801
53 0.9638434851734087
54 1.2260129678216154
55 1.0382694785641429
56 1.0691316811819263
57 0.8679826821457377
58 0.961709503078195
59 0.9105185266324737
60 0.7999430259954299
61 1.4363643532675954
62 0.9353148546059483
63 0.7984966114038876
64 1.2636465354218125
65 0.881618825506035
66 0.8714806517518663
67 0.8909818762192155
68 0.8918810737166232
69 0.8177786957918768
70 0.9340900605103432
71 0.8083345086461654
72 0.8313326539435426
73 0.7783508130102769
74 0.7413262110566694
75 0.9514159716603484
76 0.9095171997474096
77 0.8016538736879991
78 0.7412376486159301
79 0.8911177538895674
80 0.8326913740973618
81 0.7690453879348415
82 0.7550229398653036
83 0.7952400473831092
84 0.9021858897381838
85 0.7867023724367359
86 0.8529364168145862
87 0.8323714743749677
88 0.8023808824650757
89 1.097278863008972
90 1.0248295309815898
91 0.8174420439765314
92 0.7469023171241569
93 0.7155910785815842
94 0.6857145789273934
95 0.8601825120389296
96 0.7901591267426366
97 0.7275956128633122
98 0.6844668260191809
99 0.8245293485753051
