0 0.00040330324333192317
1 0.0008312000092623301
2 0.002523774822174353
3 0.0
4 0.0
5 0.0
6 0.001838230349915876
7 0.001672502887933658
8 0.0014679744251849649
9 0.001512026824118537
10 0.0009714794758422493
11 0.0011070830210739878
12 0.0
13 0.0010735747534561327
14 0.0
15 0.0010736360437303921
16 0.0008046665110530348
17 -0.0003115476581141103
18 -0.000496622151277435
19 -0.0010106146729919074
20 -0.0009634783871876534
21 -0.0010080038539015935
22 -0.0008685281617569337
23 -0.0011855013260154176
24 0.0
25 -0.0012123244231656406
26 0.0
27 0.0
28 -0.0011676520891986306
29 0.0
30 0.0
31 -0.00173721481096815
32 -0.0020266773896177406
33 -0.0014061522630394545
34 -0.0012546163360980245
35 -0.001737118316337198
36 -0.0015356816892904135
37 0.0
38 -0.0012546163360980243
39 -0.0015440789147476153
40 -0.0011581931590380161
41 -0.0012546163360980245
42 -0.0012546163360980245
43 -0.0013632009813022705
44 0.0
45 -0.0012546163360980245
46 -0.0011478655426534108
47 -0.0011880177449749376
48 0.0
49 0.0
50 -0.0012546163360980245
51 0.0
52 -0.0012579945253510991
53 -0.0012546163360980245
54 -0.0011581931590380161
55 -0.0015440789147476153
56 -0.0013203462497604808
57 -0.001313589854608684
58 0.0
59 0.0
60 -0.0009651537574484337
61 -0.0012546163360980245
62 0.0
63 0.0
64 -0.0013053856982310208
65 -0.0018372092414532895
66 0.0
67 0.0
68 -0.001447655737687607
69 -0.0012546163360980245
70 -0.001447655737687607
71 -0.0012546163360980245
72 -0.0011464177435035101
73 -0.001447655737687607
74 -0.0012546163360980245
75 -0.0012546163360980245
76 -0.0017371183163371975
77 0.0
78 -0.0015604872526372067
79 -0.00173721481096815
80 -0.0014507443680808287
81 -0.0018102802295629772
82 0.0
83 -0.001447655737687607
84 0.0
85 -0.0010486432989675147
86 -0.0015968751897806517
87 -0.0015440789147476153
88 -0.0012546163360980245
89 0.0
90 -0.0012546163360980245
91 -0.0013326042407584282
92 -0.0017372148246389922
93 -0.0015765095264536437
94 -0.0015049884016396695
95 0.0
96 0.0
97 -0.0011581931590380161
98 -0.0011581931590380161
99 0.0
