0 -0.00012575174723345887
1 0.0001835318946642511
2 -0.0004935921957522721
3 -0.0003707047709438632
4 -0.0003689657735324548
5 0.0
6 -0.0009310271863044148
7 0.0
8 0.0
9 -0.0003203499838010232
10 -0.000390128967075812
11 -0.0003737100975442208
12 0.0
13 -0.0005640304879325166
14 -0.0004580631948872274
15 -0.00022360124667780525
16 -0.0002305244048910178
17 0.0
18 -2.868978063178762e-06
19 -7.776248382477551e-08
20 -1.0572021710761784e-07
21 -1.6215646266915017e-07
22 -1.7552688659312605e-07
23 -1.8686414418749423e-07
24 0.0
25 -1.4729982059411273e-07
26 -1.9527836589179042e-07
27 -1.812619193929879e-06
28 0.0
29 1.8526692335841365e-05
30 0.00038829708783835726
31 0.0013456038939791714
32 0.0015243416700539822
33 0.000669844320625654
34 0.0008638891591770912
35 0.0009353802820916539
36 0.0003506291438712461
37 8.801972026518117e-05
38 0.0006503838644309446
39 0.0
40 0.00033413101909366387
41 3.8587038394358576e-05
42 0.00045612186732617803
43 0.0004896415149441664
44 0.00018893260578814483
45 2.0621037418194005e-07
46 3.0546431546709875e-08
47 7.366173541275891e-08
48 0.0
49 4.839594592629257e-09
