0 -0.00012652809500758648
1 -0.0004280916791451365
2 -0.00018313875259623488
3 -0.0004074342429180907
4 0.0
5 0.0
6 0.0
7 0.0
8 -0.0008067215692938034
9 -0.0006709759509898604
10 0.0
11 -0.0004851224531300587
12 0.0
13 0.0
14 -0.0003958393242611587
15 -0.00036865502112856554
16 -0.0002357828623059289
17 -1.0734807255790582e-05
18 0.0002758157274030862
19 0.00025263829955093973
20 0.0003824347117621813
21 0.0002515859557095773
22 0.0005758798324923493
23 0.000584582754539155
24 0.0
25 0.0
26 0.00027002883440679703
27 0.00024399206880737858
28 0.0006889234832103189
29 0.0006321727810692701
30 0.00044728964316134744
31 0.0006807400213517659
32 0.00016625562632708
33 0.0005383504724128948
34 0.0005431722211303904
35 0.00013473966999921546
36 0.00048646505667812405
37 0.0
38 0.00042629880951567105
39 0.00022754977668229095
40 0.0003501952666465524
41 0.0
42 0.0005656892423883977
43 0.0
44 0.0
45 0.0
46 0.0
47 0.0006786940237843576
48 0.00047127237803597737
49 0.0
50 0.000505204289868771
51 -2.783037672490797e-05
52 0.0006651587500363837
53 0.0004008854485511237
54 0.0006184294614130731
55 0.00033913932447445286
56 0.0004935739141031423
57 0.0
58 2.993033186047249e-05
59 0.0
60 0.0
61 0.0005109216309171711
62 0.00035123754601321106
63 0.0001620526211687865
64 0.0
65 0.0
66 0.0
67 0.0
68 0.00041653559611794585
69 0.0
70 0.0002969030293713408
71 0.00043126912690752276
72 0.0007243827194064894
73 0.0004810614350788417
74 0.0
75 0.0
76 0.0001511124768808806
77 0.0004994299261433363
78 0.0
79 0.0004449583779578444
80 0.0005724280396163216
81 0.0
82 -8.905039782934069e-05
83 0.0
84 0.0002663501152177777
85 0.0008060739848917059
86 0.0
87 0.00014656761278069826
88 0.00033662823601200877
89 -9.119468966608477e-05
90 0.00048006671498660645
91 0.0006882725211880059
92 0.0
93 0.0003622163887941579
94 0.0003962789750323174
95 0.00017760822798480283
96 0.00030416229262735433
97 0.00047508909646915926
98 0.000533498207748665
99 0.0
