0 0.0
1 -0.0005558592364438354
2 -0.00017295562700462717
3 -0.00034823404879000963
4 -0.00046159834913063024
5 -0.00018016206140390793
6 -0.00012972577385100473
7 0.0
8 -0.00018215000186611635
9 0.0
10 -0.00030355806906637723
11 7.395596241237758e-05
12 0.00040576503370289734
13 0.0002620976031638108
14 0.0
15 0.0
16 0.0002343714707893902
17 0.00035857361875196074
18 0.0006032061673083701
19 0.0006369925307534234
20 0.0007560038553078042
21 0.0005732924639905197
22 0.0
23 0.0010246609069204393
24 0.0008325797226730139
25 0.0010874341096845676
26 0.0006808834332275986
27 0.0006489499258883761
28 0.0
29 0.001092408541285556
30 0.0009314944690344115
31 0.0
32 0.0
33 0.0
34 0.0010083603020899418
35 0.0006190936397647561
36 0.0010097071033545787
37 0.0005696424766964605
38 0.0008804572310168382
39 0.00070621765714346
40 0.0007577395190778234
41 0.0
42 0.0010496981654087973
43 0.0
44 0.0005690679516103374
45 0.000856060343718363
46 0.0008649924526161497
47 0.0
48 0.0008871479486435599
49 0.0007401912552376454
50 0.0009090000308904532
51 0.0003864950651235825
52 0.0
53 0.000780744941064955
54 0.001026080466836887
55 0.0007712489913301083
56 0.0
57 0.0011900581774370606
58 0.00043538456270195304
59 0.0007251037852440583
60 0.0
61 0.0009160292317564096
62 0.000719705189096675
63 0.0005535292510368711
64 0.0012851538952688003
65 0.0006052033522731135
66 0.0007503791516870997
67 0.0005952668143335604
68 0.0008442794865651156
69 0.0
70 0.0006971968943858152
71 0.0
72 0.0011536430929229337
73 0.0009236109588808013
74 0.0
75 0.0007612844255382271
76 0.0005843722882031733
77 0.0009241360235504308
78 0.00118700893721455
79 0.0009456640901527671
80 0.0010366505799856748
81 0.000740660116247856
82 0.00028910337340648854
83 0.0006048500444143796
84 0.0006153401010243032
85 0.0
86 0.0011332025539603403
87 0.0005344911643722056
88 0.0007017437322512396
89 0.0003085916342059041
90 0.0
91 0.0
92 0.0006280882284671886
93 0.0007844077213029891
94 0.0
95 0.0
96 0.0
97 0.0
98 0.0
99 0.0007784715322613835
