1 1.063756
2 1.063756
3 1.063756
4 1.084225
5 1.084225
6 1.319661
7 1.319661
8 1.319661
9 1.319661
10 1.319661
11 1.319661
12 1.319661
13 1.319661
14 1.319661
15 1.319661
16 1.319661
17 1.355916
18 1.355916
19 1.355916
20 1.355916
21 1.355916
22 1.355916
23 1.355916
24 1.372782
25 1.372782
26 1.372782
27 1.372782
28 1.372782
29 1.372782
30 1.372782
31 1.372782
32 1.372782
33 1.372782
34 1.372782
35 1.372782
36 1.372782
37 1.404354
38 1.404354
39 1.404354
40 1.404354
41 1.404354
42 1.404354
43 1.404354
44 1.404354
45 1.412931
46 1.412931
47 1.412931
48 1.412931
49 1.412931
50 1.412931
51 1.412931
52 1.412931
53 1.412931
54 1.412931
55 1.412931
56 1.441438
57 1.441438
58 1.441438
59 1.441438
60 1.441438
61 1.441438
62 1.441438
63 1.441438
64 1.441438
65 1.441438
66 1.441438
67 1.441438
68 1.513373
69 1.513373
70 1.513373
71 1.513373
72 1.513373
73 1.513373
74 1.513373
75 1.513373
76 1.513373
77 1.513373
78 1.513373
79 1.513373
80 1.513373
81 1.555081
82 1.555081
83 1.555081
84 1.555081
85 1.555081
86 1.555081
87 1.555081
88 1.555081
89 1.555081
90 1.555081
91 1.555081
92 1.555081
93 1.555081
94 1.563252
95 1.563252
96 1.563252
97 1.563252
98 1.563252
99 1.563252
100 1.563252
