1 1.164133
2 1.164133
3 1.164133
4 1.398974
5 1.398974
6 1.398974
7 1.451105
8 1.451105
9 1.451105
10 1.451105
11 1.451105
12 1.451105
13 1.514853
14 1.514853
15 1.514853
16 1.514853
17 1.556111
18 1.556111
19 1.618082
20 1.618082
21 1.618082
22 1.618082
23 1.618082
24 1.618082
25 1.618082
26 1.618082
27 1.618082
28 1.638760
29 1.723316
30 1.723316
31 1.723316
32 1.723316
33 1.723316
34 1.852785
35 1.852785
36 1.852785
37 1.852785
38 1.852785
39 1.852785
40 2.155777
41 2.178127
42 2.241738
43 2.241738
44 2.241738
45 2.241738
46 2.241738
47 2.241738
48 2.241738
49 2.241738
50 2.241738
51 2.241738
52 2.241738
53 2.241738
54 2.241738
55 2.241738
56 2.300679
57 2.300860
58 2.300860
59 2.300860
60 2.300860
61 2.589039
62 2.589039
63 2.589039
64 2.589039
65 2.589039
66 2.589039
67 2.620398
68 2.665228
69 2.752427
70 2.752427
71 2.752427
72 2.791126
73 2.791126
74 2.791126
75 2.856024
76 2.876613
77 2.876613
78 2.876613
79 2.876613
80 2.876613
81 2.876613
82 2.876613
83 2.910986
84 2.910986
85 2.910986
86 2.910986
87 2.910986
88 2.910986
89 2.936588
90 2.936588
91 3.134609
92 3.134609
93 3.134609
94 3.134609
95 3.134609
96 3.134609
97 3.159229
98 3.162654
99 3.162654
100 3.162654
