1 0.848479
2 1.192085
3 1.294614
4 1.294614
5 1.294614
6 1.294614
7 1.294614
8 1.294614
9 1.294614
10 1.294614
11 1.294614
12 1.344872
13 1.344872
14 1.344872
15 1.381994
16 1.381994
17 1.381994
18 1.486029
19 1.486029
20 1.486029
21 1.685964
22 1.685964
23 1.685964
24 1.685964
25 1.685964
26 1.685964
27 1.810002
28 1.810002
29 1.810002
30 1.876597
31 1.876597
32 1.876597
33 1.876597
34 1.876597
35 1.876597
36 2.102228
37 2.102228
38 2.102228
39 2.124359
40 2.124359
41 2.124359
42 2.124359
43 2.124359
44 2.246827
45 2.246827
46 2.246827
47 2.312171
48 2.312171
49 2.312171
50 2.316595
51 2.316595
52 2.316595
53 2.316595
54 2.316595
55 2.316595
56 2.316595
57 2.316595
58 2.316595
59 2.316595
60 2.392655
61 2.392655
62 2.392655
63 2.392655
64 2.392655
65 2.449953
66 2.449953
67 2.449953
68 2.593308
69 2.593308
70 2.593308
71 2.593308
72 2.732436
73 2.732436
74 2.732436
75 2.732436
76 2.732436
77 2.732436
78 2.805186
79 2.805186
80 2.805186
81 2.805186
82 2.805186
83 2.805186
84 2.805186
85 2.805186
86 2.857299
87 2.857299
88 2.857299
89 2.857299
90 2.999493
91 2.999493
92 2.999493
93 2.999493
94 3.038550
95 3.038550
96 3.038550
97 3.038550
98 3.038550
99 3.038550
100 3.038550
