1 1.264964
2 1.264964
3 1.264964
4 1.264964
5 1.264964
6 1.264964
7 1.264964
8 1.264964
9 1.264964
10 1.264964
11 1.264964
12 1.264964
13 1.264964
14 1.264964
15 1.264964
16 1.264964
17 1.264964
18 1.264964
19 1.264964
20 1.347742
21 1.347742
22 1.347742
23 1.347742
24 1.347742
25 1.347742
26 1.347742
27 1.347742
28 1.347742
29 1.347742
30 1.347742
31 1.347742
32 1.347742
33 1.347742
34 1.347742
35 1.406169
36 1.406169
37 1.406169
38 1.406169
39 1.406169
40 1.406169
41 1.406169
42 1.406169
43 1.406169
44 1.406169
45 1.406169
46 1.406169
47 1.406169
48 1.406169
49 1.406169
50 1.406169
51 1.406169
52 1.406169
53 1.406169
54 1.406169
55 1.406169
56 1.406169
57 1.406169
58 1.406169
59 1.457574
60 1.457574
61 1.476014
62 1.476014
63 1.476014
64 1.476014
65 1.476014
66 1.476014
67 1.476014
68 1.476014
69 1.476014
70 1.476014
71 1.476014
72 1.476014
73 1.476014
74 1.476014
75 1.476014
76 1.476014
77 1.476014
78 1.476014
79 1.476014
80 1.476014
81 1.476014
82 1.476014
83 1.476014
84 1.551708
85 1.551708
86 1.551708
87 1.551708
88 1.551708
89 1.551708
90 1.551708
91 1.551708
92 1.551708
93 1.551708
94 1.551708
95 1.551708
96 1.551708
97 1.551708
98 1.551708
99 1.551708
100 1.551708
