1 0.884985
2 0.987797
3 1.004096
4 1.122244
5 1.530081
6 1.701674
7 1.708761
8 1.708761
9 1.955807
10 1.955807
11 1.955807
12 1.955807
13 1.978065
14 2.147648
15 2.319975
16 2.319975
17 2.653946
18 2.653946
19 2.653946
20 2.653946
21 2.792331
22 2.792331
23 2.792331
24 3.033135
25 3.033135
26 3.033135
27 3.252303
28 3.410582
29 3.410582
30 3.448071
31 3.448071
32 3.463504
33 3.537383
34 3.564909
35 3.564909
36 3.832174
37 3.832174
38 3.832174
39 4.077497
40 4.077497
41 4.077497
42 4.268263
43 4.285434
44 4.285434
45 4.285434
46 4.285434
47 4.285434
48 4.441939
49 4.651968
50 4.651968
51 4.651968
52 4.751800
53 4.751800
54 4.751800
55 4.751800
56 4.751800
57 5.173264
58 5.173264
59 5.173264
60 5.173264
61 5.173264
62 5.187728
63 5.329963
64 5.329963
65 5.329963
66 5.329963
67 5.353893
68 5.823339
69 5.823339
70 5.823339
71 5.948062
72 6.001490
73 6.175922
74 6.175922
75 6.175922
76 6.175922
77 6.175922
78 6.416614
79 6.416614
80 6.416614
81 6.416614
82 6.416614
83 6.416614
84 6.746886
85 6.746886
86 6.746886
87 6.973159
88 6.973159
89 6.973159
90 7.145935
91 7.186347
92 7.186347
93 7.186347
94 7.186347
95 7.313962
96 7.429881
97 7.429881
98 7.587768
99 7.587768
100 7.607903
