1 1.107646
2 1.277309
3 1.277309
4 1.277309
5 1.277309
6 1.277309
7 1.277309
8 1.277309
9 1.277309
10 1.277309
11 1.277309
12 1.277309
13 1.277309
14 1.319150
15 1.319150
16 1.319150
17 1.319150
18 1.319150
19 1.319150
20 1.319150
21 1.319150
22 1.319150
23 1.319150
24 1.319150
25 1.319150
26 1.319150
27 1.319150
28 1.319150
29 1.319150
30 1.396426
31 1.396426
32 1.396426
33 1.396426
34 1.396426
35 1.396426
36 1.396426
37 1.396426
38 1.396426
39 1.396426
40 1.396426
41 1.396426
42 1.396426
43 1.396426
44 1.396426
45 1.396426
46 1.396426
47 1.396426
48 1.396426
49 1.407724
50 1.407724
51 1.407724
52 1.407724
53 1.407724
54 1.407724
55 1.407724
56 1.407724
57 1.407724
58 1.407724
59 1.407724
60 1.407724
61 1.407724
62 1.407724
63 1.407724
64 1.407724
65 1.493008
66 1.493008
67 1.493008
68 1.493008
69 1.493008
70 1.493008
71 1.493008
72 1.493008
73 1.493008
74 1.493008
75 1.493008
76 1.493008
77 1.493008
78 1.493008
79 1.493008
80 1.510886
81 1.510886
82 1.510886
83 1.510886
84 1.510886
85 1.510886
86 1.510886
87 1.510886
88 1.510886
89 1.510886
90 1.520312
91 1.520312
92 1.520312
93 1.520312
94 1.520312
95 1.520312
96 1.520312
97 1.520312
98 1.520312
99 1.520312
100 1.520312
