1 1.156884
2 1.156884
3 1.156884
4 1.156884
5 1.156884
6 1.156884
7 1.163151
8 1.299007
9 1.473207
10 1.473207
11 1.473207
12 1.473207
13 1.607803
14 1.607803
15 1.664593
16 1.664593
17 1.664593
18 1.664593
19 1.664593
20 1.664593
21 1.664593
22 1.664593
23 1.664593
24 1.664593
25 1.664593
26 1.664593
27 1.664593
28 1.664593
29 1.664593
30 1.929513
31 1.929513
32 1.929513
33 1.929513
34 1.929513
35 1.929513
36 1.969002
37 1.969002
38 1.969002
39 2.092034
40 2.092034
41 2.092034
42 2.197786
43 2.197786
44 2.197786
45 2.318838
46 2.318838
47 2.318838
48 2.318838
49 2.318838
50 2.318838
51 2.423487
52 2.423487
53 2.423487
54 2.423487
55 2.423487
56 2.504345
57 2.504345
58 2.504345
59 2.504345
60 2.504345
61 2.504345
62 2.504345
63 2.519573
64 2.519573
65 2.519573
66 2.519573
67 2.519573
68 2.600568
69 2.600568
70 2.647723
71 2.739462
72 2.860882
73 2.860882
74 2.860882
75 2.860882
76 2.860882
77 2.860882
78 2.860882
79 2.860882
80 2.945538
81 2.945538
82 2.945538
83 2.945538
84 2.945538
85 3.104648
86 3.104648
87 3.104648
88 3.104648
89 3.104648
90 3.104648
91 3.104648
92 3.104648
93 3.104648
94 3.104648
95 3.104648
96 3.224324
97 3.224324
98 3.224324
99 3.224324
100 3.224324
