1 1.188243
2 1.188243
3 1.188243
4 1.188243
5 1.188243
6 1.188243
7 1.188243
8 1.188243
9 1.188243
10 1.384401
11 1.384401
12 1.384401
13 1.384401
14 1.384401
15 1.384401
16 1.495544
17 1.553662
18 1.553662
19 1.783621
20 1.783621
21 1.783621
22 1.783621
23 1.783621
24 1.783621
25 1.783621
26 1.783621
27 1.783621
28 1.783621
29 1.893274
30 2.003761
31 2.003761
32 2.003761
33 2.003761
34 2.003761
35 2.034425
36 2.034425
37 2.034425
38 2.034425
39 2.069471
40 2.069471
41 2.069471
42 2.069471
43 2.069471
44 2.069471
45 2.179491
46 2.213473
47 2.213473
48 2.213473
49 2.213473
50 2.298105
51 2.346632
52 2.346632
53 2.385303
54 2.385303
55 2.385303
56 2.385303
57 2.563086
58 2.563086
59 2.563086
60 2.563086
61 2.563086
62 2.664509
63 2.664509
64 2.664509
65 2.664509
66 2.664509
67 2.755826
68 2.755826
69 2.755826
70 2.755826
71 2.755826
72 2.755826
73 2.755826
74 2.755826
75 2.755826
76 2.755826
77 2.755826
78 2.755826
79 2.755826
80 2.755826
81 2.755826
82 2.760220
83 2.760220
84 2.895779
85 2.895779
86 2.895779
87 3.042493
88 3.137025
89 3.137025
90 3.137025
91 3.177356
92 3.177356
93 3.186778
94 3.248877
95 3.248877
96 3.248877
97 3.248877
98 3.248877
99 3.248877
100 3.257089
