0 135.53499878598112
1 135.53462138514945
2 7494.686140914895
4 749.9286530595632
5 1859.5045116131714
8 268.0807754407004
9 79.852064271794
10 200.64374707954923
11 37.11796509837732
12 28.590502649189517
13 69.8665527820399
14 39.536904940173535
15 27.191113308496092
16 45.01007108882342
17 37.39961466158226
18 23.174804901927445
19 36.50809403972341
20 35.619394653114
22 32.22172006624748
23 28.629767069727976
24 20.981204473226597
25 46.21766319308811
26 24.582045482940014
27 32.558178303871706
28 18.914796499921508
29 32.990084139253014
31 20.930317609883048
34 27.672906079010183
35 21.028280083571495
37 20.710789683106295
39 15.891753129911313
40 29.516438837263674
41 26.012502697359345
