0 135.5343003694583
1 135.533889339055
2 7494.685408842105
3 9177.300614026179
5 1859.5037802486702
6 65.22340871609921
7 368.959384457072
8 268.0802482991597
12 28.59068639020715
13 69.86832556925603
14 39.53970465246635
15 27.192713416942144
17 37.39952625805418
18 23.174776517356523
19 36.507709693980196
21 33.066199552007994
22 32.222330629763924
24 20.98264083957661
26 24.584149360356623
27 32.55979992998316
29 32.99297485241797
31 20.93321131549951
33 19.800982059246106
35 21.031172925405134
36 23.60174464240601
37 20.713683490897864
38 16.690850042768652
39 15.894539428793353
40 29.519208090546645
