0 0.9811512947663562
1 1.0952783505247339
2 1.350274731637612
3 1.5520952003135444
4 1.6282509013520943
5 1.699515181014196
6 1.699515181014196
7 1.699515181014196
8 1.699515181014196
9 1.7672495591465118
10 1.8842338248996555
11 2.1735823882897938
12 2.2270511779695465
13 2.2428285032543371
14 2.24440474078976
15 2.24440474078976
16 2.24440474078976
17 2.24440474078976
18 2.24440474078976
19 2.3374251324764206
20 2.4312502503001561
21 2.5606962615208446
22 2.56514056618574
23 2.56514056618574
24 2.56514056618574
25 2.56514056618574
26 2.56514056618574
27 2.56514056618574
28 2.56514056618574
29 2.62898060769662
30 2.6427775312791848
31 2.6427775312791848
32 2.6427775312791848
33 2.6427775312791848
34 2.6427775312791848
35 2.6427775312791848
36 2.6427775312791848
37 2.6427775312791848
38 2.6427775312791848
39 2.6427775312791848
40 2.6427775312791848
41 2.6427775312791848
42 2.6427775312791848
43 2.6427775312791848
44 2.6427775312791848
45 2.6611705284617289
46 2.8077439890727631
47 2.8519250234913658
48 2.8519250234913658
49 2.8519250234913658
50 2.8519250234913658
51 2.8519250234913658
52 2.8519250234913658
53 2.8519250234913658
54 2.8519250234913658
55 2.8519250234913658
56 2.8519250234913658
57 2.8519250234913658
58 2.8519250234913658
59 2.8519250234913658
60 2.8519250234913658
61 2.8519250234913658
62 2.8519250234913658
63 2.8519250234913658
64 2.8519250234913658
65 2.8552327231180596
66 2.8552327231180596
67 2.8552327231180596
68 2.8552327231180596
69 2.8552327231180596
70 2.8552327231180596
71 2.8552327231180596
72 2.8552327231180596
73 2.8552327231180596
74 2.8552327231180596
75 2.8552327231180596
76 2.8552327231180596
77 2.8552327231180596
78 2.8552327231180596
79 2.8552327231180596
80 2.8552327231180596
81 2.8552327231180596
82 2.9558198648541327
83 2.9558198648541327
84 2.9558198648541327
85 2.9558198648541327
86 2.9558198648541327
87 3.0410975408187646
88 3.1455661765223
89 3.2245742551690144
90 3.2569471240555923
91 3.2569471240555923
92 3.2986282646210805
93 3.3839439579994202
94 3.392273238128825
95 3.5280340440390487
96 3.5727455578006793
97 3.647487435948336
98 3.7595895299187894
99 3.7753074761675061
