0 0.8822460069158039
1 0.9963730626741816
2 1.2761398990452668
3 1.5375772800105556
4 1.6022036590456334
5 1.7320038105236921
6 1.7320038105236921
7 1.7320038105236921
8 1.7320038105236921
9 1.8114450088021459
10 1.9231869666652921
11 2.1000061463841257
12 2.1945369706856308
13 2.2356238445236074
14 2.2356238445236074
15 2.2356238445236074
16 2.2356238445236074
17 2.2356238445236074
18 2.2356238445236074
19 2.3548492765580247
20 2.4543646443817604
21 2.585607905602449
22 2.6134791555799834
23 2.6134791555799834
24 2.6134791555799834
25 2.6134791555799834
26 2.6134791555799834
27 2.6134791555799834
28 2.6510302115171025
29 2.718548839948006
30 2.7323457635305708
31 2.7323457635305708
32 2.7323457635305708
33 2.7323457635305708
34 2.7323457635305708
35 2.7323457635305708
36 2.7323457635305708
37 2.7323457635305708
38 2.7323457635305708
39 2.7323457635305708
40 2.7323457635305708
41 2.7323457635305708
42 2.7323457635305708
43 2.7323457635305708
44 2.7323457635305708
45 2.7323457635305708
46 2.8157341901371553
47 2.859915224555758
48 2.859915224555758
49 2.859915224555758
50 2.859915224555758
51 2.859915224555758
52 2.859915224555758
53 2.859915224555758
54 2.859915224555758
55 2.859915224555758
56 2.859915224555758
57 2.859915224555758
58 2.859915224555758
59 2.859915224555758
60 2.859915224555758
61 2.859915224555758
62 2.859915224555758
63 2.859915224555758
64 2.859915224555758
65 2.859915224555758
66 2.859915224555758
67 2.859915224555758
68 2.859915224555758
69 2.859915224555758
70 2.859915224555758
71 2.859915224555758
72 2.859915224555758
73 2.859915224555758
74 2.859915224555758
75 2.859915224555758
76 2.859915224555758
77 2.859915224555758
78 2.859915224555758
79 2.859915224555758
80 2.859915224555758
81 2.859915224555758
82 2.859915224555758
83 2.859915224555758
84 2.859915224555758
85 2.859915224555758
86 2.859915224555758
87 2.859915224555758
88 2.859915224555758
89 2.8931491569178203
90 2.9255220258043977
91 2.9255220258043977
92 2.9255220258043977
93 2.9255220258043977
94 2.9255220258043977
95 2.9255220258043977
96 2.9255220258043977
97 2.9255220258043977
98 2.9255220258043977
99 2.9255220258043977
