0 0.8654257757148206
1 1.0183861655284854
2 1.3348178203220791
3 1.6730870085807215
4 1.7492427096192711
5 1.8124900413597371
6 1.8342302939543829
7 1.8342302939543829
8 1.8342302939543829
9 1.9768848500710345
10 2.0812855579341809
11 2.2662698724994312
12 2.3878419024454125
13 2.4911696518092405
14 2.4911696518092405
15 2.4911696518092405
16 2.5663881800954567
17 2.5663881800954567
18 2.6101291417243466
19 2.6962983650552763
20 2.7901234828790118
21 2.8869250370045871
22 2.9062580916694825
23 2.9062580916694825
24 2.9062580916694825
25 2.9062580916694825
26 2.9062580916694825
27 2.9062580916694825
28 2.9202970761780302
29 2.9878157046089338
30 3.0016126281914985
31 3.0016126281914985
32 3.0016126281914985
33 3.0016126281914985
34 3.0016126281914985
35 3.0016126281914985
36 3.0016126281914985
37 3.0016126281914985
38 3.0016126281914985
39 3.0016126281914985
40 3.0016126281914985
41 3.0016126281914985
42 3.0016126281914985
43 3.0016126281914985
44 3.0016126281914985
45 3.0379909904252598
46 3.1506307010362939
47 3.1966584854548965
48 3.1966584854548965
49 3.1966584854548965
50 3.1966584854548965
51 3.1966584854548965
52 3.1966584854548965
53 3.1966584854548965
54 3.1966584854548965
55 3.1966584854548965
56 3.1966584854548965
57 3.1966584854548965
58 3.1966584854548965
59 3.1966584854548965
60 3.1966584854548965
61 3.1966584854548965
62 3.1966584854548965
63 3.1966584854548965
64 3.1966584854548965
65 3.1966584854548965
66 3.1966584854548965
67 3.1966584854548965
68 3.1966584854548965
69 3.1966584854548965
70 3.1966584854548965
71 3.1966584854548965
72 3.1966584854548965
73 3.1966584854548965
74 3.1966584854548965
75 3.1966584854548965
76 3.1966584854548965
77 3.1966584854548965
78 3.1966584854548965
79 3.1966584854548965
80 3.1966584854548965
81 3.1966584854548965
82 3.1966584854548965
83 3.1966584854548965
84 3.1966584854548965
85 3.1966584854548965
86 3.1966584854548965
87 3.1966584854548965
88 3.1966584854548965
89 3.1966584854548965
90 3.2225558938463941
91 3.2225558938463941
92 3.2225558938463941
93 3.2225558938463941
94 3.2225558938463941
95 3.2225558938463941
96 3.2225558938463941
97 3.2225558938463941
98 3.2225558938463941
99 3.2225558938463941
