1 1.204526
2 1.204526
3 1.204526
4 1.204526
5 1.204526
6 1.204526
7 1.204526
8 1.402813
9 1.402813
10 1.402813
11 1.402813
12 1.402813
13 1.402813
14 1.402813
15 1.402813
16 1.402813
17 1.402813
18 1.406481
19 1.629677
20 1.629677
21 1.629677
22 1.629677
23 1.656726
24 1.656726
25 1.656726
26 1.656726
27 1.656726
28 1.831969
29 1.831969
30 1.831969
31 1.831969
32 1.831969
33 1.942023
34 1.942023
35 1.942023
36 1.942023
37 2.009489
38 2.009489
39 2.009489
40 2.009489
41 2.009489
42 2.009489
43 2.009489
44 2.009489
45 2.109404
46 2.201074
47 2.201074
48 2.225552
49 2.225552
50 2.225552
51 2.225552
52 2.278949
53 2.278949
54 2.278949
55 2.278949
56 2.278949
57 2.278949
58 2.278949
59 2.278949
60 2.278949
61 2.278949
62 2.428072
63 2.453276
64 2.453276
65 2.453276
66 2.453276
67 2.453276
68 2.453276
69 2.453276
70 2.667555
71 2.667555
72 2.667555
73 2.667555
74 2.710359
75 2.710359
76 2.710359
77 2.710359
78 2.710359
79 2.710359
80 2.710359
81 2.912762
82 2.912762
83 2.912762
84 2.912762
85 2.912762
86 2.938180
87 2.938180
88 2.938180
89 2.938180
90 2.938180
91 2.938180
92 2.938180
93 3.065754
94 3.065754
95 3.065754
96 3.065754
97 3.166384
98 3.166384
99 3.166384
100 3.166384
