1 0.958244
2 1.269468
3 1.269468
4 1.269468
5 1.269468
6 1.269468
7 1.269468
8 1.269468
9 1.380256
10 1.380256
11 1.380256
12 1.380256
13 1.380256
14 1.396000
15 1.396000
16 1.396000
17 1.433096
18 1.444633
19 1.480316
20 1.480316
21 1.480316
22 1.643217
23 1.643217
24 1.643217
25 1.643217
26 1.795148
27 1.795148
28 1.795148
29 1.860811
30 1.860811
31 1.860811
32 1.860811
33 1.860811
34 1.860811
35 1.860811
36 1.860811
37 1.972988
38 1.972988
39 1.972988
40 1.972988
41 1.972988
42 1.972988
43 1.972988
44 1.972988
45 1.991072
46 1.991072
47 2.189465
48 2.189465
49 2.189465
50 2.189465
51 2.189465
52 2.189465
53 2.189465
54 2.304789
55 2.304789
56 2.368624
57 2.368624
58 2.368624
59 2.368624
60 2.501257
61 2.501257
62 2.501257
63 2.501257
64 2.501257
65 2.501257
66 2.501257
67 2.501257
68 2.501257
69 2.553285
70 2.553285
71 2.553285
72 2.553285
73 2.553285
74 2.553285
75 2.725774
76 2.725774
77 2.762612
78 2.762612
79 2.762612
80 2.762612
81 2.938141
82 2.938141
83 2.938141
84 2.938141
85 2.938141
86 2.949441
87 2.949441
88 2.949441
89 2.949441
90 3.005660
91 3.005660
92 3.005660
93 3.063856
94 3.063856
95 3.063856
96 3.130456
97 3.130456
98 3.130456
99 3.130456
100 3.130456
