1 0.820223
2 1.310757
3 1.310757
4 1.310757
5 1.363342
6 1.445152
7 1.683093
8 1.683093
9 1.683093
10 1.683093
11 1.934405
12 1.934405
13 1.934405
14 1.934405
15 1.934405
16 2.158363
17 2.158363
18 2.158363
19 2.158363
20 2.158363
21 2.158363
22 2.453140
23 2.453140
24 2.650853
25 2.847311
26 2.847311
27 2.851120
28 2.851120
29 2.851120
30 3.197967
31 3.197967
32 3.197967
33 3.197967
34 3.197967
35 3.197967
36 3.197967
37 3.415048
38 3.588613
39 3.588613
40 3.588613
41 3.588613
42 3.588613
43 3.988805
44 3.988805
45 3.988805
46 3.988805
47 3.988805
48 3.988805
49 4.357244
50 4.463561
51 4.463561
52 4.463561
53 4.463561
54 4.652246
55 4.652246
56 4.872779
57 4.872779
58 4.872779
59 4.993774
60 4.993774
61 5.204091
62 5.291312
63 5.369324
64 5.369324
65 5.429053
66 5.429053
67 5.429053
68 5.653483
69 5.653483
70 5.653483
71 5.653483
72 5.653483
73 5.787002
74 6.079118
75 6.079118
76 6.079118
77 6.079118
78 6.079118
79 6.142493
80 6.360622
81 6.360622
82 6.360622
83 6.561205
84 6.673206
85 6.726054
86 6.861839
87 6.877966
88 6.877966
89 6.877966
90 6.877966
91 7.007192
92 7.007192
93 7.045572
94 7.256846
95 7.258760
96 7.258760
97 7.302183
98 7.347247
99 7.347247
100 7.424327
