1 1.109726
2 1.109726
3 1.257092
4 1.257092
5 1.286639
6 1.286639
7 1.286639
8 1.286639
9 1.286639
10 1.286639
11 1.286639
12 1.286639
13 1.286639
14 1.286639
15 1.286639
16 1.286639
17 1.286639
18 1.286639
19 1.286639
20 1.286639
21 1.286639
22 1.286639
23 1.286639
24 1.286639
25 1.286639
26 1.286639
27 1.286639
28 1.286639
29 1.286639
30 1.286639
31 1.286639
32 1.286639
33 1.286639
34 1.369770
35 1.369770
36 1.369770
37 1.386657
38 1.386657
39 1.386657
40 1.386657
41 1.386657
42 1.386657
43 1.386657
44 1.386657
45 1.386657
46 1.425754
47 1.425754
48 1.425754
49 1.425754
50 1.425754
51 1.425754
52 1.425754
53 1.425754
54 1.425754
55 1.425754
56 1.425754
57 1.425754
58 1.425754
59 1.425754
60 1.425754
61 1.425754
62 1.425754
63 1.425754
64 1.425754
65 1.480232
66 1.480232
67 1.480232
68 1.480232
69 1.480232
70 1.480232
71 1.480232
72 1.480232
73 1.480232
74 1.480232
75 1.480232
76 1.480232
77 1.493223
78 1.493223
79 1.493223
80 1.493223
81 1.493223
82 1.493223
83 1.493223
84 1.506190
85 1.506190
86 1.506190
87 1.537716
88 1.537716
89 1.537716
90 1.537716
91 1.537716
92 1.537716
93 1.537716
94 1.564553
95 1.564553
96 1.564553
97 1.564553
98 1.564553
99 1.564553
100 1.564553
