1 1.274450
2 1.274450
3 1.274450
4 1.274450
5 1.274450
6 1.474848
7 1.474848
8 1.474848
9 1.806985
10 1.806985
11 1.806985
12 1.806985
13 1.806985
14 1.955511
15 1.992917
16 1.992917
17 2.020260
18 2.339857
19 2.339857
20 2.339857
21 2.530090
22 2.530090
23 2.579701
24 2.579701
25 2.723898
26 2.723898
27 2.723898
28 2.723898
29 3.009351
30 3.009351
31 3.042742
32 3.042742
33 3.256356
34 3.329813
35 3.329813
36 3.329813
37 3.488053
38 3.510137
39 3.510137
40 3.510137
41 3.847608
42 3.847608
43 3.847608
44 3.847608
45 3.847608
46 4.161930
47 4.161930
48 4.161930
49 4.171096
50 4.171096
51 4.363009
52 4.363009
53 4.363009
54 4.363009
55 4.363009
56 4.798261
57 4.798261
58 4.798261
59 4.798261
60 5.006815
61 5.006815
62 5.165384
63 5.165384
64 5.165384
65 5.168445
66 5.297923
67 5.306091
68 5.440743
69 5.440743
70 5.440743
71 5.440743
72 5.440743
73 5.510320
74 5.761134
75 5.761134
76 5.862333
77 6.082483
78 6.082483
79 6.149211
80 6.402242
81 6.402242
82 6.402242
83 6.402242
84 6.402242
85 6.402659
86 6.757683
87 6.757683
88 6.890087
89 6.890087
90 7.016791
91 7.016791
92 7.179892
93 7.179892
94 7.179892
95 7.179892
96 7.179892
97 7.361474
98 7.500988
99 7.500988
100 7.500988
