1 1.027700
2 1.027700
3 1.293203
4 1.293203
5 1.293203
6 1.293203
7 1.293203
8 1.293203
9 1.293203
10 1.293203
11 1.321460
12 1.324645
13 1.324645
14 1.324645
15 1.324645
16 1.324645
17 1.324645
18 1.324645
19 1.324645
20 1.335742
21 1.335742
22 1.335742
23 1.335742
24 1.335742
25 1.335742
26 1.335742
27 1.335742
28 1.335742
29 1.335742
30 1.335742
31 1.335742
32 1.335742
33 1.376551
34 1.376551
35 1.376551
36 1.376551
37 1.376551
38 1.376551
39 1.376551
40 1.376551
41 1.376551
42 1.376551
43 1.376551
44 1.376551
45 1.431997
46 1.431997
47 1.431997
48 1.431997
49 1.431997
50 1.431997
51 1.431997
52 1.431997
53 1.431997
54 1.431997
55 1.431997
56 1.431997
57 1.431997
58 1.431997
59 1.431997
60 1.431997
61 1.431997
62 1.431997
63 1.431997
64 1.431997
65 1.431997
66 1.431997
67 1.431997
68 1.431997
69 1.431997
70 1.431997
71 1.479557
72 1.479557
73 1.479557
74 1.524737
75 1.524737
76 1.524737
77 1.524737
78 1.524737
79 1.524737
80 1.524737
81 1.524737
82 1.524737
83 1.524737
84 1.524737
85 1.524737
86 1.524737
87 1.524737
88 1.524737
89 1.524737
90 1.524737
91 1.524737
92 1.524737
93 1.524737
94 1.524737
95 1.524737
96 1.524737
97 1.556940
98 1.556940
99 1.556940
100 1.587058
