1 0.952037
2 1.034469
3 1.034469
4 1.034469
5 1.034469
6 1.368850
7 1.368850
8 1.598528
9 1.808069
10 1.808069
11 1.808069
12 1.808069
13 1.808069
14 1.808069
15 1.987718
16 1.987718
17 2.030404
18 2.292411
19 2.292411
20 2.313657
21 2.313657
22 2.313657
23 2.313657
24 2.341501
25 2.468117
26 2.468117
27 2.594092
28 2.935558
29 3.090371
30 3.090371
31 3.090371
32 3.178156
33 3.178156
34 3.197361
35 3.197361
36 3.197361
37 3.197361
38 3.298574
39 3.684373
40 3.684373
41 3.684373
42 3.922681
43 3.922681
44 3.922681
45 3.942378
46 3.942378
47 4.103509
48 4.103509
49 4.103509
50 4.121297
51 4.121297
52 4.473905
53 4.473905
54 4.512776
55 4.614016
56 4.614016
57 4.614016
58 4.890735
59 5.006751
60 5.006751
61 5.006751
62 5.236793
63 5.236793
64 5.236793
65 5.236793
66 5.236793
67 5.236793
68 5.422257
69 5.422257
70 5.669105
71 5.669105
72 5.669685
73 5.773327
74 5.773327
75 5.773816
76 6.021138
77 6.021138
78 6.021138
79 6.260033
80 6.260033
81 6.260033
82 6.260033
83 6.618269
84 6.618269
85 6.618269
86 6.769012
87 6.769012
88 6.769012
89 6.769012
90 6.769012
91 6.784934
92 6.784934
93 7.045803
94 7.166071
95 7.166071
96 7.193659
97 7.455650
98 7.534918
99 7.534918
100 7.534918
