1 1.128206
2 1.128206
3 1.128206
4 1.268190
5 1.268190
6 1.268190
7 1.268190
8 1.268190
9 1.268190
10 1.268190
11 1.268190
12 1.268190
13 1.268190
14 1.268190
15 1.276291
16 1.276291
17 1.276291
18 1.276291
19 1.276291
20 1.276291
21 1.276291
22 1.276291
23 1.276291
24 1.276291
25 1.276291
26 1.276291
27 1.276291
28 1.276291
29 1.276291
30 1.276291
31 1.276291
32 1.276291
33 1.276291
34 1.276291
35 1.276291
36 1.276291
37 1.276291
38 1.276291
39 1.276291
40 1.276291
41 1.276291
42 1.276291
43 1.276291
44 1.276291
45 1.276291
46 1.276291
47 1.336452
48 1.336452
49 1.336452
50 1.336452
51 1.336930
52 1.336930
53 1.336930
54 1.336930
55 1.442391
56 1.442391
57 1.442391
58 1.442391
59 1.442391
60 1.442391
61 1.442391
62 1.442391
63 1.442391
64 1.442391
65 1.442391
66 1.442391
67 1.442391
68 1.442391
69 1.442391
70 1.449838
71 1.449838
72 1.449838
73 1.449838
74 1.449838
75 1.449838
76 1.449838
77 1.449838
78 1.449838
79 1.449838
80 1.449838
81 1.449838
82 1.449838
83 1.449838
84 1.449838
85 1.449838
86 1.449838
87 1.449838
88 1.449838
89 1.449838
90 1.449838
91 1.449838
92 1.449838
93 1.449838
94 1.449838
95 1.449838
96 1.562618
97 1.562618
98 1.562618
99 1.562618
100 1.562618
