1 1.074978
2 1.074978
3 1.199277
4 1.199277
5 1.199277
6 1.225029
7 1.341262
8 1.341262
9 1.341262
10 1.462725
11 1.462725
12 1.462725
13 1.509571
14 1.509571
15 1.509571
16 1.509571
17 1.509571
18 1.509571
19 1.509571
20 1.509571
21 1.509571
22 1.509571
23 1.509571
24 1.585123
25 1.585123
26 1.585123
27 1.585123
28 1.754493
29 1.754493
30 1.754493
31 1.754493
32 1.833014
33 1.833014
34 1.833014
35 1.833014
36 1.833014
37 1.833014
38 1.833014
39 1.833014
40 1.999973
41 1.999973
42 1.999973
43 1.999973
44 1.999973
45 1.999973
46 1.999973
47 1.999973
48 1.999973
49 2.171214
50 2.171214
51 2.171214
52 2.262422
53 2.349787
54 2.349787
55 2.349787
56 2.349787
57 2.349787
58 2.349787
59 2.415455
60 2.456103
61 2.456103
62 2.456103
63 2.456103
64 2.456103
65 2.584685
66 2.584685
67 2.584685
68 2.584685
69 2.584685
70 2.681579
71 2.681579
72 2.681579
73 2.753441
74 2.763175
75 2.763175
76 2.776194
77 2.776194
78 2.776194
79 2.791285
80 2.791285
81 2.791285
82 2.791285
83 2.838722
84 2.838722
85 2.838722
86 2.838722
87 2.838722
88 3.074681
89 3.074681
90 3.074681
91 3.074681
92 3.074681
93 3.074681
94 3.185591
95 3.185591
96 3.185591
97 3.185591
98 3.276777
99 3.276777
100 3.302183
