1 0.770410
2 1.150847
3 1.150847
4 1.311084
5 1.311084
6 1.311084
7 1.311084
8 1.311084
9 1.311084
10 1.394435
11 1.394435
12 1.394435
13 1.394435
14 1.394435
15 1.489561
16 1.489561
17 1.612276
18 1.612276
19 1.612276
20 1.612276
21 1.612276
22 1.612276
23 1.612276
24 1.612276
25 1.612276
26 1.736821
27 1.736821
28 1.736821
29 1.736821
30 1.736821
31 1.736821
32 1.736821
33 1.746117
34 1.762111
35 1.797699
36 1.814466
37 1.850753
38 1.850753
39 1.850753
40 1.850753
41 1.850753
42 1.850753
43 2.072209
44 2.145014
45 2.145014
46 2.166690
47 2.166690
48 2.166690
49 2.166690
50 2.166690
51 2.166690
52 2.166690
53 2.166690
54 2.166690
55 2.344471
56 2.344471
57 2.344471
58 2.344471
59 2.344471
60 2.420317
61 2.420317
62 2.420317
63 2.420317
64 2.420317
65 2.420317
66 2.420317
67 2.420317
68 2.420317
69 2.562402
70 2.562402
71 2.562402
72 2.654227
73 2.654227
74 2.664041
75 2.664041
76 2.664041
77 2.664041
78 2.664041
79 2.771967
80 2.771967
81 2.872497
82 2.872497
83 2.872497
84 2.872497
85 2.872497
86 2.872497
87 2.872497
88 2.872497
89 2.872497
90 2.872497
91 2.872497
92 2.916002
93 2.916002
94 3.128939
95 3.128939
96 3.128939
97 3.128939
98 3.128939
99 3.128939
100 3.128939
