1 0.877289
2 0.877289
3 0.877289
4 0.877289
5 0.877289
6 1.056716
7 1.056716
8 1.238988
9 1.238988
10 1.238988
11 1.238988
12 1.238988
13 1.246309
14 1.246309
15 1.381896
16 1.381896
17 1.381896
18 1.381896
19 1.381896
20 1.612770
21 1.612770
22 1.612770
23 1.612770
24 1.612770
25 1.612770
26 1.612770
27 1.809224
28 1.809224
29 1.809224
30 1.809224
31 1.809224
32 1.809224
33 1.874282
34 1.874282
35 1.874282
36 1.874282
37 1.874282
38 1.874282
39 1.874282
40 1.908872
41 2.035409
42 2.113977
43 2.113977
44 2.113977
45 2.113977
46 2.200262
47 2.200262
48 2.200262
49 2.200262
50 2.200262
51 2.200262
52 2.200262
53 2.200262
54 2.200262
55 2.200262
56 2.401756
57 2.401756
58 2.401756
59 2.401756
60 2.401756
61 2.401756
62 2.401756
63 2.435926
64 2.435926
65 2.435926
66 2.435926
67 2.435926
68 2.435926
69 2.435926
70 2.435926
71 2.546306
72 2.723421
73 2.723421
74 2.723421
75 2.723421
76 2.723421
77 2.723421
78 2.767525
79 2.767525
80 2.767525
81 2.767525
82 2.776492
83 2.956682
84 2.956682
85 2.956682
86 2.956682
87 2.956682
88 2.956682
89 2.956682
90 2.956682
91 2.956682
92 2.956682
93 2.979726
94 3.082893
95 3.082893
96 3.082893
97 3.082893
98 3.082893
99 3.082893
100 3.082893
