0 -0.005086720073027283
1 0.0
2 -0.0021708483539232626
3 -0.006091479224406243
4 -0.0013875805152883337
5 0.0
6 -0.0019039842680624705
7 -0.006172593701600883
8 -0.0041099625631511524
9 0.0
10 0.0
11 -0.0034510036014642116
12 0.0
13 0.0
14 0.0
15 -0.003741330326717325
16 -0.005048675499165067
17 0.0
18 -0.003984173505635943
19 0.0
20 -0.005790896713733673
21 -0.004817042057999715
22 -0.0050747166447318425
23 0.0
24 -0.005790896713733673
25 -0.004916354593050847
26 -0.004872620842414173
27 -0.004882254732486227
28 -0.00484383452541601
29 -0.004804194965520661
30 -0.004794116288456737
31 -0.004967503244358974
32 0.0
33 -0.005790896713733673
34 -0.005790896713733673
35 -0.005790896713733673
36 -0.005790896713733673
37 -0.005790896713733673
38 0.0
39 -0.005790896713733673
40 -0.005790896713733673
41 -0.005790896713733673
42 0.0
43 0.0
44 0.0
45 0.0
46 -0.005790896713733673
47 0.0
48 -0.005790896713733673
49 0.0
50 -0.005790896713733673
51 -0.005790896713733673
52 -0.005790896713733673
53 0.0
54 0.0
55 0.0
56 -0.005790896713733673
57 -0.005790896713733673
58 0.0
59 0.0
60 -0.005790896713733673
61 -0.005790896713733673
62 -0.005790896713733673
63 -0.005790896713733673
64 -0.005790896713733673
65 -0.005790896713733673
66 -0.005790896713733673
67 -0.005775453522801399
68 0.0
69 -0.005790896713733673
70 0.0
71 -0.005630480979258816
72 -0.005672177455077569
73 -0.005614748224616051
74 -0.005790896713733673
75 0.0
76 -0.005790896713733673
77 -0.005790896713733673
78 -0.005790896713733673
79 -0.004404680725807945
80 -0.0053284708022450404
81 -0.005362638776811461
82 -0.005790896713733673
83 -0.005790896713733673
84 -0.005790896713733673
85 -0.005790896713733673
86 -0.004024103516712785
87 0.0
88 0.0
89 -0.005790896713733673
90 0.0
91 -0.005790896713733673
92 -0.005790896713733673
93 -0.005790896713733673
94 -0.0037872441462241113
95 -0.005790896713733673
96 -0.005790896713733673
97 -0.005790896713733673
98 -0.004171296022832394
99 -0.005790896713733673
