0 0.0
1 0.000222905444633077
2 0.000619710051231316
3 0.0007106832222805165
4 0.0004043978804346782
5 0.0005365724551048973
6 0.0
7 0.001407419938206459
8 0.0014767752516811913
9 0.0008581150598581307
10 0.0
11 0.0015070469856581115
12 0.0
13 0.0007782724073155259
14 0.0011742938076717195
15 0.0
16 0.002113894732537288
17 0.00013068774732658993
18 0.0018810646813137576
19 0.0008954051904489389
20 0.0
21 0.002117761279076184
22 0.0
23 9.968168759206118e-05
24 0.0
25 0.002366615576719666
26 0.001507010108811923
27 0.0021489326172365094
28 0.0015970247528742027
29 0.0012372105961583066
30 0.0
31 0.0007837475695219759
32 0.0008712549427813255
33 0.0018818369943676577
34 0.0005153711896777383
35 0.001345557671615915
36 0.0
37 0.003299776605597383
38 0.0005633914264938427
39 0.0
40 0.0
41 0.003261767605981924
42 0.0
43 0.0
44 0.003200486946935401
45 0.0
46 0.0
47 0.0016130797714828669
48 0.00465180808567965
49 0.001668373149056919
50 0.00243702044971122
51 0.0029395883750190366
52 0.0
53 0.0
54 0.0
55 0.0043129934338320495
56 0.00644640698020636
57 0.0013799412661959533
58 0.0014330704017967949
59 0.0
60 0.0
61 0.0
62 0.007932302311122366
63 0.007949384978807907
64 0.0
65 0.0
66 0.0
67 0.0
68 0.013462997199839897
69 0.0
70 0.0005211084143923997
71 0.013937036941203008
72 0.0
73 0.0
74 0.0
75 0.0009750983063622343
76 0.012640345886843337
77 0.01582591747967835
78 0.0
79 0.006778477070071508
80 -0.0009935029885871235
81 0.0
82 0.0
83 0.0
84 0.004259765741888024
85 0.0
86 0.0026089018856582324
87 0.0012791159760369509
88 -0.0010959955064029582
89 0.0025184755690259484
90 -0.003940018986653013
91 -0.0040216872175821775
92 -0.003524645972405256
93 -0.003793531933968977
94 -0.002027552510270708
95 0.0
96 -0.000504768716155099
97 -0.0025814099654213308
98 -0.0011497372585060645
99 0.0025704733205601693
