0 0.0
1 -0.0038209351249115777
2 0.0
3 0.001419943651060444
4 -0.006257301587886254
5 -0.002544426404324849
6 -0.00587681672442206
7 0.0
8 -0.0035437051001937967
9 -0.005886002359940013
10 0.0
11 -0.003525728994449057
12 -0.00523688378080662
13 -0.004886386692100078
14 -0.00510597445914379
15 -0.004481672629134525
16 -0.0047917369157001455
17 0.0
18 -0.004415965844518108
19 -0.004562241215266428
20 0.0
21 -0.005152418899039428
22 -0.004985150260229905
23 0.0
24 0.0
25 -0.004937855604415138
26 -0.004985632859946539
27 -0.004843266303699541
28 -0.0048257962392218206
29 -0.0048257962392218206
30 -0.0048257962392218206
31 0.0
32 -0.005790896713733673
33 -0.005790896713733673
34 0.0
35 -0.005790896713733673
36 -0.005790896713733673
37 -0.005790896713733673
38 -0.005741382095341881
39 -0.005790896713733673
40 -0.005790896713733673
41 -0.005790896713733673
42 -0.005790896713733673
43 -0.005790896713733673
44 -0.005790896713733673
45 0.0
46 -0.005790896713733673
47 0.0
48 -0.005790896713733673
49 -0.005790896713733673
50 -0.005790896713733673
51 -0.005790896713733673
52 -0.005790896713733673
53 -0.005790896713733673
54 -0.005790896713733673
55 -0.005790896713733673
56 -0.005790896713733673
57 0.0
58 -0.005790896713733673
59 -0.005790896713733673
60 -0.005790896713733673
61 -0.005790896713733673
62 -0.005790896713733673
63 0.0
64 0.0
65 -0.005790896713733673
66 -0.005790896713733673
67 0.0
68 -0.005790896713733673
69 -0.005790896713733673
70 0.0
71 0.0
72 0.0
73 0.0
74 -0.005790896713733673
75 0.0
76 -0.005790896713733673
77 -0.005790896713733673
78 -0.005790896713733673
79 0.0
80 0.0
81 0.0
82 -0.005790896713733673
83 -0.005790896713733673
84 -0.005790896713733673
85 -0.005790896713733673
86 0.0
87 0.0
88 0.0
89 -0.005790896713733673
90 -0.005148944173318644
91 -0.005790896713733673
92 -0.005790896713733673
93 -0.005790896713733673
94 0.0
95 -0.005790896713733673
96 -0.005790896713733673
97 -0.005790896713733673
98 0.0
99 -0.005790896713733673
