0 1.0
1 1.1
2 1.1819534472559248
3 1.2778405476087384
4 1.3778405476087385
5 1.3778405476087385
6 1.4778405476087386
7 1.4778405476087386
8 1.5616718025170961
9 1.5616718025170961
10 1.6569113430015068
11 1.6569113430015068
12 1.7512831515211615
13 1.8448692354836733
14 1.9308082009846597
15 1.9308082009846597
16 2.023609573968061
17 2.023609573968061
18 2.110086483145298
19 2.209049475155843
20 2.209049475155843
21 2.2892967627345944
22 2.3845265686143104
23 2.4834372397225626
24 2.5834372397225627
25 2.683433694803297
26 2.777025505808968
27 2.877025505808968
28 2.9634663959595264
29 3.0597604797446714
30 3.0597604797446714
31 3.1545356564800286
32 3.2501272683434097
33 3.2501272683434097
34 3.3476356412187602
35 3.4476356412187603
36 3.4476356412187603
37 3.545762271723537
38 3.645762271723537
39 3.645762271723537
40 3.7436766030005493
41 3.842927709025344
42 3.9288220120498556
43 4.028822012049855
44 4.128822012049855
45 4.222318554975502
46 4.321344932703646
47 4.421344932703645
48 4.521344932703645
49 4.6144659459542785
