0 5.028141358751914
1 5.028141358751914
2 5.05498923936765
3 5.083761170030253
4 5.083761170030253
5 5.083761170030253
6 5.11228883635349
7 5.11228883635349
8 5.1486802966095535
9 5.176236741570459
10 5.199739033651616
11 5.199739033651616
12 5.228693305204538
13 5.228693305204538
14 5.228693305204538
15 5.258782832169532
16 5.282588479435019
17 5.282588479435019
18 5.313189968616906
19 5.313189968616906
20 5.313189968616906
21 5.339143527811699
22 5.339143527811699
23 5.3638939001878905
24 5.4006414482095035
25 5.436327433196735
26 5.436327433196735
27 5.473032828349816
28 5.494864667620632
29 5.494864667620632
30 5.52519101859466
31 5.559605523071696
32 5.5863045725624225
33 5.607314434221439
34 5.607314434221439
35 5.607314434221439
36 5.634340045785747
37 5.66085705042319
38 5.686364997460552
39 5.724725606618759
40 5.7532547038035275
41 5.7532547038035275
42 5.782226999027029
43 5.782226999027029
44 5.808234152958928
45 5.838024002178779
46 5.861650948028957
47 5.861650948028957
48 5.907356241359584
49 5.933864753997257
50 5.960937368967156
51 5.982769515374183
52 6.003643629749961
53 6.003643629749961
54 6.003643629749961
55 6.039583340030249
56 6.039583340030249
57 6.084705864436647
58 6.084705864436647
59 6.1237745046933965
60 6.154689165140298
61 6.154689165140298
62 6.194413873230541
63 6.194413873230541
64 6.230554645756912
65 6.265076798062386
66 6.2864622415866105
67 6.298855883537454
68 6.310316839635414
69 6.318340722092767
70 6.332160628291074
71 6.341846671009043
72 6.341846671009043
73 6.355245233081626
74 6.373841462358769
75 6.382072240046368
76 6.405544820428693
77 6.405544820428693
78 6.405544820428693
79 6.444846976311287
80 6.444846976311287
81 6.444846976311287
82 6.512828810413767
83 6.599464434032926
84 6.65690385852302
85 6.65690385852302
86 6.721997898860819
87 6.785601649404884
88 6.839965503347058
89 6.865224324052133
90 6.877899076215758
91 6.882362163259188
92 6.882362163259188
93 6.89024312556419
94 6.906683694065679
95 6.917131535484378
96 6.930995917031034
97 6.94432691762687
98 6.952617428189386
99 6.952617428189386
