0 5.02824248404715
1 5.02824248404715
2 5.059922384097073
3 5.087827325446874
4 5.116879998959443
5 5.116879998959443
6 5.145850209198356
7 5.173612337552487
8 5.2083123705544825
9 5.236084874006023
10 5.257464287133075
11 5.285341434034065
12 5.311366515285658
13 5.311366515285658
14 5.340703364704671
15 5.340703364704671
16 5.340703364704671
17 5.378576975976605
18 5.378576975976605
19 5.414781012914786
20 5.451360861912038
21 5.451360861912038
22 5.451360861912038
23 5.477397224500384
24 5.477397224500384
25 5.477397224500384
26 5.516582844293946
27 5.516582844293946
28 5.543078416469943
29 5.57859487374047
30 5.57859487374047
31 5.617654522853341
32 5.6444528061239
33 5.668665551155243
34 5.6928636320685415
35 5.721005895597232
36 5.721005895597232
37 5.7479509547301
38 5.772479702344924
39 5.772479702344924
40 5.80745461933984
41 5.842087178270877
42 5.869434645249355
43 5.869434645249355
44 5.8962079559742175
45 5.925725385648612
46 5.949336467612805
47 5.9905867628213825
48 6.023784237454925
49 6.023784237454925
50 6.052585619041475
51 6.052585619041475
52 6.077141490786966
53 6.1117826536289215
54 6.144597227293936
55 6.165044269195246
56 6.190354332849451
57 6.190354332849451
58 6.226062210496994
59 6.2567892205861035
60 6.2942168300491685
61 6.2942168300491685
62 6.33260604489234
63 6.371047165833385
64 6.371047165833385
65 6.371047165833385
66 6.397797252636298
67 6.4254103702477865
68 6.46091795439129
69 6.48564444655916
70 6.506707328379704
71 6.517087211767894
72 6.524734907650882
73 6.524734907650882
74 6.542680506057844
75 6.550695550471122
76 6.572723528773925
77 6.572723528773925
78 6.596375396992858
79 6.596375396992858
80 6.650901600933682
81 6.7327142435384175
82 6.765895494394271
83 6.788425087621755
84 6.788425087621755
85 6.813357834593159
86 6.813357834593159
87 6.833102531413189
88 6.833102531413189
89 6.833102531413189
90 6.872794941493915
91 6.940057045502047
92 6.995040624844045
93 7.031417266249112
94 7.060835282638619
95 7.069643240131078
96 7.072805104554369
97 7.072805104554369
98 7.085373397814716
99 7.085373397814716
