0 1.0237525056271235
1 1.0237525056271235
2 1.02430858826052
3 1.1805324094112273
4 1.1805324094112273
5 1.1805324094112273
6 1.1805324094112273
7 1.2156228478909767
8 1.254391321492238
9 1.254391321492238
10 1.254391321492238
11 1.254391321492238
12 1.254391321492238
13 1.254391321492238
14 1.254391321492238
15 1.254391321492238
16 1.3042699105376871
17 1.3328413391091156
18 1.3328413391091156
19 1.3328413391091156
20 1.372639203737855
21 1.372639203737855
22 1.372639203737855
23 1.4012106323092834
24 1.4489263253169
25 1.5071961341170237
26 1.7071961341170236
27 1.7071961341170236
28 1.7071961341170236
29 1.7071961341170236
30 1.7071961341170236
31 1.7071961341170236
32 1.7071961341170236
33 1.7071961341170236
34 1.7071961341170236
35 1.7071961341170236
36 1.710046874212163
37 1.710046874212163
38 1.7836604237265707
39 1.7836604237265707
40 1.7836604237265707
41 1.7836604237265707
42 1.8122318522979992
43 1.8408032808694277
44 1.8408032808694277
45 1.8408032808694277
46 1.8693747094408562
47 1.8693747094408562
48 1.8693747094408562
49 1.92642645750278
