0 1.2
1 1.2906281465054052
2 1.4681223843746762
3 1.6681223843746762
4 1.736569884785096
5 1.9176796795889217
6 2.0597356037786287
7 2.259735603778629
8 2.459735603778629
9 2.612929861667191
10 2.8129298616671914
11 2.8129298616671914
12 2.927150422168612
13 3.0329120660457654
14 3.1722021828538582
15 3.3722021828538584
16 3.3722021828538584
17 3.3722021828538584
18 3.3722021828538584
19 3.3722021828538584
20 3.3722021828538584
21 3.5722021828538586
22 3.5722021828538586
23 3.7610555723302515
24 3.7610555723302515
25 3.8951766440525137
26 3.8951766440525137
27 3.8951766440525137
28 3.8951766440525137
29 3.8951766440525137
30 3.8951766440525137
31 3.923748072623942
32 3.923748072623942
33 3.923748072623942
34 3.923748072623942
35 3.923748072623942
36 3.923748072623942
37 3.923748072623942
38 3.923748072623942
39 3.923748072623942
40 3.923748072623942
41 3.923748072623942
42 3.9523195011953707
43 3.9523195011953707
44 3.9523195011953707
45 3.9523195011953707
46 3.9523195011953707
47 3.9523195011953707
48 3.9523195011953707
49 3.9523195011953707
50 3.9523195011953707
51 3.9523195011953707
52 3.9523195011953707
53 3.9523195011953707
54 3.9523195011953707
55 3.980890929766799
56 3.980890929766799
57 3.980890929766799
58 3.980890929766799
59 3.980890929766799
60 4.009462358338228
61 4.009462358338228
62 4.038033786909656
63 4.038033786909656
64 4.038033786909656
65 4.038033786909656
66 4.038033786909656
67 4.038033786909656
68 4.066605215481085
69 4.066605215481085
70 4.066605215481085
71 4.066605215481085
72 4.066605215481085
73 4.066605215481085
74 4.066605215481085
75 4.066605215481085
76 4.066605215481085
77 4.066605215481085
78 4.066605215481085
79 4.066605215481085
80 4.066605215481085
81 4.066605215481085
82 4.066605215481085
83 4.066605215481085
84 4.066605215481085
85 4.066605215481085
86 4.066605215481085
87 4.066605215481085
88 4.066605215481085
89 4.066605215481085
90 4.066605215481085
91 4.066605215481085
92 4.066605215481085
93 4.066605215481085
94 4.066605215481085
95 4.066605215481085
96 4.066605215481085
97 4.066605215481085
98 4.066605215481085
99 4.066605215481085
