0 1.1263881504518747
1 1.188944068343567
2 1.2818642612893874
3 1.4537216299041267
4 1.5221691303145466
5 1.6472944225720256
6 1.697627932711335
7 1.817417135536995
8 1.817417135536995
9 1.9600544743143093
10 2.0618438134296744
11 2.0618438134296744
12 2.17969114913444
13 2.2483409312465152
14 2.3236986156027966
15 2.3236986156027966
16 2.3236986156027966
17 2.3236986156027966
18 2.3236986156027966
19 2.3236986156027966
20 2.3236986156027966
21 2.3615008028706734
22 2.3615008028706734
23 2.403646967480729
24 2.403646967480729
25 2.4763678177799124
26 2.4763678177799124
27 2.4763678177799124
28 2.504939246351341
29 2.5335106749227694
30 2.5335106749227694
31 2.5335106749227694
32 2.5335106749227694
33 2.5335106749227694
34 2.5335106749227694
35 2.562082103494198
36 2.562082103494198
37 2.562082103494198
38 2.5906535320656263
39 2.5906535320656263
40 2.5906535320656263
41 2.5906535320656263
42 2.5906535320656263
43 2.5906535320656263
44 2.5906535320656263
45 2.5906535320656263
46 2.5906535320656263
47 2.5906535320656263
48 2.5906535320656263
49 2.5906535320656263
50 2.5906535320656263
51 2.5906535320656263
52 2.5906535320656263
53 2.5906535320656263
54 2.5906535320656263
55 2.619224960637055
56 2.619224960637055
57 2.619224960637055
58 2.619224960637055
59 2.619224960637055
60 2.619224960637055
61 2.619224960637055
62 2.619224960637055
63 2.619224960637055
64 2.619224960637055
65 2.619224960637055
66 2.619224960637055
67 2.619224960637055
68 2.619224960637055
69 2.619224960637055
70 2.619224960637055
71 2.619224960637055
72 2.619224960637055
73 2.619224960637055
74 2.619224960637055
75 2.619224960637055
76 2.619224960637055
77 2.619224960637055
78 2.619224960637055
79 2.619224960637055
80 2.619224960637055
81 2.619224960637055
82 2.619224960637055
83 2.619224960637055
84 2.619224960637055
85 2.619224960637055
86 2.619224960637055
87 2.619224960637055
88 2.619224960637055
89 2.619224960637055
90 2.619224960637055
91 2.619224960637055
92 2.619224960637055
93 2.619224960637055
94 2.619224960637055
95 2.619224960637055
96 2.619224960637055
97 2.619224960637055
98 2.619224960637055
99 2.619224960637055
