0 1.0602188284855656
1 1.2542890839494059
2 1.4211128539460867
3 1.5999025190550555
4 1.5999025190550555
5 1.5999025190550555
6 1.5999025190550555
7 1.7999025190550555
8 1.9999025190550554
9 1.9999025190550554
10 1.9999025190550554
11 1.9999025190550554
12 2.028473947626484
13 2.064845996605838
14 2.0934174251772664
15 2.0934174251772664
16 2.093864783378801
17 2.1224362119502294
18 2.1224362119502294
19 2.1224362119502294
20 2.1622340765789687
21 2.1622340765789687
22 2.1777401915415266
23 2.1777401915415266
24 2.2254558845491434
25 2.2254558845491434
26 2.2254558845491434
27 2.2254558845491434
28 2.2254558845491434
29 2.2254558845491434
30 2.2254558845491434
31 2.2254558845491434
32 2.2606153601023733
33 2.317371499414134
34 2.317371499414134
35 2.317371499414134
36 2.317371499414134
37 2.393979207316908
38 2.4675927568313156
39 2.5040630893807694
40 2.5040630893807694
41 2.7040630893807696
42 2.7040630893807696
43 2.9040630893807697
44 2.9040630893807697
45 2.9040630893807697
46 3.10406308938077
47 3.10406308938077
48 3.30406308938077
49 3.5040630893807703
