0 1.1082177107253404
1 1.3049751367601374
2 1.5049751367601374
3 1.635945856705632
4 1.7198884124373208
5 1.8450137046947999
6 1.8552923514802588
7 2.0208503050366584
8 2.0343808641977765
9 2.126321897243852
10 2.249575877704175
11 2.2781473062756037
12 2.4267664269445364
13 2.6267664269445365
14 2.702124111300818
15 2.756509455540473
16 2.756509455540473
17 2.756509455540473
18 2.756509455540473
19 2.756509455540473
20 2.756509455540473
21 2.756509455540473
22 2.756509455540473
23 2.9565094555404734
24 2.9565094555404734
25 3.029230305839657
26 3.029230305839657
27 3.029230305839657
28 3.0578017344110853
29 3.0578017344110853
30 3.0578017344110853
31 3.0578017344110853
32 3.0578017344110853
33 3.0578017344110853
34 3.0578017344110853
35 3.0578017344110853
36 3.0863731629825137
37 3.0863731629825137
38 3.114944591553942
39 3.1435160201253707
40 3.1435160201253707
41 3.172087448696799
42 3.2006588772682276
43 3.229230305839656
44 3.229230305839656
45 3.229230305839656
46 3.229230305839656
47 3.229230305839656
48 3.2578017344110846
49 3.2578017344110846
50 3.2578017344110846
51 3.286373162982513
52 3.286373162982513
53 3.286373162982513
54 3.286373162982513
55 3.286373162982513
56 3.286373162982513
57 3.286373162982513
58 3.286373162982513
59 3.286373162982513
60 3.286373162982513
61 3.286373162982513
62 3.3149445915539415
63 3.3149445915539415
64 3.3149445915539415
65 3.3149445915539415
66 3.3149445915539415
67 3.3149445915539415
68 3.3149445915539415
69 3.3149445915539415
70 3.3149445915539415
71 3.3149445915539415
72 3.3149445915539415
73 3.3149445915539415
74 3.3149445915539415
75 3.3149445915539415
76 3.3149445915539415
77 3.3149445915539415
78 3.3149445915539415
79 3.3149445915539415
80 3.3149445915539415
81 3.3149445915539415
82 3.3149445915539415
83 3.3532727814648733
84 3.3532727814648733
85 3.3532727814648733
86 3.3532727814648733
87 3.38504630079963
88 3.38504630079963
89 3.38504630079963
90 3.38504630079963
91 3.38504630079963
92 3.38504630079963
93 3.38504630079963
94 3.4196832824059453
95 3.4196832824059453
96 3.4196832824059453
97 3.4196832824059453
98 3.4196832824059453
99 3.448254710977374
