0 1.0
1 1.0285714285714285
2 1.1670329670329669
3 1.2313186813186812
4 1.289703774486383
5 1.3611323459149545
6 1.3611323459149545
7 1.3611323459149545
8 1.3611323459149545
9 1.3611323459149545
10 1.3611323459149545
11 1.3611323459149545
12 1.3611323459149545
13 1.3611323459149545
14 1.3611323459149545
15 1.3611323459149545
16 1.3611323459149545
17 1.3611323459149545
18 1.3611323459149545
19 1.3611323459149545
20 1.3611323459149545
21 1.389703774486383
22 1.389703774486383
23 1.389703774486383
24 1.4182752030578114
25 1.4182752030578114
26 1.4182752030578114
27 1.4468466316292399
28 1.4468466316292399
29 1.4468466316292399
30 1.4468466316292399
31 1.4468466316292399
32 1.4468466316292399
33 1.4468466316292399
34 1.4468466316292399
35 1.4468466316292399
36 1.4468466316292399
37 1.4754180602006683
38 1.4754180602006683
39 1.4754180602006683
40 1.4754180602006683
41 1.4754180602006683
42 1.4754180602006683
43 1.4754180602006683
44 1.4754180602006683
45 1.4754180602006683
46 1.5039894887720968
47 1.5039894887720968
48 1.5039894887720968
49 1.5039894887720968
50 1.5039894887720968
51 1.5039894887720968
52 1.5039894887720968
53 1.5039894887720968
54 1.5039894887720968
55 1.5039894887720968
56 1.5039894887720968
57 1.5039894887720968
58 1.5039894887720968
59 1.5039894887720968
60 1.5039894887720968
61 1.5039894887720968
62 1.5039894887720968
63 1.5039894887720968
64 1.5039894887720968
65 1.5039894887720968
66 1.5039894887720968
67 1.5039894887720968
68 1.5039894887720968
69 1.5039894887720968
70 1.5039894887720968
71 1.5039894887720968
72 1.5039894887720968
73 1.5039894887720968
74 1.5039894887720968
75 1.5039894887720968
76 1.5039894887720968
77 1.5039894887720968
78 1.5039894887720968
79 1.5039894887720968
80 1.5039894887720968
81 1.5039894887720968
82 1.5039894887720968
83 1.5039894887720968
84 1.5039894887720968
85 1.5039894887720968
86 1.5039894887720968
87 1.5039894887720968
88 1.5039894887720968
89 1.5039894887720968
90 1.5039894887720968
91 1.5039894887720968
92 1.5039894887720968
93 1.5039894887720968
94 1.5039894887720968
95 1.5039894887720968
96 1.5039894887720968
97 1.5039894887720968
98 1.5039894887720968
99 1.5039894887720968
