0 1.0
1 1.0
2 1.0
3 1.09
4 1.1030434782608696
5 1.1990434782608697
6 1.1990434782608697
7 1.1990434782608697
8 1.2276149068322981
9 1.2276149068322981
10 1.2561863354037266
11 1.2561863354037266
12 1.2561863354037266
13 1.2561863354037266
14 1.2561863354037266
15 1.284757763975155
16 1.284757763975155
17 1.284757763975155
18 1.284757763975155
19 1.284757763975155
20 1.284757763975155
21 1.284757763975155
22 1.284757763975155
23 1.284757763975155
24 1.284757763975155
25 1.284757763975155
26 1.284757763975155
27 1.284757763975155
28 1.3133291925465835
29 1.3133291925465835
30 1.3133291925465835
31 1.3133291925465835
32 1.3133291925465835
33 1.3133291925465835
34 1.3133291925465835
35 1.341900621118012
36 1.341900621118012
37 1.341900621118012
38 1.341900621118012
39 1.341900621118012
40 1.341900621118012
41 1.341900621118012
42 1.341900621118012
43 1.341900621118012
44 1.341900621118012
45 1.341900621118012
46 1.341900621118012
47 1.341900621118012
48 1.341900621118012
49 1.341900621118012
50 1.341900621118012
51 1.341900621118012
52 1.341900621118012
53 1.341900621118012
54 1.341900621118012
55 1.341900621118012
56 1.341900621118012
57 1.341900621118012
58 1.341900621118012
59 1.341900621118012
60 1.341900621118012
61 1.341900621118012
62 1.341900621118012
63 1.341900621118012
64 1.341900621118012
65 1.341900621118012
66 1.341900621118012
67 1.341900621118012
68 1.341900621118012
69 1.3704720496894405
70 1.3704720496894405
71 1.3704720496894405
72 1.3704720496894405
73 1.3704720496894405
74 1.3704720496894405
75 1.3704720496894405
76 1.3704720496894405
77 1.3704720496894405
78 1.3704720496894405
79 1.3704720496894405
80 1.3704720496894405
81 1.399043478260869
82 1.399043478260869
83 1.399043478260869
84 1.399043478260869
85 1.399043478260869
86 1.399043478260869
87 1.399043478260869
88 1.399043478260869
89 1.399043478260869
90 1.399043478260869
91 1.399043478260869
92 1.399043478260869
93 1.399043478260869
94 1.399043478260869
95 1.399043478260869
96 1.399043478260869
97 1.399043478260869
98 1.399043478260869
99 1.399043478260869
100 1.399043478260869
