0 1.0
1 1.0
2 1.1384615384615384
3 1.2027472527472527
4 1.4027472527472526
5 1.5827472527472528
6 1.5827472527472528
7 1.5827472527472528
8 1.7827472527472528
9 1.7827472527472528
10 1.7827472527472528
11 1.7827472527472528
12 1.7827472527472528
13 1.7827472527472528
14 1.7827472527472528
15 1.8113186813186812
16 1.8113186813186812
17 1.8113186813186812
18 1.8113186813186812
19 1.8113186813186812
20 1.8398901098901097
21 1.8398901098901097
22 1.8398901098901097
23 1.8684615384615382
24 1.8684615384615382
25 1.8684615384615382
26 1.8684615384615382
27 1.8684615384615382
28 1.8684615384615382
29 1.8684615384615382
30 1.8684615384615382
31 1.8684615384615382
32 1.8684615384615382
33 1.8684615384615382
34 1.8684615384615382
35 1.8684615384615382
36 1.8684615384615382
37 1.8970329670329666
38 1.8970329670329666
39 1.8970329670329666
40 1.8970329670329666
41 1.8970329670329666
42 1.8970329670329666
43 1.8970329670329666
44 1.9256043956043951
45 1.9256043956043951
46 1.9256043956043951
47 1.9256043956043951
48 1.9256043956043951
49 1.9256043956043951
50 1.9256043956043951
51 1.9256043956043951
52 1.9256043956043951
53 1.9256043956043951
54 1.9256043956043951
55 1.9256043956043951
56 1.9256043956043951
57 1.9256043956043951
58 1.9256043956043951
59 1.9256043956043951
60 1.9256043956043951
61 1.9256043956043951
62 1.9256043956043951
63 1.9256043956043951
64 1.9256043956043951
65 1.9256043956043951
66 1.9256043956043951
67 1.9256043956043951
68 1.9256043956043951
69 1.9541758241758236
70 1.9541758241758236
71 1.9541758241758236
72 1.9541758241758236
73 1.9541758241758236
74 1.9541758241758236
75 1.9541758241758236
76 1.9541758241758236
77 1.9541758241758236
78 1.9541758241758236
79 1.9541758241758236
80 1.9541758241758236
81 1.9541758241758236
82 1.982747252747252
83 1.982747252747252
84 1.982747252747252
85 1.982747252747252
86 1.982747252747252
87 1.982747252747252
88 1.982747252747252
89 1.982747252747252
90 1.982747252747252
91 1.982747252747252
92 1.982747252747252
93 1.982747252747252
94 1.982747252747252
95 1.982747252747252
96 2.0113186813186807
97 2.0113186813186807
98 2.0113186813186807
99 2.0113186813186807
100 2.0113186813186807
