0 0.0
1 0.0005811493993469595
2 0.0016050303383088316
3 7.557922982562785e-05
4 0.0005516143722615208
5 0.0016982683649903144
6 0.0010652921962768947
7 0.00037845803699591016
8 0.0003686130279674306
9 0.00021977965618394583
10 0.0
11 0.0
12 0.0008979270427927423
13 0.0014909440572140982
14 0.0
15 0.0006865489077695051
16 0.0009014017518616174
17 0.0003859865733118063
18 0.0015899732656770396
19 0.0
20 0.0
21 0.0015181626115869534
22 0.0
23 0.0007485145528311117
24 0.0005006519725846856
25 0.0
26 0.000339078000881992
27 0.0
28 0.0
29 0.0
30 0.0012089135044570667
31 0.0
32 0.0
33 0.0009054555791086384
34 0.0013125756583451747
35 0.0
36 0.0010311242237662892
37 0.0
38 0.0
39 0.00151584613887437
40 0.000886923797407971
41 0.0
42 4.6044202740189235e-05
43 0.0005678296812496049
44 0.00020298522901771601
45 0.0
46 0.0
47 0.0005023893271191231
48 0.0
49 0.001227445286157734
