0 1.090249047030384
1 1.1518374166571594
2 1.2407862408255714
3 1.2407862408255714
4 1.3256060633402058
5 1.425606063340206
6 1.525606063340206
7 1.6152686127302238
8 1.7119238436197821
9 1.8027570601391039
10 1.8797560529099777
11 1.948520144493635
12 1.997755257397195
13 2.0520872455350356
14 2.1008224425254363
15 2.160738444946301
16 2.2140083606533474
17 2.2573738288928595
18 2.3116856407217368
19 2.3678520498998292
20 2.4199593696471027
21 2.4199593696557784
22 2.4199593696557784
23 2.471560330907455
24 2.471560330907455
25 2.5094578278959956
26 2.5519974668854397
27 2.6185401683831357
28 2.6185401683831357
29 2.6516167767225736
30 2.684379850030751
31 2.724960608197358
32 2.799345495618101
33 2.799345495618101
34 2.7993454956328083
35 2.7993454956328083
36 2.8432242437704525
37 2.8432242437704525
38 2.876028000201539
39 2.876028000201539
40 2.967799618850823
41 3.044774365746991
42 3.044774365746991
43 3.1408542524572476
44 3.2254613094981917
45 3.2820409752944846
46 3.2820409752944846
47 3.3272104832389005
48 3.4272104832389005
49 3.512952808388576
