0 1.0983273007867296
1 1.0983273007867296
2 1.1699827640602198
3 1.1699827640602198
4 1.1699827640602198
5 1.2473356099946373
6 1.3441339656378304
7 1.4357333791455247
8 1.5357333791455248
9 1.6259578627054507
10 1.698403432116152
11 1.698403432116152
12 1.7554309838308575
13 1.8067679417044518
14 1.8067679417044518
15 1.8553848552428969
16 1.8553848552428969
17 1.8960482279600512
18 1.8960482279600512
19 1.956331790499644
20 1.956331790499644
21 2.053688643884723
22 2.12980775243193
23 2.191060707769285
24 2.2432171986529883
25 2.2432171986529883
26 2.2954935544449717
27 2.3486750019633313
28 2.3486750019633313
29 2.3486750019633313
30 2.425008020233796
31 2.425008020233796
32 2.4771910032355278
33 2.5601796563487698
34 2.5601796563579557
35 2.6277417539198957
36 2.6277417539198957
37 2.680611735377211
38 2.680611735377211
39 2.680611735377211
40 2.75994850961536
41 2.814815992251502
42 2.8653876697727068
43 2.8653876697727068
44 2.946696416035337
45 3.0209267044387205
46 3.0890185531507743
47 3.0890185531507743
48 3.147746970414392
49 3.199922569396657
