0 1.0
1 1.1
2 1.1
3 1.178894385335452
4 1.178894385335452
5 1.2682146768400877
6 1.2682146768400877
7 1.2682146768400877
8 1.2682146768400877
9 1.3682146768400878
10 1.4352398046402501
11 1.5070227667550478
12 1.5679495798364036
13 1.622924598827744
14 1.6870536875781743
15 1.7402715941891556
16 1.79482179568917
17 1.8354482423738778
18 1.8354482423738778
19 1.8354482423738778
20 1.8936090570216944
21 1.8936090570138393
22 1.8936090570138393
23 1.8936090570138393
24 1.9936090570138394
25 1.9936090570138394
26 1.9936090570138394
27 2.0936090570138393
28 2.1936090570138393
29 2.2936090570138394
30 2.3936090570138395
31 2.4936090570138396
32 2.5936090570138397
33 2.69360905701384
34 2.79360905701384
35 2.854437045292132
36 2.854437045292132
37 2.886734698819635
38 2.9113457814177717
39 2.9712870067523345
40 3.0421303057965527
41 3.0421303057965527
42 3.0859860360391114
43 3.136156581608471
44 3.2020497375886325
45 3.2647315837141937
46 3.2647315837141937
47 3.3133188848182384
48 3.3133188848182384
49 3.3699151085726635
