0 1.2309453045431848
1 1.2316377594003438
3 0.7133359614507695
5 0.6014628781609336
6 0.7910533786811335
8 0.4740994121322765
11 0.4225015457537757
12 0.4674224954227987
14 0.35959190728339563
15 0.43015841151290274
16 0.27486069594555096
18 0.3213421134273631
20 0.23426262128386466
22 0.26820464442188885
25 0.24564383246964894
26 0.188264815974298
27 0.5227279362144592
28 0.2617871356971759
29 0.3141401976932015
30 0.25564280316513677
32 0.32458003558068144
33 0.28012911774699795
34 0.2909903629304295
35 0.18507627386209033
36 0.26227579811606255
37 0.29881971066871027
38 0.2675119272029628
39 0.2276148721911941
40 0.21294655118945038
43 0.38735372062077145
44 0.2941720440346722
46 0.19224244681102365
48 0.27143914175692396
49 0.2738108311071882
51 0.2914084231779107
53 0.21388227345717023
54 0.22580713258272778
55 0.22704657934543765
56 0.2382615796279364
58 0.3112813609445981
60 0.582658081331587
61 0.2898794087878847
63 0.21535371265043374
65 0.3972388579851705
66 0.2650424618177322
68 0.31762609113431417
70 0.40247809843352084
73 0.3340470560387908
74 0.35051761855651936
75 0.3474416754401608
77 0.4749379611491554
78 0.3317327015069598
79 0.31620133230652386
80 0.35385427731614366
82 0.3465232425533074
83 0.41458450288612086
85 0.27278421329432845
86 0.3611772683103915
89 0.5001471390709368
90 0.2798627574309167
92 0.34354873389448687
93 0.32628385936650395
95 0.39455481497281697
97 0.2480541525313724
98 0.43978068842246787
99 0.1934647177167106
