0 1.00396774460256
1 1.0039844149234134
2 1.0406355781709158
3 1.095122719158522
4 1.1682105784580803
5 1.1682105784580803
6 1.2490332584099464
7 1.2490332584099464
8 1.2490332584099464
9 1.2490332584099464
10 1.3311435278990897
11 1.370718453234656
12 1.4170642860102909
13 1.4811232529965255
14 1.4811232529965255
15 1.4811232529965255
16 1.5163003568094593
17 1.5163003568094593
18 1.5163003568094593
19 1.5163003568094593
20 1.6163003568094594
21 1.69204518542918
22 1.7498630172952054
23 1.819248846635111
24 1.819248846635111
25 1.819248846635111
26 1.819248846635111
27 1.876428212773159
28 1.9104743551466967
29 1.999439860703391
30 2.0643105438139964
31 2.1643105438139965
32 2.2265293316156205
33 2.2265293316156205
34 2.274464435711263
35 2.3220391205811923
36 2.397496539733423
37 2.481815554533797
38 2.527941601971893
39 2.627941601971893
40 2.727941601971893
41 2.8000970788337494
42 2.8000970788337494
43 2.860432817381777
44 2.903971508813482
45 2.9690858149879213
46 2.9690858149879213
47 2.9690858149879213
48 2.9690858149879213
49 2.9690858149879213
50 3.0165026047625183
51 3.0598125897110053
52 3.1034108473810114
53 3.183283225157032
54 3.2436636660075457
55 3.2436636660075457
56 3.343663666007546
57 3.407727680803959
58 3.457356051597373
59 3.457356051597373
60 3.5323197386114193
61 3.6323197386114194
62 3.690994505498214
63 3.690994505498214
64 3.730396595761624
65 3.730396595761624
66 3.778391500053139
67 3.8710052561234414
68 3.936564598042335
69 3.936564598042335
70 3.996358643631568
71 4.043489572284093
72 4.115958541966108
73 4.159634424974536
74 4.249285490617417
75 4.317808984145845
76 4.412477695171423
77 4.492434487557853
78 4.518986108842333
79 4.5592277951172235
80 4.5592277951172235
81 4.645943588718801
82 4.686712898563318
83 4.686712898563318
84 4.769861296662381
85 4.863292162404708
86 4.932767031673698
87 4.932767031673698
88 4.932767031673698
89 4.932767031673698
90 5.022290307900784
91 5.102377932975652
92 5.102377932975652
93 5.150123621066906
94 5.150123621066906
95 5.222046127038642
96 5.250107496094173
97 5.250107496094173
98 5.322233832521864
99 5.322233832521864
