0 1.0042307201856262
1 1.0042307201856262
2 1.0042307201856262
3 1.0587178611732324
4 1.1318057204727907
5 1.2318057204727908
6 1.2983839557686796
7 1.3274980791175017
8 1.4048635362446105
9 1.495165620839719
10 1.5772758903288624
11 1.6174561584290004
12 1.6174561584290004
13 1.6674284284166594
14 1.7272479517004211
15 1.806700169920147
16 1.8459670905741754
17 1.8459670905741754
18 1.889190887677354
19 1.9654330772115878
20 2.0548335785128073
21 2.0548335785128073
22 2.0548335785128073
23 2.124219407852713
24 2.224219407852713
25 2.2963202563976393
26 2.3659876978378573
27 2.414853134952008
28 2.4469448755950136
29 2.537121054437932
30 2.537121054437932
31 2.537121054437932
32 2.599339842239556
33 2.659962593810959
34 2.6950009586388752
35 2.7435673695908256
36 2.7435673695908256
37 2.7435673695908256
38 2.7896934170289214
39 2.7896934170289214
40 2.7896934170289214
41 2.858035172853472
42 2.9016049168482585
43 2.9016049168482585
44 2.9451436082799636
45 3.013732445467878
46 3.013732445467878
47 3.0837396583411163
48 3.1454309835404937
49 3.1454309835404937
50 3.1928477733150906
51 3.1928477733150906
52 3.2364460309850966
53 3.2364460309850966
54 3.2364460309850966
55 3.32111494662641
56 3.32111494662641
57 3.3744892875481045
58 3.415325917296125
59 3.4867666712505794
60 3.5362004391841766
61 3.5362004391841766
62 3.5362004391841766
63 3.5362004391841766
64 3.5756025294475866
65 3.5988852495497805
66 3.5988852495497805
67 3.688769610943777
68 3.749595733026499
69 3.839443908062275
70 3.90499833985338
71 3.90499833985338
72 3.90499833985338
73 3.9704311899946587
74 4.03055166138655
75 4.081301018989488
76 4.154232104570273
77 4.220954216395829
78 4.220954216395829
79 4.220954216395829
80 4.2293133925350705
81 4.2293133925350705
82 4.2293133925350705
83 4.269368184333132
84 4.305525321355776
85 4.305525321355776
86 4.305525321355776
87 4.305525321355776
88 4.344420192133636
89 4.391104573117961
90 4.480627849345048
91 4.480627849345048
92 4.534202730621911
93 4.581948418713165
94 4.644496644414544
95 4.706364616992884
96 4.706364616992884
97 4.75357313549385
98 4.75357313549385
99 4.760190487465416
