0 1.0
1 1.0016252266790924
2 1.0051754684070187
3 1.0596626093946249
4 1.1327504686941832
5 1.2327504686941833
6 1.2734183181436083
7 1.293724912872073
8 1.3710903699991817
9 1.4613924545942902
10 1.4613924545942902
11 1.4969665727141928
12 1.5447912832450637
13 1.606944581962797
14 1.6700568995174812
15 1.6700568995174812
16 1.6700568995174812
17 1.7380218515549763
18 1.7817224522431354
19 1.862877994250835
20 1.862877994250835
21 1.862877994250835
22 1.9043281632282043
23 1.97371399256811
24 1.97371399256811
25 2.045814841113036
26 2.115482282553254
27 2.1635911939166705
28 2.1996718200076435
29 2.295174544967079
30 2.3600452280776842
31 2.3600452280776842
32 2.3600452280776842
33 2.3600452280776842
34 2.411384243633411
35 2.411384243633411
36 2.48833088429429
37 2.552723970623229
38 2.598850018061325
39 2.698850018061325
40 2.698850018061325
41 2.7731751320564486
42 2.816744876051235
43 2.882692167817182
44 2.926230859248887
45 3.007508261257448
46 3.105022697195263
47 3.175029910068501
48 3.2367212352678782
49 3.3034296628077215
50 3.3034296628077215
51 3.3467396477562086
52 3.3467396477562086
53 3.4467396477562087
54 3.4467396477562087
55 3.5437839363639467
56 3.5437839363639467
57 3.5437839363639467
58 3.576864670210905
59 3.676864670210905
60 3.739316295762384
61 3.8186022863409486
62 3.9186022863409486
63 4.013932813524682
64 4.013932813524682
65 4.033622168852439
66 4.033622168852439
67 4.033622168852439
68 4.033622168852439
69 4.131782058617549
70 4.203200742025998
71 4.2689939722620185
72 4.2689939722620185
73 4.354546904317037
74 4.409268160477801
75 4.472335712334964
76 4.472335712334964
77 4.472335712334964
78 4.498887333619444
79 4.539129019894334
80 4.539129019894334
81 4.630008159501256
82 4.67889758610332
83 4.67889758610332
84 4.759224780207418
85 4.759224780207418
86 4.759224780207418
87 4.759224780207418
88 4.798119650985278
89 4.798119650985278
90 4.887642927212364
91 4.967730552287232
92 5.021305433564096
93 5.06905112165535
94 5.131599347356729
95 5.225215190748656
96 5.259807188790347
97 5.359807188790347
98 5.4341463846021885
99 5.480370432685029
