0 1.1
1 1.1
2 1.1865930784836616
3 1.1865930784836616
4 1.1865930784836616
5 1.267432459754167
6 1.3674324597541672
7 1.3674324597541672
8 1.444797916881276
9 1.444797916881276
10 1.444797916881276
11 1.444797916881276
12 1.444797916881276
13 1.444797916881276
14 1.444797916881276
15 1.444797916881276
16 1.544797916881276
17 1.644797916881276
18 1.7440771675133337
19 1.7440771675133337
20 1.8359534100398538
21 1.9116982386595744
22 1.9650456927352815
23 2.034431522075187
24 2.1344315220751873
25 2.2065323706201134
26 2.2065323706201134
27 2.276836723399172
28 2.316559938241317
29 2.416559938241317
30 2.4814306213519224
31 2.5814306213519225
32 2.6436494091535465
33 2.7042721607249494
34 2.7688814603545513
35 2.844823517387183
36 2.844823517387183
37 2.9409852613427168
38 2.9871113087808125
39 2.9871113087808125
40 3.0871113087808126
41 3.1652207085102266
42 3.208790452505013
43 3.208790452505013
44 3.208790452505013
45 3.308790452505013
46 3.308790452505013
47 3.378797665378251
48 3.4404889905776286
49 3.507197418117472
50 3.554614207892069
51 3.554614207892069
52 3.598212465562075
53 3.6932339801905787
54 3.7530718694892227
55 3.848526158197957
56 3.923717333378882
57 3.9842114192942715
58 4.030893905282817
59 4.125706552782569
60 4.1734016777313965
61 4.2434536082285135
62 4.2434536082285135
63 4.343453608228513
64 4.382855698491923
65 4.406138418594117
66 4.454133322885633
67 4.5528398819630596
68 4.6184692287909295
69 4.700268975980373
70 4.700268975980373
71 4.73274010788703
72 4.822806056036283
73 4.862985883911196
74 4.862985883911196
75 4.932216107045979
76 5.032216107045978
77 5.10153315865721
78 5.12808477994169
79 5.16832646621658
80 5.24788243076483
81 5.3411380900785765
82 5.372672398292848
83 5.405840388372288
84 5.405840388372288
85 5.491388341092072
86 5.5480762973717175
87 5.604293310318392
88 5.605236556899368
89 5.605270198636409
90 5.60739275594941
91 5.609273958979963
92 5.609486728046787
93 5.657232416138041
94 5.657232416138041
95 5.7558009471180185
96 5.78210734012678
97 5.865062877932577
98 5.918270809374407
99 5.936593576122717
