0 1.0876807582991206
1 1.1362147790975452
2 1.1362147790975452
3 1.1362147790975452
4 1.1362147790975452
5 1.1362147790975452
6 1.1362147790975452
7 1.217561661616088
8 1.217561661616088
9 1.217561661616088
10 1.217561661616088
11 1.217561661616088
12 1.275791132521084
13 1.3750862495811396
14 1.3750862495811396
15 1.4750862495811397
16 1.5699520176156745
17 1.6622758812791667
18 1.7622758812791668
19 1.8622758812791669
20 1.8622758812791669
21 1.9380207098988875
22 1.9380207098988875
23 2.007406539238793
24 2.1074065392387933
25 2.1074065392387933
26 2.1770739806790114
27 2.1770739806790114
28 2.1770739806790114
29 2.1770739806790114
30 2.1770739806790114
31 2.2770739806790115
32 2.2770739806790115
33 2.2770739806790115
34 2.2770739806790115
35 2.3770739806790115
36 2.3770739806790115
37 2.4722313428999545
38 2.4722313428999545
39 2.5549729564067385
40 2.6475068161325526
41 2.722720880592315
42 2.7662906245871013
43 2.8322379163530482
44 2.8757766077847533
45 2.969204159808145
46 3.0687664282264153
47 3.1387736410996534
48 3.2004649662990308
49 3.2004649662990308
50 3.2478817560736277
51 3.2911917410221148
52 3.2911917410221148
53 3.3850933875813713
54 3.4443894201197014
55 3.5438648513812834
56 3.62347135278889
57 3.6828841794875564
58 3.6828841794875564
59 3.773149270708774
60 3.773149270708774
61 3.813277890918754
62 3.9026259715646514
63 3.988243342031955
64 4.027645432295365
65 4.027645432295365
66 4.075640336586881
67 4.17336966605286
68 4.241353055045702
69 4.241353055045702
70 4.241353055045702
71 4.274502575143847
72 4.368994078325592
73 4.368994078325592
74 4.459626463667137
75 4.515929982780217
76 4.613092922898483
77 4.687133539929037
78 4.687133539929037
79 4.693163907113044
80 4.69378315355843
81 4.738702592052363
82 4.738702592052363
83 4.744685408111475
84 4.744685408111475
85 4.8446854081114745
86 4.910698787951872
87 4.967276618225256
88 5.0061714890031155
89 5.052855869987441
90 5.142379146214528
91 5.222466771289396
92 5.222466771289396
93 5.27021245938065
94 5.332760685082029
95 5.409003850796355
96 5.431846120064855
97 5.516926165995842
98 5.573888394870243
99 5.618099784243828
