0 18.109455085742944
1 18.109455085742944
2 971.4627247705885
3 316.1973921531078
4 208.3768229634837
5 10.751612650454621
6 8.934448025414403
7 4.790145090665145
8 4.60416133645894
9 4.315783387127371
10 3.5064688465963787
11 3.544962534968885
12 2.852754070020545
13 3.1526967535699413
14 3.238362827260474
15 2.9801302300818886
16 4.252985876685848
17 2.717736459601337
18 2.4564491921459037
19 2.7996972338326755
20 2.4672730051320215
21 2.1048325528616663
22 2.4289053403597705
23 2.403522219999007
24 2.59841213576969
25 2.5204965535135733
26 2.7692964458656406
27 2.4384162555998
28 2.417592419452104
29 2.487780969103213
30 2.6626125072586113
31 2.3345279020664718
32 2.295414415045092
33 3.1029613008494374
34 1.9922670103896554
35 2.3384856813964157
36 2.2207710103669007
37 2.3877660841829567
38 2.3100452214375085
39 2.151582301885501
40 2.103232328745053
41 2.4221341329672863
42 2.226006825128873
43 2.2759995646569777
44 2.140238850637935
45 2.1027742739973694
46 2.3304620806934717
47 2.116627951274221
48 2.23772989958152
49 2.3063188106075057
