0 0.0002857283777550225
1 0.0
2 0.000817340095279107
3 0.0009936468391514158
4 -0.00019215085532063353
5 0.0005042525091148029
6 -6.0495564290493546e-05
7 0.0008432523648011693
8 0.001027585566270379
9 0.0006810787402218571
10 0.0
11 0.00021487326738132617
12 0.00011105655404617424
13 -2.5181615963232417e-05
14 0.0
15 0.002813787885551192
16 0.0
17 0.0
18 0.001454268048125802
19 1.7230301435261072e-06
20 -0.00010854744309766665
21 0.0
22 0.002323945059963706
23 0.001153626469642442
24 0.001190926876263028
25 -2.021615323116018e-06
26 0.0
27 0.0
28 -0.00014846292692116366
29 0.001120887758873458
30 0.0
31 0.0
32 -0.0028953056316822767
33 -0.001878866749142541
34 0.0
35 -0.000420892784224379
36 0.0
37 0.0
38 -0.002824508410412818
39 -0.002095311786979437
40 -0.0005709453957945061
41 -0.0004924428130441166
42 0.0056825321791527696
43 0.004046570441769946
44 0.00025181226613731127
45 0.00014309238702833992
46 0.0009986489534243243
47 0.000780900830689744
48 0.00015928851174104372
49 0.0005355912990879947
