0 0.00026242828347638623
1 0.0006421678956882065
2 0.0
3 0.0009008427527162725
4 -5.580807484417531e-05
5 0.0006425287905999069
6 -5.897053348772003e-05
7 0.0
8 0.0
9 -0.00027112897855052347
10 0.00033676216104265637
11 0.00015732127157220898
12 -0.00015178837696574045
13 0.0018661921184385908
14 3.5266517082164396e-06
15 0.0008802212291468734
16 0.0005588488559971731
17 9.795958145634851e-05
18 0.0008380301979136246
19 -1.1139099141755455e-06
20 0.0
21 0.001970206656887751
22 0.0007577807338625722
23 0.0
24 0.0
25 0.0
26 -0.0001317026331525044
27 0.00037041725612522146
28 6.033428051312324e-05
29 0.0
30 0.0025678301243067686
31 0.0005612178317666921
32 0.0
33 0.002659799134011597
34 0.0
35 0.0003864896298337321
36 0.004365095090760095
37 2.960448248411011e-05
38 0.0011919115538184596
39 0.0004417207768306341
40 0.0
41 0.0
42 0.0
43 -0.0027414049836806953
44 -0.000294830833255158
45 -0.0001761981846451858
46 -0.00026535151680938846
47 -0.00034002270565702917
48 -0.00011232760695786094
49 -0.0002382658112797194
