0 0.0
1 0.0003742740492280654
2 0.0008781632349498366
3 0.0005023208602661517
4 7.242982426471178e-05
5 0.0004232966625485631
6 0.0
7 0.0
8 0.0
9 0.0
10 0.0003194848509823661
11 7.097835127339694e-05
12 -0.00238877592566127
13 0.0006609085511684535
14 6.967923602471985e-06
15 0.0
16 -3.497847073371058e-05
17 0.0005384298875730319
18 0.0029494164725295015
19 2.7911281243384094e-06
20 -0.00013847060118440797
21 0.0014246557530166297
22 0.0
23 0.0
24 0.002146324479486325
25 -3.469830853932233e-05
26 0.0
27 0.0
28 -0.0002674446865709208
29 -0.0005527468847783569
30 -0.0028617167845368385
31 -0.0006084633738276277
32 0.004437138988604096
33 0.0
34 0.0022842369970806154
35 0.0
36 0.0
37 0.0001679682762897033
38 0.0
39 -0.0011016689954022078
40 -0.0005310794660371446
41 -0.000339673888613833
42 -0.002714041620492935
43 0.0018659959275434091
44 0.0
45 2.0917143655468306e-05
46 0.0
47 -0.00045364419128739435
48 1.859527559310135e-05
49 -0.0002667087254507444
