0 -0.0017115493933930431
1 -0.0027567412985817306
2 -0.0008832279436544773
3 -0.0025603732132899164
4 0.0
5 0.0
6 0.00022260033597737596
7 -0.0028953056316822767
8 -0.0028953056316822767
9 -0.001734463222391014
10 0.0034004530048556956
11 -0.0005806061649620504
12 0.0
13 -0.0028414476197212934
14 0.0
15 -0.0027015327010303735
16 -0.0015702370758154246
17 0.0027244797137543223
18 -0.0028123737408511404
19 -9.7059503821262e-06
20 0.0003215502832510709
21 0.0
22 0.0
23 -0.0025990287773311137
24 -0.0023883455665782093
25 -0.00020414345745696968
26 -0.0005703609492169179
27 0.0001634281686160428
28 -0.00035064007695064615
29 -0.0006656691170077246
30 -0.0028617167845368385
31 -0.0008113368128001887
32 0.0
33 0.0
34 0.0
35 0.0008904676814274652
36 -0.0023179248095402728
37 0.0
38 -0.002824508410412818
39 0.0
40 0.0
41 -0.00017042106869409894
42 0.0
43 -0.0027414049836806953
44 -0.00010916447286162261
45 5.9545829520024264e-05
46 0.0
47 0.0
48 0.0
49 0.0
