0 0.0002981376038558635
1 0.000538882941150915
2 0.0
3 0.0
4 0.00030246760490376434
5 0.0004396592741924236
6 0.0
7 0.0
8 0.0
9 -0.00017865144495513623
10 -0.0022588975562160027
11 -0.00029885295988451834
12 0.004691043379390676
13 0.0008196160007490714
14 -8.27302176414271e-06
15 0.0009806904594874511
16 0.0
17 0.0013739963212933187
18 0.0
19 4.1275579158083295e-06
20 -0.0001400458309332314
21 0.0023248220652648545
22 -0.002124783466272739
23 0.0007530825898432258
24 0.0
25 2.2026245971326476e-05
26 -0.0004642119201144986
27 7.185071743075278e-05
28 -0.00019223958898003505
29 0.00023279941224020481
30 0.002606052360107025
31 0.00034729273154972604
32 0.0005062554479013687
33 0.0006191208190869847
34 3.837721945639531e-06
35 0.0
36 0.0014676333178873712
37 -3.779057845002299e-05
38 0.0002176919171236132
39 0.0
40 0.0
41 0.0002085621033989846
42 0.001471547432214757
43 0.0
44 0.0
45 0.0
46 0.0008416319901073496
47 0.0003647878775312525
48 0.0
49 3.088695313630409e-05
