1 1.242357
2 1.242357
3 1.242357
4 1.242357
5 1.242357
6 1.242357
7 1.242357
8 1.366356
9 1.366356
10 1.381729
11 1.424000
12 1.424000
13 1.424000
14 1.424000
15 1.430958
16 1.513120
17 1.513120
18 1.513120
19 1.513120
20 1.620196
21 1.620196
22 1.688133
23 1.688133
24 1.688133
25 1.688133
26 1.688133
27 1.688133
28 1.782415
29 1.782415
30 1.783186
31 1.783186
32 1.783186
33 1.798670
34 1.798670
35 1.890705
36 1.903188
37 1.903188
38 1.919323
39 1.919323
40 1.919323
41 1.968796
42 1.968796
43 1.968796
44 1.968796
45 1.968796
46 2.114410
47 2.196844
48 2.196844
49 2.196844
50 2.196844
51 2.289278
52 2.289278
53 2.306196
54 2.306196
55 2.367042
56 2.367042
57 2.404548
58 2.404548
59 2.404548
60 2.404548
61 2.404548
62 2.404548
63 2.404548
64 2.404548
65 2.404548
66 2.404548
67 2.404548
68 2.485824
69 2.485824
70 2.658574
71 2.658574
72 2.658574
73 2.658574
74 2.658574
75 2.658574
76 2.658574
77 2.658574
78 2.658574
79 2.658574
80 2.826313
81 2.826313
82 2.826313
83 2.826313
84 2.826313
85 2.826313
86 2.826313
87 2.826313
88 2.826313
89 3.075740
90 3.075740
91 3.096459
92 3.096459
93 3.096459
94 3.096459
95 3.096459
96 3.096459
97 3.096459
98 3.096459
99 3.121086
100 3.121086
