1 0.706889
2 1.144873
3 1.144873
4 1.144873
5 1.144873
6 1.157641
7 1.157641
8 1.157641
9 1.157641
10 1.411767
11 1.411767
12 1.411767
13 1.411767
14 1.411767
15 1.474342
16 1.474342
17 1.474342
18 1.474342
19 1.474342
20 1.474342
21 1.493220
22 1.493220
23 1.539997
24 1.539997
25 1.539997
26 1.539997
27 1.539997
28 1.724480
29 1.724480
30 1.724480
31 1.724480
32 1.724480
33 1.789796
34 1.850543
35 1.850543
36 1.850543
37 1.850543
38 1.850543
39 1.850543
40 1.850543
41 1.850543
42 1.850543
43 1.850543
44 2.002664
45 2.002664
46 2.002664
47 2.002664
48 2.002664
49 2.002664
50 2.002664
51 2.216910
52 2.216910
53 2.216910
54 2.216910
55 2.216910
56 2.216910
57 2.216910
58 2.216910
59 2.216910
60 2.216910
61 2.216910
62 2.223381
63 2.223381
64 2.429322
65 2.429322
66 2.429322
67 2.429322
68 2.429322
69 2.429322
70 2.429322
71 2.593124
72 2.593124
73 2.593124
74 2.593124
75 2.600262
76 2.600262
77 2.600262
78 2.600262
79 2.600262
80 2.600262
81 2.679980
82 2.679980
83 2.875506
84 2.875506
85 2.875506
86 2.875506
87 2.887264
88 2.887264
89 2.887264
90 2.887264
91 2.887264
92 2.887264
93 2.887264
94 3.074360
95 3.074360
96 3.080320
97 3.080320
98 3.080320
99 3.227913
100 3.227913
