1 1.083656
2 1.083656
3 1.083656
4 1.083656
5 1.149373
6 1.149373
7 1.247248
8 1.247248
9 1.247248
10 1.247248
11 1.247248
12 1.247248
13 1.247248
14 1.247248
15 1.247248
16 1.247248
17 1.247248
18 1.247248
19 1.247248
20 1.247248
21 1.247248
22 1.247248
23 1.247248
24 1.247248
25 1.333129
26 1.333129
27 1.333129
28 1.333129
29 1.333129
30 1.333129
31 1.333129
32 1.333129
33 1.333129
34 1.368676
35 1.368676
36 1.368676
37 1.368676
38 1.368676
39 1.368676
40 1.368676
41 1.368676
42 1.368676
43 1.368676
44 1.368676
45 1.368676
46 1.368676
47 1.368676
48 1.368676
49 1.368676
50 1.368676
51 1.368676
52 1.368676
53 1.368676
54 1.408230
55 1.408230
56 1.408230
57 1.408230
58 1.408230
59 1.408230
60 1.408230
61 1.462375
62 1.462375
63 1.462375
64 1.462375
65 1.462375
66 1.462375
67 1.462375
68 1.462375
69 1.462375
70 1.462375
71 1.462375
72 1.470432
73 1.470432
74 1.470432
75 1.470432
76 1.470432
77 1.470432
78 1.470432
79 1.470432
80 1.470432
81 1.470432
82 1.470432
83 1.470432
84 1.483646
85 1.483646
86 1.483646
87 1.553684
88 1.553684
89 1.553684
90 1.553684
91 1.553684
92 1.553684
93 1.553684
94 1.553684
95 1.553684
96 1.553684
97 1.587242
98 1.587242
99 1.587242
100 1.587242
