0 0.004633239291833509
1 0.004633239291833509
2 0.004633239291833509
3 0.004633239291833509
4 0.004633239291833509
5 0.004633239291833509
6 0.0
7 0.004633239291833509
8 0.004633239291833509
9 0.004633239291833509
10 0.0
11 0.0
12 0.0
13 0.004633239291833509
14 0.004633239291833509
15 0.004633239291833509
16 0.0
17 0.004633239291833509
18 0.004633239291833509
19 0.004633239291833509
20 0.0
21 0.004633239291833509
22 0.0
23 0.004633239291833509
24 0.0
25 0.0
26 0.004633239291833509
27 0.004633239291833509
28 0.004633239291833509
29 0.004633239291833509
30 0.004633239291833509
31 0.0
32 0.004633239291833509
33 0.004633239291833509
34 0.0
35 0.004633239291833509
36 0.004633239291833509
37 0.004633239291833509
38 0.004633239291833509
39 0.004633239291833509
40 0.004633239291833509
41 0.004633239291833509
42 0.004633239291833509
43 0.004633239291833509
44 0.004633239291833509
45 0.0
46 0.004633239291833509
47 0.004633239291833509
48 0.004633239291833509
49 0.004633239291833509
50 0.0
51 0.004633239291833509
52 0.004633239291833509
53 0.004633239291833509
54 0.004633239291833509
55 0.0
56 0.0
57 0.004633239291833509
58 0.004633239291833509
59 0.0
60 0.004633239291833509
61 0.004633239291833509
62 0.004633239291833509
63 0.0
64 0.004633239291833509
65 0.004633239291833509
66 0.004633239291833509
67 0.0
68 0.004633239291833509
69 0.0
70 0.0
71 0.004633239291833509
72 0.004633239291833509
73 0.004633239291833509
74 0.0
75 0.0
76 0.004633239291833509
77 0.0
78 0.004633239291833509
79 0.004633239291833509
80 0.004633239291833509
81 0.004633239291833509
82 0.004633239291833509
83 0.0
84 0.004633239291833509
85 0.004633239291833509
86 0.0
87 0.004633239291833509
88 0.004633239291833509
89 0.004633239291833509
90 0.004633239291833509
91 0.004633239291833509
92 0.0
93 0.004633239291833509
94 0.004633239291833509
95 0.004633239291833509
96 0.0
97 0.004633239291833509
98 0.0
99 0.004633239291833509
