0 0.0
1 0.0017376484011042326
2 0.0017376484011042326
3 0.0017376484011042326
4 0.0
5 0.0017376484011042326
6 0.0017376484011042326
7 0.0017376484011042326
8 0.0017376484011042326
9 0.0
10 0.0017376484011042326
11 0.0
12 0.0017376484011042326
13 0.0017376484011042326
14 0.0
15 0.0
16 0.0017376484011042326
17 0.0017376484011042326
18 0.0017376484011042326
19 0.0017376484011042326
20 0.0017376484011042326
21 0.0
22 0.0017376484011042326
23 0.0017376484011042326
24 0.0
25 0.0
26 0.0017376484011042326
27 0.0017376484011042326
28 0.0
29 0.0017376484011042326
30 0.0
31 0.0017376484011042326
32 0.0
33 0.0017376484011042326
34 0.0017376484011042326
35 0.0017376484011042326
36 0.0017376484011042326
37 0.0017376484011042326
38 0.0
39 0.0017376484011042326
40 0.0
41 0.0017376484011042326
42 0.0017376484011042326
43 0.0017376484011042326
44 0.0017376484011042326
45 0.0017376484011042326
46 0.0017376484011042326
47 0.0
48 0.0
49 0.0017376484011042326
50 0.0017376484011042326
51 0.0
52 0.0017376484011042326
53 0.0017376484011042326
54 0.0017376484011042326
55 0.0017376484011042326
56 0.0017376484011042326
57 0.0017376484011042326
58 0.0017376484011042326
59 0.0017376484011042326
60 0.0017376484011042326
61 0.0
62 0.0017376484011042326
63 0.0017376484011042326
64 0.0017376484011042326
65 0.0
66 0.0
67 0.0
68 0.0017376484011042326
69 0.0017376484011042326
70 0.0017376484011042326
71 0.0
72 0.0017376484011042326
73 0.0
74 0.0017376484011042326
75 0.0
76 0.0017376484011042326
77 0.0017376484011042326
78 0.0
79 0.0017376484011042326
80 0.0
81 0.0017376484011042326
82 0.0017376484011042326
83 0.0
84 0.0017376484011042326
85 0.0
86 0.0017376484011042326
87 0.0017376484011042326
88 0.0017376484011042326
89 0.0
90 0.0017376484011042326
91 0.0017376484011042326
92 0.0017376484011042326
93 0.0
94 0.0017376484011042326
95 0.0
96 0.0
97 0.0017376484011042326
98 0.0
99 0.0017376484011042326
