0 0.0005794120448125219
1 0.0005794120448125219
2 0.0005794120448125219
3 0.0005794120448125219
4 0.0005794120448125219
5 0.0005794120448125219
6 0.0005794120448125219
7 0.0
8 0.0005794120448125219
9 0.0005794120448125219
10 0.0005794120448125219
11 0.0005794120448125219
12 0.0
13 0.0005794120448125219
14 0.0005794120448125219
15 0.0005794120448125219
16 0.0005794120448125219
17 0.0
18 0.0005794120448125219
19 0.0
20 0.0005794120448125219
21 0.0005794120448125219
22 0.0005794120448125219
23 0.0
24 0.0005794120448125219
25 0.0005794120448125219
26 0.0
27 0.0005794120448125219
28 0.0005794120448125219
29 0.0005794120448125219
30 0.0005794120448125219
31 0.0005794120448125219
32 0.0
33 0.0
34 0.0005794120448125219
35 0.0
36 0.0005794120448125219
37 0.0005794120448125219
38 0.0005794120448125219
39 0.0005794120448125219
40 0.0005794120448125219
41 0.0005794120448125219
42 0.0
43 0.0005794120448125219
44 0.0
45 0.0005794120448125219
46 0.0005794120448125219
47 0.0
48 0.0
49 0.0005794120448125219
50 0.0005794120448125219
51 0.0
52 0.0
53 0.0005794120448125219
54 0.0005794120448125219
55 0.0005794120448125219
56 0.0005794120448125219
57 0.0
58 0.0005794120448125219
59 0.0005794120448125219
60 0.0
61 0.0005794120448125219
62 0.0
63 0.0005794120448125219
64 0.0
65 0.0005794120448125219
66 0.0
67 0.0005794120448125219
68 0.0005794120448125219
69 0.0
70 0.0005794120448125219
71 0.0005794120448125219
72 0.0005794120448125219
73 0.0005794120448125219
74 0.0005794120448125219
75 0.0005794120448125219
76 0.0
77 0.0
78 0.0005794120448125219
79 0.0
80 0.0
81 0.0005794120448125219
82 0.0005794120448125219
83 0.0005794120448125219
84 0.0005794120448125219
85 0.0005794120448125219
86 0.0005794120448125219
87 0.0005794120448125219
88 0.0
89 0.0005794120448125219
90 0.0005794120448125219
91 0.0
92 0.0005794120448125219
93 0.0005794120448125219
94 0.0005794120448125219
95 0.0
96 0.0005794120448125219
97 0.0
98 0.0005794120448125219
99 0.0
