0 2.3042177771138452
1 2.3042177771138452
2 2.073917114836028
3 1.732159362309214
4 1.649924187495626
5 1.4843321753597785
6 1.4452758610039844
7 1.4206249207004777
8 1.2181261093274183
9 1.4277616327198939
10 1.1833907802919557
11 1.2482323519524006
12 1.1201224470806457
13 1.084561497226484
14 1.2126435575156047
15 1.0546515356486532
16 1.0478606017128476
17 1.1414131092512352
18 1.0778148113458736
19 1.0516950047690012
20 1.0887722858731421
21 1.0651157857060969
22 1.0724402902840733
23 1.0721969447653552
24 1.0602383119813081
25 1.049979392500625
26 1.0470815757443275
27 1.0659226488923954
28 1.0897916932890808
29 1.0950016853152185
30 1.0937455203188486
31 1.1046305644386945
32 1.1166797085605067
33 1.1474109440221973
34 1.1886809553248456
35 1.1578333576420894
36 1.1525273925963493
37 1.169119244697632
38 1.2096864639848037
39 1.1969739941133744
40 1.2338601061557162
41 1.2432220480094975
42 1.197026519431896
43 1.2190398499630521
44 1.2522804406716146
45 1.274963448738205
46 1.2742300579224664
47 1.2977157472192555
48 1.2928023443274523
49 1.2545193118891638
50 1.3303777786897026
51 1.3242940271181007
52 1.338515612350338
53 1.3662460482436576
54 1.3494632326405664
55 1.387401589099737
56 1.3987489613131798
57 1.3356613401414872
58 1.3866218094112517
59 1.4006280808999814
60 1.3851872524540088
61 1.4494784614812022
62 1.4298062164107224
63 1.4740952377381356
64 1.443452421935455
65 1.4057151188308923
66 1.4468455116053471
67 1.4494736984767218
68 1.4000813410006623
69 1.378331437118057
70 1.4108159683417416
71 1.4109865174167093
72 1.3913868444451336
73 1.421488290073992
74 1.4531437245650909
75 1.299997171978762
76 1.248471388523432
77 1.3115813905087157
78 1.3673423168479115
79 1.3994645434298951
80 1.3857925415873944
81 1.3932028863953614
82 1.3921907786550136
83 1.4070463160266276
84 1.4033861747081426
85 1.4385390818387405
86 1.3978145087343743
87 1.3816563411018978
88 1.3832761469693586
89 1.4132317402411725
90 1.413982305543431
91 1.3799587389777577
92 1.3904003336645472
93 1.3673733184789645
94 1.3687494414755557
95 1.3587365679409338
96 1.3561339282941793
97 1.363441466748446
98 1.348675370514542
99 1.316627210828887
