0 0.0037060710886219943
1 0.0
2 0.0037060710886219943
3 0.0037060710886219943
4 0.0037060710886219943
5 0.0037060710886219943
6 0.0037060710886219943
7 0.0037060710886219943
8 0.0
9 0.0037060710886219943
10 0.0037060710886219943
11 0.0037060710886219943
12 0.0037060710886219943
13 0.0037060710886219943
14 0.0
15 0.0
16 0.0
17 0.0037060710886219943
18 0.0037060710886219943
19 0.0037060710886219943
20 0.0037060710886219943
21 0.0
22 0.0037060710886219943
23 0.0037060710886219943
24 0.0037060710886219943
25 0.0037060710886219943
26 0.0037060710886219943
27 0.0037060710886219943
28 0.0037060710886219943
29 0.0
30 0.0037060710886219943
31 0.0037060710886219943
32 0.0037060710886219943
33 0.0
34 0.0037060710886219943
35 0.0037060710886219943
36 0.0
37 0.0037060710886219943
38 0.0037060710886219943
39 0.0037060710886219943
40 0.0
41 0.0037060710886219943
42 0.0037060710886219943
43 0.0037060710886219943
44 0.0
45 0.0
46 0.0037060710886219943
47 0.0037060710886219943
48 0.0037060710886219943
49 0.0037060710886219943
50 0.0
51 0.0
52 0.0
53 0.0037060710886219943
54 0.0037060710886219943
55 0.0037060710886219943
56 0.0
57 0.0037060710886219943
58 0.0
59 0.0037060710886219943
60 0.0037060710886219943
61 0.0037060710886219943
62 0.0037060710886219943
63 0.0
64 0.0037060710886219943
65 0.0
66 0.0037060710886219943
67 0.0037060710886219943
68 0.0
69 0.0
70 0.0037060710886219943
71 0.0037060710886219943
72 0.0037060710886219943
73 0.0
74 0.0
75 0.0037060710886219943
76 0.0037060710886219943
77 0.0
78 0.0037060710886219943
79 0.0
80 0.0
81 0.0
82 0.0037060710886219943
83 0.0037060710886219943
84 0.0037060710886219943
85 0.0037060710886219943
86 0.0037060710886219943
87 0.0037060710886219943
88 0.0037060710886219943
89 0.0037060710886219943
90 0.0037060710886219943
91 0.0037060710886219943
92 0.0037060710886219943
93 0.0037060710886219943
94 0.0037060710886219943
95 0.0037060710886219943
96 0.0
97 0.0037060710886219943
98 0.0
99 0.0037060710886219943
