0 0.0
1 0.0013895983760385737
2 0.0013895983760385737
3 0.0013895983760385737
4 0.0
5 0.0013895983760385737
6 0.0
7 0.0013895983760385737
8 0.0
9 0.0013895983760385737
10 0.0013895983760385737
11 0.0
12 0.0013895983760385737
13 0.0013895983760385737
14 0.0
15 0.0013895983760385737
16 0.0013895983760385737
17 0.0013895983760385737
18 0.0013895983760385737
19 0.0
20 0.0013895983760385737
21 0.0013895983760385737
22 0.0
23 0.0013895983760385737
24 0.0013895983760385737
25 0.0013895983760385737
26 0.0
27 0.0013895983760385737
28 0.0013895983760385737
29 0.0013895983760385737
30 0.0
31 0.0013895983760385737
32 0.0
33 0.0013895983760385737
34 0.0013895983760385737
35 0.0
36 0.0013895983760385737
37 0.0
38 0.0013895983760385737
39 0.0013895983760385737
40 0.0013895983760385737
41 0.0013895983760385737
42 0.0013895983760385737
43 0.0
44 0.0013895983760385737
45 0.0013895983760385737
46 0.0013895983760385737
47 0.0013895983760385737
48 0.0013895983760385737
49 0.0013895983760385737
