0 0.0037060710886219943
1 0.0
2 0.0037060710886219943
3 0.0037060710886219943
4 0.0
5 0.0037060710886219943
6 0.0037060710886219943
7 0.0037060710886219943
8 0.0037060710886219943
9 0.0037060710886219943
10 0.0037060710886219943
11 0.0037060710886219943
12 0.0
13 0.0037060710886219943
14 0.0037060710886219943
15 0.0037060710886219943
16 0.0037060710886219943
17 0.0
18 0.0037060710886219943
19 0.0
20 0.0
21 0.0037060710886219943
22 0.0037060710886219943
23 0.0037060710886219943
24 0.0
25 0.0037060710886219943
26 0.0037060710886219943
27 0.0
28 0.0037060710886219943
29 0.0
30 0.0037060710886219943
31 0.0037060710886219943
32 0.0037060710886219943
33 0.0
34 0.0037060710886219943
35 0.0
36 0.0
37 0.0037060710886219943
38 0.0037060710886219943
39 0.0
40 0.0037060710886219943
41 0.0037060710886219943
42 0.0037060710886219943
43 0.0
44 0.0
45 0.0037060710886219943
46 0.0037060710886219943
47 0.0037060710886219943
48 0.0
49 0.0037060710886219943
