0 0.0013895983760385737
1 0.0013895983760385737
2 0.0013895983760385737
3 0.0013895983760385737
4 0.0013895983760385737
5 0.0013895983760385737
6 0.0013895983760385737
7 0.0013895983760385737
8 0.0013895983760385737
9 0.0013895983760385737
10 0.0013895983760385737
11 0.0
12 0.0013895983760385737
13 0.0013895983760385737
14 0.0013895983760385737
15 0.0013895983760385737
16 0.0013895983760385737
17 0.0013895983760385737
18 0.0013895983760385737
19 0.0
20 0.0
21 0.0013895983760385737
22 0.0013895983760385737
23 0.0013895983760385737
24 0.0013895983760385737
25 0.0013895983760385737
26 0.0013895983760385737
27 0.0013895983760385737
28 0.0013895983760385737
29 0.0013895983760385737
30 0.0
31 0.0013895983760385737
32 0.0
33 0.0013895983760385737
34 0.0
35 0.0013895983760385737
36 0.0013895983760385737
37 0.0013895983760385737
38 0.0
39 0.0013895983760385737
40 0.0013895983760385737
41 0.0
42 0.0013895983760385737
43 0.0013895983760385737
44 0.0013895983760385737
45 0.0013895983760385737
46 0.0013895983760385737
47 0.0013895983760385737
48 0.0013895983760385737
49 0.0013895983760385737
50 0.0013895983760385737
51 0.0013895983760385737
52 0.0013895983760385737
53 0.0
54 0.0013895983760385737
55 0.0013895983760385737
56 0.0013895983760385737
57 0.0
58 0.0013895983760385737
59 0.0013895983760385737
60 0.0
61 0.0013895983760385737
62 0.0013895983760385737
63 0.0013895983760385737
64 0.0013895983760385737
65 0.0013895983760385737
66 0.0
67 0.0013895983760385737
68 0.0013895983760385737
69 0.0013895983760385737
70 0.0013895983760385737
71 0.0013895983760385737
72 0.0
73 0.0
74 0.0
75 0.0013895983760385737
76 0.0013895983760385737
77 0.0013895983760385737
78 0.0013895983760385737
79 0.0013895983760385737
80 0.0013895983760385737
81 0.0013895983760385737
82 0.0
83 0.0013895983760385737
84 0.0013895983760385737
85 0.0
86 0.0013895983760385737
87 0.0013895983760385737
88 0.0
89 0.0013895983760385737
90 0.0013895983760385737
91 0.0
92 0.0013895983760385737
93 0.0013895983760385737
94 0.0013895983760385737
95 0.0
96 0.0
97 0.0013895983760385737
98 0.0013895983760385737
99 0.0013895983760385737
