0 0.00046300929100520497
1 0.00046300929100520497
2 0.00046300929100520497
3 0.0
4 0.0
5 0.00046300929100520497
6 0.00046300929100520497
7 0.00046300929100520497
8 0.00046300929100520497
9 0.00046300929100520497
10 0.0
11 0.00046300929100520497
12 0.00046300929100520497
13 0.00046300929100520497
14 0.00046300929100520497
15 0.00046300929100520497
16 0.0
17 0.00046300929100520497
18 0.00046300929100520497
19 0.00046300929100520497
20 0.0
21 0.00046300929100520497
22 0.00046300929100520497
23 0.00046300929100520497
24 0.0
25 0.00046300929100520497
26 0.00046300929100520497
27 0.00046300929100520497
28 0.00046300929100520497
29 0.0
30 0.00046300929100520497
31 0.00046300929100520497
32 0.00046300929100520497
33 0.00046300929100520497
34 0.0
35 0.00046300929100520497
36 0.00046300929100520497
37 0.00046300929100520497
38 0.00046300929100520497
39 0.00046300929100520497
40 0.00046300929100520497
41 0.0
42 0.0
43 0.00046300929100520497
44 0.00046300929100520497
45 0.00046300929100520497
46 0.00046300929100520497
47 0.0
48 0.0
49 0.0
50 0.00046300929100520497
51 0.00046300929100520497
52 0.00046300929100520497
53 0.00046300929100520497
54 0.0
55 0.0
56 0.00046300929100520497
57 0.0
58 0.00046300929100520497
59 0.00046300929100520497
60 0.0
61 0.00046300929100520497
62 0.00046300929100520497
63 0.00046300929100520497
64 0.0
65 0.00046300929100520497
66 0.00046300929100520497
67 0.0
68 0.00046300929100520497
69 0.00046300929100520497
70 0.0
71 0.0
72 0.0
73 0.0
74 0.00046300929100520497
75 0.00046300929100520497
76 0.0
77 0.0
78 0.00046300929100520497
79 0.00046300929100520497
80 0.00046300929100520497
81 0.00046300929100520497
82 0.00046300929100520497
83 0.0
84 0.00046300929100520497
85 0.00046300929100520497
86 0.0
87 0.0
88 0.00046300929100520497
89 0.00046300929100520497
90 0.00046300929100520497
91 0.00046300929100520497
92 0.00046300929100520497
93 0.00046300929100520497
94 0.00046300929100520497
95 0.00046300929100520497
96 0.00046300929100520497
97 0.0
98 0.00046300929100520497
99 0.00046300929100520497
