0 1.09753072254949
1 1.1675608118888676
2 1.265132102873066
3 1.3512719643457234
4 1.4508240270560373
5 1.5433171702307027
6 1.6433171702307028
7 1.7082797891944788
8 1.7576740025211828
9 1.856653940606737
10 1.9250299360568104
11 1.9710249179482522
12 1.9710249179482522
13 1.9710249179482522
14 2.0238138585060397
15 2.0695273250875497
16 2.137580491898416
17 2.2097453172836845
18 2.2097453172836845
19 2.2626498170580476
20 2.2626498170580476
21 2.3210974387827354
22 2.387633660383962
23 2.430263038044161
24 2.430263038044161
25 2.47680564653622
26 2.47680564653622
27 2.47680564653622
28 2.47680564653622
29 2.5358530133422925
30 2.5358530133422925
31 2.5358530133422925
32 2.6142938468737578
33 2.688760095105439
34 2.7641395721076534
35 2.7996075527134003
36 2.8741501066160353
37 2.9096902945190393
38 3.0096902945190394
39 3.0096902945190394
40 3.043595243575118
41 3.043595243575118
42 3.117473414445069
43 3.1943029672453385
44 3.2390167185309457
45 3.3390167185150754
46 3.388050436608422
47 3.388050436608422
48 3.438939189331189
49 3.471810433734296
