0 1.0910233208714353
1 1.1355228707461842
2 1.2355228707461843
3 1.3309047415670356
4 1.429068261619129
5 1.524567921183258
6 1.6099065601692875
7 1.6099065601692875
8 1.6639624462829115
9 1.7614475412384178
10 1.8281725836237768
11 1.8831697331698076
12 1.8831697331698076
13 1.9775653403619646
14 2.030271320238813
15 2.083881804815045
16 2.083881804815045
17 2.083881804815045
18 2.14927126475326
19 2.14927126475326
20 2.2128136617322887
21 2.2128136617322887
22 2.2430253985582143
23 2.2810013758698204
24 2.3266469364851803
25 2.375145784803867
26 2.4710165198731566
27 2.526296286169031
28 2.526296286169031
29 2.605917911154632
30 2.705917911154632
31 2.705917911154632
32 2.705917911154632
33 2.705917911154632
34 2.705917911154632
35 2.750110747522026
36 2.750110747522026
37 2.7904581416221346
38 2.7904581416221346
39 2.7904581416221346
40 2.821174596631611
41 2.911250659274072
42 2.911250659274072
43 2.9849719831986765
44 3.0849719831986766
45 3.140020797612717
46 3.148614210284958
47 3.1689824686254653
48 3.186163511387796
49 3.19589675947503
