0 1.0
1 1.0847787348709448
2 1.0847787348709448
3 1.0847787348709448
4 1.1300048067218282
5 1.1300048067218282
6 1.2051849429224044
7 1.3051849429224045
8 1.4051849429224046
9 1.4051849429224046
10 1.5051849429224047
11 1.6051849429224048
12 1.6448329669520436
13 1.7164644725499638
14 1.7164644725499638
15 1.7410001868503462
16 1.7740684582090773
17 1.8046511472544997
18 1.8351787112986784
19 1.868634793876807
20 1.8887347291450867
21 1.912456165094145
22 1.912456165094145
23 1.912456165094145
24 1.912456165094145
25 2.012456165094145
26 2.0430200892933916
27 2.1430200892933917
28 2.243020089293392
29 2.343020089293392
30 2.3613705512887235
31 2.3741059887283193
32 2.4047478194123286
33 2.420692826093534
34 2.4372853739623013
35 2.4372853739623013
36 2.4548060042318696
37 2.4548060042318696
38 2.463706399898373
39 2.5603085779139287
40 2.660308577913929
41 2.6729223551874517
42 2.682925257013568
43 2.697234205235375
44 2.697234205235375
45 2.704327625248311
46 2.704327625248311
47 2.804327625248311
48 2.9043276252483112
49 3.0043276252483113
