0 1.0
1 1.081997472315391
2 1.1659688142932485
3 1.2480665367379813
4 1.2480665367379813
5 1.2480665367379813
6 1.3257785547840053
7 1.3257785547840053
8 1.3257785547840053
9 1.414631809635989
10 1.4807330942059727
11 1.528132766234048
12 1.5903112158885355
13 1.5903112158885355
14 1.5903112158885355
15 1.6352895022339913
16 1.6352895022339913
17 1.7352895022339914
18 1.8352895022339915
19 1.8759472430604005
20 1.8759472430604005
21 1.8759472430604005
22 1.8759472430604005
23 1.9759472430604006
24 2.0759472430604005
25 2.1759472430604005
26 2.217077445675125
27 2.217077445675125
28 2.2256046801498166
29 2.2256046801498166
30 2.241927572842555
31 2.261039670787531
32 2.2916314122888757
33 2.324412998340686
34 2.324412998340686
35 2.424412998340686
36 2.424412998340686
37 2.524412998340686
38 2.5453874748019882
39 2.5573829812660556
40 2.5573829812660556
41 2.575352648068507
42 2.5898261254071384
43 2.6009775882576034
44 2.7009775882576035
45 2.7094383313530437
46 2.7094383313530437
47 2.8094383313530438
48 2.909438331353044
49 2.909438331353044
