0 1.0040550091343672
1 1.0052404877125019
2 1.0343245455138763
3 1.0738808523086711
4 1.1153281760030964
5 1.1780816565025902
6 1.2367585428482952
7 1.2702762980522024
8 1.2968582226062493
9 1.367312075787283
10 1.467312075787283
11 1.467312075787283
12 1.4860695190096487
13 1.5208934891310235
14 1.5208934891310235
15 1.5208934891310235
16 1.6208934891310236
17 1.7208934891310237
18 1.8208934891310238
19 1.9208934891310239
20 1.932246859959193
21 1.944106919046024
22 1.9595831287617134
23 2.0595831287617132
24 2.1595831287617133
25 2.1636233118039505
26 2.1777683781919683
27 2.1803375192416112
28 2.2803375192416113
29 2.2916101539843488
30 2.295849058065512
31 2.3109780138401526
32 2.338954076845412
33 2.338954076845412
34 2.3547185851172165
35 2.4547185851172166
36 2.4652151204447925
37 2.4652151204447925
38 2.4728460491852187
39 2.5694482272007746
40 2.5694482272007746
41 2.579321216394864
42 2.579321216394864
43 2.579321216394864
44 2.579321216394864
45 2.583302955390092
46 2.5834943567521105
47 2.6834943567521106
48 2.6834943567521106
49 2.6834943567521106
