0 1.0
1 1.0
2 1.0
3 1.0
4 1.0
5 1.0
6 1.0
7 1.0231351803936297
8 1.0236304013851834
9 1.0236304013851834
10 1.0236304013851834
11 1.0231351803936297
12 1.0273039446006549
13 1.0273532121577504
14 1.0273532121577504
15 1.0273532121577504
16 1.0273532121577504
17 1.034705901408396
18 1.034705901408396
19 1.0348990035773813
20 1.0348990035773813
21 1.0735804839084364
22 1.0924698919269682
23 1.0931012012825607
24 1.0931012012825607
25 1.0931012012825607
26 1.0931012012825607
27 1.0931012012825607
28 1.0931012012825607
29 1.0944900326338476
30 1.0944900326338476
31 1.104623170352679
32 1.104623170352679
33 1.104623170352679
34 1.133121215364544
35 1.133668680905374
36 1.134280547167599
37 1.1403717545282395
38 1.1403717545282395
39 1.1403717545282395
40 1.1403717545282395
41 1.1694809466017793
42 1.1403717545282395
43 1.1404050945892006
44 1.1404050945892006
45 1.1404050945892006
46 1.1478340298572673
47 1.1478340298572673
48 1.1517518063591334
49 1.1517518063591334
50 1.1517518063591334
51 1.161480967224812
52 1.161480967224812
53 1.1656213578394428
54 1.1855532405569935
55 1.1855532405569935
56 1.1855532405569935
57 1.198593777494183
58 1.198593777494183
59 1.198594316001829
60 1.1987041225901414
61 1.1991705695927528
62 1.1987041225901414
63 1.1987041225901414
64 1.1987041225901414
65 1.1987041225901414
66 1.1987041225901414
67 1.2076846778089603
68 1.207684844910891
69 1.2081038052462865
70 1.2081038052462865
71 1.2173452918625425
72 1.2173452918625425
73 1.2393304466146438
74 1.2446686567865544
75 1.2446686567865544
76 1.2446686567865544
77 1.2446686567865544
78 1.246321813292856
79 1.2446686567865544
80 1.2446686567865544
81 1.2446686567865544
82 1.2497995022658572
83 1.2497995022658572
84 1.2497995022658572
85 1.2497995022658572
86 1.2497995022658572
87 1.2752699689316032
88 1.2752699689316032
89 1.2752699689316032
90 1.2772990797836632
91 1.3284271813521438
92 1.3284271813521438
93 1.3346461313396412
94 1.3434831085924106
95 1.3434831085924106
96 1.3435120507554303
97 1.3435120507554303
98 1.3435120507554303
99 1.3436790185020788
100 1.3436790185020788
101 1.3436790185020788
102 1.3593305480728444
103 1.3593305480728444
104 1.3750042833763607
105 1.3593305480728444
106 1.3593305480728444
107 1.3614123106383311
108 1.3645308176880397
109 1.3645308176880397
110 1.3803245031880025
111 1.396138961112738
112 1.396138961112738
113 1.4026086585751758
114 1.3964086020921072
115 1.3964086020921072
116 1.4295355855293717
117 1.4295355855293717
118 1.4311556944085437
119 1.4311556944085437
120 1.4311556944085437
121 1.4348116730035407
122 1.4363010636645386
123 1.4363010636645386
124 1.4408048809477048
125 1.4363010636645386
126 1.4381073113364382
127 1.4381073113364382
128 1.4529199515539828
129 1.4645462514145478
130 1.4651964854706725
131 1.4702863614417299
132 1.4702863614403268
133 1.4727051623932659
134 1.4727051623932659
135 1.4738945867010629
136 1.481776733062419
137 1.481776733062419
138 1.481776733062419
139 1.481776733062419
140 1.4925359236017404
141 1.4925359236017404
142 1.4950315793177984
143 1.4952259259005003
144 1.4952259259005003
145 1.503100909993396
146 1.503100909993396
147 1.4953118011056967
148 1.5002041074086432
149 1.507308731288898
150 1.507308731288898
151 1.5173067191064349
152 1.5173067191064349
153 1.5173067191064349
154 1.5173067191064349
155 1.5173067191064349
156 1.5527351871052286
157 1.5173067191064349
158 1.5173067191064349
159 1.5204926759672808
160 1.5204926759672808
161 1.5306822807360085
162 1.5388544797410182
163 1.5421511242884625
164 1.5421511242884625
165 1.5421511242884625
166 1.5421511242884625
167 1.5457395559052753
168 1.5457014863497653
169 1.5463348512579025
170 1.5463348512579025
171 1.5463372707641454
172 1.5464128084257123
173 1.5463372707641454
174 1.5463372707641454
175 1.5463372707641454
176 1.5463372707641454
177 1.5464377485678948
178 1.5464377485678948
179 1.5464377485678948
180 1.5464377485678948
181 1.5464377485678948
182 1.5525594107222402
183 1.5525594107222402
184 1.5589608938107498
185 1.5559184845446248
186 1.561838118725338
187 1.5560844821486643
188 1.5572845123168921
189 1.5572845123168921
190 1.5572845123168921
191 1.5572845123168921
192 1.5572845123168921
193 1.5572845123168921
194 1.5572845123168921
195 1.561474824296628
196 1.561474824296628
197 1.561474824296628
198 1.561474824296628
199 1.5633456595111204
200 1.5633456595111204
201 1.5642231297138123
202 1.5642466367556782
203 1.5683560058036528
204 1.5889820885957529
205 1.5683560058036528
206 1.5683560058036528
207 1.5793080489229407
208 1.5793080489229407
209 1.5793080489229407
210 1.5870825121177214
211 1.5870825121177214
212 1.5811400823374755
213 1.5811400823374755
214 1.5855837747653747
215 1.5855837747653747
216 1.5855837747653747
217 1.5855849699633684
218 1.5855849699633684
219 1.6154570036445806
220 1.6154570036445806
221 1.6154570036445806
222 1.6210715292385725
223 1.6210715292385725
224 1.6210715292385725
225 1.6223225760552473
226 1.6223225760552473
227 1.6235102096969272
228 1.6259085214268536
229 1.6259085214268536
230 1.6292008304551557
231 1.6420772348557753
232 1.6420772348557753
233 1.6420772348557753
234 1.6474034331257046
235 1.6474034331257046
236 1.6474034331257046
237 1.6676249320304701
238 1.7018388121281505
239 1.7025421477385063
240 1.7063102099436487
241 1.7063102099436487
242 1.719004294606568
243 1.719004294606568
244 1.719004294606568
245 1.727230176156816
246 1.7278728407038157
247 1.727230176156816
248 1.727230176156816
249 1.727230176156816
250 1.727230176156816
251 1.727230176156816
252 1.7327324743734305
253 1.74265552067291
254 1.7565437390923686
255 1.7565437390923686
256 1.7848318274616306
257 1.7848318274616306
258 1.7848318274616306
259 1.7904476080560157
260 1.7981118309015145
261 1.7981118309015145
262 1.7996595236385298
263 1.7996595236385298
264 1.7996595236385298
265 1.8081268074657406
266 1.8081268074657406
267 1.8081268074657406
268 1.8081268074657406
269 1.808201324985801
270 1.8081268074657406
271 1.8269285346586672
272 1.823628562771311
273 1.8279291974429703
274 1.8279291974429703
275 1.8450528094493441
276 1.871824886761194
277 1.8843630614548723
278 1.8799169683191677
279 1.8799169683191677
280 1.885431698867227
281 1.8857820398071867
282 1.8878724800785343
283 1.8888628010876278
284 1.8878724800785343
285 1.8878724800785343
286 1.8878724800785343
287 1.8878724800785343
288 1.8881301195491536
289 1.8881903252663566
290 1.8881903252663566
291 1.889786744174758
292 1.889786744174758
293 1.8917438495393566
294 1.8917402758566773
295 1.8917402758566773
296 1.8917975655893127
297 1.9685926154341886
298 1.9685926154341886
299 1.9807071695120684
300 1.983167329716592
301 1.983167329716592
302 1.9924043568760763
303 2.0019582129029576
304 2.003945897580572
305 2.003945897580572
306 2.003945897580572
307 2.003945897580572
308 2.0065393062715153
309 2.0065393062715153
310 2.049508335775492
311 2.049508335775492
312 2.049755762724171
313 2.0519992670749136
314 2.0519992670749136
315 2.0732146706771957
316 2.07550799840772
317 2.0755045068670146
318 2.0755045068670146
319 2.0755045068670146
320 2.0761367377952418
321 2.0769327479042747
322 2.0792694336219006
323 2.0792694336219006
324 2.0792694336219006
325 2.0889572213861274
326 2.0886839699304587
327 2.0886839699304587
328 2.0928121868937932
329 2.0928121868937932
330 2.0928121868937932
331 2.1275304746498405
332 2.1275304746498405
333 2.1275304746498405
334 2.171894632768335
335 2.174492510134001
336 2.174492510134001
337 2.174492510134001
338 2.1963322721128287
339 2.189048793938464
340 2.174492510134001
341 2.174492510134001
342 2.174492510134001
343 2.1925496747112176
344 2.1925551471629436
345 2.1932899492877063
346 2.1932899492877063
347 2.1932899492877063
348 2.1932899492877063
349 2.1940861756311487
350 2.1990372027453526
351 2.1932899492877063
352 2.211086687360179
353 2.211086687360179
354 2.208621536623985
355 2.2118747365916303
356 2.2118747365916303
357 2.2118747365916303
358 2.2118747365916303
359 2.2118747365916303
360 2.2185437505997876
361 2.2185437505997876
362 2.2312330369793085
363 2.232996399790232
364 2.233033480093651
365 2.2572363789032948
366 2.233033480093651
367 2.2331842537918
368 2.233033480093651
369 2.233033480093651
370 2.233033480093651
371 2.233033480093651
372 2.2388895209655497
373 2.233033480093651
374 2.24732293454104
375 2.2718339819066466
376 2.285335973113485
377 2.273919394235973
378 2.288689009205999
379 2.288689009205999
380 2.293907067128309
381 2.2924143308649807
382 2.2924143308649807
383 2.2924143308649807
384 2.2924143308649807
385 2.2924143308649807
386 2.3432616300304403
387 2.3432616300304403
388 2.3432616300304403
389 2.372716889201888
390 2.372716889201888
391 2.3773291628245095
392 2.3773291628245095
393 2.381024743758975
394 2.381024743758975
395 2.381024743758975
396 2.381024743758975
397 2.381024743758975
398 2.382570267376885
399 2.381024743758975
400 2.381024743758975
401 2.381024743758975
402 2.3817971537486793
403 2.3817971537486793
404 2.3817971537486793
405 2.3817971537486793
406 2.3817971537486793
407 2.3836487053191338
408 2.3840140694883147
409 2.3836487053191338
410 2.3836487053191338
411 2.3836487053191338
412 2.396557306702679
413 2.396557306702679
414 2.396557306702679
415 2.4580550126746075
416 2.4580550126746075
417 2.4580550126746075
418 2.4580550126746075
419 2.4596332333799045
420 2.463875370647313
421 2.463875370647313
422 2.463875370647313
423 2.463875370647313
424 2.464151847119624
425 2.463875370647313
426 2.463875370647313
427 2.4777889267542372
428 2.4777889267542372
429 2.477953833629294
430 2.478839116590168
431 2.479009937788486
432 2.4825205137161115
433 2.4981230185266923
434 2.5484511575412125
435 2.5484511575412125
436 2.548902734757892
437 2.549032466462391
438 2.549032466462391
439 2.555361392894629
440 2.561668345318355
441 2.561668345318355
442 2.555361392894629
443 2.555361392894629
444 2.555361392894629
445 2.555361392894629
446 2.5579677121459192
447 2.5579677121459192
448 2.5579677121459192
449 2.5579677121459192
450 2.563065515465754
451 2.563065515465754
452 2.563065515465754
453 2.564743845383835
454 2.564743845383835
455 2.564743845383835
456 2.564743845383835
457 2.564743845383835
458 2.564743845383835
459 2.577051914007706
460 2.575831894391752
461 2.5765316295322296
462 2.5765316295322296
463 2.5765316295322296
464 2.5765316295322296
465 2.5775668652240866
466 2.594655664464565
467 2.593670773977131
468 2.5936926733711148
469 2.5936926733711148
470 2.5936926733711148
471 2.5936926733711148
472 2.5937497785705306
473 2.598595400506702
474 2.5985894408501355
475 2.59872892991467
476 2.604278971128077
477 2.6237390274310917
478 2.6237390274310917
479 2.623853746879632
480 2.623853746879632
481 2.6474108218645913
482 2.654287307802864
483 2.6543694540979357
484 2.6543694540979357
485 2.6555922985179365
486 2.6555922985179365
487 2.6569820275228238
488 2.6569820275228238
489 2.6569820275228238
490 2.6569820275228238
491 2.6572053078236335
492 2.6840318293805887
493 2.6840318293805887
494 2.6840318293805887
495 2.684418034511612
496 2.684418034511612
497 2.6867445614325085
498 2.6867445614325085
499 2.686895899145232
