0 1.0
1 1.0
2 1.0000111451870775
3 1.0057023006384518
4 1.0139834931412854
5 1.0088981489209468
6 1.043538272282546
7 1.043538272282546
8 1.0203240675189922
9 1.0252923252210462
10 1.041199153701805
11 1.0203240675189922
12 1.0242226041999456
13 1.026802237777494
14 1.0480297297535766
15 1.0779946862388279
16 1.0480297297535766
17 1.0555788465977674
18 1.0555788465977674
19 1.0646599333764035
20 1.064660108808652
21 1.0663396752101983
22 1.0663396752101983
23 1.0669968829615646
24 1.0669968829615646
25 1.0755363368111428
26 1.0755363368111428
27 1.0755363368111428
28 1.0755364096462086
29 1.0755364096462086
30 1.1393737338821626
31 1.1698893850035357
32 1.1698893850035357
33 1.1934790380713205
34 1.1934790380713205
35 1.1430341177664873
36 1.1464246141578265
37 1.1479935242460872
38 1.1479935242460872
39 1.1644758827678003
40 1.224543898886625
41 1.2812239780211783
42 1.3200006798103199
43 1.281693677631622
44 1.281693677631622
45 1.2817778217008167
46 1.2828329524090454
47 1.2828329524090454
48 1.2828329524090454
49 1.3139209429043417
50 1.3283708611896745
51 1.3283708611896745
52 1.3659098867150974
53 1.3659098867150974
54 1.3663992433804424
55 1.3682922716512091
56 1.418542954024118
57 1.3952899893402382
58 1.3952899893402382
59 1.3952899893402382
60 1.3952899893402382
61 1.3952899893402382
62 1.3953113186188995
63 1.4019546460449304
64 1.4019546460449304
65 1.4019546460449304
66 1.4026032746827848
67 1.4022556911509254
68 1.4022556911509254
69 1.4022556911509254
70 1.4022556911509254
71 1.4022556911509254
72 1.4165664269767355
73 1.4480690478080074
74 1.4211434387149806
75 1.4224423664828971
76 1.4533967344075325
77 1.4533967344075325
78 1.4371182422817506
79 1.4371182422817506
80 1.4380198120572276
81 1.4548570460851147
82 1.4548570460851147
83 1.4648744695631049
84 1.4648744695631049
85 1.481364224470047
86 1.4868524417914204
87 1.5386964512369141
88 1.5883842480276562
89 1.61399070520984
90 1.6665838290918895
91 1.6665838290918895
92 1.6143962226947597
93 1.6187960080585653
94 1.6187960080585653
95 1.6187960080585653
96 1.6212420394596065
97 1.6212420394596065
98 1.6212420394596065
99 1.6212420394596065
100 1.633016585183606
101 1.6290404298542351
102 1.6346100902371992
103 1.6346100902371992
104 1.658986347661818
105 1.6602208425349585
106 1.6602208425349585
107 1.6765506518920839
108 1.6765506518920839
109 1.6765506518920839
110 1.6776340560351828
111 1.6776340560351828
112 1.6924251323741337
113 1.6781047602689292
114 1.6788786085206635
115 1.6788786085206635
116 1.7087207132589386
117 1.7087207132589386
118 1.7087207132589386
119 1.7124950661644953
120 1.7124950661644953
121 1.7276705755342268
122 1.7276705755342268
123 1.7283680754445283
124 1.7363891422597675
125 1.7283680754445283
126 1.7310422595465496
127 1.7310422595465496
128 1.7310422595465496
129 1.7310644866720082
130 1.7310718794463185
131 1.7389051599864782
132 1.7348751339451434
133 1.7391462514718352
134 1.7391465831240729
135 1.7601839606243672
136 1.7418131102019803
137 1.7418131102019803
138 1.7618608834029579
139 1.76187014852276
140 1.7701260282299112
141 1.7737587120693163
142 1.8133119202383363
143 1.8133119202383363
144 1.8133119202383363
145 1.8140781702087874
146 1.8140781702087874
147 1.8140781702072417
148 1.8514528079112338
149 1.8514528079112338
150 1.8193446878482247
151 1.846830021273357
152 1.8193446878482247
153 1.8193446878482247
154 1.8306210952776014
155 1.8306210952776014
156 1.8306210952776014
157 1.830762432282006
158 1.830840493072701
159 1.830840493072701
160 1.8313008423149488
161 1.8329394255858846
162 1.8362074684942475
163 1.8484975392567622
164 1.8817248287217831
165 1.897111454730664
166 1.897111454730664
167 1.953205915980155
168 1.9016835606947338
169 1.902434066769603
170 1.902434066769603
171 1.902434066769603
172 1.9048376443997788
173 1.9048376443997788
174 1.9048376443997788
175 1.9196563893296996
176 1.9066251508622283
177 1.9066251508622283
178 1.9066251508622283
179 1.9066251508622283
180 1.9066251508622283
181 1.9066251508622283
182 1.9068664744516832
183 1.9068664744516832
184 1.9427588584051947
185 1.9427588584051947
186 1.9427588584051947
187 1.9594704063692996
188 1.9427588584051947
189 1.9427588584051947
190 1.9497922361059077
191 1.966871570232197
192 1.9510907223388547
193 1.9519207951654327
194 1.9519207951654327
195 1.9659195740684905
196 1.955842426648702
197 1.955842426648702
198 1.9572784653549178
199 1.957285489059204
200 1.9574289632457524
201 1.9574289632457524
202 1.9574289632457524
203 1.9574289632457524
204 1.9574289632457524
205 1.9574289632457524
206 1.9574289632457524
207 1.9924655412705419
208 1.9924655412705419
209 1.9924655412705419
210 2.003211447738738
211 2.003211447738738
212 1.9924655412705419
213 1.9924655412705419
214 1.9924655412705419
215 1.993156977261861
216 1.993210919042429
217 1.9970155739561388
218 1.998491397232112
219 1.998491397232112
220 2.0038097794091096
221 2.0038097794091096
222 2.0038097794091096
223 2.029432604465001
224 2.029432604465001
225 2.030235657598515
226 2.031626481406085
227 2.035279759563843
228 2.035279759563843
229 2.0435045013779227
230 2.0353240776427906
231 2.0353240776427906
232 2.03823079690324
233 2.03823079690324
234 2.03823079690324
235 2.03823079690324
236 2.040331478579578
237 2.040331478579578
238 2.04068209520167
239 2.04068209520167
240 2.0502942705679645
241 2.0584106183680966
242 2.088822858244312
243 2.088822858244312
244 2.0668266941456497
245 2.0918069523664085
246 2.0755933821232038
247 2.0762360466702035
248 2.12813783492852
249 2.1065062828083447
250 2.1065062828083447
251 2.0791641137493793
252 2.098812068997251
253 2.098812068997251
254 2.1020932164460246
255 2.1020932164460246
256 2.1023968104564057
257 2.1023968104564057
258 2.103580693827894
259 2.1109757966615263
260 2.104468885889304
261 2.104468885889304
262 2.10631867831291
263 2.10631867831291
264 2.10631867831291
265 2.10631867831291
266 2.10631867831291
267 2.110365786536563
268 2.110365786536563
269 2.110365786536563
270 2.110440304055161
271 2.110440304055161
272 2.118428178876898
273 2.118428178876898
274 2.118428178876898
275 2.118428178876898
276 2.1235745060519227
277 2.1235745060519227
278 2.1235745060519227
279 2.147758282022321
280 2.147758282022321
281 2.150243493347032
282 2.1661756727761263
283 2.1661756727761263
284 2.174372581755953
285 2.1960067275699733
286 2.1960067275699733
287 2.2035507313387046
288 2.2035507313387046
289 2.2382548845079797
290 2.2382548845079797
291 2.249055296338575
292 2.249055296338575
293 2.2532427990689534
294 2.2532427990689534
295 2.2573411097577676
296 2.2573411097577676
297 2.3495641471710824
298 2.2574350288215186
299 2.2574350288215186
300 2.2938858230042283
301 2.344172560008174
302 2.344172560008174
303 2.2949126866507052
304 2.2987372155539365
305 2.2987372155539365
306 2.30086632616203
307 2.30086632616203
308 2.30086632616203
309 2.30086632616203
310 2.30086632616203
311 2.3315492279419296
312 2.311601552526872
313 2.321896647947358
314 2.321896647947358
315 2.321896647947358
316 2.321896647947358
317 2.321896647947358
318 2.321896647947358
319 2.3230492226197663
320 2.3260108260149663
321 2.3260108260149663
322 2.3260108260149663
323 2.3260108260149663
324 2.3260108260149663
325 2.336989397143971
326 2.377433425149737
327 2.377433425149737
328 2.377433425149737
329 2.379037486161974
330 2.379037486161974
331 2.379037486161974
332 2.3813197834093645
333 2.3813197834093645
334 2.3813197834093645
335 2.3813197834093645
336 2.3813197834093645
337 2.3813197834093645
338 2.3813197834093645
339 2.3813197834093645
340 2.3980270503481314
341 2.3813197834093645
342 2.3813197834093645
343 2.3813197834093645
344 2.3813197834093645
345 2.3813197834093645
346 2.3842606559964397
347 2.3842606559964397
348 2.3842606559964397
349 2.3842606559964397
350 2.3842606559964397
351 2.4020914873961794
352 2.4020914873961794
353 2.4020914873961794
354 2.4020914873961794
355 2.4020914873961794
356 2.4020914873961794
357 2.4377305499826294
358 2.4377305499826294
359 2.4377305499826294
360 2.4377305499826294
361 2.4384509491318926
362 2.454756717523694
363 2.446475907336029
364 2.446475907336029
365 2.449398847675884
366 2.452405675459419
367 2.452405675459419
368 2.467715074625869
369 2.467715074625869
370 2.467715074625869
371 2.4685696479945336
372 2.4834184596069466
373 2.4834184596069466
374 2.483715536400398
375 2.4893400293059287
376 2.510089714825688
377 2.510089714825688
378 2.5180123545181043
379 2.5181900243450146
380 2.5181900243450146
381 2.5181900243450146
382 2.5490308137267395
383 2.524991847130374
384 2.535400051293526
385 2.5325412467610673
386 2.542948329971865
387 2.542948329971865
388 2.542948329971865
389 2.542948329971865
390 2.5532006874003743
391 2.5786487048979394
392 2.578689775438656
393 2.578689775438656
394 2.6114428081934133
395 2.6114428081934133
396 2.5793891591936107
397 2.5793891591936107
398 2.5814602288330457
399 2.5814602288330457
400 2.5814602288330457
401 2.581584706614728
402 2.581584706614728
403 2.581584706614728
404 2.6195499343771105
405 2.5924428631443965
406 2.611497880571756
407 2.611497880571756
408 2.611497880571756
409 2.605636869605131
410 2.605636869605131
411 2.6192723662882647
412 2.6192723662882647
413 2.6192723662882647
414 2.630674671123754
415 2.630674671123754
416 2.630674671123754
417 2.6537688971975117
418 2.6830221738150515
419 2.6830221738150515
420 2.6578067819740836
421 2.6578067819740836
422 2.7408274779793236
423 2.776247855619922
424 2.8070904833962063
425 2.8070904833962063
426 2.8070904833962063
427 2.8083082307061007
428 2.8083082307061007
429 2.8092834537374363
430 2.8137277654315445
431 2.813892153909305
432 2.813892153909305
433 2.8266379353114015
434 2.8266379353114015
435 2.8266379353114015
436 2.8266379353114015
437 2.8266379353114015
438 2.8266379353114015
439 2.8266379353114015
440 2.843119310809409
441 2.8345118773972104
442 2.8345118773972104
443 2.8345118773972104
444 2.8672010522295075
445 2.8672010522295075
446 2.8701132706170784
447 2.8882976268400964
448 2.8882976268400964
449 2.8882976268400964
450 2.889048202937247
451 2.889048202937247
452 2.8979530563575837
453 2.9159036427565312
454 2.9159036427565312
455 2.91861816957208
456 2.9448558956048094
457 2.9448558956048094
458 2.9448558956048094
459 2.9448558956048094
460 2.9448558956048094
461 2.944966362680259
462 2.968686392850428
463 2.979328740246656
464 2.979328740246656
465 2.979328846563888
466 2.9793288465638543
467 2.9793288465638543
468 2.9793288465638543
469 2.9815855035533048
470 2.9823445271287974
471 2.9844340768622226
472 2.9844340768622226
473 2.9844340768622226
474 3.012180677931683
475 3.012180677931683
476 3.012180677931683
477 3.012180677931683
478 3.012180677931683
479 3.0351753203582867
480 3.035905226900348
481 3.035905226900348
482 3.035905226900348
483 3.035905226900348
484 3.035905226900348
485 3.0476754266796533
486 3.0476754266796533
487 3.0417934607372836
488 3.048485192235966
489 3.048485192235966
490 3.048485192235966
491 3.0484876512929833
492 3.0484876512929833
493 3.0484876512929833
494 3.0484876512929833
495 3.0484876512929833
496 3.0484876512929833
497 3.0484876512929833
498 3.0484876512929833
499 3.0813085778635387
