0 1.0
1 1.0
2 1.0
3 1.0024325931357023
4 1.013245311514708
5 1.013245311514708
6 1.016555240474403
7 1.0447270258465995
8 1.0719029915294003
9 1.1004548578490292
10 1.1252402877938068
11 1.1252402877938068
12 1.1252402877938068
13 1.134066327883177
14 1.134066327883177
15 1.1640029406525618
16 1.2003701417678385
17 1.2003701417678385
18 1.1762542102540778
19 1.186790020924279
20 1.186790020924279
21 1.186790020924279
22 1.193490463054009
23 1.2269414072799552
24 1.2269414072799552
25 1.2269414072799552
26 1.269525976840819
27 1.294020574887203
28 1.294020574887203
29 1.3162990090444955
30 1.3162990090444955
31 1.3162990090444955
32 1.3430312488434444
33 1.3430312488434444
34 1.3441425060153618
35 1.354713461068156
36 1.354713461068156
37 1.3575344206648492
38 1.3575344206648492
39 1.361905411722671
40 1.3683525522233615
41 1.3727434838343662
42 1.3727434838350925
43 1.3741616996402586
44 1.374631409070441
45 1.3747129415714459
46 1.37578099838308
47 1.37578099838308
48 1.37578099838308
49 1.37578099838308
50 1.37578099838308
51 1.3838270779476818
52 1.394627878016073
53 1.44297283106294
54 1.44297283106294
55 1.4095791387184828
56 1.4095791387184828
57 1.4096619243960304
58 1.4278839672499204
59 1.4278839672499204
60 1.4201443021991733
61 1.4201443021991733
62 1.4201443021991733
63 1.4201443021991733
64 1.4204953342910436
65 1.4370291989889878
66 1.4899620633970463
67 1.4899620633970463
68 1.4899620633970463
69 1.4908760202237428
70 1.4908760202237428
71 1.5034270991331147
72 1.5034270991331147
73 1.506375814868914
74 1.506375814868914
75 1.5116418853155569
76 1.5116418853155569
77 1.5167311914059025
78 1.5279968285337597
79 1.534488837795488
80 1.534488837795488
81 1.534488837795488
82 1.5373632358681597
83 1.5373632358681597
84 1.569343931378361
85 1.569343931378361
86 1.5739231372165892
87 1.5739231372165892
88 1.5997450074130113
89 1.6164036924260148
90 1.6164036924260148
91 1.581382399727487
92 1.581382399727487
93 1.581382399727487
94 1.5829928615305575
95 1.6161420038648824
96 1.6161420038648824
97 1.6163265765552424
98 1.6218145879658026
99 1.6351685242714866
100 1.6536346779468707
101 1.7270920398631473
102 1.7625584809446226
103 1.7625584809446226
104 1.7292249010020364
105 1.747213390063361
106 1.747213390063361
107 1.7446536277746747
108 1.7446536277746747
109 1.7584997044535406
110 1.7893828173456083
111 1.7893828173456083
112 1.7685293614819828
113 1.7685293614819828
114 1.774999058933084
115 1.7767412488844603
116 1.7770586877040173
117 1.7770586877040173
118 1.7770586877040173
119 1.7819300082170533
120 1.7819300082170533
121 1.7848175544705651
122 1.7990386796092115
123 1.7990386796092115
124 1.7990409238014444
125 1.8075587286740245
126 1.8075587286740245
127 1.812581110781761
128 1.8125823002013575
129 1.818605107830895
130 1.8266901531724566
131 1.8473601451332646
132 1.8473601451332646
133 1.8767743833679802
134 1.8767901713358388
135 1.8846258365732942
136 1.8846258365732942
137 1.8800238472694868
138 1.8800238472694868
139 1.8800238472694868
140 1.8829353110457678
141 1.913570487439708
142 1.9544419575218093
143 1.9544419575218093
144 1.8908526635626133
145 1.8908526635626133
146 1.8908609971423234
147 1.8970794920626182
148 1.8970794920626182
149 1.9017275252721246
150 1.9311217757254542
151 1.9311217757254542
152 1.9311217757254542
153 1.936270008706676
154 1.936270008706676
155 1.9335357946183072
156 1.9335357946183072
157 1.9381495609354311
158 1.9382175225592047
159 1.9452425801297315
160 1.9452425801297315
161 1.9741956517319554
162 1.9741956517319554
163 1.953190637459116
164 1.9617573584058747
165 1.970595881890073
166 2.0142849331100954
167 2.0142849331100954
168 1.973904144642122
169 1.9887612457821118
170 1.9887626286986433
171 1.9887626286986433
172 1.9890714701965164
173 1.9890714701965164
174 1.9890714701965164
175 1.994479030526992
176 2.0106422503150636
177 2.0106422503150636
178 2.0111864096619145
179 2.0111864096619145
180 2.02436150097079
181 2.068925463502328
182 2.1247009102664047
183 2.157607380731182
184 2.157607380731182
185 2.1543414135643673
186 2.1545148283020854
187 2.1545148283020854
188 2.1545148283020854
189 2.1941948151309383
190 2.223852827852777
191 2.223852827852777
192 2.16128148685231
193 2.18264740628856
194 2.1880105041491142
195 2.2251328638607153
196 2.2251328638607153
197 2.201074391763056
198 2.2014294616295818
199 2.211733142126226
200 2.211733142126226
201 2.211639856723181
202 2.2117106902480295
203 2.2150544196352486
204 2.2150544196352486
205 2.2150544196352486
206 2.224367544309491
207 2.2284571843067322
208 2.2284571843067322
209 2.2284571843067322
210 2.2284571843067322
211 2.2299831820131635
212 2.2355510832461016
213 2.256292559578826
214 2.256292559578826
215 2.2729573150362126
216 2.2729573150362126
217 2.2668555566848907
218 2.2668555566848907
219 2.290227173606108
220 2.290227173606108
221 2.292363869557396
222 2.2924198849627957
223 2.29651139382082
224 2.29651139382082
225 2.296572298709496
226 2.296572298709496
227 2.2966374541418193
228 2.3161524579608765
229 2.316206731312961
230 2.3162956016315968
231 2.3163546769160352
232 2.3163546769160352
233 2.3163546769160352
234 2.3163546769160352
235 2.3183817947658714
236 2.3619302623225877
237 2.401946963880893
238 2.401946963880893
239 2.327669258988473
240 2.327669258988473
241 2.327669258988473
242 2.327669258988473
243 2.341353513732507
244 2.341353513732507
245 2.3457005074663324
246 2.4018093037830863
247 2.4018093037830863
248 2.39539315578472
249 2.39539315578472
250 2.3563107372117367
251 2.3703214008839564
252 2.3703214008839564
253 2.3662132614191256
254 2.3675842347780827
255 2.3675842347780827
256 2.3952950897761145
257 2.3978043671567106
258 2.3978043671567106
259 2.4020453413371117
260 2.4020453413371117
261 2.41143302060311
262 2.4135882833770332
263 2.4135882833770332
264 2.4135882833770332
265 2.4178299041653797
266 2.442992991038965
267 2.472240333091021
268 2.472240333091021
269 2.479903425921648
270 2.479995098676963
271 2.4806716309832564
272 2.4806716309832564
273 2.4824600979010376
274 2.4824827096677655
275 2.4824827096677655
276 2.4824827096677655
277 2.4917164293749043
278 2.4917164293749043
279 2.509630113256621
280 2.5096309294929937
281 2.5402471155128206
282 2.5402471155128206
283 2.52734802271527
284 2.5264101267841714
285 2.5325818258346677
286 2.5325818258346677
287 2.5325818258346677
288 2.5357065104959284
289 2.5382108970528283
290 2.5382108970528283
291 2.5578208479105116
292 2.5876147175478517
293 2.5876147175478517
294 2.54673832150117
295 2.54673832150117
296 2.5788952598943338
297 2.5788952598943338
298 2.5924927306943495
299 2.617706060732811
300 2.617706060732811
301 2.60146087148112
302 2.6157278897798073
303 2.6157278897798073
304 2.6299951962072474
305 2.6299951962072474
306 2.6583608898758877
307 2.6583608898758877
308 2.659311453164981
309 2.659311453164981
310 2.659311453164981
311 2.659311453164981
312 2.6656137846446533
313 2.6672943968593437
314 2.686162592142858
315 2.686162592142858
316 2.6847679110773317
317 2.6847679110773317
318 2.6858407496640315
319 2.6858407496640315
320 2.7082596633554448
321 2.7082596633554448
322 2.7082596633554448
323 2.708366523993065
324 2.708366523993065
325 2.708366523993065
326 2.7147822294197654
327 2.7147822294197654
328 2.7404152785958833
329 2.7404152785958833
330 2.7148485061604593
331 2.7148485061604593
332 2.7301629460971855
333 2.7347781018734616
334 2.7347781018734616
335 2.766763134121863
336 2.766763134121863
337 2.7669591979366133
338 2.7669591979366133
339 2.766959197941685
340 2.766959197941685
341 2.776852639990651
342 2.776852639990651
343 2.776852639990651
344 2.776852639990651
345 2.7795593114025277
346 2.793586571570448
347 2.7976809677043977
348 2.7976809677043977
349 2.797702736717233
350 2.797702736717233
351 2.7976809677043977
352 2.8049639979680814
353 2.8049639979680814
354 2.8049973855580315
355 2.811852367475
356 2.811852367475
357 2.811852367475
358 2.811852367475
359 2.811852367475
360 2.8147781202188913
361 2.8147781202188913
362 2.814985565162051
363 2.8266574004760656
364 2.8266574004760656
365 2.830318317578149
366 2.830330170530149
367 2.8315985060344273
368 2.8303848927135014
369 2.846969586566718
370 2.846969586566718
371 2.8734349463460287
372 2.8734349463460287
373 2.84757431860129
374 2.85035079989843
375 2.851465498419682
376 2.875908307418645
377 2.9046997931236347
378 2.9046997931236347
379 2.8708562534483195
380 2.889851913479416
381 2.9243687032809342
382 2.955276498863217
383 2.955276498863217
384 2.895420946464761
385 2.895420946464761
386 2.9043663482432
387 2.917537627417073
388 2.917537627417073
389 2.9271012547595285
390 2.9271012547595285
391 2.9271012547595285
392 2.9271012547595285
393 2.9798285504657906
394 2.9798285504657906
395 2.9451497871973737
396 2.9451497871973737
397 2.9451497871973737
398 2.97342530179552
399 2.97342530179552
400 2.97342530179552
401 2.97342530179552
402 2.97342530179552
403 3.0033179409931168
404 3.032299958370434
405 3.032299958370434
406 3.0326050488900593
407 3.06213457295087
408 3.115075322248364
409 3.1490926435909867
410 3.219010654409377
411 3.2605246334591818
412 3.2605246334591818
413 3.163688784601556
414 3.163688784601556
415 3.2180313767376294
416 3.2180313767376294
417 3.167994031251409
418 3.167994031251409
419 3.1683568269047555
420 3.1683568269047555
421 3.1683568269047555
422 3.168972394328765
423 3.176604947338343
424 3.1766049473580225
425 3.1766049473580225
426 3.177498007556422
427 3.177498007556422
428 3.1774982036489354
429 3.1774982036489354
430 3.2050313379387187
431 3.2050313379387187
432 3.1775322874668235
433 3.1775322874668235
434 3.1775322874668235
435 3.195222973769346
436 3.195222973769346
437 3.204911383501069
438 3.229798260342772
439 3.229798260342772
440 3.227425828630439
441 3.227425828630439
442 3.2317850039945486
443 3.2752518678028966
444 3.2752518678028966
445 3.2768424964830207
446 3.2768424964830207
447 3.2768424964830207
448 3.296170150113687
449 3.296170150113687
450 3.298274116669729
451 3.298274116669729
452 3.3051130363853827
453 3.3051444767749616
454 3.3051444767749616
455 3.3051444767749616
456 3.3051612823109706
457 3.310571032161556
458 3.313681522018174
459 3.313681522018174
460 3.3265265180195347
461 3.3265265180195347
462 3.3302994753719974
463 3.3302994753719974
464 3.3265265180195347
465 3.347520294004781
466 3.347520294004781
467 3.347520294004781
468 3.347520294004781
469 3.347520294004781
470 3.347520294004781
471 3.3484619664682596
472 3.3487491594966086
473 3.369859971888827
474 3.404399135532343
475 3.4317132947003306
476 3.4317132947003306
477 3.371039265698661
478 3.3857728985673017
479 3.3857728985673017
480 3.388490731369578
481 3.423587493485309
482 3.423587493485309
483 3.3935943786713736
484 3.3935943786713736
485 3.3980717461821914
486 3.414442799971086
487 3.414442799971086
488 3.3980717461821914
489 3.4118445894446525
490 3.4118445894446525
491 3.440185051504314
492 3.440185051504314
493 3.4468452507448943
494 3.4499534144065374
495 3.457669604215776
496 3.457669604215776
497 3.4579260361888857
498 3.4579260361888857
499 3.491410800374412
