0 1.0497508059933613
1 1.0811179656174805
2 1.0811179656174805
3 1.126017773656022
4 1.126017773656022
5 1.126017773656022
6 1.180453530559075
7 1.180453530559075
8 1.2195832770409876
9 1.2195832770409876
10 1.2195832770409876
11 1.2195832770409876
12 1.2195832770409876
13 1.2195832770409876
14 1.2195832770409876
15 1.2195832770409876
16 1.2195832770409876
17 1.2195832770409876
18 1.2195832770409876
19 1.2195832770409876
20 1.2195832770409876
21 1.2195832770409876
22 1.2195832770409876
23 1.248154705612416
24 1.248154705612416
25 1.248154705612416
26 1.2767261341838445
27 1.2767261341838445
28 1.2767261341838445
29 1.2767261341838445
30 1.2767261341838445
31 1.2767261341838445
32 1.305297562755273
33 1.3338689913267014
34 1.3338689913267014
35 1.3338689913267014
36 1.36244041989813
37 1.36244041989813
38 1.36244041989813
39 1.36244041989813
40 1.36244041989813
41 1.36244041989813
42 1.36244041989813
43 1.36244041989813
44 1.36244041989813
45 1.36244041989813
46 1.36244041989813
47 1.36244041989813
48 1.393550415630461
49 1.393550415630461
50 1.393550415630461
51 1.393550415630461
52 1.393550415630461
53 1.393550415630461
54 1.4221218442018895
55 1.4221218442018895
56 1.4221218442018895
57 1.4221218442018895
58 1.450693272773318
59 1.450693272773318
60 1.450693272773318
61 1.450693272773318
62 1.450693272773318
63 1.450693272773318
64 1.4792647013447464
65 1.4792647013447464
66 1.4792647013447464
67 1.4792647013447464
68 1.5078361299161749
69 1.5078361299161749
70 1.5078361299161749
71 1.5078361299161749
72 1.5078361299161749
73 1.5078361299161749
74 1.5364075584876034
75 1.5364075584876034
76 1.5364075584876034
77 1.5364075584876034
78 1.5364075584876034
79 1.5649789870590318
80 1.5649789870590318
81 1.5649789870590318
82 1.5649789870590318
83 1.5649789870590318
84 1.5649789870590318
85 1.5649789870590318
86 1.5935504156304603
87 1.5935504156304603
88 1.6224304640808735
89 1.6224304640808735
90 1.6224304640808735
91 1.6224304640808735
92 1.6224304640808735
93 1.6224304640808735
94 1.6224304640808735
95 1.651001892652302
96 1.651001892652302
97 1.651001892652302
98 1.651001892652302
99 1.651001892652302
