0 1.0
1 1.0
2 1.0324820078813217
3 1.0324820078813217
4 1.0696001254346272
5 1.0696001254346272
6 1.1240358823376804
7 1.1240358823376804
8 1.1240358823376804
9 1.1240358823376804
10 1.1240358823376804
11 1.1240358823376804
12 1.1240358823376804
13 1.1240358823376804
14 1.1526073109091088
15 1.1526073109091088
16 1.1526073109091088
17 1.1526073109091088
18 1.1526073109091088
19 1.1526073109091088
20 1.1526073109091088
21 1.1811787394805373
22 1.1811787394805373
23 1.1811787394805373
24 1.1811787394805373
25 1.1811787394805373
26 1.2097501680519658
27 1.2097501680519658
28 1.2383215966233942
29 1.2668930251948227
30 1.2668930251948227
31 1.2668930251948227
32 1.2668930251948227
33 1.2668930251948227
34 1.2954644537662512
35 1.2954644537662512
36 1.2954644537662512
37 1.3240358823376797
38 1.3240358823376797
39 1.3240358823376797
40 1.3240358823376797
41 1.3240358823376797
42 1.3240358823376797
43 1.3643085368115389
44 1.3643085368115389
45 1.3643085368115389
46 1.3643085368115389
47 1.3643085368115389
48 1.3643085368115389
49 1.3643085368115389
50 1.3643085368115389
51 1.3928799653829673
52 1.3928799653829673
53 1.4214513939543958
54 1.4500228225258243
55 1.4785942510972527
56 1.4785942510972527
57 1.4785942510972527
58 1.4785942510972527
59 1.4785942510972527
60 1.5071656796686812
61 1.5357371082401097
62 1.5357371082401097
63 1.5357371082401097
64 1.5357371082401097
65 1.5357371082401097
66 1.5357371082401097
67 1.5357371082401097
68 1.5357371082401097
69 1.5357371082401097
70 1.5643085368115381
71 1.5643085368115381
72 1.5643085368115381
73 1.5643085368115381
74 1.5928799653829666
75 1.5928799653829666
76 1.5928799653829666
77 1.5928799653829666
78 1.5928799653829666
79 1.5928799653829666
80 1.5928799653829666
81 1.621451393954395
82 1.621451393954395
83 1.621451393954395
84 1.621451393954395
85 1.621451393954395
86 1.621451393954395
87 1.621451393954395
88 1.621451393954395
89 1.621451393954395
90 1.6500228225258236
91 1.6500228225258236
92 1.6500228225258236
93 1.6500228225258236
94 1.6500228225258236
95 1.6500228225258236
96 1.6500228225258236
97 1.6500228225258236
98 1.6500228225258236
99 1.6500228225258236
