0 1.0195798608827102
1 1.2181689246661351
2 1.2506509325474569
3 1.2506509325474569
4 1.2506509325474569
5 1.2506509325474569
6 1.2506509325474569
7 1.2792223611188853
8 1.331400671356282
9 1.3599720999277105
10 1.388543528499139
11 1.388543528499139
12 1.388543528499139
13 1.388543528499139
14 1.388543528499139
15 1.388543528499139
16 1.388543528499139
17 1.388543528499139
18 1.388543528499139
19 1.4171149570705674
20 1.4171149570705674
21 1.4171149570705674
22 1.4171149570705674
23 1.4171149570705674
24 1.4171149570705674
25 1.4171149570705674
26 1.4171149570705674
27 1.4171149570705674
28 1.4171149570705674
29 1.445686385641996
30 1.4742578142134244
31 1.4742578142134244
32 1.4742578142134244
33 1.5028292427848529
34 1.5028292427848529
35 1.5028292427848529
36 1.5314006713562813
37 1.5314006713562813
38 1.5314006713562813
39 1.5314006713562813
40 1.5599720999277098
41 1.5599720999277098
42 1.5599720999277098
43 1.600244754401569
44 1.600244754401569
45 1.600244754401569
46 1.600244754401569
47 1.6288161829729975
48 1.6599261787053285
49 1.6599261787053285
50 1.6599261787053285
51 1.688497607276757
52 1.688497607276757
53 1.688497607276757
54 1.688497607276757
55 1.688497607276757
56 1.688497607276757
57 1.688497607276757
58 1.688497607276757
59 1.688497607276757
60 1.688497607276757
61 1.688497607276757
62 1.688497607276757
63 1.7343939992498831
64 1.7629654278213116
65 1.7629654278213116
66 1.7629654278213116
67 1.7629654278213116
68 1.7629654278213116
69 1.7629654278213116
70 1.79153685639274
71 1.79153685639274
72 1.79153685639274
73 1.79153685639274
74 1.8201082849641685
75 1.8201082849641685
76 1.8201082849641685
77 1.8201082849641685
78 1.8201082849641685
79 1.848679713535597
80 1.848679713535597
81 1.8772511421070255
82 1.8772511421070255
83 1.8772511421070255
84 1.8772511421070255
85 1.905822570678454
86 1.905822570678454
87 1.905822570678454
88 1.905822570678454
89 1.905822570678454
90 1.905822570678454
91 1.905822570678454
92 1.905822570678454
93 1.905822570678454
94 1.905822570678454
95 1.905822570678454
96 1.9343939992498824
97 1.9343939992498824
98 1.9343939992498824
99 1.9343939992498824
