0 1.092774960520734
1 1.167197218982018
2 1.3671972189820178
3 1.481495875251808
4 1.5413226981249462
5 1.5413226981249462
6 1.7075712745457352
7 1.7361427031171637
8 1.8622611282970283
9 1.8908325568684567
10 1.8908325568684567
11 1.8908325568684567
12 1.8908325568684567
13 1.8908325568684567
14 1.8908325568684567
15 1.8908325568684567
16 1.8908325568684567
17 1.8908325568684567
18 1.8908325568684567
19 1.8908325568684567
20 1.8908325568684567
21 1.8908325568684567
22 1.8908325568684567
23 1.8908325568684567
24 1.8908325568684567
25 1.8908325568684567
26 1.8908325568684567
27 1.8908325568684567
28 1.8908325568684567
29 1.8908325568684567
30 1.8908325568684567
31 1.8908325568684567
32 1.9194039854398852
33 1.9479754140113137
34 1.9479754140113137
35 1.9479754140113137
36 2.147975414011314
37 2.147975414011314
38 2.1765468425827423
39 2.1765468425827423
40 2.205118271154171
41 2.205118271154171
42 2.205118271154171
43 2.278313892431894
44 2.278313892431894
45 2.278313892431894
46 2.3068853210033224
47 2.335456749574751
48 2.3532267197010683
49 2.381798148272497
50 2.381798148272497
51 2.381798148272497
52 2.381798148272497
53 2.381798148272497
54 2.381798148272497
55 2.4103695768439253
56 2.4103695768439253
57 2.4103695768439253
58 2.4389410054153537
59 2.4389410054153537
60 2.467512433986782
61 2.4960838625582107
62 2.4960838625582107
63 2.603715751312561
64 2.603715751312561
65 2.603715751312561
66 2.603715751312561
67 2.6322871798839893
68 2.8322871798839895
69 2.8322871798839895
70 2.8322871798839895
71 2.8322871798839895
72 2.8322871798839895
73 2.8322871798839895
74 2.8322871798839895
75 2.8322871798839895
76 3.0322871798839897
77 3.0322871798839897
78 3.0322871798839897
79 3.0322871798839897
80 3.0322871798839897
81 3.0322871798839897
82 3.0322871798839897
83 3.0322871798839897
84 3.0322871798839897
85 3.060858608455418
86 3.2608586084554183
87 3.2608586084554183
88 3.263018947608311
89 3.263018947608311
90 3.2915903761797396
91 3.2915903761797396
92 3.2915903761797396
93 3.2915903761797396
94 3.2915903761797396
95 3.2915903761797396
96 3.2915903761797396
97 3.2915903761797396
98 3.2915903761797396
99 3.2915903761797396
