0 1.0212440245962993
1 1.0418661712036976
2 1.066132143417497
3 1.0915041684872644
4 1.1094201531919412
5 1.1094201531919412
6 1.1094201531919412
7 1.1094201531919412
8 1.1374158225921156
9 1.1619131413616686
10 1.180369783690431
11 1.180369783690431
12 1.2055610123334781
13 1.2055610123334781
14 1.2293340404771218
15 1.2507646826836307
16 1.2507646826836307
17 1.283444772673616
18 1.3044105763371079
19 1.3044105763371079
20 1.3322416155619246
21 1.3322416155619246
22 1.3555045285161782
23 1.3801812682436736
24 1.399269943397568
25 1.399269943397568
26 1.399269943397568
27 1.399269943397568
28 1.399269943397568
29 1.399269943397568
30 1.4362242674612684
31 1.4817633999849507
32 1.5052885330196673
33 1.5052885330196673
34 1.5052885330196673
35 1.5052885330196673
36 1.5052885330196673
37 1.5453218708972911
38 1.5772413405533996
39 1.613970327479323
40 1.613970327479323
41 1.613970327479323
42 1.6550836907040731
43 1.6845611966132534
44 1.7072472927098197
45 1.732041492689671
46 1.732041492689671
47 1.7608625981310566
48 1.799723934047294
49 1.821557523642242
