0 0.00046300929100520497
1 0.00046300929100520497
2 0.0
3 0.0
4 0.00046300929100520497
5 0.00046300929100520497
6 0.0
7 0.00046300929100520497
8 0.00046300929100520497
9 0.00046300929100520497
10 0.0
11 0.00046300929100520497
12 0.0
13 0.00046300929100520497
14 0.00046300929100520497
15 0.00046300929100520497
16 0.00046300929100520497
17 0.00046300929100520497
18 0.0
19 0.0
20 0.00046300929100520497
21 0.00046300929100520497
22 0.00046300929100520497
23 0.00046300929100520497
24 0.00046300929100520497
25 0.00046300929100520497
26 0.00046300929100520497
27 0.00046300929100520497
28 0.00046300929100520497
29 0.00046300929100520497
30 0.00046300929100520497
31 0.00046300929100520497
32 0.00046300929100520497
33 0.00046300929100520497
34 0.00046300929100520497
35 0.00046300929100520497
36 0.0
37 0.00046300929100520497
38 0.0
39 0.00046300929100520497
40 0.0
41 0.00046300929100520497
42 0.00046300929100520497
43 0.00046300929100520497
44 0.00046300929100520497
45 0.0
46 0.00046300929100520497
47 0.0
48 0.0
49 0.0
