0 1.0229763490870671
1 1.0481703553929986
2 1.070145091411319
3 1.0944266390351323
4 1.0944266390351323
5 1.1184099232901794
6 1.1371802403950535
7 1.1371802403950535
8 1.1606619812336405
9 1.178807557487048
10 1.199555513149382
11 1.199555513149382
12 1.2240045500730126
13 1.2408235686250977
14 1.2635271457764081
15 1.2635271457764081
16 1.2842977625572767
17 1.311694850216826
18 1.3239863528179994
19 1.3426814314137525
20 1.3590036930350493
21 1.3810773843162243
22 1.415485248422591
23 1.442764397612904
24 1.442764397612904
25 1.4601280225243831
26 1.4862519532622884
27 1.507621157065535
28 1.507621157065535
29 1.5299295174581198
30 1.5561532181710307
31 1.576028022674773
32 1.576028022674773
33 1.576028022674773
34 1.6015110999457833
35 1.6213523851651794
36 1.6213523851651794
37 1.6414968158705439
38 1.6598694072559774
39 1.6836371474327623
40 1.7075374244513413
41 1.7252770253506002
42 1.746484808381174
43 1.765911664135667
44 1.7818530494804454
45 1.7818530494804454
46 1.8086269510915602
47 1.8086269510915602
48 1.8312190577639575
49 1.8504208862009552
50 1.869067660471153
51 1.8901963284293761
52 1.9046899183682238
53 1.916649517296945
54 1.9495849014130653
55 1.9495849014130653
56 1.9695054459875896
57 1.9695054459875896
58 1.9904029030991819
59 2.0109400428937727
60 2.033944461832562
61 2.033944461832562
62 2.055628300106745
63 2.06915146673783
64 2.091596769175691
65 2.091596769175691
66 2.1106164398182727
67 2.1312380915471207
68 2.1719593205019194
69 2.1719593205019194
70 2.186484140287614
71 2.1974104204147094
72 2.1974104204147094
73 2.237466704486055
74 2.2587712462267557
75 2.274779740455773
76 2.288623787143335
77 2.2972458591963245
78 2.2972458591963245
79 2.316235975514585
80 2.316235975514585
81 2.3401526916528432
82 2.3595774832576866
83 2.375592343246413
84 2.4174749827562714
85 2.4174749827562714
86 2.4635462587322436
87 2.4859792800106795
88 2.5045117715393297
89 2.542148338328176
90 2.542148338328176
91 2.556560469124265
92 2.575271620403533
93 2.58044228223822
94 2.58044228223822
95 2.5924211783447246
96 2.5976124389046418
97 2.5976124389046418
98 2.5976124389046418
99 2.5976124389046418
