0 1.0056479031383143
1 0.9961390191189449
2 1.0057489274521954
3 1.0001966011988126
4 1.0001966011988126
5 1.007035233052054
6 1.007035233052054
7 1.007035233052054
8 1.0159105255752465
9 1.0159105255752465
10 1.0159105255752465
11 1.0241425581971748
12 1.0198702233499937
13 1.0234274423486613
14 1.0219323013841437
15 1.023481598821373
16 1.0233092248604991
17 1.0251180520003154
18 1.0251180520003154
19 1.033289581021363
20 1.033289581021363
21 1.033289581021363
22 1.0382547826066133
23 1.0375227563143252
24 1.0384312459081548
25 1.0384312459081548
26 1.0420306077923465
27 1.0420451392067964
28 1.0414086814780725
29 1.0414086814780725
30 1.0449506744753558
31 1.0449506744753558
32 1.0482271661441365
33 1.0471956896028856
34 1.0471956896028856
35 1.0498436167568503
36 1.0498436167568503
37 1.0550413459296004
38 1.0550413459296004
39 1.058055767368131
40 1.058055767368131
41 1.0609417119900604
42 1.060929559307394
43 1.0610265185199148
44 1.0610265185199148
45 1.0638311436888506
46 1.0638804406872409
47 1.0640461150248408
48 1.0640461150248408
49 1.066351346494696
50 1.0669829246779654
51 1.0664962767484427
52 1.0664962767484427
53 1.0664962767484427
54 1.0685145251553936
55 1.0685145251553936
56 1.0685145251553936
57 1.0709836019926655
58 1.0712845001221198
59 1.0712845001221198
60 1.0712845001221198
61 1.072648146340936
62 1.072648146340936
63 1.072648146340936
64 1.0761824114014753
65 1.0755922980967403
66 1.0755922980967403
67 1.0791117540366317
68 1.0786206653688923
69 1.0796869913305618
70 1.0796869913305618
71 1.08255914624609
72 1.08255914624609
73 1.0857418108098429
74 1.0857786483316947
75 1.0868490007969578
76 1.0874625973014997
77 1.0881405288180723
78 1.0886364076092918
79 1.0893019906069978
80 1.0893019906069978
81 1.091809500316454
82 1.0919451649704468
83 1.0934158916626875
84 1.0946016436171122
85 1.0946016436171122
86 1.0946016436171122
87 1.098194514881451
88 1.09845106224377
89 1.09845106224377
90 1.1001531316291755
91 1.1004000230455353
92 1.1004000230455353
93 1.1055379312105102
94 1.1061627002818282
95 1.1094416044744462
96 1.1104156448603621
97 1.1104156448603621
98 1.1131791234721353
99 1.1131791234721353
