0 1.0209704699030395
1 1.0447056918852629
2 1.068829937176031
3 1.0955448610006189
4 1.1144310885805588
5 1.1418778057390646
6 1.1418778057390646
7 1.161090511423647
8 1.1820402132094432
9 1.2019298097222346
10 1.223354033946408
11 1.252087132418777
12 1.252087132418777
13 1.252087132418777
14 1.2730477841883843
15 1.2730477841883843
16 1.294622262610239
17 1.3243626546006577
18 1.342505169822738
19 1.3612788540269662
20 1.3612788540269662
21 1.3612788540269662
22 1.3818599802132827
23 1.4093353614584208
24 1.4093353614584208
25 1.4093353614584208
26 1.4316959975593662
27 1.4316959975593662
28 1.4316959975593662
29 1.4316959975593662
30 1.4316959975593662
31 1.4316959975593662
32 1.4316959975593662
33 1.4545593562509178
34 1.4739968869721705
35 1.4976051332400873
36 1.5211923920597274
37 1.5211923920597274
38 1.5370109252608153
39 1.5370109252608153
40 1.5565076720457627
41 1.5765371244170987
42 1.5765371244170987
43 1.5765371244170987
44 1.5939169103839468
45 1.6227881595021316
46 1.6227881595021316
47 1.6479083565939567
48 1.671123237250838
49 1.710648429272782
50 1.710648429272782
51 1.710648429272782
52 1.710648429272782
53 1.710648429272782
54 1.7238929912602825
55 1.7503559439647574
56 1.7503559439647574
57 1.7747054924396406
58 1.7747054924396406
59 1.7747054924396406
60 1.7747054924396406
61 1.7747054924396406
62 1.7747054924396406
63 1.8000123815606448
64 1.820980268564256
65 1.8542400339437706
66 1.8542400339437706
67 1.877051223512373
68 1.877051223512373
69 1.9103287372012467
70 1.9324794496004978
71 1.9517171031791298
72 1.9693873790217855
73 1.9693873790217855
74 1.9693873790217855
75 1.9693873790217855
76 2.0227241421207793
77 2.0851401179232116
78 2.120393286684338
79 2.120393286684338
80 2.1541910903581147
81 2.203535756468349
82 2.218666458010139
83 2.2389144783064534
84 2.283314659568215
85 2.3205101928996736
86 2.3371326728980484
87 2.344309351022228
88 2.344309351022228
89 2.35271453864679
90 2.3605566378496676
91 2.3605566378496676
92 2.3605566378496676
93 2.3605566378496676
94 2.379364903846192
95 2.410592314290264
96 2.4302452136827752
97 2.445128407738423
98 2.5076864795420417
99 2.522490981624165
