0 0.0
1 0.0
2 0.0
3 0.0
4 0.0
5 3.728250352451353e-06
6 -1.93621156542256e-05
7 0.0007021536668485649
8 0.0
9 0.0008925135117908126
10 0.0010530489005596882
11 0.0
12 -9.996676753551282e-05
13 0.0007119757169154193
14 -4.294710978958534e-05
15 0.0006392145191211838
16 -0.00020269831164890605
17 0.0
18 0.0010359270778237115
19 0.0
20 0.0
21 8.294990968587189e-05
22 0.0008338325427491104
23 0.0005908851497876973
24 0.0008633846902557722
25 -0.000235378507554868
26 5.184622792254065e-05
27 -8.410021172216806e-05
28 0.0004981597001658488
29 0.0
30 0.0006727187971118864
31 -0.0002762457850429263
32 0.0006002048416977691
33 -7.006411935663148e-05
34 -0.0003911288154007326
35 0.0
36 0.0005732191094879807
37 0.00063205860279853
38 -0.00042964625205138974
39 0.00013393385328045972
40 -0.0007995803966431187
41 0.0
42 0.0005190380851008003
43 0.0
44 0.0011525872243455019
45 0.0
46 0.0011779052079717814
47 0.0018170663376828042
48 0.0
49 0.0010313226923494756
50 0.00032987959250654333
51 -0.000249369130182316
52 0.0
53 0.0009699012590674855
54 0.00043038233802668427
55 -0.001079531813323623
56 0.0
57 0.0
58 0.0
59 0.0
60 0.0
61 0.003267998263102734
62 0.0032125164945785347
63 0.002834619445911453
64 0.0021082860719417755
65 0.0
66 2.1058887470153753e-06
67 -0.0004265076817249052
68 -0.0007496394470024814
69 -0.0005429988974864127
70 -0.0013392689254034269
71 -0.002290328041706852
72 -0.002100405065214648
73 -0.0032659610946730077
74 0.0
75 -0.002111298754407757
76 0.0
77 0.002635695916040202
78 0.0012938140104956266
79 0.00024150033813893904
80 -0.00043420315860389367
81 0.0
82 0.0
83 0.00024383899548293712
84 0.000915253210743177
85 -0.00030017428062666844
86 -0.0017578026137632374
87 -0.0032503482521375805
88 -0.002796395042312793
89 0.0
90 -0.0032735693131956383
91 0.0
92 -0.000538158020153846
93 0.0016367495442375644
94 0.0023533613956518503
95 0.0
96 0.0
97 0.0
98 0.0014969561750854921
99 0.00014426818460263686
