0 -0.0051251091545256545
1 -0.00587350092087471
2 -0.005006503495034318
3 -0.0057781354880870025
4 0.0
5 -0.0035954974038817857
6 0.0
7 -0.003927507190197075
8 -0.005423249542814433
9 -0.0051127803007352144
10 -0.004872124850004651
11 -0.005093167522197284
12 0.0
13 -0.004000669135574809
14 0.0
15 -0.004202289460529781
16 0.0
17 -0.004263840163406997
18 -0.004832606498229682
19 -0.004856555331186104
20 0.0
21 0.0
22 -0.004224801593745097
23 -0.003839085146612721
24 -0.004768648956080837
25 0.0
26 -0.00427912917441278
27 0.0
28 -0.00435339203941344
29 -0.004487446753842831
30 -0.004576352854754865
31 0.0
32 -0.004320345874178615
33 0.0
34 -0.004308855061171167
35 -0.0045588220526202065
36 -0.004634600491074848
37 -0.004540775594434609
38 0.0
39 -0.004512553239887395
40 0.0
41 -0.004394806655943649
42 -0.0044420348797265165
43 -0.00458969078963909
44 -0.004394057821786242
45 -0.004512146228454153
46 -0.004598757864564678
47 -0.004563045820128207
48 -0.004422633552613809
49 -0.004538575136917629
50 -0.003946465016252305
51 -0.0045380215653132135
52 0.0
53 -0.004306612789834754
54 -0.004527700994409255
55 -0.0046312598102279555
56 -0.004429970019659033
57 -0.0039556447585478716
58 -0.004427127164973561
59 -0.004611613315906839
60 -0.0040471793714631586
61 -0.004180916887039455
62 -0.0045368545868840855
63 -0.004402144303484508
64 -0.00438245567317575
65 -0.004520676796836552
66 0.0
67 -0.003907410476059423
68 0.0
69 -0.003786982091507051
70 -0.004441559250654281
71 -0.004266320281553766
72 -0.004061847929481889
73 -0.004416870631171023
74 -0.002987612567777698
75 -0.004407227528165624
76 -0.0032909684463202533
77 -0.004173859917806695
78 -0.004042342403867472
79 0.0
80 -0.003770586282919972
81 -0.00414013469514657
82 0.0
83 0.0
84 -0.00258145824763504
85 0.0
86 -0.0022930171921022187
87 -0.004199255285388103
88 -0.0036681418544653606
89 -0.0020908405843515407
90 0.0
91 -0.0031578917738687784
92 0.0
93 0.0
94 -0.0030376131103844613
95 -0.0022179470725414902
96 -0.0037862501455830757
97 -0.003927932478422252
98 -0.0038012396364515534
99 0.0
