0 0.0011981796708287113
1 0.0009217762390699256
2 0.0
3 0.000732835681010474
4 -0.00010233735227046979
5 0.0
6 0.0
7 0.000582050549711498
8 0.0
9 0.0008665817405844234
10 0.0006833934801301234
11 0.0
12 0.0
13 0.0
14 5.51678113160597e-05
15 0.0
16 0.0003149314345139973
17 0.0
18 0.0010903666489894548
19 0.0
20 6.196710555872319e-05
21 0.0
22 0.0007722569025742072
23 0.0
24 0.0
25 0.00034099382673377464
26 0.0011692687945745166
27 3.330555201173697e-05
28 0.0
29 0.0009388294505324164
30 0.0
31 0.000521625236323115
32 0.0011337154591414408
33 4.501373583031627e-05
34 0.0
35 0.0010599585259643835
36 0.0
37 0.0
38 0.0007353044336928038
39 0.0
40 0.0009747844572435419
41 0.0
42 0.0020094643197022103
43 0.001233545748110365
44 0.000998126426293452
45 0.00028590855735423273
46 0.00047014684233179856
47 0.0003922903022921791
48 0.0006102039895233093
49 3.463793525952984e-06
50 0.0
51 0.0015118329531615558
52 -1.994774182167319e-05
53 0.0
54 0.002185791467082814
55 0.0013237611858946466
56 0.00038814192671479897
57 0.0
58 0.0019698656925098883
59 0.00024981499663928044
60 0.0
61 0.0
62 0.0
63 0.0027567706548250184
64 0.0029092391591139985
65 0.0027644119989483212
66 0.0
67 0.003167216108813269
68 0.00042256096241610394
69 0.0033923297183730255
70 0.00035731820155228335
71 0.0
72 0.0027561421218543834
73 0.0
74 0.0
75 0.0035079628080592275
76 0.003649449284705439
77 0.00314654260632798
78 0.0
79 -0.0001694502322688289
80 0.0
81 0.0011922529081264228
82 -3.9357422975561656e-08
83 0.0
84 0.00596186968067258
85 0.002460250196882264
86 0.002899205981756169
87 0.0
88 0.0014177438894116753
89 0.0
90 -0.002152390203740482
91 -0.002939951691823575
92 -0.0027699993939155165
93 -0.0028012184055970094
94 -0.003163395781080267
95 -0.0012384035952308565
96 -0.0026354020637138465
97 0.0
98 0.0
99 0.0
