0 0.0009027733463309998
1 0.0011275495198496796
2 0.0008364602040416822
3 0.0012795847720409696
4 0.00043268570549191547
5 0.0
6 0.00033186820316147845
7 0.0
8 0.0013731152758103883
9 0.0
10 0.0
11 0.0013104117638256744
12 2.027363445716211e-05
13 0.0
14 0.0
15 0.0010304381468017791
16 0.0
17 0.0010166794851482058
18 0.0008210737053344665
19 0.0006911180969815964
20 4.066375366455925e-05
21 -0.00010247454462885289
22 0.0
23 0.0008382139577337957
24 0.0009027348137509169
25 7.766749651330354e-05
26 0.0006021504303103217
27 0.0
28 0.0010574537941859551
29 0.0
30 0.0011365307495967564
31 0.00021381211276731683
32 0.0
33 4.911995400718939e-05
34 0.0
35 0.0
36 0.0015494408170484168
37 0.0
38 0.0007689695321560525
39 0.001211669732785993
40 1.1741040459870214e-05
41 0.0008148526859483937
42 0.0006875882140335738
43 0.0004986113331118055
44 0.0
45 0.0008529624823803857
46 0.00025211460323569323
47 0.0
48 0.0
49 0.0
50 0.0020937327523924843
51 0.0021909023822852904
52 0.0
53 0.0025467828790002355
54 0.0012816951971342772
55 0.000921006592340075
56 0.000565792599037664
57 -0.00032352914574144503
58 8.655599941657333e-05
59 0.0
60 0.0016357873506144443
61 0.002097290551034385
62 0.0014560935386282593
63 -0.00044560814537452417
64 0.0
65 0.0
66 3.1834242121666453e-06
67 0.0009193077397685691
68 -0.0008491187269465694
69 -0.0006445870455458718
70 -0.0005085969769996955
71 -0.0005073894464243635
72 0.0
73 -0.0010916389545076004
74 -0.00029759850770402
75 0.00013044262919146787
76 -0.0014580409679372575
77 -0.002236451221194178
78 0.0
79 0.0
80 -6.044548224841627e-05
81 0.0008911195290182552
82 1.4023510785414112e-07
83 0.00023435830083868038
84 -4.203315126050844e-05
85 -0.001292472071519699
86 -0.002698404974576732
87 -0.0034418388085184462
88 -0.002793027893790488
89 -0.0017905682843242078
90 -0.0036541536228710866
91 -0.0032809010695927063
92 -0.0026978128964781174
93 -0.0030468761985623393
94 0.0
95 -0.0011007275014828987
96 -0.0009023265631907466
97 -0.000574823352075625
98 -0.0012922970654575586
99 0.0
