0 0.0008311464292572072
1 0.0008726678067209673
2 0.0010578795783142162
3 0.0010939062746970196
4 6.858106144952408e-05
5 0.0006906479253396352
6 -0.00030976875313606776
7 0.0005616711764124719
8 0.0007626357014294955
9 0.0006196720032687449
10 0.0006382291966373786
11 0.0006056371678670411
12 3.9571971461492465e-05
13 0.00044787431113172495
14 -3.2297072640928394e-05
15 0.0010066747986221258
16 0.0
17 0.0008961799676013082
18 0.0007343854378920396
19 0.0009031104060927801
20 -3.693050954633459e-05
21 -0.00011231524702650274
22 0.0
23 0.0008013873541681754
24 0.0
25 0.0
26 0.0
27 0.00019555347898334545
28 0.0009896915157298293
29 0.0007129214410141705
30 0.0010118330853321744
31 4.601528688230591e-05
32 0.0
33 -1.5278236653560824e-05
34 0.0006663172578031989
35 0.0
36 0.0015087409196707887
37 0.0008112249343236508
38 -8.067160021443372e-05
39 0.00017430278183560918
40 -0.0001991907144854744
41 0.0004518025112090475
42 0.0
43 0.0009332573003867664
44 0.0005126482741537751
45 0.0010723020234506009
46 0.0
47 0.0
48 0.0018742969155427778
49 0.0009873554949487088
50 0.0
51 0.0
52 0.0003336618123401875
53 0.0
54 0.0
55 0.0021862734091809602
56 0.0021347068549883047
57 0.0
58 0.0
59 0.004883257926780945
60 0.0025182258858453314
61 0.0014797783182637428
62 -6.0917842559689166e-05
63 0.0
64 0.0005792478021032937
65 0.0
66 2.324300399961106e-06
67 0.0033560770332503095
68 0.0
69 0.0
70 0.005538706461334183
71 0.002507570453734895
72 0.002043657954497932
73 0.0
74 0.0003733682412060788
75 0.0
76 4.976391156455531e-05
77 0.0
78 0.004185237945188576
79 0.0006891614879784275
80 0.0
81 0.0
82 1.8005795116719246e-07
83 0.0016229638759202457
84 0.0
85 0.0
86 0.0065863789269658395
87 0.007405658802615821
88 0.009545971197276387
89 0.0022877305743536237
90 0.0
91 0.0007575761764405414
92 0.0
93 0.0
94 0.0015812637747395933
95 0.0
96 0.0
97 0.0014037744724322001
98 0.0007849448500618199
99 0.00030865766393113115
