0 0.0
1 0.0007659906917348851
2 0.0013506056701491954
3 0.0005369672158225549
4 0.0001864860309361168
5 0.0
6 -7.672621101207886e-05
7 0.0006416823170661682
8 0.0
9 0.0010317663883883995
10 0.0
11 0.0007818926454661228
12 6.636724624157968e-05
13 0.000927549209951162
14 1.307096058821273e-05
15 0.0
16 0.00012951844574218705
17 0.0007675248387269836
18 0.0
19 0.0011030392424003508
20 0.0
21 0.000348870172710314
22 0.0006506738910883887
23 0.0006567028245520316
24 0.000498074207429245
25 -0.0001625549947198668
26 0.0
27 -6.063304003352063e-05
28 0.0
29 0.0010973283613088904
30 0.0004484336050707892
31 -0.0005101818888715127
32 0.0005395422904745722
33 0.0
34 0.0009767930803791381
35 0.000434486852787127
36 -0.00012974303692771678
37 0.00019010579530022323
38 -0.0006133841543553157
39 0.0
40 0.00012992335894614654
41 0.00039071358709332263
42 0.0
43 0.0
44 0.0011285754574730776
45 0.0012064823172373538
46 0.00019286772094825817
47 0.0005267285754062169
48 0.0
49 0.000857123765696739
50 0.00018420796372551989
51 0.0
52 6.535125273068416e-05
53 0.0
54 0.0
55 0.0019766806332210886
56 0.0008684607350698132
57 0.0011837466207842257
58 0.001174533835015243
59 0.0
60 0.0009765091044116359
61 0.00013877578453997774
62 0.00010178629627191155
63 0.0
64 0.0
65 0.0007523074602626535
66 1.8439697578167184e-06
67 0.0004921352300110958
68 0.0
69 0.0035907507490056958
70 0.0
71 0.0
72 0.0
73 0.00423801897083732
74 0.0009876587716241157
75 0.0007384869062205222
76 0.0006347500543968273
77 0.0
78 -0.0012869119710199022
79 -0.0005402561457831294
80 -0.0009296399540117807
81 -0.0016701369574224443
82 -1.7773407168227513e-07
83 -0.0021889590134652266
84 -0.0032318434640753136
85 -0.0019509417515228096
86 -0.0031537288430350933
87 -0.003481826343298251
88 -0.002454303304087448
89 -0.0017242985231714129
90 0.0
91 0.0
92 0.0
93 0.0
94 0.0
95 0.0037040856977980188
96 0.012812016333060486
97 0.00936404355333543
98 0.007773779953154231
99 0.0012982086039681133
