0 0.0007825870469049042
1 0.0
2 0.00034677894666598937
3 0.001015829192621953
4 0.0
5 0.0008394909958938611
6 0.0
7 0.0008062713181831313
8 0.0007187002958134672
9 0.0008498762829491109
10 0.0006155889995979975
11 0.0004791232846401789
12 1.3964786866301633e-05
13 0.0
14 0.0
15 0.0005518518405275463
16 -8.142550068215299e-05
17 0.0003207780923307934
18 0.0006786295931016534
19 0.0004994503375420696
20 -6.264918504420473e-05
21 -0.0001985918674773155
22 0.0006209886623213871
23 0.0
24 0.0
25 0.00024173758822497205
26 0.0007890563356283957
27 -5.0765691128713805e-06
28 0.0004940562193063515
29 0.0003688924220311872
30 0.0
31 9.442851186646136e-06
32 0.001047097298879373
33 0.0
34 0.0016281907742833935
35 0.000528913065011104
36 0.0
37 0.001250599728297424
38 0.0
39 0.0012229881775970319
40 0.00016349673864007224
41 0.0009010373703822189
42 -0.00029662157208927814
43 0.0009666704201054147
44 9.72839800410178e-05
45 0.0
46 0.0008065687070201466
47 -0.0004127307307611584
48 4.397674411929107e-05
49 0.0
50 0.0002562098860539142
51 6.816153840357009e-05
52 -0.00016339008833095683
53 -0.000562710373251282
54 0.0009319857790651472
55 0.0
56 0.001172402098509046
57 -7.294795297904166e-05
58 0.000405818822927151
59 -0.0009465124458105317
60 -0.0007881350457564402
61 -0.0023842178842468052
62 -0.002468929841790738
63 -0.0025165622256524793
64 -0.0032700727956205757
65 -0.0027049687913656066
66 -1.013834235828051e-05
67 -0.003600817954058915
68 -0.003272432156532657
69 -0.002144047609955588
70 -0.0026582453663723435
71 -0.003042057478662314
72 -0.003346580839154072
73 -0.003470084363153036
74 -0.0026073732377620805
75 0.0
76 0.0
77 -0.000874037551804912
78 0.0011852018443147163
79 -0.00011272774960785636
80 0.0027285550564324734
81 0.0
82 1.2594056050464113e-07
83 0.0026437864207347773
84 0.0013573250382134616
85 -0.0007688070287933199
86 0.0
87 -0.0018986896732559675
88 0.0
89 2.114417652529917e-05
90 -0.0016219335155933253
91 0.0
92 -0.00011195897948433549
93 -0.00041627741670076385
94 0.0004183089537435597
95 0.00015149426847708495
96 0.0
97 -0.0014939611750051684
98 0.0
99 -0.00021417436244632843
