1 4.822510226665058
2 14.645709097327348
3 4.276275204213183
4 15.560433862988345
5 3.7023589475459464
7 3.3385211105199346
8 9.894928369429707
9 3.48721894561266
11 5.039596338488653
12 2.8023283751391013
13 11.15093179128709
14 3.0349769676326175
15 4.883744361238831
16 3.322478571146551
17 3.0801678364031364
18 2.8988218882494157
19 2.620492561233249
20 2.7270382584792934
22 3.29976858407726
24 4.238843385186351
25 2.071998110007023
26 4.593842081083068
27 2.4191178993551605
28 2.590039086222491
29 2.3995829084837093
31 2.065666207569359
32 2.09079410312252
34 2.1049936409781007
35 1.711728163888996
36 2.2983756707581753
37 1.9507096063515872
38 1.8487959901703335
39 2.313723037197088
40 2.3916057071200836
41 1.6641104647900673
42 2.21097734509515
44 1.780922649837213
45 2.085967935814118
48 1.6181008785969353
49 1.7730641630334059
50 1.8794955713293167
51 1.8879624191115
53 1.7308044970026406
54 2.003593623624416
56 1.7783811002598406
57 1.9990256399145967
58 2.0606649235102528
59 2.0099504190499586
60 2.3347774104105405
62 1.9317131436678798
63 1.9297901053321846
64 1.940225892077915
65 1.9737950599814391
66 1.9592934317940522
67 2.0493160501013126
68 2.2193308962886484
69 2.399860839787791
71 2.0290386176046242
72 1.912513686454551
74 2.0689833653667207
76 2.138529354946722
77 2.0266057175016217
80 2.1789517884792877
82 2.0683478156687922
86 2.1968586792866
88 2.5786656632144362
89 2.140634268129239
90 2.2851753359998606
91 2.2504302123611186
93 2.267816137117404
94 2.3261412480086743
95 2.495306489007318
96 2.1323976921067547
99 2.282299560536312
