0 4.81588640178379
2 14.64371685111314
3 4.274798238831422
4 15.559425013994225
5 3.701848207250585
6 17.74607196104591
8 9.895009174526695
11 5.040287336278264
12 2.8028863046847454
14 3.0358412031593236
16 3.323070064208125
17 3.0807822408508114
19 2.6212783233550137
21 2.214008282702085
22 3.3003125108598503
24 4.239453616991965
25 2.0727581787102967
27 2.419914576357672
28 2.5908202917933645
29 2.4001918181865083
30 2.162710752035934
31 2.0665431434317614
32 2.0918367820748114
33 2.249576560052476
35 1.7128740729527359
36 2.299261981589813
37 1.9518902742751993
38 1.8500092602869804
39 2.3149093579989635
40 2.3926485290082415
41 1.6653745532656243
42 2.2122875663305073
43 1.8633571690171247
45 2.087497794613067
46 1.915579914452151
48 1.619747459886322
49 1.7742866271800932
50 1.8807209258249478
51 1.889466871067229
54 2.005406869181163
55 2.295304709714264
56 1.7800584293059543
57 2.0005758359016017
60 2.3365860442778765
61 2.1551022492155085
62 1.9332117659097987
64 1.9423659962868922
66 1.96125922122541
67 2.050681609901201
69 2.401869604543825
70 2.1325511322892665
71 2.0307481980602295
72 1.9138695207132064
73 2.1004936247815436
74 2.0706370611325844
75 2.1995087099595896
76 2.140251432393101
78 2.1505604341317595
79 2.1132686354841717
80 2.180632549793348
82 2.070031648299754
83 2.2928502179329997
84 2.272421412952746
85 2.235138844805858
86 2.19839170076708
87 2.1445998930097474
88 2.580186113547519
91 2.2521246530542864
92 2.132072499753525
94 2.3279827435213742
95 2.4970864290522057
97 2.3952624803815525
98 2.387857865463446
99 2.284128959538923
