0 4.81559311612531
2 14.644755899837952
3 4.275983826353108
5 3.703009237051983
6 17.747383096009425
7 3.339773688754531
8 9.896504494871772
9 3.489224223448321
10 6.569892708244404
11 5.041788516029712
13 11.153214503594166
14 3.037459434095121
15 4.886127033280691
16 3.324400436247791
17 3.081941257482185
19 2.6225514021856076
21 2.2151191049351064
23 2.4422159426693577
24 4.240521513685731
25 2.0739195133404222
26 4.59587629197934
27 2.4210942756694833
28 2.59197356001845
29 2.400910915196833
30 2.163387116240689
32 2.0927790199257035
33 2.250357834991484
34 2.1063788886092762
35 1.7136624839835009
36 2.299649692657452
38 1.8506174477725525
39 2.3153763713852076
40 2.392886497061455
41 1.665801453610178
43 1.8635726361559548
44 1.7825777455293192
45 2.0878403701118144
46 1.9155591523535016
47 1.8115067213097307
48 1.6199661377997565
49 1.7741634349105422
50 1.8805997125965992
51 1.8895073466872838
52 2.064538654414547
56 1.7800435828428331
57 2.0004992137404827
58 2.061758748879715
59 2.0115782529429946
61 2.154902956258897
64 1.9423518184651496
65 1.9753389947570263
66 1.961171459555967
70 2.132293497934062
71 2.0305663780467333
72 1.913535299735229
73 2.100301522620614
74 2.0704272016934375
75 2.1991737717752833
77 2.028215556455577
78 2.1503632457932103
79 2.113064094618201
81 2.0884457608736016
82 2.0698394665263113
83 2.29264056408608
85 2.234936160596841
86 2.198060998878782
87 2.144215984888712
88 2.579847987122559
89 2.14208533737601
90 2.2868229187523816
91 2.251854262454466
92 2.1318071071541014
93 2.269179830982742
94 2.3277709622617526
96 2.133618265553225
99 2.283835157899964
