0 4.81559311612531
1 4.819920636510158
2 14.644512222694765
3 4.275568430135757
7 3.3391612997992
8 9.89574688267534
9 3.4882237225131374
10 6.568797316550002
11 5.0407767096056615
12 2.8033922888344684
15 4.885061175865741
16 3.323262734506444
17 3.080850684097318
18 2.899544126828398
19 2.6213708011757433
20 2.727445028737355
23 2.4409564448836303
24 4.239288986253948
30 2.1623094942445
31 2.066173950059003
32 2.091460380274189
33 2.2491021867099112
34 2.1052725939528276
36 2.298605280131889
39 2.3142247959275895
41 1.664637303474421
42 2.2114900400849464
43 1.8624791662858606
44 1.7814094335172077
45 2.0865966084766456
46 1.9145776927732303
47 1.8104139012692653
48 1.6187247747877451
51 1.8883769970062356
54 2.004262773289778
59 2.0104278543782583
60 2.3354073729733362
61 2.1538807242628564
62 1.931935402801569
63 1.930325845348542
65 1.9741872540070438
68 2.219471461437809
69 2.400501648501372
70 2.131219991772416
72 1.9125538036400636
75 2.1981938083222015
76 2.13890642619337
77 2.0270245059889196
79 2.111927827031076
80 2.179288548506797
81 2.087227349376285
83 2.2915107109616804
84 2.2710449935857535
85 2.2337304041296693
87 2.143236774073231
88 2.578807819936983
90 2.28561993970916
91 2.250730823238885
94 2.3265724378070556
95 2.495633565740329
97 2.3937964087270274
98 2.3863998889863467
99 2.2826679356966824
