3 4.275801445116574
4 15.560368714765097
5 3.7026871936792873
6 17.747009546515567
7 3.3391980752338912
9 3.4883918758271673
10 6.56907461259071
13 11.152436104489166
14 3.036609090398761
15 4.885329346752098
19 2.6218786435802626
20 2.7278611242313984
21 2.2144714837825354
22 3.3005239700498348
23 2.4414536233988278
26 4.595071823576163
27 2.4203016313615877
28 2.5911901028112125
29 2.4002571876021643
30 2.1627291833560953
31 2.0666439259638847
32 2.091963574478973
34 2.1057170721410365
35 1.7128850202707764
37 1.9517521026833686
38 1.8498888470501142
41 1.6651255798153586
42 2.2119749548163745
43 1.8629283842290383
45 2.0871080736826997
47 1.8108850353595873
48 1.6192605487062117
49 1.7736091662086095
50 1.8800435201471353
52 2.063901082464069
53 1.731880701013156
55 2.2947099212330233
57 1.9998739796410108
58 2.061207826816926
59 2.0109253029390253
60 2.335937158053402
61 2.1543111697976878
62 1.9323728505057398
63 1.9308366849442054
65 1.974663569271626
66 1.9604270073741514
67 2.049772390684695
68 2.219891416917629
69 2.4010334124602832
73 2.0996167442003313
75 2.198590156657902
76 2.139380223850076
77 2.027508264420446
81 2.087721209722118
82 2.0691544870756644
83 2.291970043754422
84 2.2714689185091963
85 2.2342201679748483
86 2.197438683277096
87 2.1436341223168394
88 2.5792309030801817
91 2.251188668288113
92 2.131134966495718
93 2.2685215796179703
95 2.49612205995897
96 2.1330188971231534
97 2.394309993542173
98 2.3868992282625374
99 2.2831681821973535
