0 4.81559311612531
1 4.819874603217189
2 14.644790138234624
4 15.560697120553227
6 17.747246773463687
7 3.339427835247949
8 9.896095609502298
10 6.569075457525997
12 2.803703252481431
13 11.152463794822452
16 3.323732615210182
17 3.0813005281409693
18 2.9000016535843414
19 2.621858129378848
20 2.7278445661599817
21 2.2144525444581067
22 3.3004502053407605
23 2.4413673327530105
24 4.239788986236553
26 4.595035867407174
29 2.4002520733374317
30 2.162724970737021
31 2.066638327476548
32 2.091957495575091
33 2.2495757142167556
35 1.7128517861842696
37 1.9517210948558594
40 2.3922860908512176
44 1.7819571886000982
45 2.087179818055796
46 1.915037561737831
49 1.7736655719838537
52 2.0639686675802595
53 1.7319499951422757
54 2.004907878561305
55 2.2947803794935
56 1.7794497253475896
57 1.999937759112968
58 2.0612645444735267
60 2.336008981563497
61 2.154371248623149
67 2.049848698649936
68 2.219970722689011
69 2.401132563243766
70 2.131736435931803
71 2.0299601314057623
73 2.0997019844998066
74 2.0698414840466666
76 2.1394679514490496
77 2.0275958092262294
78 2.1497680200485467
79 2.1124735534680363
80 2.1798390758873625
81 2.0878132234055995
82 2.069239828754972
85 2.2343441982467587
89 2.141548919836061
90 2.2862583592389494
92 2.1312731190231267
93 2.26865728295305
95 2.496259470645578
96 2.1331514957985442
97 2.3944566900309425
98 2.387043319717052
