0 4.814497176777455
1 4.821193109589819
3 4.27639049858417
6 17.74739713885546
8 9.89620814519682
9 3.488381541806882
11 5.040601807525235
15 4.885239615962329
16 3.3230219807817947
17 3.080500629454799
18 2.8992382281133624
20 2.7268773654066476
22 3.2994789879700317
24 4.238930264357617
25 2.07242207383397
26 4.594239835650176
27 2.4194409831777004
30 2.161655125316196
31 2.0658503041333884
32 2.091237655982591
34 2.104679633446471
36 2.297971440025767
37 1.951050521833747
38 1.8491532687506151
40 2.391263312200092
41 1.6643520840259272
43 1.8620451436440562
44 1.7811434563393493
46 1.9140170630671367
47 1.8101686342880454
50 1.8790396387372994
51 1.8881590543242581
52 2.0632283668228855
53 1.7312659185794468
54 2.0043531962529078
55 2.294137490247513
56 1.7787078507703782
58 2.060177988143474
59 2.0102711425728397
61 2.1534771638508956
62 1.9317852807620592
63 1.9302643666861568
64 1.9412231701596232
65 1.973944022133286
68 2.2189336286431036
70 2.1312153633671347
72 1.912234648631623
73 2.0992801691863705
75 2.1978754433118106
76 2.139074840675631
78 2.149325119223957
79 2.1120102559537077
80 2.1793983540037085
82 2.0688102380966904
84 2.270966258947861
88 2.5787728118734075
89 2.1411724821374394
91 2.2509346127606094
92 2.130897388448578
93 2.2682152151150015
94 2.326977033821022
96 2.1325706566296665
97 2.3941916944193022
98 2.3867119171103113
99 2.2829794642573655
