0 0.0
1 -1.2124456398558297e-07
2 -2.4717176860118402e-05
3 0.0
4 -0.0008687305803884253
5 0.0
6 -0.00025426239107497373
7 -0.00022667915974399803
8 -0.00015680398507700755
9 -0.00023958734119179615
10 0.0
11 -0.00040407576344843603
12 -0.00019100848520696472
13 -0.0003228763087016829
14 -0.0002226708566864055
15 0.0
16 -0.00029100956723661776
17 -0.0003241755623537194
18 -0.0005662751276188471
19 -0.00019779838080786978
20 -2.3532676158012083e-07
21 -5.083004175333489e-05
22 -0.00010298752598666954
23 -0.0002898054230892436
24 0.0
25 -0.0004241608447443923
26 -0.0008862006448661456
27 -0.0007585050806255823
28 0.0
29 -0.0003818852151577327
30 -0.0004768983971044382
31 0.0
32 -0.0005792680017388344
33 -0.00036750377682892577
34 0.0
35 0.0
36 -0.0008632289474993134
37 -0.0005792680017388344
38 -0.0004172114224066566
39 -0.0002898054230892437
40 0.0
41 -0.0001984012574875275
42 0.0
43 -0.00023945746448520027
44 0.0
45 -0.0004454099349731315
46 -0.0001894231738105653
47 0.0
48 -9.168891754553421e-05
49 0.0
50 -0.0002294659182140946
51 -1.1811740597149939e-05
52 0.0
53 -2.481904219211539e-05
54 -0.0002898054230892436
55 -0.0002898054230892437
56 -0.0002898054230892437
57 -0.0002898054230892437
58 -5.9198999886755294e-08
59 -0.00011164925274893669
60 -8.075574408014976e-06
61 -0.00014512321904475595
62 -0.0002898054230892436
63 0.0
64 -0.00017600868930382296
65 -6.741008761516569e-05
66 0.0
67 -0.0002898054230892436
68 0.0
69 0.0
70 0.0
71 0.0
72 -0.0002898054230892437
73 -0.0002898054230892437
74 -0.0002898054230892437
75 0.0
76 -0.00015612563142515987
77 -0.0002898054230892437
78 -0.0002898054230892436
79 -0.0002898054230892437
80 -0.0002898054230892436
81 -0.0002898054230892437
82 0.0
83 0.0
84 -1.5508111383289522e-07
85 0.0
86 -0.0002898054230892437
87 -9.16791255040467e-08
88 -0.00011351240716970992
89 0.0
90 -0.00026444773546470244
91 0.0
92 -0.0002747160296737206
93 0.0
94 4.594680771845338e-10
95 -1.0240885416972742e-05
96 -6.520363091779407e-08
97 0.0
98 0.0
99 0.0
