0 1.0969437191853875
1 1.0969437191892155
2 1.1752041465759835
3 1.2742862930021854
4 1.2742862930021854
5 1.3730728502657137
6 1.4621988478202357
7 1.5621988478202358
8 1.6621988478202359
9 1.7590804283929207
10 1.846464290794624
11 1.9464642907946241
12 1.9464642907946241
13 2.0413682199178815
14 2.0413682199178815
15 2.1405914285705716
16 2.1405914285705716
17 2.1405914285705716
18 2.2366321450257476
19 2.303611120773649
20 2.303611120773649
21 2.3999400039208103
22 2.4965237580690856
23 2.5965237580690856
24 2.6876672644809325
25 2.7876672644809326
26 2.8876672644809327
27 2.8876672644809327
28 2.8876672644809327
29 2.978281363941284
30 3.071776202765729
31 3.171776202765729
32 3.271776202765729
33 3.371776202765729
34 3.4717762027657293
35 3.5171188088626013
36 3.5171188088626013
37 3.5962432412036978
38 3.696243241203698
39 3.696243241203698
40 3.696243241203698
41 3.796243241203698
42 3.896243241203698
43 3.996243241203698
44 4.096243241203698
45 4.096243241203698
46 4.096243241203698
47 4.196243241203698
48 4.196243241203698
49 4.2962432412036975
50 4.377690433341582
