0 1.0
1 1.0
2 1.0
3 1.0154306704798168
4 1.0154306704798168
5 1.0154306704798168
6 1.0323850890531034
7 1.0529736166915822
8 1.0679457371999515
9 1.0817722458852017
10 1.0817722458852017
11 1.09351717732278
12 1.118551472129833
13 1.1505451624752026
14 1.1618352157947236
15 1.1969433899981807
16 1.23122646871965
17 1.23122646871965
18 1.23122646871965
19 1.23122646871965
20 1.2571145741902046
21 1.2850639395295815
22 1.3199827200315253
23 1.3516070668788744
24 1.3516070668788744
25 1.3516070668788744
26 1.3516070668788744
27 1.3843615568280914
28 1.4089715514957293
29 1.4089715514957293
30 1.4089715514957293
31 1.4251593989854323
32 1.4251593989854323
33 1.443927363972522
34 1.459011164664891
35 1.4799243504668835
36 1.49734784892638
37 1.49734784892638
38 1.5060264256739568
39 1.521542848342009
40 1.5286991738134919
41 1.5286991738134919
42 1.5399820426120783
43 1.5475834469110406
44 1.5534231031599057
45 1.574660367461633
46 1.5997265870453192
47 1.6031537495480155
48 1.6073006628884172
49 1.6112465372815643
50 1.6112465372815643
