0 1.1
1 1.1
2 1.1733837010672412
3 1.2659751084029272
4 1.3659751084029272
5 1.4632031677181538
6 1.4632031677181538
7 1.4632031677181538
8 1.5495724901282601
9 1.6380387508023102
10 1.7380387508023103
11 1.8355404296854874
12 1.926533483079346
13 2.0249427528226924
14 2.094523547708473
15 2.194523547708473
16 2.28468879258486
17 2.3650330759490776
18 2.3650330759490776
19 2.4237193365535155
20 2.5237193365535155
21 2.6210110059884917
22 2.6210110059884917
23 2.7183740505193064
24 2.8183740505193065
25 2.8183740505193065
26 2.91429575487237
27 3.01429575487237
28 3.01429575487237
29 3.01429575487237
30 3.01429575487237
31 3.1057677183551613
32 3.1057677183551613
33 3.1057677183551613
34 3.1057677183551613
35 3.1057677183551613
36 3.1057677183551613
37 3.2057677183551614
38 3.2858440295259093
39 3.3771216847873213
40 3.4630116429748337
41 3.540032214054647
42 3.540032214054647
43 3.63377281590134
44 3.715577170981045
45 3.779084606541754
46 3.8649860510023473
47 3.955665990712071
48 4.055665990712071
49 4.055665990712071
50 4.1556659907120705
