0 2.2379458582832954
1 2.2379458582832954
2 6.738303044247428
3 1.9517692866099579
4 6.485968236471617
5 1.7842522655688953
6 4.079364182889296
7 2.225467967322942
8 1.7086916431411063
9 1.8963403608805622
10 1.7293841385243662
11 1.6813797546960518
12 1.8314649878106077
13 1.1166103359716517
14 0.9899293038838421
15 1.360213367387777
16 1.079387620498211
17 1.1657614080354697
18 0.9283344942879211
19 1.0714875976355296
20 1.259588427928829
21 0.9579407901817045
22 0.8305991277721267
23 0.7571877642926399
24 0.9757813741237672
25 0.9177360316837067
26 0.8911569419345484
27 1.0191604704577943
28 0.7690380649646344
29 0.8385550975135442
30 0.7459064738664123
31 0.6357984387110867
32 0.7342054768525126
33 0.6234817066896593
34 0.7880148011661837
35 0.8755467466657209
36 0.6623539547070155
37 1.1435014640388383
38 0.8092826215669637
39 0.7430930186779054
40 0.7302601080751021
41 0.7630489419761807
42 0.6689654154365773
43 0.6711997157351884
44 0.7537127427071914
45 0.7124427872115855
46 0.9368297048930007
47 0.8068540142107142
48 0.7030576413056312
49 0.7851738888241122
50 0.8673151786612933
51 0.9232518660324862
52 0.7995737167786091
53 0.6827057211511979
54 0.8758840283975627
55 0.9471009106357118
56 0.7140905275318283
57 0.7153821470013568
58 0.9579254985187711
59 0.8785403086282416
60 0.8819595906727825
61 0.6709450595226129
62 0.8651346143573772
63 0.7894141534576841
64 0.8952370652913383
65 1.0754773005801654
66 0.6349950596150582
67 0.9583612831190104
68 0.9507476779411762
69 0.7020343119387508
70 0.8813525188600121
71 0.6115024680712761
72 0.8685712828941664
73 0.8818852026814538
74 0.8142328797276638
75 0.91970041967036
76 0.9328508513219509
77 0.690453267661974
78 0.742444388414824
79 0.8026498021189549
80 0.6995263433390009
81 0.877555110261965
82 0.94920995766738
83 0.7858050352683639
84 1.0802484206170424
85 0.9751150746199414
86 0.8864637292527223
87 0.8251079859507782
88 0.7739842044277776
89 0.9530271185141752
90 0.8019354443696216
91 0.8102517607152296
92 0.6865192252613376
93 0.8820231084372008
94 0.9664375549571428
95 0.8666084820513605
96 1.1373497743128402
97 0.7611663088493028
98 1.0880633186829123
99 0.7341563883598137
