0 2.2379458582832954
1 2.2379458582832954
2 6.738303044247428
3 1.9517692862114866
4 6.48596827047449
5 1.784252248567459
6 4.079364203609796
7 2.225468002521228
8 1.7086916689089082
9 1.8963402458552199
10 1.7293841954393308
11 1.681379781659267
12 1.8314649389314783
13 1.1166103808660692
14 0.9899293497744377
15 1.360213414473786
16 1.0793876730964045
17 1.165761456316892
18 0.9283344330561858
19 1.0714875946469957
20 1.2595884344371913
21 0.9579408063197866
22 0.8305991784443763
23 0.757187866102022
24 0.9757813907267323
25 0.9177360676125231
26 0.8911569251987596
27 1.019160508179731
28 0.7690380041313702
29 0.8385550246597333
30 0.7459064766557104
31 0.6357984311401346
32 0.7342054637029642
33 0.6234816746127306
34 0.788014807276075
35 0.8755467219605088
36 0.6623539353811642
37 1.143501355123387
38 0.8092826130662456
39 0.7430929786647594
40 0.7302601339093158
41 0.7630488677277206
42 0.6689654578737562
43 0.6711997271912343
44 0.7537126354520367
45 0.712442754603362
46 0.936829682312968
47 0.806854062890608
48 0.7030576008608083
49 0.7851738862008437
50 0.8673151493736628
51 0.9232517732551171
52 0.7995738363531638
53 0.6827058411574297
54 0.875883858848083
55 0.9471008703237125
56 0.7140904709489233
57 0.7153822566141325
58 0.9579254742120302
59 0.8785403117495991
60 0.8819599947889535
61 0.6709453095964735
62 0.8651344939526742
63 0.7894140727672736
64 0.8952370972354432
65 1.0754770311472475
66 0.6349949215448002
67 0.9583611160931813
68 0.9507476841174792
69 0.7020342096644856
70 0.8813522901375646
71 0.611502217316694
72 0.8685713566113316
73 0.8818851262414024
74 0.8142345947475487
75 0.9197006601477068
76 0.932851174017181
77 0.6904532323972761
78 0.7424443437196419
79 0.8026498043437522
80 0.6995262029775338
81 0.8775551838463064
82 0.9492097939621439
83 0.7858052135842092
84 1.080248811650077
85 0.975115119049476
86 0.8864636196731525
87 0.8251079932228769
88 0.7739838161508353
89 0.9530270384878833
90 0.8019353255588032
91 0.8102514808556496
92 0.6865190197830413
93 0.8820231429049563
94 0.9664376016446807
95 0.8666081586920119
96 1.1373493713256708
97 0.7611663079859486
98 1.0880633903413097
99 0.7341558143288976
