0 2.2379458582832954
1 2.237945864924481
2 6.738302974647798
3 1.9517692763825314
4 6.485968167403282
5 1.784252230503433
6 4.079364154996314
7 2.225467960548932
8 1.7086916617364272
9 1.896340292874817
10 1.7293841279648805
11 1.6813796684934568
12 1.8314650265951342
13 1.1166103574226827
14 0.9899293475164345
15 1.3602134324714001
16 1.0793876825268887
17 1.1657615135639159
18 0.9283343833801142
19 1.0714875838218625
20 1.2595884000358475
21 0.9579408272395227
22 0.8305991645642974
23 0.7571877707345904
24 0.9757814001572165
25 0.9177360799651292
26 0.8911569619909302
27 1.019160456843363
28 0.7690380215312778
29 0.8385551041547302
30 0.7459063748463283
31 0.635798449038131
32 0.7342055569452164
33 0.6234817058927169
34 0.7880148301881668
35 0.8755467866456609
36 0.6623539657313844
37 1.143501433688618
38 0.8092827067069689
39 0.7430929607335571
40 0.7302601521725774
41 0.7630489369952911
42 0.668965475074428
43 0.6711997901164721
44 0.7537117916229376
45 0.7124427633033157
46 0.9368298310755355
47 0.8068540391815738
48 0.7030577015743946
49 0.785173917514036
50 0.86731514499048
51 0.9232518549417055
52 0.7995739062848529
53 0.6827057456903803
54 0.8758840281983272
55 0.9471008492711527
56 0.7140904795824651
57 0.7153822393470488
58 0.9579256195211809
59 0.8785404124963915
60 0.8819601896413521
61 0.6709451157734586
62 0.8651347021538567
63 0.7894141651461716
64 0.8952369672674323
65 1.0754771804411098
66 0.6349950815973839
67 0.9583613269508383
68 0.9507476725618155
69 0.7020343450450631
70 0.8813524292704122
71 0.6115024674403634
72 0.8685715521942606
73 0.8818851722648217
74 0.814232970047794
75 0.9197005693626935
76 0.9328511032221377
77 0.6904542791478149
78 0.7424444037559637
79 0.8026497715362931
80 0.6995263955055173
81 0.8775551566174435
82 0.9492100301891316
83 0.7858052319802946
84 1.0802483621081933
85 0.9751150277995797
86 0.8864638771519355
87 0.8251079578585612
88 0.7739840782286397
89 0.9530268313492906
90 0.8019354630313544
91 0.8102515514182513
92 0.6865192222395979
93 0.8820232948552931
94 0.9664378755936052
95 0.8666084612976542
96 1.1373494480977815
97 0.7611663405941721
98 1.0880633280469847
99 0.7341565304645921
