0 2.2379458582832954
1 2.237945864924481
2 6.738302974647798
3 1.9517692763825314
4 6.485968167403282
5 1.784252230503433
6 4.079364154996314
7 2.22546803293786
8 1.7086916389571591
9 1.8963404676708338
10 1.7293840618850793
11 1.6813798470085377
12 1.831464892443176
13 1.1166103169778596
14 0.9899293228776342
15 1.360213406371539
16 1.0793876529736106
17 1.1657614509375314
18 0.9283344131990395
19 1.0714876119804915
20 1.2595883572666093
21 0.9579408350761223
22 0.830599162372706
23 0.7571877565224523
24 0.9757813729283538
25 0.9177360463607278
26 0.8911570071509953
27 1.0191604903149405
28 0.769038069480641
29 0.8385551191638108
30 0.7459064509543204
31 0.6357984671685689
32 0.7342054783799854
33 0.6234817173819688
34 0.7880148869703075
35 0.8755467026346573
36 0.6623539600863763
37 1.1435015157072657
38 0.8092826183791945
39 0.7430929124189286
40 0.7302601301238397
41 0.7630489848118307
42 0.6689655465667959
43 0.6711998077156152
44 0.7537127291591719
45 0.7124427283706771
46 0.9368297669880902
47 0.8068540947018892
48 0.7030576368228306
49 0.7851739038996045
50 0.8673152571601124
51 0.9232518434524536
52 0.7995739575880152
53 0.6827058635050208
54 0.8758840479226497
55 0.9471009208631382
56 0.7140905443340291
57 0.7153821576936663
58 0.9579255382330637
59 0.8785404295642396
60 0.8819598652858256
61 0.6709453513363278
62 0.8651346332183455
63 0.7894139299817736
64 0.895237141133683
65 1.0754770349991354
66 0.6349949953615831
67 0.9583614607707371
68 0.9507475935317016
69 0.7020341921649603
70 0.8813524326574171
71 0.6115021517681877
72 0.868571569594168
73 0.8818853227540975
74 0.8142345173113194
75 0.9197006549011698
76 0.9328510233286695
77 0.690453425157701
78 0.742444489759323
79 0.802649781630896
80 0.6995263877353296
81 0.8775551406121852
82 0.9492099892130137
83 0.7858051362143917
84 1.0802480851043235
85 0.9751148660202876
86 0.8864636401280055
87 0.8251079224610395
88 0.7739841892194615
89 0.9530270493794285
90 0.8019354405841456
91 0.8102514610981211
92 0.6865194160626127
93 0.8820232153602962
94 0.9664376698496614
95 0.8666083388009775
96 1.1373497389153187
97 0.7611662628922954
98 1.0880630172394776
99 0.7341563530287039
