0 0.0
1 0.0005476361057736487
2 1.6186863227757854e-05
3 -7.476626959121016e-05
4 0.0005009347478641422
5 -8.918210524954991e-05
6 0.00028930905188367825
7 0.00046601753800743005
8 0.0003840170324897121
9 -0.0001844225013039465
10 0.0
11 0.0007247344404827154
12 -8.760727412296245e-05
13 9.289952485077914e-05
14 0.0
15 0.0
16 0.0009690065109706051
17 9.095017612955792e-06
18 0.0001061974827743646
19 -0.0005798446526416038
20 -0.00017584060045110152
21 0.0
22 -0.000120047503379729
23 0.0023612161877468916
24 0.0002048165917837931
25 0.0
26 0.00026122195307707506
27 0.0
28 -0.001225452259077441
29 0.0
30 0.0009096066849189317
31 0.00013857408242706746
32 -0.00020291776182814833
33 -0.0006561995282938886
34 0.0
35 0.0006500960290745768
36 0.0
37 0.0004758543648532967
38 -0.00015413603304996823
39 0.0
40 -0.0005377002397718146
41 0.004074816982475238
42 -0.00013899823606214394
43 -0.000539865328966778
44 0.0
45 0.001710341831698115
46 0.0005319885197462191
47 -0.00023829745353236222
48 0.0
49 -0.00027066335579995594
