1 1.000000
2 1.008059
3 1.018514
4 1.030117
5 1.042534
6 1.055594
7 1.069191
8 1.083250
9 1.097718
10 1.112553
11 1.127723
12 1.143199
13 1.158959
14 1.174985
15 1.191259
16 1.207767
17 1.224498
18 1.241438
19 1.258580
20 1.275913
21 1.293429
22 1.311122
23 1.328984
24 1.347009
25 1.365192
26 1.383527
27 1.402009
28 1.420634
29 1.439397
30 1.458295
31 1.477324
32 1.496480
33 1.515760
34 1.535161
35 1.554680
36 1.574314
37 1.594061
38 1.613917
39 1.633882
40 1.653951
41 1.674124
42 1.694398
43 1.714771
44 1.735241
45 1.755807
46 1.776467
47 1.797218
48 1.818060
49 1.838991
50 1.860009
51 1.881113
52 1.902302
53 1.923574
54 1.944928
55 1.966363
56 1.987877
57 2.009470
58 2.031140
59 2.052886
60 2.074707
61 2.096603
62 2.118571
63 2.140612
64 2.162723
65 2.184906
66 2.207157
67 2.229477
68 2.251865
69 2.274320
70 2.296841
71 2.319427
72 2.342078
73 2.364793
74 2.387571
75 2.410411
76 2.433314
77 2.456277
78 2.479301
79 2.502385
80 2.525528
81 2.548730
82 2.571990
83 2.595307
84 2.618682
85 2.642112
86 2.665599
87 2.689141
88 2.712738
89 2.736389
90 2.760094
91 2.783852
92 2.807663
93 2.831526
94 2.855442
95 2.879408
96 2.903426
97 2.927495
98 2.951614
99 2.975782
100 3.000000
