0 1.0965038716425701
1 1.143364776601233
2 1.2294911669645023
3 1.3259435155168602
4 1.422767728382116
5 1.5227677283821162
6 1.5982475614930305
7 1.6783366535302506
8 1.7468582190747417
9 1.8145112311038742
10 1.877320472427594
11 1.9281693080683855
12 1.981683346400537
13 2.0397210949695603
14 2.1199980453608678
15 2.1199980453608678
16 2.1710084468855033
17 2.1710084468855033
18 2.203442608768161
19 2.250338381055788
20 2.292414235228485
21 2.292414235228485
22 2.3449647383640952
23 2.408807257947229
24 2.408807257947229
25 2.508807257947229
26 2.59103570122569
27 2.672749884359163
28 2.7485217057189844
29 2.8298867258820444
30 2.923880100405729
31 2.923880100405729
32 2.923880100405729
33 3.018227934579488
34 3.1153303503678274
35 3.1153303503678274
36 3.1763363561350895
37 3.220148461984839
38 3.220148461984839
39 3.220148461984839
40 3.220148461984839
41 3.28517017249822
42 3.28517017249822
43 3.28517017249822
44 3.28517017249822
45 3.28517017249822
46 3.35791216033203
47 3.429959233746978
48 3.429959233746978
49 3.489104200982823
