0 1.004384437152389
1 1.006964313942041
2 1.018908893085829
3 1.018908893085829
4 1.039582433965967
5 1.039582433965967
6 1.0673230726947969
7 1.167323072694797
8 1.267323072694797
9 1.3673230726947971
10 1.4673230726947972
11 1.5673230726947973
12 1.5896723482862085
13 1.5896723482862085
14 1.5896723482862085
15 1.6089671067025395
16 1.6450818832669047
17 1.7450818832669048
18 1.845081883266905
19 1.8527136009454692
20 1.8902933334199123
21 1.9902933334199124
22 2.0899329682680445
23 2.0899329682680445
24 2.121316817530278
25 2.1549087147639003
26 2.179993195860576
27 2.2072467344873834
28 2.2072467344873834
29 2.253868552951429
30 2.2883807966157463
31 2.3310006814172604
32 2.3551885062408333
33 2.3940915778257468
34 2.3940915778257468
35 2.422693932073152
36 2.5226939320731523
37 2.5226939320731523
38 2.577627839497476
39 2.6776278395209405
40 2.708366700880126
41 2.7392521225858215
42 2.767756061428054
43 2.8439186576463906
44 2.8439186576463906
45 2.926227640040673
46 2.9754925981064893
47 2.9869891686405183
48 3.0869891686405184
49 3.0869891686405184
