1 1.000000
2 1.129544
3 1.257774
4 1.384688
5 1.510287
6 1.634570
7 1.757539
8 1.879192
9 1.999531
10 2.118554
11 2.236262
12 2.352654
13 2.467732
14 2.581494
15 2.693941
16 2.805073
17 2.914890
18 3.023392
19 3.130579
20 3.236450
21 3.341006
22 3.444247
23 3.546173
24 3.646783
25 3.746079
26 3.844059
27 3.940724
28 4.036074
29 4.130109
30 4.222829
31 4.314233
32 4.404323
33 4.493097
34 4.580556
35 4.666699
36 4.751528
37 4.835041
38 4.917240
39 4.998123
40 5.077691
41 5.155943
42 5.232881
43 5.308503
44 5.382810
45 5.455802
46 5.527479
47 5.597841
48 5.666888
49 5.734619
50 5.801035
51 5.866136
52 5.929922
53 5.992393
54 6.053548
55 6.113388
56 6.171914
57 6.229124
58 6.285018
59 6.339598
60 6.392862
61 6.444812
62 6.495446
63 6.544765
64 6.592769
65 6.639457
66 6.684831
67 6.728889
68 6.771632
69 6.813060
70 6.853173
71 6.891970
72 6.929453
73 6.965620
74 7.000472
75 7.034009
76 7.066230
77 7.097137
78 7.126728
79 7.155005
80 7.181966
81 7.207611
82 7.231942
83 7.254958
84 7.276658
85 7.297043
86 7.316113
87 7.333868
88 7.350308
89 7.365432
90 7.379241
91 7.391736
92 7.402914
93 7.412778
94 7.421327
95 7.428560
96 7.434479
97 7.439082
98 7.442370
99 7.444342
100 7.445000
