1 1.000000
2 1.005929
3 1.011799
4 1.017608
5 1.023357
6 1.029046
7 1.034674
8 1.040242
9 1.045750
10 1.051198
11 1.056586
12 1.061914
13 1.067181
14 1.072388
15 1.077535
16 1.082622
17 1.087648
18 1.092615
19 1.097521
20 1.102367
21 1.107152
22 1.111878
23 1.116543
24 1.121148
25 1.125693
26 1.130178
27 1.134603
28 1.138967
29 1.143271
30 1.147515
31 1.151699
32 1.155822
33 1.159886
34 1.163889
35 1.167832
36 1.171715
37 1.175537
38 1.179300
39 1.183002
40 1.186644
41 1.190225
42 1.193747
43 1.197208
44 1.200610
45 1.203951
46 1.207231
47 1.210452
48 1.213612
49 1.216713
50 1.219753
51 1.222732
52 1.225652
53 1.228511
54 1.231311
55 1.234050
56 1.236728
57 1.239347
58 1.241905
59 1.244404
60 1.246842
61 1.249219
62 1.251537
63 1.253795
64 1.255992
65 1.258129
66 1.260206
67 1.262222
68 1.264179
69 1.266075
70 1.267911
71 1.269687
72 1.271402
73 1.273058
74 1.274653
75 1.276188
76 1.277663
77 1.279078
78 1.280432
79 1.281726
80 1.282960
81 1.284134
82 1.285248
83 1.286301
84 1.287295
85 1.288228
86 1.289101
87 1.289913
88 1.290666
89 1.291358
90 1.291990
91 1.292562
92 1.293074
93 1.293525
94 1.293916
95 1.294248
96 1.294518
97 1.294729
98 1.294880
99 1.294970
100 1.295000
