1 1.000000
2 1.040200
3 1.079992
4 1.119376
5 1.158351
6 1.196919
7 1.235078
8 1.272829
9 1.310172
10 1.347107
11 1.383634
12 1.419753
13 1.455464
14 1.490766
15 1.525661
16 1.560147
17 1.594225
18 1.627895
19 1.661157
20 1.694011
21 1.726456
22 1.758494
23 1.790123
24 1.821345
25 1.852158
26 1.882563
27 1.912560
28 1.942149
29 1.971329
30 2.000102
31 2.028466
32 2.056423
33 2.083971
34 2.111111
35 2.137843
36 2.164167
37 2.190083
38 2.215590
39 2.240690
40 2.265381
41 2.289664
42 2.313539
43 2.337006
44 2.360065
45 2.382716
46 2.404959
47 2.426793
48 2.448220
49 2.469238
50 2.489848
51 2.510050
52 2.529844
53 2.549230
54 2.568207
55 2.586777
56 2.604938
57 2.622692
58 2.640037
59 2.656974
60 2.673503
61 2.689624
62 2.705336
63 2.720641
64 2.735537
65 2.750026
66 2.764106
67 2.777778
68 2.791042
69 2.803898
70 2.816345
71 2.828385
72 2.840016
73 2.851240
74 2.862055
75 2.872462
76 2.882461
77 2.892052
78 2.901235
79 2.910009
80 2.918376
81 2.926334
82 2.933884
83 2.941026
84 2.947760
85 2.954086
86 2.960004
87 2.965514
88 2.970615
89 2.975309
90 2.979594
91 2.983471
92 2.986940
93 2.990001
94 2.992654
95 2.994898
96 2.996735
97 2.998163
98 2.999184
99 2.999796
100 3.000000
