0 2.3018617630004883
1 2.3027191162109375
2 2.3024580478668213
3 2.3024580478668213
4 2.3024580478668213
5 2.3024580478668213
6 2.303434371948242
7 2.3041298389434814
8 2.3013367652893066
9 2.300773859024048
10 2.3021793365478516
11 2.301461935043335
12 2.3019793033599854
13 2.3019793033599854
14 2.3022677898406982
15 2.3022677898406982
16 2.301591396331787
17 2.304251194000244
18 2.303975820541382
19 2.3018836975097656
20 2.3023905754089355
21 2.303187847137451
22 2.3014700412750244
23 2.3010218143463135
24 2.3010218143463135
25 2.3010218143463135
26 2.3007729053497314
27 2.3046019077301025
28 2.3018620014190674
29 2.302759885787964
30 2.302759885787964
31 2.3028404712677
32 2.3025221824645996
33 2.3022372722625732
34 2.3008790016174316
35 2.3025355339050293
36 2.3013997077941895
37 2.303307056427002
38 2.303307056427002
39 2.3019511699676514
40 2.3019511699676514
41 2.3019511699676514
42 2.3019511699676514
43 2.302366256713867
44 2.3018195629119873
45 2.301989793777466
46 2.3011972904205322
47 2.3016719818115234
48 2.301063060760498
49 2.301063060760498
50 2.301063060760498
51 2.303706169128418
52 2.3016605377197266
53 2.302048683166504
54 2.3016927242279053
55 2.3042118549346924
56 2.3045639991760254
57 2.3010075092315674
58 2.2998604774475098
59 2.2998604774475098
60 2.301265239715576
61 2.301989793777466
62 2.3015758991241455
63 2.3015758991241455
64 2.3026340007781982
65 2.301140785217285
66 2.3015713691711426
67 2.299084424972534
68 2.303358554840088
69 2.301107406616211
70 2.301107406616211
71 2.301360845565796
72 2.301360845565796
73 2.3023006916046143
74 2.3007724285125732
75 2.3008148670196533
76 2.3008148670196533
77 2.301208019256592
78 2.302535057067871
79 2.301426887512207
80 2.301426887512207
81 2.301621675491333
82 2.302868366241455
83 2.300830125808716
84 2.3013980388641357
85 2.3030598163604736
86 2.302159547805786
87 2.302159547805786
88 2.3011138439178467
89 2.3015146255493164
90 2.3015146255493164
91 2.302194118499756
92 2.3011748790740967
93 2.302053928375244
94 2.302074432373047
95 2.303004741668701
96 2.303632974624634
97 2.3020877838134766
98 2.3006045818328857
99 2.3006045818328857
100 2.302781343460083
101 2.302255868911743
102 2.300199031829834
103 2.3009183406829834
104 2.3025336265563965
105 2.303013324737549
106 2.3030917644500732
107 2.300302267074585
108 2.300302267074585
109 2.302502393722534
110 2.3007192611694336
111 2.3027403354644775
112 2.301898956298828
113 2.3000664710998535
114 2.3032898902893066
115 2.3018481731414795
116 2.302467107772827
117 2.3010199069976807
118 2.3010199069976807
119 2.300261974334717
120 2.302025079727173
121 2.3020362854003906
122 2.3045358657836914
123 2.3037047386169434
124 2.3037047386169434
125 2.299729347229004
126 2.302954912185669
127 2.301582098007202
128 2.301582098007202
129 2.3025333881378174
130 2.3027148246765137
131 2.3025565147399902
132 2.3025565147399902
133 2.301215410232544
134 2.301215410232544
135 2.3023290634155273
136 2.3023290634155273
137 2.3010752201080322
138 2.3010222911834717
139 2.3010222911834717
140 2.3011982440948486
141 2.302804708480835
142 2.300834894180298
143 2.302685022354126
144 2.3022727966308594
145 2.3034965991973877
146 2.3038489818573
147 2.3011393547058105
148 2.301283359527588
149 2.3019096851348877
150 2.301138162612915
151 2.3026225566864014
152 2.301771640777588
153 2.2994234561920166
154 2.300515651702881
155 2.3025996685028076
156 2.3010239601135254
157 2.3006675243377686
158 2.3006675243377686
159 2.3022375106811523
160 2.303008794784546
161 2.3021230697631836
162 2.3010215759277344
163 2.299093723297119
164 2.3001492023468018
165 2.301056146621704
166 2.301056146621704
167 2.3004848957061768
168 2.3004848957061768
169 2.3004848957061768
170 2.3004848957061768
171 2.301062822341919
172 2.3023681640625
173 2.3023681640625
174 2.3022468090057373
175 2.3030996322631836
176 2.300828695297241
177 2.301779270172119
178 2.3024091720581055
179 2.3024091720581055
180 2.301426410675049
181 2.3007302284240723
182 2.3009679317474365
183 2.300360918045044
184 2.3031678199768066
185 2.3010289669036865
186 2.3016955852508545
187 2.299906015396118
188 2.299906015396118
189 2.299906015396118
190 2.300806999206543
191 2.301316738128662
192 2.3004109859466553
193 2.3017611503601074
194 2.3020081520080566
195 2.3020081520080566
196 2.3020081520080566
197 2.3020081520080566
198 2.3020081520080566
199 2.3020081520080566
200 2.300995111465454
201 2.300995111465454
202 2.3009159564971924
203 2.3009159564971924
204 2.30190372467041
205 2.30190372467041
206 2.301392078399658
207 2.301392078399658
208 2.300764560699463
209 2.300910711288452
210 2.303130626678467
211 2.301724910736084
212 2.300440788269043
213 2.300440788269043
214 2.301605463027954
215 2.301605463027954
216 2.3002352714538574
217 2.3005127906799316
218 2.3005127906799316
219 2.3020873069763184
220 2.3020873069763184
221 2.3020873069763184
222 2.301074504852295
223 2.301074504852295
224 2.299948215484619
225 2.3022232055664062
226 2.299527406692505
227 2.299527406692505
228 2.3029699325561523
229 2.3029699325561523
230 2.3037025928497314
231 2.3015942573547363
232 2.3015942573547363
233 2.3015942573547363
234 2.3005380630493164
235 2.3005380630493164
236 2.3001670837402344
237 2.3001670837402344
238 2.300807237625122
239 2.2994251251220703
240 2.2994251251220703
241 2.2994251251220703
242 2.3017075061798096
243 2.3017075061798096
244 2.298884630203247
245 2.3007166385650635
246 2.2986884117126465
247 2.2986884117126465
248 2.2986884117126465
249 2.2986884117126465
250 2.299614191055298
251 2.302375316619873
252 2.300105571746826
253 2.3017971515655518
254 2.299363613128662
255 2.3026282787323
256 2.3031346797943115
257 2.300290107727051
258 2.3009252548217773
259 2.3009026050567627
260 2.3018643856048584
261 2.3004186153411865
262 2.3004186153411865
263 2.3004186153411865
264 2.3004186153411865
265 2.2993226051330566
266 2.2993226051330566
267 2.3013763427734375
268 2.3013763427734375
269 2.304522752761841
270 2.2994000911712646
271 2.2994000911712646
272 2.299773931503296
273 2.3005590438842773
274 2.299407720565796
275 2.301976203918457
276 2.301976203918457
277 2.301976203918457
278 2.3007984161376953
279 2.3007984161376953
280 2.301957845687866
281 2.300977945327759
282 2.3003082275390625
283 2.302560567855835
284 2.2993404865264893
285 2.2989346981048584
286 2.2989346981048584
287 2.30172061920166
288 2.30172061920166
289 2.3020708560943604
290 2.3020708560943604
291 2.3020708560943604
292 2.3000328540802
293 2.300150156021118
294 2.300150156021118
295 2.300150156021118
296 2.298086166381836
297 2.3009235858917236
298 2.3014140129089355
299 2.3013529777526855
300 2.301839590072632
301 2.2997331619262695
302 2.3017337322235107
303 2.3017337322235107
304 2.3017337322235107
305 2.2997517585754395
306 2.303041458129883
307 2.303041458129883
308 2.302565097808838
309 2.2974255084991455
310 2.2974255084991455
311 2.2986631393432617
312 2.2986631393432617
313 2.2984015941619873
314 2.3005001544952393
315 2.302732467651367
316 2.3007636070251465
317 2.3001389503479004
318 2.299774169921875
319 2.299938201904297
320 2.299938201904297
321 2.300370216369629
322 2.299830436706543
323 2.3013248443603516
324 2.3013248443603516
325 2.2999072074890137
326 2.2999072074890137
327 2.3026013374328613
328 2.3026013374328613
329 2.3015148639678955
330 2.2999331951141357
331 2.3004181385040283
332 2.300386428833008
333 2.300386428833008
334 2.2998909950256348
335 2.3016114234924316
336 2.3016114234924316
337 2.3016762733459473
338 2.299806594848633
339 2.299806594848633
340 2.2998807430267334
341 2.3008546829223633
342 2.301539421081543
343 2.2999072074890137
344 2.2999072074890137
345 2.2999072074890137
346 2.2999072074890137
347 2.2999072074890137
348 2.2987070083618164
349 2.2987070083618164
350 2.2990036010742188
351 2.300226926803589
352 2.2998783588409424
353 2.2998783588409424
354 2.2998783588409424
355 2.2998268604278564
356 2.299936532974243
357 2.299936532974243
358 2.2998464107513428
359 2.30346941947937
360 2.300320863723755
361 2.298938751220703
362 2.303018569946289
363 2.303018569946289
364 2.3020260334014893
365 2.301298141479492
366 2.2993850708007812
367 2.2991232872009277
368 2.3006815910339355
369 2.3037123680114746
370 2.30009388923645
371 2.3008999824523926
372 2.3008999824523926
373 2.3008999824523926
374 2.3008999824523926
375 2.3004531860351562
376 2.30204176902771
377 2.3002679347991943
378 2.3011958599090576
379 2.298729658126831
380 2.300584554672241
381 2.2998530864715576
382 2.300171136856079
383 2.3004097938537598
384 2.3004097938537598
385 2.3004097938537598
386 2.3007662296295166
387 2.2995283603668213
388 2.299311637878418
389 2.299311637878418
390 2.3020639419555664
391 2.2998552322387695
392 2.3034799098968506
393 2.29937744140625
394 2.301778793334961
395 2.301778793334961
396 2.3016583919525146
397 2.3016583919525146
398 2.2990005016326904
399 2.299978256225586
400 2.299978256225586
401 2.299138069152832
402 2.3001585006713867
403 2.3001585006713867
404 2.3023462295532227
405 2.298725128173828
406 2.3010094165802
407 2.3010094165802
408 2.3010094165802
409 2.2995595932006836
410 2.3010032176971436
411 2.298508644104004
412 2.297642707824707
413 2.3019955158233643
414 2.30179500579834
415 2.302669048309326
416 2.3012609481811523
417 2.299948215484619
418 2.299948215484619
419 2.3005170822143555
420 2.2998876571655273
421 2.299011707305908
422 2.299011707305908
423 2.301996946334839
424 2.3022782802581787
425 2.299736976623535
426 2.301353693008423
427 2.301353693008423
428 2.301353693008423
429 2.301353693008423
430 2.2988803386688232
431 2.301349401473999
432 2.3030214309692383
433 2.299724578857422
434 2.301586151123047
435 2.298773765563965
436 2.300873279571533
437 2.300873279571533
438 2.3004703521728516
439 2.3004703521728516
440 2.3014838695526123
441 2.2999117374420166
442 2.2999117374420166
443 2.2989776134490967
444 2.3002240657806396
445 2.29941463470459
446 2.29941463470459
447 2.29941463470459
448 2.29941463470459
449 2.298727035522461
450 2.2994539737701416
451 2.30000376701355
452 2.30000376701355
453 2.2994608879089355
454 2.2994608879089355
455 2.300198793411255
456 2.300215482711792
457 2.300215482711792
458 2.300450325012207
459 2.298725128173828
460 2.298725128173828
461 2.299560308456421
462 2.3021254539489746
463 2.299360990524292
464 2.3019156455993652
465 2.2996442317962646
466 2.298463821411133
467 2.298463821411133
468 2.298463821411133
469 2.30026912689209
470 2.2999730110168457
471 2.2999234199523926
472 2.299684762954712
473 2.299684762954712
474 2.300917148590088
475 2.299410820007324
476 2.2992141246795654
477 2.2992141246795654
478 2.29780650138855
479 2.29780650138855
480 2.29780650138855
481 2.2992539405822754
482 2.3003082275390625
483 2.3003082275390625
484 2.296759605407715
485 2.299114227294922
486 2.299778461456299
487 2.299778461456299
488 2.2991933822631836
489 2.297746419906616
490 2.297746419906616
491 2.297746419906616
492 2.297746419906616
493 2.297746419906616
494 2.3005990982055664
495 2.299668073654175
496 2.299668073654175
497 2.2993621826171875
498 2.301021099090576
499 2.301021099090576
500 2.301238775253296
501 2.301238775253296
502 2.301238775253296
503 2.3031036853790283
504 2.3022758960723877
505 2.300967216491699
506 2.298717737197876
507 2.298717737197876
508 2.299028158187866
509 2.297379970550537
510 2.297379970550537
511 2.300077199935913
512 2.300077199935913
513 2.3009464740753174
514 2.299455165863037
515 2.3003597259521484
516 2.298990488052368
517 2.2990846633911133
518 2.300233840942383
519 2.298428535461426
520 2.298428535461426
521 2.298428535461426
522 2.2986679077148438
523 2.2980103492736816
524 2.3017892837524414
525 2.2989625930786133
526 2.2989625930786133
527 2.2964518070220947
528 2.300635576248169
529 2.3021364212036133
530 2.2985405921936035
531 2.2985405921936035
532 2.298387289047241
533 2.3012285232543945
534 2.3012285232543945
535 2.3012285232543945
536 2.2998175621032715
537 2.2998175621032715
538 2.299184560775757
539 2.299184560775757
540 2.300252676010132
541 2.2987654209136963
542 2.2987654209136963
543 2.297795295715332
544 2.297795295715332
545 2.3000471591949463
546 2.2958130836486816
547 2.2979588508605957
548 2.2979588508605957
549 2.2984566688537598
550 2.298011541366577
551 2.300529956817627
552 2.29813289642334
553 2.29813289642334
554 2.29813289642334
555 2.298614978790283
556 2.298614978790283
557 2.2996761798858643
558 2.2997021675109863
559 2.2997021675109863
560 2.2970333099365234
561 2.300597667694092
562 2.2997243404388428
563 2.2997243404388428
564 2.2997243404388428
565 2.29935622215271
566 2.299044370651245
567 2.299044370651245
568 2.299044370651245
569 2.2983591556549072
570 2.300217390060425
571 2.3005318641662598
572 2.298539638519287
573 2.299976348876953
574 2.2989423274993896
575 2.298720121383667
576 2.3000245094299316
577 2.3009793758392334
578 2.2998013496398926
579 2.2998013496398926
580 2.2998013496398926
581 2.3009791374206543
582 2.3009791374206543
583 2.300689697265625
584 2.2999417781829834
585 2.2994320392608643
586 2.2992048263549805
587 2.2992048263549805
588 2.2963356971740723
589 2.301104784011841
590 2.2974488735198975
591 2.300961494445801
592 2.3009002208709717
593 2.2977941036224365
594 2.2999091148376465
595 2.29754376411438
596 2.298927068710327
597 2.298927068710327
598 2.298927068710327
599 2.3001394271850586
600 2.298572063446045
601 2.298572063446045
602 2.3005218505859375
603 2.299417734146118
604 2.2965879440307617
605 2.3007805347442627
606 2.29781436920166
607 2.3007473945617676
608 2.3007473945617676
609 2.3007473945617676
610 2.3007473945617676
611 2.3007473945617676
612 2.296325445175171
613 2.3032467365264893
614 2.298161029815674
615 2.3001978397369385
616 2.300042152404785
617 2.3001532554626465
618 2.2989330291748047
619 2.29961895942688
620 2.29961895942688
621 2.299025058746338
622 2.300365447998047
623 2.298322916030884
624 2.30153489112854
625 2.30153489112854
626 2.30153489112854
627 2.299124002456665
628 2.299323797225952
629 2.298882484436035
630 2.2981760501861572
631 2.296323776245117
632 2.296323776245117
633 2.296323776245117
634 2.299353837966919
635 2.29752779006958
636 2.3013925552368164
637 2.3013925552368164
638 2.30070161819458
639 2.2995591163635254
640 2.2984886169433594
641 2.2957725524902344
642 2.296663999557495
643 2.301151752471924
644 2.2970056533813477
645 2.300917387008667
646 2.298241138458252
647 2.295713186264038
648 2.3013908863067627
649 2.3013908863067627
650 2.298863649368286
651 2.2972309589385986
652 2.2972309589385986
653 2.2983357906341553
654 2.296025514602661
655 2.300351142883301
656 2.3001742362976074
657 2.2992396354675293
658 2.2992396354675293
659 2.2944867610931396
660 2.299293279647827
661 2.2980709075927734
662 2.295644998550415
663 2.298382520675659
664 2.299525499343872
665 2.3021068572998047
666 2.2957639694213867
667 2.298232316970825
668 2.2972631454467773
669 2.2973837852478027
670 2.297315835952759
671 2.3007688522338867
672 2.2965776920318604
673 2.295877456665039
674 2.295877456665039
675 2.2968087196350098
676 2.2976834774017334
677 2.293470859527588
678 2.293470859527588
679 2.303271532058716
680 2.3009345531463623
681 2.296382427215576
682 2.2985429763793945
683 2.2985289096832275
684 2.2985289096832275
685 2.2985289096832275
686 2.298807144165039
687 2.299724817276001
688 2.2978105545043945
689 2.2978501319885254
690 2.2978501319885254
691 2.3002328872680664
692 2.2986371517181396
693 2.2960422039031982
694 2.2960422039031982
695 2.2999889850616455
696 2.296536445617676
697 2.296536445617676
698 2.2979109287261963
699 2.2972211837768555
700 2.2964999675750732
701 2.297729730606079
702 2.2987263202667236
703 2.2967162132263184
704 2.295689821243286
705 2.294552803039551
706 2.2985551357269287
707 2.2984697818756104
708 2.296477794647217
709 2.297203779220581
710 2.2992336750030518
711 2.3021254539489746
712 2.2986013889312744
713 2.2987759113311768
714 2.2987759113311768
715 2.2968170642852783
716 2.2968170642852783
717 2.298855781555176
718 2.298855781555176
719 2.2955234050750732
720 2.2998409271240234
721 2.298283338546753
722 2.298367738723755
723 2.298367738723755
724 2.298367738723755
725 2.297539472579956
726 2.296800136566162
727 2.3003580570220947
728 2.3003580570220947
729 2.2995383739471436
730 2.2995383739471436
731 2.2995383739471436
732 2.2946343421936035
733 2.29571270942688
734 2.2984259128570557
735 2.2984259128570557
736 2.296224355697632
737 2.2963790893554688
738 2.2963790893554688
739 2.298776149749756
740 2.297970771789551
741 2.297970771789551
742 2.2991585731506348
743 2.2958872318267822
744 2.2958872318267822
745 2.2958872318267822
746 2.2958872318267822
747 2.2958872318267822
748 2.2973721027374268
749 2.2973721027374268
750 2.2973721027374268
751 2.2964859008789062
752 2.296194076538086
753 2.301473617553711
754 2.295581579208374
755 2.295581579208374
756 2.295581579208374
757 2.296396493911743
758 2.296396493911743
759 2.295522928237915
760 2.2961456775665283
761 2.297990083694458
762 2.297990083694458
763 2.297990083694458
764 2.297990083694458
765 2.29711651802063
766 2.297532320022583
767 2.297532320022583
768 2.29612398147583
769 2.29612398147583
770 2.296431541442871
771 2.296980857849121
772 2.296980857849121
773 2.2939722537994385
774 2.2967772483825684
775 2.296694040298462
776 2.29665207862854
777 2.2963390350341797
778 2.2963390350341797
779 2.296426773071289
780 2.297332525253296
781 2.293288469314575
782 2.293288469314575
783 2.2970950603485107
784 2.294793128967285
785 2.2938921451568604
786 2.2938921451568604
787 2.2938921451568604
788 2.2986629009246826
789 2.2968215942382812
790 2.2950074672698975
791 2.2975964546203613
792 2.2975964546203613
793 2.298461675643921
794 2.298461675643921
795 2.2933480739593506
796 2.2933480739593506
797 2.2965545654296875
798 2.2965545654296875
799 2.295830011367798
800 2.2947921752929688
801 2.2956342697143555
802 2.295640468597412
803 2.2984697818756104
804 2.2975335121154785
805 2.2975335121154785
806 2.2995314598083496
807 2.29445219039917
808 2.298556089401245
809 2.2974581718444824
810 2.2974581718444824
811 2.298689365386963
812 2.297346353530884
813 2.2953712940216064
814 2.2953712940216064
815 2.2980902194976807
816 2.294527292251587
817 2.294527292251587
818 2.2980899810791016
819 2.2964229583740234
820 2.2964229583740234
821 2.2964229583740234
822 2.2967593669891357
823 2.2967593669891357
824 2.2967593669891357
825 2.2967593669891357
826 2.2967593669891357
827 2.2985472679138184
828 2.2971527576446533
829 2.2971527576446533
830 2.2955520153045654
831 2.2963671684265137
832 2.2963671684265137
833 2.2963671684265137
834 2.2963671684265137
835 2.2980663776397705
836 2.2980663776397705
837 2.2992777824401855
838 2.2976601123809814
839 2.2976601123809814
840 2.2976601123809814
841 2.2969918251037598
842 2.2969918251037598
843 2.2969918251037598
844 2.2969918251037598
845 2.2969918251037598
846 2.2969918251037598
847 2.293332099914551
848 2.293332099914551
849 2.293332099914551
850 2.2931227684020996
851 2.29827880859375
852 2.2971138954162598
853 2.294234037399292
854 2.295229911804199
855 2.295229911804199
856 2.2944324016571045
857 2.293332815170288
858 2.2969276905059814
859 2.2969276905059814
860 2.2969276905059814
861 2.2951717376708984
862 2.2957258224487305
863 2.2949440479278564
864 2.2983832359313965
865 2.295854091644287
866 2.294173002243042
867 2.294173002243042
868 2.293804407119751
869 2.293804407119751
870 2.294936418533325
871 2.2949059009552
872 2.2940704822540283
873 2.2975974082946777
874 2.293869733810425
875 2.2976510524749756
876 2.2970402240753174
877 2.2970402240753174
878 2.2960493564605713
879 2.298670768737793
880 2.29704213142395
881 2.294459819793701
882 2.293720245361328
883 2.293720245361328
884 2.293287992477417
885 2.296538829803467
886 2.296538829803467
887 2.29294490814209
888 2.29294490814209
889 2.296908140182495
890 2.291938304901123
891 2.293621778488159
892 2.293621778488159
893 2.293621778488159
894 2.2962234020233154
895 2.2958219051361084
896 2.2931008338928223
897 2.2931008338928223
898 2.2931008338928223
899 2.293776512145996
900 2.292921543121338
901 2.2947378158569336
902 2.2947378158569336
903 2.2947378158569336
904 2.2947378158569336
905 2.2947378158569336
906 2.2947378158569336
907 2.2947378158569336
908 2.2947378158569336
909 2.2947378158569336
910 2.2947378158569336
911 2.2925658226013184
912 2.2946996688842773
913 2.2939846515655518
914 2.2991998195648193
915 2.2929227352142334
916 2.2923450469970703
917 2.2923450469970703
918 2.2912330627441406
919 2.2947998046875
920 2.2932686805725098
921 2.2932686805725098
922 2.2900609970092773
923 2.293708562850952
924 2.293708562850952
925 2.293708562850952
926 2.294571876525879
927 2.293902635574341
928 2.296480417251587
929 2.292698621749878
930 2.293789863586426
931 2.294617176055908
932 2.29522705078125
933 2.2973594665527344
934 2.2942488193511963
935 2.2942488193511963
936 2.2971653938293457
937 2.2971653938293457
938 2.2916181087493896
939 2.2921156883239746
940 2.2921156883239746
941 2.2957050800323486
942 2.2957050800323486
943 2.298597574234009
944 2.293078660964966
945 2.293078660964966
946 2.291534185409546
947 2.291534185409546
948 2.291534185409546
949 2.2948403358459473
950 2.292184352874756
951 2.292184352874756
952 2.2961153984069824
953 2.294853687286377
954 2.294267416000366
955 2.290562152862549
956 2.2945616245269775
957 2.2945616245269775
958 2.2945616245269775
959 2.2949321269989014
960 2.2909507751464844
961 2.291185140609741
962 2.291185140609741
963 2.291185140609741
964 2.292853832244873
965 2.2908382415771484
966 2.2951104640960693
967 2.2917540073394775
968 2.2917540073394775
969 2.2975358963012695
970 2.2947161197662354
971 2.2947161197662354
972 2.2947161197662354
973 2.2947161197662354
974 2.2947161197662354
975 2.2915756702423096
976 2.2934675216674805
977 2.2914464473724365
978 2.2925283908843994
979 2.2925283908843994
980 2.2925283908843994
981 2.2911765575408936
982 2.295436382293701
983 2.2909483909606934
984 2.2932519912719727
985 2.2901411056518555
986 2.2901411056518555
987 2.2901411056518555
988 2.2951550483703613
989 2.2938296794891357
990 2.291077136993408
991 2.2936928272247314
992 2.2936928272247314
993 2.2936928272247314
994 2.2936928272247314
995 2.2910141944885254
996 2.292870044708252
997 2.292870044708252
998 2.292870044708252
999 2.29478120803833
1000 2.2907700538635254
1001 2.2907700538635254
1002 2.2907700538635254
1003 2.289473533630371
1004 2.289473533630371
1005 2.289473533630371
1006 2.2945950031280518
1007 2.2925169467926025
1008 2.2925169467926025
1009 2.2892000675201416
1010 2.2914485931396484
1011 2.2914342880249023
1012 2.2914342880249023
1013 2.293759822845459
1014 2.289724111557007
1015 2.2910852432250977
1016 2.293715715408325
1017 2.2902610301971436
1018 2.290719509124756
1019 2.292966604232788
1020 2.291591167449951
1021 2.2968358993530273
1022 2.2968358993530273
1023 2.289357900619507
1024 2.289357900619507
1025 2.289357900619507
1026 2.289357900619507
1027 2.289307117462158
1028 2.2902414798736572
1029 2.288661003112793
1030 2.2914342880249023
1031 2.2914342880249023
1032 2.2920236587524414
1033 2.289686679840088
1034 2.2905070781707764
1035 2.290433645248413
1036 2.290433645248413
1037 2.2868168354034424
1038 2.2926042079925537
1039 2.2922611236572266
1040 2.2890820503234863
1041 2.2890820503234863
1042 2.2894468307495117
1043 2.2894468307495117
1044 2.2906458377838135
1045 2.290762424468994
1046 2.2888245582580566
1047 2.2924396991729736
1048 2.2924396991729736
1049 2.2924396991729736
1050 2.291851758956909
1051 2.290396213531494
1052 2.2911133766174316
1053 2.291079044342041
1054 2.291079044342041
1055 2.2918732166290283
1056 2.2909977436065674
1057 2.2933292388916016
1058 2.290034055709839
1059 2.2933189868927
1060 2.2923004627227783
1061 2.2923004627227783
1062 2.2923004627227783
1063 2.2923004627227783
1064 2.2923004627227783
1065 2.287278890609741
1066 2.288177967071533
1067 2.2914962768554688
1068 2.2914962768554688
1069 2.2891671657562256
1070 2.28841495513916
1071 2.2881667613983154
1072 2.2880332469940186
1073 2.2880332469940186
1074 2.2880332469940186
1075 2.2887120246887207
1076 2.2852213382720947
1077 2.2924885749816895
1078 2.2866241931915283
1079 2.291118621826172
1080 2.289289951324463
1081 2.2896034717559814
1082 2.2896034717559814
1083 2.2896034717559814
1084 2.2840616703033447
1085 2.292619466781616
1086 2.292619466781616
1087 2.292619466781616
1088 2.2861647605895996
1089 2.2861647605895996
1090 2.289228916168213
1091 2.289228916168213
1092 2.290842294692993
1093 2.291315793991089
1094 2.291315793991089
1095 2.2866034507751465
1096 2.290292978286743
1097 2.290292978286743
1098 2.2848379611968994
1099 2.293088436126709
1100 2.2912590503692627
1101 2.290231704711914
1102 2.285933256149292
1103 2.2881133556365967
1104 2.288395404815674
1105 2.2873899936676025
1106 2.292579412460327
1107 2.2840521335601807
1108 2.289030075073242
1109 2.286926507949829
1110 2.2844438552856445
1111 2.2844438552856445
1112 2.2844438552856445
1113 2.2844438552856445
1114 2.2891623973846436
1115 2.2862534523010254
1116 2.2862534523010254
1117 2.2862534523010254
1118 2.2856948375701904
1119 2.283804416656494
1120 2.2888343334198
1121 2.28786039352417
1122 2.28786039352417
1123 2.2904107570648193
1124 2.2904107570648193
1125 2.2845120429992676
1126 2.2905733585357666
1127 2.287075996398926
1128 2.285029649734497
1129 2.284640312194824
1130 2.284640312194824
1131 2.2857203483581543
1132 2.286220073699951
1133 2.286220073699951
1134 2.286220073699951
1135 2.286220073699951
1136 2.2874598503112793
1137 2.2816765308380127
1138 2.286820650100708
1139 2.283184051513672
1140 2.283184051513672
1141 2.287395715713501
1142 2.287395715713501
1143 2.287395715713501
1144 2.287395715713501
1145 2.2820029258728027
1146 2.2820885181427
1147 2.2820885181427
1148 2.2867586612701416
1149 2.2890024185180664
1150 2.2889387607574463
1151 2.2852113246917725
1152 2.288322925567627
1153 2.2846217155456543
1154 2.2906129360198975
1155 2.2906129360198975
1156 2.2909207344055176
1157 2.2845029830932617
1158 2.2885265350341797
1159 2.2832255363464355
1160 2.288893222808838
1161 2.281064987182617
1162 2.2860703468322754
1163 2.287743091583252
1164 2.287743091583252
1165 2.2873497009277344
1166 2.2873497009277344
1167 2.2873497009277344
1168 2.284726858139038
1169 2.286672830581665
1170 2.281883955001831
1171 2.281883955001831
1172 2.2867047786712646
1173 2.2875123023986816
1174 2.2875123023986816
1175 2.285382032394409
1176 2.285382032394409
1177 2.2853140830993652
1178 2.281680107116699
1179 2.2856905460357666
1180 2.2856905460357666
1181 2.2856905460357666
1182 2.2820324897766113
1183 2.2820324897766113
1184 2.2848243713378906
1185 2.283604145050049
1186 2.283604145050049
1187 2.2846102714538574
1188 2.2865376472473145
1189 2.2865376472473145
1190 2.2865376472473145
1191 2.282060384750366
1192 2.2832820415496826
1193 2.2832820415496826
1194 2.2853219509124756
1195 2.2828822135925293
1196 2.2823023796081543
1197 2.2859435081481934
1198 2.2832884788513184
1199 2.2842981815338135
1200 2.2842981815338135
1201 2.288099527359009
1202 2.2781338691711426
1203 2.2781338691711426
1204 2.2820239067077637
1205 2.2844064235687256
1206 2.280860424041748
1207 2.280860424041748
1208 2.2876181602478027
1209 2.2842516899108887
1210 2.2842516899108887
1211 2.2850701808929443
1212 2.281477689743042
1213 2.2812397480010986
1214 2.2827932834625244
1215 2.2846908569335938
1216 2.2846908569335938
1217 2.2810447216033936
1218 2.2815136909484863
1219 2.2815136909484863
1220 2.282808542251587
1221 2.2831664085388184
1222 2.2790353298187256
1223 2.2790353298187256
1224 2.2807602882385254
1225 2.2787275314331055
1226 2.2787275314331055
1227 2.2807250022888184
1228 2.281501531600952
1229 2.281501531600952
1230 2.2816872596740723
1231 2.276632070541382
1232 2.276632070541382
1233 2.2807183265686035
1234 2.2807183265686035
1235 2.2807183265686035
1236 2.279085636138916
1237 2.2801520824432373
1238 2.2825663089752197
1239 2.2826902866363525
1240 2.2826902866363525
1241 2.281970500946045
1242 2.2830660343170166
1243 2.2797141075134277
1244 2.2797141075134277
1245 2.2797141075134277
1246 2.2797141075134277
1247 2.2772045135498047
1248 2.2772045135498047
1249 2.283001184463501
1250 2.278254747390747
1251 2.278254747390747
1252 2.279735565185547
1253 2.280087947845459
1254 2.280087947845459
1255 2.2807271480560303
1256 2.281059741973877
1257 2.2791242599487305
1258 2.278841495513916
1259 2.2797884941101074
1260 2.2845523357391357
1261 2.279215097427368
1262 2.279215097427368
1263 2.2780187129974365
1264 2.279292583465576
1265 2.2807111740112305
1266 2.2791244983673096
1267 2.271338939666748
1268 2.271338939666748
1269 2.271338939666748
1270 2.280278444290161
1271 2.2811269760131836
1272 2.2790393829345703
1273 2.2790393829345703
1274 2.2759337425231934
1275 2.277139186859131
1276 2.275787830352783
1277 2.2779934406280518
1278 2.273662567138672
1279 2.27386212348938
1280 2.2839012145996094
1281 2.2839012145996094
1282 2.2789554595947266
1283 2.2789554595947266
1284 2.273303270339966
1285 2.273303270339966
1286 2.273303270339966
1287 2.279003620147705
1288 2.279003620147705
1289 2.279003620147705
1290 2.273967742919922
1291 2.27582049369812
1292 2.27582049369812
1293 2.27582049369812
1294 2.2756447792053223
1295 2.277177572250366
1296 2.2832417488098145
1297 2.273589611053467
1298 2.273589611053467
1299 2.272982597351074
1300 2.274956464767456
1301 2.2755038738250732
1302 2.275198459625244
1303 2.275198459625244
1304 2.2720818519592285
1305 2.2677204608917236
1306 2.2677204608917236
1307 2.2786309719085693
1308 2.268001079559326
1309 2.268001079559326
1310 2.2773938179016113
1311 2.2748100757598877
1312 2.274756669998169
1313 2.2728562355041504
1314 2.275883197784424
1315 2.2668285369873047
1316 2.271472454071045
1317 2.2715280055999756
1318 2.27451491355896
1319 2.270700216293335
1320 2.2714433670043945
1321 2.2696642875671387
1322 2.2740533351898193
1323 2.2637734413146973
1324 2.267256259918213
1325 2.2705225944519043
1326 2.2647974491119385
1327 2.2647974491119385
1328 2.266913414001465
1329 2.266913414001465
1330 2.269026041030884
1331 2.2700436115264893
1332 2.2700436115264893
1333 2.2700436115264893
1334 2.2700436115264893
1335 2.267235517501831
1336 2.2680165767669678
1337 2.2680165767669678
1338 2.266170024871826
1339 2.2701919078826904
1340 2.2695629596710205
1341 2.2695629596710205
1342 2.2695629596710205
1343 2.2695629596710205
1344 2.266752243041992
1345 2.2732770442962646
1346 2.263254404067993
1347 2.263254404067993
1348 2.2704687118530273
1349 2.2704687118530273
1350 2.274038553237915
1351 2.274038553237915
1352 2.274038553237915
1353 2.271982431411743
1354 2.2666985988616943
1355 2.2648749351501465
1356 2.2641022205352783
1357 2.263767957687378
1358 2.262568473815918
1359 2.262568473815918
1360 2.2615749835968018
1361 2.267878293991089
1362 2.2684693336486816
1363 2.267280101776123
1364 2.267280101776123
1365 2.267280101776123
1366 2.2718749046325684
1367 2.2684409618377686
1368 2.2684409618377686
1369 2.2684409618377686
1370 2.262230157852173
1371 2.2653543949127197
1372 2.2653543949127197
1373 2.2653543949127197
1374 2.263105630874634
1375 2.263105630874634
1376 2.263105630874634
1377 2.263105630874634
1378 2.2605555057525635
1379 2.2604100704193115
1380 2.2594902515411377
1381 2.2594902515411377
1382 2.2594902515411377
1383 2.2661948204040527
1384 2.263753890991211
1385 2.2614541053771973
1386 2.2654013633728027
1387 2.2654013633728027
1388 2.2635438442230225
1389 2.266152858734131
1390 2.267317771911621
1391 2.267317771911621
1392 2.2615907192230225
1393 2.2652053833007812
1394 2.2652053833007812
1395 2.2652053833007812
1396 2.254889965057373
1397 2.254889965057373
1398 2.2634856700897217
1399 2.2480196952819824
1400 2.2480196952819824
1401 2.2577319145202637
1402 2.2582006454467773
1403 2.2531325817108154
1404 2.260589838027954
1405 2.255556344985962
1406 2.256807327270508
1407 2.2516136169433594
1408 2.2516136169433594
1409 2.2636349201202393
1410 2.2537388801574707
1411 2.2564857006073
1412 2.256990432739258
1413 2.2596514225006104
1414 2.2602474689483643
1415 2.2522053718566895
1416 2.251250982284546
1417 2.252023935317993
1418 2.252023935317993
1419 2.252023935317993
1420 2.254283905029297
1421 2.2570536136627197
1422 2.2570536136627197
1423 2.2523157596588135
1424 2.2501163482666016
1425 2.2501163482666016
1426 2.24517822265625
1427 2.2478301525115967
1428 2.2484078407287598
1429 2.2484078407287598
1430 2.2484078407287598
1431 2.2473247051239014
1432 2.2450573444366455
1433 2.252279043197632
1434 2.244619369506836
1435 2.244619369506836
1436 2.244619369506836
1437 2.244619369506836
1438 2.2514822483062744
1439 2.2514822483062744
1440 2.2451541423797607
1441 2.250678777694702
1442 2.250124931335449
1443 2.250124931335449
1444 2.250124931335449
1445 2.2527337074279785
1446 2.23332142829895
1447 2.2420601844787598
1448 2.249145984649658
1449 2.2453951835632324
1450 2.2467291355133057
1451 2.2467291355133057
1452 2.247222900390625
1453 2.2431695461273193
1454 2.2366833686828613
1455 2.245626926422119
1456 2.239997386932373
1457 2.2451581954956055
1458 2.251739025115967
1459 2.251739025115967
1460 2.251739025115967
1461 2.251739025115967
1462 2.2328391075134277
1463 2.243818521499634
1464 2.243818521499634
1465 2.2375214099884033
1466 2.2425973415374756
1467 2.2425973415374756
1468 2.24021577835083
1469 2.2317261695861816
1470 2.237297296524048
1471 2.237297296524048
1472 2.2424569129943848
1473 2.233402729034424
1474 2.2413880825042725
1475 2.2408196926116943
1476 2.2408196926116943
1477 2.2408196926116943
1478 2.236560106277466
1479 2.234524965286255
1480 2.2316129207611084
1481 2.2316129207611084
1482 2.2301130294799805
1483 2.2301130294799805
1484 2.237308979034424
1485 2.237308979034424
1486 2.2279160022735596
1487 2.2247672080993652
1488 2.2322652339935303
1489 2.2255430221557617
1490 2.2255430221557617
1491 2.2255430221557617
1492 2.234858989715576
1493 2.2244057655334473
1494 2.2173776626586914
1495 2.2173776626586914
1496 2.2155935764312744
1497 2.2214813232421875
1498 2.2222001552581787
1499 2.232642889022827
