0 2.3034629821777344
1 2.303448438644409
2 2.303448438644409
3 2.303448438644409
4 2.301328182220459
5 2.3032493591308594
6 2.3021464347839355
7 2.3017055988311768
8 2.3042337894439697
9 2.303225040435791
10 2.303225040435791
11 2.3019723892211914
12 2.3019723892211914
13 2.3013341426849365
14 2.3025312423706055
15 2.3025312423706055
16 2.3022570610046387
17 2.3022570610046387
18 2.302028179168701
19 2.3010923862457275
20 2.3010923862457275
21 2.3010923862457275
22 2.3010923862457275
23 2.3010923862457275
24 2.3010923862457275
25 2.301325559616089
26 2.302670478820801
27 2.302670478820801
28 2.302670478820801
29 2.302670478820801
30 2.3009276390075684
31 2.30289626121521
32 2.3025052547454834
33 2.3025052547454834
34 2.3025052547454834
35 2.3025052547454834
36 2.3001105785369873
37 2.3001105785369873
38 2.3001105785369873
39 2.301809310913086
40 2.303168773651123
41 2.301807165145874
42 2.302865982055664
43 2.302802801132202
44 2.3020453453063965
45 2.3019487857818604
46 2.3018462657928467
47 2.303889274597168
48 2.301297187805176
49 2.3021154403686523
50 2.302063465118408
51 2.302063465118408
52 2.3010127544403076
53 2.3010127544403076
54 2.303208827972412
55 2.3012020587921143
56 2.3012020587921143
57 2.3012020587921143
58 2.303713321685791
59 2.3008639812469482
60 2.3008639812469482
61 2.3008639812469482
62 2.3008639812469482
63 2.3028273582458496
64 2.301994800567627
65 2.3005194664001465
66 2.303051471710205
67 2.3018417358398438
68 2.3024628162384033
69 2.3025104999542236
70 2.301523208618164
71 2.3016419410705566
72 2.3016419410705566
73 2.301785469055176
74 2.301785469055176
75 2.3044590950012207
76 2.3009793758392334
77 2.3005659580230713
78 2.302509069442749
79 2.303147554397583
80 2.301645040512085
81 2.3015048503875732
82 2.301198959350586
83 2.300356388092041
84 2.3012638092041016
85 2.3013341426849365
86 2.3010120391845703
87 2.3018405437469482
88 2.3018405437469482
89 2.300475835800171
90 2.3017780780792236
91 2.302722215652466
92 2.302722215652466
93 2.302722215652466
94 2.302722215652466
95 2.302722215652466
96 2.3021035194396973
97 2.301328182220459
98 2.301328182220459
99 2.301328182220459
100 2.301328182220459
101 2.304062843322754
102 2.3020482063293457
103 2.301412582397461
104 2.301412582397461
105 2.3019943237304688
106 2.3018290996551514
107 2.301743268966675
108 2.3014330863952637
109 2.3022303581237793
110 2.299732208251953
111 2.3009684085845947
112 2.3009684085845947
113 2.3019912242889404
114 2.3023290634155273
115 2.303246259689331
116 2.3011460304260254
117 2.3010494709014893
118 2.2999820709228516
119 2.2999820709228516
120 2.3009257316589355
121 2.3009257316589355
122 2.299961566925049
123 2.301048517227173
124 2.302306652069092
125 2.302306652069092
126 2.300723075866699
127 2.300723075866699
128 2.302856922149658
129 2.3014748096466064
130 2.301966667175293
131 2.301966667175293
132 2.3015172481536865
133 2.301098108291626
134 2.3012099266052246
135 2.3012099266052246
136 2.2994132041931152
137 2.299389362335205
138 2.299389362335205
139 2.3020973205566406
140 2.302154302597046
141 2.3014886379241943
142 2.3014886379241943
143 2.3002586364746094
144 2.3002586364746094
145 2.3024942874908447
146 2.302429676055908
147 2.302429676055908
148 2.300145387649536
149 2.300145387649536
150 2.30115008354187
151 2.300649881362915
152 2.3034191131591797
153 2.3034191131591797
154 2.3026132583618164
155 2.3006460666656494
156 2.301435947418213
157 2.3009815216064453
158 2.302338123321533
159 2.302338123321533
160 2.302338123321533
161 2.3022234439849854
162 2.3013346195220947
163 2.301271438598633
164 2.303179979324341
165 2.3037712574005127
166 2.30395245552063
167 2.30395245552063
168 2.30395245552063
169 2.301208257675171
170 2.3002912998199463
171 2.2998719215393066
172 2.302548885345459
173 2.3023641109466553
174 2.3023641109466553
175 2.3010504245758057
176 2.303147077560425
177 2.29951548576355
178 2.3007075786590576
179 2.3029537200927734
180 2.3029537200927734
181 2.2994189262390137
182 2.302619695663452
183 2.301362991333008
184 2.301362991333008
185 2.3010716438293457
186 2.302844524383545
187 2.302844524383545
188 2.301905632019043
189 2.3017446994781494
190 2.3017446994781494
191 2.303337812423706
192 2.3010027408599854
193 2.301295280456543
194 2.301295280456543
195 2.3002161979675293
196 2.3014962673187256
197 2.3027143478393555
198 2.301081657409668
199 2.3002407550811768
200 2.301875591278076
201 2.299522876739502
202 2.301724910736084
203 2.3018739223480225
204 2.3036203384399414
205 2.2983810901641846
206 2.303368330001831
207 2.301746129989624
208 2.3014252185821533
209 2.3012490272521973
210 2.3023438453674316
211 2.3023438453674316
212 2.3004205226898193
213 2.3004205226898193
214 2.3004205226898193
215 2.301663398742676
216 2.301663398742676
217 2.3013508319854736
218 2.3017261028289795
219 2.299666166305542
220 2.3025412559509277
221 2.3011679649353027
222 2.3002753257751465
223 2.301504611968994
224 2.301504611968994
225 2.301201343536377
226 2.301201343536377
227 2.300281286239624
228 2.300281286239624
229 2.2996766567230225
230 2.300673246383667
231 2.3011016845703125
232 2.3011016845703125
233 2.300877809524536
234 2.301255941390991
235 2.301723003387451
236 2.301605224609375
237 2.299618721008301
238 2.299618721008301
239 2.2993593215942383
240 2.300981044769287
241 2.300981044769287
242 2.3002467155456543
243 2.299745559692383
244 2.299745559692383
245 2.3010454177856445
246 2.3016302585601807
247 2.301576852798462
248 2.3022615909576416
249 2.3022615909576416
250 2.2990782260894775
251 2.2990782260894775
252 2.300571918487549
253 2.300571918487549
254 2.300391674041748
255 2.300391674041748
256 2.300391674041748
257 2.300391674041748
258 2.3016576766967773
259 2.3016576766967773
260 2.299548625946045
261 2.299548625946045
262 2.3001885414123535
263 2.3001885414123535
264 2.299226999282837
265 2.299226999282837
266 2.2993886470794678
267 2.3018414974212646
268 2.3018414974212646
269 2.300546884536743
270 2.300546884536743
271 2.300546884536743
272 2.300546884536743
273 2.299727439880371
274 2.299727439880371
275 2.299727439880371
276 2.301867961883545
277 2.298956871032715
278 2.298921585083008
279 2.300408124923706
280 2.3001723289489746
281 2.3001723289489746
282 2.3001761436462402
283 2.3026161193847656
284 2.3026161193847656
285 2.3026161193847656
286 2.3026037216186523
287 2.3018248081207275
288 2.300168991088867
289 2.301151752471924
290 2.300041437149048
291 2.3013155460357666
292 2.3007912635803223
293 2.30244779586792
294 2.30244779586792
295 2.2997045516967773
296 2.2997045516967773
297 2.2997045516967773
298 2.2997045516967773
299 2.3015987873077393
300 2.3015987873077393
301 2.3009755611419678
302 2.3002467155456543
303 2.3002467155456543
304 2.300631046295166
305 2.3031692504882812
306 2.300001621246338
307 2.3006484508514404
308 2.3006484508514404
309 2.303051233291626
310 2.3025364875793457
311 2.3025364875793457
312 2.3017749786376953
313 2.3017749786376953
314 2.300363302230835
315 2.300363302230835
316 2.300363302230835
317 2.300042152404785
318 2.304150104522705
319 2.3006668090820312
320 2.3006668090820312
321 2.300753593444824
322 2.300990104675293
323 2.300990104675293
324 2.3017892837524414
325 2.302372694015503
326 2.299302339553833
327 2.3004486560821533
328 2.301154613494873
329 2.3020482063293457
330 2.299130916595459
331 2.3011820316314697
332 2.3011820316314697
333 2.304271936416626
334 2.304271936416626
335 2.2995657920837402
336 2.2995657920837402
337 2.3009634017944336
338 2.3009634017944336
339 2.3009634017944336
340 2.3021767139434814
341 2.3017945289611816
342 2.301236629486084
343 2.3002912998199463
344 2.2999613285064697
345 2.3023617267608643
346 2.3011605739593506
347 2.2993240356445312
348 2.2993240356445312
349 2.299309015274048
350 2.299565315246582
351 2.299565315246582
352 2.2989044189453125
353 2.2989044189453125
354 2.3023338317871094
355 2.3006551265716553
356 2.2995800971984863
357 2.3005759716033936
358 2.302743673324585
359 2.302743673324585
360 2.301557779312134
361 2.301557779312134
362 2.299118757247925
363 2.300045967102051
364 2.300045967102051
365 2.300045967102051
366 2.300045967102051
367 2.298786163330078
368 2.300119161605835
369 2.3004908561706543
370 2.300349235534668
371 2.300307512283325
372 2.300307512283325
373 2.302337408065796
374 2.2995083332061768
375 2.2995083332061768
376 2.2995083332061768
377 2.2995083332061768
378 2.29842209815979
379 2.298926591873169
380 2.2997937202453613
381 2.2997937202453613
382 2.2997937202453613
383 2.2998275756835938
384 2.2994332313537598
385 2.2983460426330566
386 2.3009910583496094
387 2.3009910583496094
388 2.300218343734741
389 2.300218343734741
390 2.3016512393951416
391 2.3016512393951416
392 2.300334930419922
393 2.300334930419922
394 2.300334930419922
395 2.3004040718078613
396 2.3000152111053467
397 2.299452066421509
398 2.299452066421509
399 2.301021099090576
400 2.2998461723327637
401 2.299611806869507
402 2.299211025238037
403 2.297379732131958
404 2.3025500774383545
405 2.2997233867645264
406 2.3000659942626953
407 2.3003125190734863
408 2.2992441654205322
409 2.2998406887054443
410 2.3012218475341797
411 2.3005168437957764
412 2.3005168437957764
413 2.3005168437957764
414 2.3005168437957764
415 2.2998132705688477
416 2.300352096557617
417 2.297168254852295
418 2.2997922897338867
419 2.3002424240112305
420 2.3002424240112305
421 2.299232244491577
422 2.298888683319092
423 2.298888683319092
424 2.298888683319092
425 2.29941987991333
426 2.29941987991333
427 2.299546957015991
428 2.299546957015991
429 2.2996747493743896
430 2.2996747493743896
431 2.3016200065612793
432 2.3016200065612793
433 2.302445411682129
434 2.302445411682129
435 2.300312042236328
436 2.30153226852417
437 2.2979929447174072
438 2.301175832748413
439 2.301175832748413
440 2.301175832748413
441 2.2980449199676514
442 2.2980449199676514
443 2.2980449199676514
444 2.2980449199676514
445 2.2998056411743164
446 2.3019111156463623
447 2.2994582653045654
448 2.2990453243255615
449 2.2990453243255615
450 2.2990453243255615
451 2.2994401454925537
452 2.3006703853607178
453 2.3016345500946045
454 2.2990221977233887
455 2.3009262084960938
456 2.3020803928375244
457 2.300006628036499
458 2.300006628036499
459 2.302389144897461
460 2.300051689147949
461 2.300051689147949
462 2.300825357437134
463 2.300825357437134
464 2.3021085262298584
465 2.299919605255127
466 2.2999043464660645
467 2.2999043464660645
468 2.301180601119995
469 2.299370050430298
470 2.3014070987701416
471 2.2994730472564697
472 2.3022353649139404
473 2.2993693351745605
474 2.2987663745880127
475 2.2987663745880127
476 2.2988524436950684
477 2.3005974292755127
478 2.298133134841919
479 2.300231695175171
480 2.300957679748535
481 2.296928882598877
482 2.299854278564453
483 2.3014750480651855
484 2.3014750480651855
485 2.3014750480651855
486 2.3014750480651855
487 2.299912929534912
488 2.298405408859253
489 2.300110101699829
490 2.297644853591919
491 2.297644853591919
492 2.3004074096679688
493 2.2990686893463135
494 2.2990686893463135
495 2.3003973960876465
496 2.300812244415283
497 2.2971105575561523
498 2.2971105575561523
499 2.299126625061035
500 2.299126625061035
501 2.299126625061035
502 2.2983460426330566
503 2.2983460426330566
504 2.2983460426330566
505 2.2983460426330566
506 2.2981696128845215
507 2.300832748413086
508 2.300832748413086
509 2.300832748413086
510 2.298251152038574
511 2.302718162536621
512 2.2992103099823
513 2.2992103099823
514 2.2992103099823
515 2.299970865249634
516 2.299970865249634
517 2.2993454933166504
518 2.299769163131714
519 2.301518440246582
520 2.2982614040374756
521 2.3004608154296875
522 2.3004608154296875
523 2.3004608154296875
524 2.3014285564422607
525 2.297536849975586
526 2.2969424724578857
527 2.2969424724578857
528 2.2996878623962402
529 2.2990224361419678
530 2.299186944961548
531 2.299186944961548
532 2.299186944961548
533 2.2978475093841553
534 2.2963106632232666
535 2.2997355461120605
536 2.300234079360962
537 2.297611713409424
538 2.2999866008758545
539 2.2999866008758545
540 2.3008947372436523
541 2.3016574382781982
542 2.301598072052002
543 2.2994682788848877
544 2.298990249633789
545 2.3003640174865723
546 2.3003640174865723
547 2.3003640174865723
548 2.300027370452881
549 2.300027370452881
550 2.300323486328125
551 2.2989323139190674
552 2.296980381011963
553 2.297917366027832
554 2.297917366027832
555 2.297917366027832
556 2.301039695739746
557 2.301039695739746
558 2.3002326488494873
559 2.3002326488494873
560 2.3011083602905273
561 2.3011083602905273
562 2.29764461517334
563 2.2972936630249023
564 2.2983155250549316
565 2.301115036010742
566 2.2953615188598633
567 2.2989368438720703
568 2.296262502670288
569 2.296262502670288
570 2.298755168914795
571 2.2987515926361084
572 2.2987515926361084
573 2.301384925842285
574 2.29837703704834
575 2.29837703704834
576 2.2978129386901855
577 2.2978129386901855
578 2.2990365028381348
579 2.2991280555725098
580 2.3012919425964355
581 2.3012919425964355
582 2.2966525554656982
583 2.2966525554656982
584 2.2966525554656982
585 2.298569679260254
586 2.298569679260254
587 2.2991626262664795
588 2.3001623153686523
589 2.3001623153686523
590 2.3001623153686523
591 2.3006577491760254
592 2.298190116882324
593 2.298190116882324
594 2.2977569103240967
595 2.2954306602478027
596 2.298835039138794
597 2.297668695449829
598 2.298574447631836
599 2.298574447631836
600 2.300105333328247
601 2.2958991527557373
602 2.300764322280884
603 2.300764322280884
604 2.297942638397217
605 2.2986342906951904
606 2.2986342906951904
607 2.296643018722534
608 2.30053973197937
609 2.299685478210449
610 2.3025431632995605
611 2.2968835830688477
612 2.2968835830688477
613 2.2982358932495117
614 2.299567461013794
615 2.300701141357422
616 2.297975540161133
617 2.297975540161133
618 2.297975540161133
619 2.3027806282043457
620 2.2957417964935303
621 2.298172950744629
622 2.2974367141723633
623 2.298661231994629
624 2.298661231994629
625 2.2984673976898193
626 2.2982025146484375
627 2.297278881072998
628 2.297278881072998
629 2.297278881072998
630 2.2993862628936768
631 2.2993862628936768
632 2.2963030338287354
633 2.2960853576660156
634 2.300982713699341
635 2.3020336627960205
636 2.296943426132202
637 2.2995128631591797
638 2.2995128631591797
639 2.2946271896362305
640 2.2970688343048096
641 2.2992136478424072
642 2.3003652095794678
643 2.2967729568481445
644 2.2956316471099854
645 2.2970714569091797
646 2.2970714569091797
647 2.3014113903045654
648 2.299534797668457
649 2.2975056171417236
650 2.295905828475952
651 2.295905828475952
652 2.296541213989258
653 2.3008151054382324
654 2.3008151054382324
655 2.29909610748291
656 2.29909610748291
657 2.29909610748291
658 2.2971880435943604
659 2.2952191829681396
660 2.302133321762085
661 2.297445297241211
662 2.3002524375915527
663 2.2975552082061768
664 2.2975552082061768
665 2.2975552082061768
666 2.297985792160034
667 2.297783136367798
668 2.297783136367798
669 2.297783136367798
670 2.2978501319885254
671 2.296288013458252
672 2.297534704208374
673 2.2986629009246826
674 2.298771381378174
675 2.2985947132110596
676 2.2985947132110596
677 2.2985947132110596
678 2.2975096702575684
679 2.2987020015716553
680 2.2987020015716553
681 2.2987020015716553
682 2.2983663082122803
683 2.298369884490967
684 2.298419713973999
685 2.2977652549743652
686 2.2957658767700195
687 2.296304225921631
688 2.298794746398926
689 2.2970187664031982
690 2.2970187664031982
691 2.299762487411499
692 2.299147129058838
693 2.2993102073669434
694 2.3000450134277344
695 2.2963802814483643
696 2.3004515171051025
697 2.296013116836548
698 2.300492525100708
699 2.2994089126586914
700 2.2994089126586914
701 2.2994089126586914
702 2.296440362930298
703 2.296626567840576
704 2.295823812484741
705 2.295823812484741
706 2.297159194946289
707 2.2989063262939453
708 2.299452066421509
709 2.29823637008667
710 2.29848313331604
711 2.29848313331604
712 2.299954414367676
713 2.2983195781707764
714 2.296867847442627
715 2.2996985912323
716 2.2969086170196533
717 2.297962188720703
718 2.299283981323242
719 2.2979025840759277
720 2.299733877182007
721 2.2972514629364014
722 2.2972514629364014
723 2.295128345489502
724 2.295128345489502
725 2.295128345489502
726 2.2994866371154785
727 2.2971253395080566
728 2.296750545501709
729 2.296450138092041
730 2.2969508171081543
731 2.2983460426330566
732 2.2983460426330566
733 2.2983460426330566
734 2.2983460426330566
735 2.2983460426330566
736 2.2983460426330566
737 2.2983460426330566
738 2.2955031394958496
739 2.2942848205566406
740 2.29874849319458
741 2.2947492599487305
742 2.2995474338531494
743 2.2995474338531494
744 2.300638437271118
745 2.296750545501709
746 2.296776056289673
747 2.2980282306671143
748 2.2980282306671143
749 2.2960314750671387
750 2.2966856956481934
751 2.2966856956481934
752 2.296858787536621
753 2.296858787536621
754 2.296858787536621
755 2.29618763923645
756 2.29618763923645
757 2.2934224605560303
758 2.2999703884124756
759 2.2988619804382324
760 2.2981133460998535
761 2.297283411026001
762 2.297283411026001
763 2.297283411026001
764 2.29331636428833
765 2.2953763008117676
766 2.2955119609832764
767 2.295867443084717
768 2.2953295707702637
769 2.2953295707702637
770 2.296576738357544
771 2.296311855316162
772 2.296311855316162
773 2.296079635620117
774 2.296079635620117
775 2.296079635620117
776 2.295504331588745
777 2.2984938621520996
778 2.294621229171753
779 2.2979629039764404
780 2.2942733764648438
781 2.2942733764648438
782 2.2942733764648438
783 2.297654628753662
784 2.2993505001068115
785 2.2979416847229004
786 2.2970566749572754
787 2.298888921737671
788 2.298888921737671
789 2.2961995601654053
790 2.2999539375305176
791 2.2960948944091797
792 2.297020673751831
793 2.2974677085876465
794 2.2974677085876465
795 2.297295570373535
796 2.294907808303833
797 2.294907808303833
798 2.2968578338623047
799 2.2968578338623047
800 2.2962074279785156
801 2.2948403358459473
802 2.2948403358459473
803 2.2948403358459473
804 2.2937307357788086
805 2.2932586669921875
806 2.2923154830932617
807 2.297987461090088
808 2.297659397125244
809 2.2948062419891357
810 2.2948062419891357
811 2.2958197593688965
812 2.298262596130371
813 2.297318458557129
814 2.2973783016204834
815 2.297682523727417
816 2.29559063911438
817 2.296260356903076
818 2.294603109359741
819 2.2947757244110107
820 2.296461582183838
821 2.295377731323242
822 2.293797492980957
823 2.294938087463379
824 2.2971861362457275
825 2.2971861362457275
826 2.295536994934082
827 2.295536994934082
828 2.294031858444214
829 2.294360399246216
830 2.294360399246216
831 2.294360399246216
832 2.29819655418396
833 2.2948601245880127
834 2.2948601245880127
835 2.293306589126587
836 2.293306589126587
837 2.293306589126587
838 2.293306589126587
839 2.293306589126587
840 2.29435133934021
841 2.295807123184204
842 2.295807123184204
843 2.298304796218872
844 2.2975544929504395
845 2.2959039211273193
846 2.2964272499084473
847 2.295534133911133
848 2.2948148250579834
849 2.294214963912964
850 2.2913215160369873
851 2.297211170196533
852 2.297211170196533
853 2.297211170196533
854 2.297211170196533
855 2.2958312034606934
856 2.293943405151367
857 2.29252028465271
858 2.293523073196411
859 2.2981560230255127
860 2.2981560230255127
861 2.295860767364502
862 2.2973060607910156
863 2.2942938804626465
864 2.2942938804626465
865 2.2942938804626465
866 2.2948062419891357
867 2.296090841293335
868 2.296090841293335
869 2.296090841293335
870 2.296090841293335
871 2.293488025665283
872 2.293488025665283
873 2.293488025665283
874 2.298079252243042
875 2.298079252243042
876 2.301321029663086
877 2.2928409576416016
878 2.2956290245056152
879 2.295595169067383
880 2.2947611808776855
881 2.294126272201538
882 2.294126272201538
883 2.294126272201538
884 2.2963156700134277
885 2.2963156700134277
886 2.2963156700134277
887 2.2963156700134277
888 2.2951574325561523
889 2.297027587890625
890 2.297128677368164
891 2.2938685417175293
892 2.297725200653076
893 2.2969932556152344
894 2.2969932556152344
895 2.2951788902282715
896 2.294356346130371
897 2.2921953201293945
898 2.295041799545288
899 2.295041799545288
900 2.2948904037475586
901 2.2931649684906006
902 2.2931649684906006
903 2.2931649684906006
904 2.298175811767578
905 2.294328212738037
906 2.2950687408447266
907 2.2918710708618164
908 2.2918710708618164
909 2.2934327125549316
910 2.2934327125549316
911 2.2934327125549316
912 2.296459674835205
913 2.294607162475586
914 2.2923343181610107
915 2.2921643257141113
916 2.2921643257141113
917 2.2976016998291016
918 2.301084280014038
919 2.294872283935547
920 2.2936596870422363
921 2.296182870864868
922 2.2938027381896973
923 2.2938027381896973
924 2.2938027381896973
925 2.2960710525512695
926 2.2916252613067627
927 2.296283006668091
928 2.296283006668091
929 2.294597864151001
930 2.29258394241333
931 2.2911853790283203
932 2.2911853790283203
933 2.2911853790283203
934 2.2911853790283203
935 2.2911853790283203
936 2.2944016456604004
937 2.292066812515259
938 2.292066812515259
939 2.292066812515259
940 2.2947468757629395
941 2.2947468757629395
942 2.294644355773926
943 2.2953176498413086
944 2.2908501625061035
945 2.2908501625061035
946 2.2908501625061035
947 2.29219126701355
948 2.290158748626709
949 2.2943265438079834
950 2.2943265438079834
951 2.2935264110565186
952 2.2935264110565186
953 2.292372465133667
954 2.292372465133667
955 2.2974941730499268
956 2.2974941730499268
957 2.2929248809814453
958 2.295074939727783
959 2.2931647300720215
960 2.294795036315918
961 2.293654441833496
962 2.293654441833496
963 2.2913858890533447
964 2.294402599334717
965 2.294402599334717
966 2.294402599334717
967 2.290860176086426
968 2.2894601821899414
969 2.291259527206421
970 2.2892727851867676
971 2.2892727851867676
972 2.295423746109009
973 2.294015884399414
974 2.2983715534210205
975 2.2983715534210205
976 2.29056715965271
977 2.29056715965271
978 2.29056715965271
979 2.294965982437134
980 2.289252996444702
981 2.2929253578186035
982 2.2945594787597656
983 2.2946650981903076
984 2.2946650981903076
985 2.294768810272217
986 2.2937591075897217
987 2.2918965816497803
988 2.2918965816497803
989 2.292311906814575
990 2.2920384407043457
991 2.289105176925659
992 2.2918570041656494
993 2.2918570041656494
994 2.2963483333587646
995 2.2916276454925537
996 2.294567346572876
997 2.294567346572876
998 2.2950875759124756
999 2.291513204574585
1000 2.2910194396972656
1001 2.292023181915283
1002 2.292023181915283
1003 2.2935969829559326
1004 2.2935969829559326
1005 2.289398670196533
1006 2.294426202774048
1007 2.293288230895996
1008 2.293288230895996
1009 2.293288230895996
1010 2.2958710193634033
1011 2.2864041328430176
1012 2.290682315826416
1013 2.290682315826416
1014 2.290682315826416
1015 2.290682315826416
1016 2.2923858165740967
1017 2.2923858165740967
1018 2.2893593311309814
1019 2.2893593311309814
1020 2.2893593311309814
1021 2.292127847671509
1022 2.2881903648376465
1023 2.2881903648376465
1024 2.291161298751831
1025 2.291161298751831
1026 2.2928786277770996
1027 2.290320873260498
1028 2.287997245788574
1029 2.296332597732544
1030 2.2923831939697266
1031 2.2880496978759766
1032 2.2880496978759766
1033 2.2913177013397217
1034 2.2936007976531982
1035 2.295351028442383
1036 2.2914834022521973
1037 2.2914834022521973
1038 2.288245677947998
1039 2.289222002029419
1040 2.289222002029419
1041 2.289222002029419
1042 2.2907865047454834
1043 2.2907865047454834
1044 2.290494441986084
1045 2.2948052883148193
1046 2.2901339530944824
1047 2.2901339530944824
1048 2.2901339530944824
1049 2.2930948734283447
1050 2.2930948734283447
1051 2.291747570037842
1052 2.291747570037842
1053 2.2899997234344482
1054 2.2927355766296387
1055 2.287893533706665
1056 2.287893533706665
1057 2.287738800048828
1058 2.2904956340789795
1059 2.2886407375335693
1060 2.2892584800720215
1061 2.288093328475952
1062 2.288093328475952
1063 2.291435480117798
1064 2.2933290004730225
1065 2.2933290004730225
1066 2.288172483444214
1067 2.28787899017334
1068 2.2832889556884766
1069 2.2878918647766113
1070 2.2878918647766113
1071 2.2878918647766113
1072 2.2905592918395996
1073 2.289151668548584
1074 2.2886507511138916
1075 2.2886507511138916
1076 2.2904155254364014
1077 2.2904155254364014
1078 2.2904155254364014
1079 2.2852582931518555
1080 2.2852582931518555
1081 2.2852582931518555
1082 2.2886123657226562
1083 2.2893099784851074
1084 2.2867867946624756
1085 2.289647340774536
1086 2.289647340774536
1087 2.2906858921051025
1088 2.2928659915924072
1089 2.291005849838257
1090 2.291005849838257
1091 2.286741256713867
1092 2.286741256713867
1093 2.2870841026306152
1094 2.2870841026306152
1095 2.2855265140533447
1096 2.2855265140533447
1097 2.2855265140533447
1098 2.2896721363067627
1099 2.285055160522461
1100 2.2897789478302
1101 2.2876737117767334
1102 2.2869789600372314
1103 2.2869789600372314
1104 2.2920584678649902
1105 2.2920584678649902
1106 2.283707857131958
1107 2.286379098892212
1108 2.2891035079956055
1109 2.2883388996124268
1110 2.287566661834717
1111 2.287842273712158
1112 2.2843573093414307
1113 2.2865047454833984
1114 2.2923455238342285
1115 2.2923455238342285
1116 2.2923455238342285
1117 2.288893699645996
1118 2.288893699645996
1119 2.28749680519104
1120 2.2910101413726807
1121 2.2856364250183105
1122 2.2856364250183105
1123 2.2856364250183105
1124 2.284458637237549
1125 2.288989305496216
1126 2.2844502925872803
1127 2.2844502925872803
1128 2.2844502925872803
1129 2.2894861698150635
1130 2.2894861698150635
1131 2.2847156524658203
1132 2.2910046577453613
1133 2.2910046577453613
1134 2.2863924503326416
1135 2.2887187004089355
1136 2.290194034576416
1137 2.290194034576416
1138 2.286813974380493
1139 2.285637617111206
1140 2.2882649898529053
1141 2.290074348449707
1142 2.2873740196228027
1143 2.2836296558380127
1144 2.2886290550231934
1145 2.2886290550231934
1146 2.286648750305176
1147 2.286648750305176
1148 2.2890920639038086
1149 2.2852466106414795
1150 2.2863059043884277
1151 2.288759469985962
1152 2.2839198112487793
1153 2.2873334884643555
1154 2.2839436531066895
1155 2.2844526767730713
1156 2.286597728729248
1157 2.285827875137329
1158 2.283094644546509
1159 2.2909412384033203
1160 2.2909412384033203
1161 2.2909412384033203
1162 2.2863287925720215
1163 2.2863287925720215
1164 2.2847161293029785
1165 2.2875401973724365
1166 2.2840991020202637
1167 2.2796103954315186
1168 2.2839012145996094
1169 2.2839012145996094
1170 2.289576768875122
1171 2.2863736152648926
1172 2.286888837814331
1173 2.282158851623535
1174 2.282762050628662
1175 2.282762050628662
1176 2.282762050628662
1177 2.2830002307891846
1178 2.2815017700195312
1179 2.2843070030212402
1180 2.285553216934204
1181 2.285553216934204
1182 2.2885355949401855
1183 2.2839651107788086
1184 2.2839651107788086
1185 2.2814888954162598
1186 2.2814888954162598
1187 2.2814888954162598
1188 2.2814888954162598
1189 2.2826318740844727
1190 2.2854299545288086
1191 2.2854299545288086
1192 2.2870934009552
1193 2.2832438945770264
1194 2.2832438945770264
1195 2.2795186042785645
1196 2.2795186042785645
1197 2.2824671268463135
1198 2.2824671268463135
1199 2.2838327884674072
1200 2.2763774394989014
1201 2.282927989959717
1202 2.2852940559387207
1203 2.28474760055542
1204 2.28474760055542
1205 2.283327341079712
1206 2.2808964252471924
1207 2.2808964252471924
1208 2.284605026245117
1209 2.2818310260772705
1210 2.2841362953186035
1211 2.276921033859253
1212 2.283437728881836
1213 2.283437728881836
1214 2.286377429962158
1215 2.286377429962158
1216 2.286377429962158
1217 2.286377429962158
1218 2.286377429962158
1219 2.279698371887207
1220 2.2811686992645264
1221 2.2746806144714355
1222 2.2746806144714355
1223 2.2746806144714355
1224 2.281728744506836
1225 2.283857822418213
1226 2.278327703475952
1227 2.2771873474121094
1228 2.280116081237793
1229 2.280116081237793
1230 2.282241106033325
1231 2.282241106033325
1232 2.277562379837036
1233 2.278103828430176
1234 2.283701181411743
1235 2.2839510440826416
1236 2.2839510440826416
1237 2.2811429500579834
1238 2.2800590991973877
1239 2.2840681076049805
1240 2.2840681076049805
1241 2.279759645462036
1242 2.2792093753814697
1243 2.2792093753814697
1244 2.2793822288513184
1245 2.2795841693878174
1246 2.282604217529297
1247 2.278881788253784
1248 2.2786905765533447
1249 2.2786905765533447
1250 2.2783255577087402
1251 2.2783255577087402
1252 2.2783255577087402
1253 2.2827656269073486
1254 2.2827656269073486
1255 2.2792842388153076
1256 2.2723796367645264
1257 2.2796993255615234
1258 2.2796993255615234
1259 2.278169631958008
1260 2.2787904739379883
1261 2.2787904739379883
1262 2.281909465789795
1263 2.277953863143921
1264 2.281385898590088
1265 2.2793703079223633
1266 2.2796170711517334
1267 2.284498453140259
1268 2.281003952026367
1269 2.281003952026367
1270 2.278820753097534
1271 2.2828333377838135
1272 2.2735531330108643
1273 2.278069019317627
1274 2.2760138511657715
1275 2.2760138511657715
1276 2.2755720615386963
1277 2.2725441455841064
1278 2.2725441455841064
1279 2.273049831390381
1280 2.2824783325195312
1281 2.2824783325195312
1282 2.2824783325195312
1283 2.27807354927063
1284 2.27807354927063
1285 2.2796177864074707
1286 2.2796177864074707
1287 2.2796177864074707
1288 2.2796177864074707
1289 2.2782132625579834
1290 2.276263475418091
1291 2.2747623920440674
1292 2.2742295265197754
1293 2.2742295265197754
1294 2.2742295265197754
1295 2.275482654571533
1296 2.2729790210723877
1297 2.2729790210723877
1298 2.275820732116699
1299 2.270993232727051
1300 2.274446725845337
1301 2.274446725845337
1302 2.2701475620269775
1303 2.278258800506592
1304 2.278258800506592
1305 2.2760167121887207
1306 2.2760167121887207
1307 2.2737603187561035
1308 2.2684872150421143
1309 2.2684872150421143
1310 2.2684872150421143
1311 2.2684872150421143
1312 2.2684872150421143
1313 2.2684872150421143
1314 2.2684872150421143
1315 2.2684872150421143
1316 2.2684872150421143
1317 2.2735328674316406
1318 2.2705633640289307
1319 2.2705607414245605
1320 2.272244453430176
1321 2.272244453430176
1322 2.275958776473999
1323 2.2706656455993652
1324 2.2661397457122803
1325 2.2661397457122803
1326 2.273425579071045
1327 2.2722342014312744
1328 2.2701947689056396
1329 2.2701947689056396
1330 2.2699456214904785
1331 2.268436908721924
1332 2.264831304550171
1333 2.264831304550171
1334 2.268721580505371
1335 2.268721580505371
1336 2.2699763774871826
1337 2.264143943786621
1338 2.26657772064209
1339 2.271263837814331
1340 2.26847243309021
1341 2.26847243309021
1342 2.26847243309021
1343 2.26847243309021
1344 2.270291805267334
1345 2.265740156173706
1346 2.2626686096191406
1347 2.2626686096191406
1348 2.265512228012085
1349 2.265512228012085
1350 2.2661280632019043
1351 2.2661280632019043
1352 2.267214059829712
1353 2.267214059829712
1354 2.267214059829712
1355 2.267214059829712
1356 2.2722296714782715
1357 2.2644400596618652
1358 2.2707202434539795
1359 2.266620397567749
1360 2.266620397567749
1361 2.266620397567749
1362 2.266620397567749
1363 2.263594388961792
1364 2.269867420196533
1365 2.2684028148651123
1366 2.2684028148651123
1367 2.2684028148651123
1368 2.2684028148651123
1369 2.2684028148651123
1370 2.2684028148651123
1371 2.2684028148651123
1372 2.265014171600342
1373 2.261744260787964
1374 2.261744260787964
1375 2.261744260787964
1376 2.2692229747772217
1377 2.263223171234131
1378 2.263223171234131
1379 2.2625491619110107
1380 2.261179208755493
1381 2.2524662017822266
1382 2.2584850788116455
1383 2.2670798301696777
1384 2.2670798301696777
1385 2.2635111808776855
1386 2.2653064727783203
1387 2.2653064727783203
1388 2.259981870651245
1389 2.259981870651245
1390 2.2615673542022705
1391 2.261159658432007
1392 2.2593960762023926
1393 2.263244152069092
1394 2.263244152069092
1395 2.263244152069092
1396 2.2601935863494873
1397 2.2600269317626953
1398 2.2659482955932617
1399 2.2659482955932617
1400 2.256861448287964
1401 2.256861448287964
1402 2.2604289054870605
1403 2.2604289054870605
1404 2.2604289054870605
1405 2.264437675476074
1406 2.264437675476074
1407 2.264437675476074
1408 2.252019166946411
1409 2.254344940185547
1410 2.2605719566345215
1411 2.265453338623047
1412 2.265453338623047
1413 2.2531142234802246
1414 2.249940872192383
1415 2.249940872192383
1416 2.2541961669921875
1417 2.25716495513916
1418 2.2508914470672607
1419 2.2508914470672607
1420 2.258066415786743
1421 2.258066415786743
1422 2.2591991424560547
1423 2.2591991424560547
1424 2.2516608238220215
1425 2.2535979747772217
1426 2.258842706680298
1427 2.248786449432373
1428 2.2546708583831787
1429 2.2509212493896484
1430 2.2542619705200195
1431 2.2542619705200195
1432 2.2542619705200195
1433 2.2542619705200195
1434 2.2542619705200195
1435 2.253748893737793
1436 2.253124952316284
1437 2.2491953372955322
1438 2.2491953372955322
1439 2.24700927734375
1440 2.241605043411255
1441 2.241605043411255
1442 2.2376925945281982
1443 2.251049518585205
1444 2.251049518585205
1445 2.242966651916504
1446 2.245870351791382
1447 2.2494781017303467
1448 2.246947765350342
1449 2.246947765350342
1450 2.2462122440338135
1451 2.2424728870391846
1452 2.2476284503936768
1453 2.2368640899658203
1454 2.2368640899658203
1455 2.236544132232666
1456 2.2417848110198975
1457 2.239215135574341
1458 2.252368927001953
1459 2.2376513481140137
1460 2.243476152420044
1461 2.244858741760254
1462 2.2396037578582764
1463 2.2316901683807373
1464 2.240734338760376
1465 2.240734338760376
1466 2.240734338760376
1467 2.240734338760376
1468 2.2436392307281494
1469 2.240030288696289
1470 2.23050856590271
1471 2.234157085418701
1472 2.2428438663482666
1473 2.234555959701538
1474 2.232412338256836
1475 2.2376747131347656
1476 2.2355966567993164
1477 2.238429307937622
1478 2.226982593536377
1479 2.226982593536377
1480 2.226982593536377
1481 2.2321414947509766
1482 2.235198974609375
1483 2.2312371730804443
1484 2.222315549850464
1485 2.222315549850464
1486 2.222315549850464
1487 2.2279763221740723
1488 2.2177340984344482
1489 2.226203441619873
1490 2.2332980632781982
1491 2.2332980632781982
1492 2.2332980632781982
1493 2.2332980632781982
1494 2.2185990810394287
1495 2.2237839698791504
1496 2.2283904552459717
1497 2.2283904552459717
1498 2.2283904552459717
1499 2.22639536857605
