0 0.0
1 2.3027307987213135
2 2.3014960289001465
3 2.3037772178649902
4 2.302922010421753
5 2.303378105163574
6 2.303378105163574
7 2.3017771244049072
8 2.3020308017730713
9 2.302988052368164
10 2.3023669719696045
11 2.301982879638672
12 2.301982879638672
13 2.3024940490722656
14 2.301981210708618
15 2.302615165710449
16 2.30328106880188
17 2.3032054901123047
18 2.301892042160034
19 2.3003828525543213
20 2.2994132041931152
21 2.301271438598633
22 2.301271438598633
23 2.303710460662842
24 2.302666664123535
25 2.301800489425659
26 2.3022303581237793
27 2.301689624786377
28 2.300905704498291
29 2.3026089668273926
30 2.301457405090332
31 2.301983118057251
32 2.3010168075561523
33 2.3019559383392334
34 2.3019559383392334
35 2.301969051361084
36 2.302316188812256
37 2.302504062652588
38 2.303736925125122
39 2.3014440536499023
40 2.3014440536499023
41 2.3012518882751465
42 2.302025318145752
43 2.30202317237854
44 2.30202317237854
45 2.3035073280334473
46 2.302281618118286
47 2.3012707233428955
48 2.301548480987549
49 2.301006317138672
50 2.302450180053711
51 2.302450180053711
52 2.302450180053711
53 2.301638603210449
54 2.3013052940368652
55 2.301286220550537
56 2.302438735961914
57 2.302438735961914
58 2.303447723388672
59 2.301715850830078
60 2.300679922103882
61 2.300679922103882
62 2.300679922103882
63 2.3016135692596436
64 2.3016135692596436
65 2.3015050888061523
66 2.3007781505584717
67 2.3006606101989746
68 2.3006606101989746
69 2.3006606101989746
70 2.301894426345825
71 2.301894426345825
72 2.301150321960449
73 2.301150321960449
74 2.3021302223205566
75 2.3021302223205566
76 2.3021302223205566
77 2.3021302223205566
78 2.3021302223205566
79 2.3021302223205566
80 2.3010778427124023
81 2.302793264389038
82 2.3033125400543213
83 2.3027522563934326
84 2.302232503890991
85 2.30098295211792
86 2.3018157482147217
87 2.300602674484253
88 2.300602674484253
89 2.3019986152648926
90 2.300793409347534
91 2.3008270263671875
92 2.3008270263671875
93 2.3008270263671875
94 2.3008270263671875
95 2.302700996398926
96 2.302700996398926
97 2.302700996398926
98 2.3016152381896973
99 2.301835298538208
100 2.3018691539764404
101 2.3018691539764404
102 2.302753448486328
103 2.3016059398651123
104 2.3026037216186523
105 2.3007428646087646
106 2.3003742694854736
107 2.3003742694854736
108 2.3003742694854736
109 2.3022875785827637
110 2.3019957542419434
111 2.3007447719573975
112 2.3018429279327393
113 2.3018429279327393
114 2.301666498184204
115 2.30318284034729
116 2.30318284034729
117 2.301058769226074
118 2.3011012077331543
119 2.3011012077331543
120 2.3021669387817383
121 2.3021669387817383
122 2.3021750450134277
123 2.3014888763427734
124 2.301424026489258
125 2.301424026489258
126 2.301424026489258
127 2.302157163619995
128 2.3027114868164062
129 2.3027114868164062
130 2.3027114868164062
131 2.3011085987091064
132 2.300544023513794
133 2.300544023513794
134 2.3024203777313232
135 2.3007960319519043
136 2.301729679107666
137 2.3020071983337402
138 2.299724817276001
139 2.3012380599975586
140 2.3012380599975586
141 2.3018734455108643
142 2.301818370819092
143 2.3007233142852783
144 2.3007233142852783
145 2.3007233142852783
146 2.3004536628723145
147 2.3004536628723145
148 2.301124095916748
149 2.3026282787323
150 2.3026282787323
151 2.3013052940368652
152 2.3013052940368652
153 2.3013052940368652
154 2.3031318187713623
155 2.3031318187713623
156 2.302053451538086
157 2.302053451538086
158 2.3024158477783203
159 2.301109790802002
160 2.3014612197875977
161 2.2996697425842285
162 2.3016388416290283
163 2.3023300170898438
164 2.3023300170898438
165 2.3023300170898438
166 2.3027427196502686
167 2.301872730255127
168 2.3000717163085938
169 2.3000717163085938
170 2.3000717163085938
171 2.302887201309204
172 2.3007147312164307
173 2.3007147312164307
174 2.3011674880981445
175 2.3005800247192383
176 2.3005800247192383
177 2.301436185836792
178 2.3019962310791016
179 2.3023195266723633
180 2.3013973236083984
181 2.301088333129883
182 2.301088333129883
183 2.301088333129883
184 2.3030471801757812
185 2.300788402557373
186 2.300788402557373
187 2.3014209270477295
188 2.300114870071411
189 2.301504373550415
190 2.301504373550415
191 2.301504373550415
192 2.301504373550415
193 2.3011467456817627
194 2.3004887104034424
195 2.3035247325897217
196 2.301421642303467
197 2.301421642303467
198 2.301032781600952
199 2.301267623901367
200 2.301267623901367
201 2.3006985187530518
202 2.3006985187530518
203 2.301344633102417
204 2.3021113872528076
205 2.3021113872528076
206 2.3021113872528076
207 2.3009393215179443
208 2.3018548488616943
209 2.3008251190185547
210 2.301159143447876
211 2.302452802658081
212 2.3005049228668213
213 2.3005049228668213
214 2.2997024059295654
215 2.2997024059295654
216 2.2997024059295654
217 2.2997024059295654
218 2.3007547855377197
219 2.3007547855377197
220 2.301753044128418
221 2.301753044128418
222 2.301753044128418
223 2.301753044128418
224 2.301180362701416
225 2.3008270263671875
226 2.3010971546173096
227 2.3022775650024414
228 2.301556348800659
229 2.300313949584961
230 2.300313949584961
231 2.299989700317383
232 2.299989700317383
233 2.299989700317383
234 2.299989700317383
235 2.3011703491210938
236 2.3011703491210938
237 2.3011703491210938
238 2.301342010498047
239 2.3011579513549805
240 2.3011579513549805
241 2.3004956245422363
242 2.302211046218872
243 2.302211046218872
244 2.2991786003112793
245 2.2991786003112793
246 2.2991786003112793
247 2.3015401363372803
248 2.30080509185791
249 2.3000271320343018
250 2.3000271320343018
251 2.2998180389404297
252 2.2998180389404297
253 2.3026301860809326
254 2.2991597652435303
255 2.3012752532958984
256 2.299412250518799
257 2.299412250518799
258 2.3009517192840576
259 2.2985787391662598
260 2.3009533882141113
261 2.3009533882141113
262 2.302276849746704
263 2.2998409271240234
264 2.29860258102417
265 2.300644636154175
266 2.300793170928955
267 2.300793170928955
268 2.2997872829437256
269 2.2998509407043457
270 2.2996301651000977
271 2.3008487224578857
272 2.3031041622161865
273 2.3031041622161865
274 2.3013761043548584
275 2.3013761043548584
276 2.301841974258423
277 2.301841974258423
278 2.301841974258423
279 2.3001158237457275
280 2.29906964302063
281 2.29906964302063
282 2.299443006515503
283 2.301445960998535
284 2.300354242324829
285 2.300354242324829
286 2.3005242347717285
287 2.3009796142578125
288 2.3009796142578125
289 2.3009796142578125
290 2.300292730331421
291 2.300292730331421
292 2.300292730331421
293 2.3008370399475098
294 2.3008370399475098
295 2.3008370399475098
296 2.3019723892211914
297 2.3019654750823975
298 2.3019654750823975
299 2.302924394607544
300 2.302924394607544
301 2.302924394607544
302 2.2998011112213135
303 2.3020260334014893
304 2.3020260334014893
305 2.3014800548553467
306 2.3014800548553467
307 2.3013434410095215
308 2.2994275093078613
309 2.301140785217285
310 2.3002655506134033
311 2.298938751220703
312 2.2997231483459473
313 2.300602912902832
314 2.3011579513549805
315 2.300776481628418
316 2.2995030879974365
317 2.2995030879974365
318 2.300577163696289
319 2.3016653060913086
320 2.2996203899383545
321 2.300508975982666
322 2.29848575592041
323 2.302567720413208
324 2.302567720413208
325 2.3024492263793945
326 2.3024492263793945
327 2.3014369010925293
328 2.301482915878296
329 2.301023006439209
330 2.301023006439209
331 2.3000004291534424
332 2.300954818725586
333 2.300954818725586
334 2.300954818725586
335 2.300954818725586
336 2.2990329265594482
337 2.2990329265594482
338 2.2985527515411377
339 2.2985527515411377
340 2.300201654434204
341 2.300201654434204
342 2.300044298171997
343 2.300044298171997
344 2.2996268272399902
345 2.300795555114746
346 2.3005027770996094
347 2.3015220165252686
348 2.3015220165252686
349 2.3011844158172607
350 2.3011844158172607
351 2.3002846240997314
352 2.3002846240997314
353 2.3002443313598633
354 2.2996318340301514
355 2.30165696144104
356 2.30165696144104
357 2.297791004180908
358 2.301609516143799
359 2.3024210929870605
360 2.3024210929870605
361 2.301650285720825
362 2.301856279373169
363 2.300025701522827
364 2.300025701522827
365 2.300025701522827
366 2.301093339920044
367 2.301093339920044
368 2.300104856491089
369 2.299527645111084
370 2.3003194332122803
371 2.2995798587799072
372 2.2999935150146484
373 2.2999935150146484
374 2.2999935150146484
375 2.2995355129241943
376 2.298750638961792
377 2.3014578819274902
378 2.3013832569122314
379 2.2987613677978516
380 2.2997100353240967
381 2.299915075302124
382 2.299915075302124
383 2.300792932510376
384 2.300792932510376
385 2.300792932510376
386 2.299393653869629
387 2.299654960632324
388 2.3017923831939697
389 2.3006680011749268
390 2.2999162673950195
391 2.3012990951538086
392 2.3012990951538086
393 2.2990942001342773
394 2.2990942001342773
395 2.300692081451416
396 2.301907539367676
397 2.300334930419922
398 2.299595832824707
399 2.299595832824707
400 2.299595832824707
401 2.299595832824707
402 2.3009212017059326
403 2.300717353820801
404 2.2992210388183594
405 2.297250747680664
406 2.297250747680664
407 2.297250747680664
408 2.298083782196045
409 2.298083782196045
410 2.2983920574188232
411 2.2983920574188232
412 2.300001382827759
413 2.302154064178467
414 2.30069637298584
415 2.2989964485168457
416 2.2989964485168457
417 2.3005294799804688
418 2.3001198768615723
419 2.299196720123291
420 2.301276445388794
421 2.300426959991455
422 2.3013179302215576
423 2.299891710281372
424 2.298185348510742
425 2.298185348510742
426 2.297807216644287
427 2.297807216644287
428 2.3002703189849854
429 2.2992141246795654
430 2.2981958389282227
431 2.2981958389282227
432 2.300990581512451
433 2.298234701156616
434 2.298234701156616
435 2.298661947250366
436 2.2993953227996826
437 2.2993953227996826
438 2.3001222610473633
439 2.3007709980010986
440 2.302809476852417
441 2.302809476852417
442 2.2997303009033203
443 2.3004589080810547
444 2.298859119415283
445 2.298859119415283
446 2.302492380142212
447 2.3008341789245605
448 2.3008341789245605
449 2.3008341789245605
450 2.2997591495513916
451 2.2997591495513916
452 2.299185276031494
453 2.298835277557373
454 2.298835277557373
455 2.298832654953003
456 2.2980599403381348
457 2.2989304065704346
458 2.301204204559326
459 2.299020528793335
460 2.299020528793335
461 2.3000752925872803
462 2.2998452186584473
463 2.299586296081543
464 2.299586296081543
465 2.298274040222168
466 2.2998485565185547
467 2.300393581390381
468 2.2995967864990234
469 2.298975944519043
470 2.298975944519043
471 2.3001911640167236
472 2.3001911640167236
473 2.300333023071289
474 2.300333023071289
475 2.3011040687561035
476 2.3011040687561035
477 2.3011040687561035
478 2.2990121841430664
479 2.299293041229248
480 2.3017051219940186
481 2.300652265548706
482 2.300652265548706
483 2.299030303955078
484 2.3012800216674805
485 2.3012800216674805
486 2.3012800216674805
487 2.297243595123291
488 2.297243595123291
489 2.298845052719116
490 2.299652099609375
491 2.3010098934173584
492 2.3010098934173584
493 2.3010098934173584
494 2.299111843109131
495 2.2955422401428223
496 2.30005145072937
497 2.300283432006836
498 2.297847270965576
499 2.3007397651672363
500 2.300199270248413
501 2.299393892288208
502 2.298640727996826
503 2.300571918487549
504 2.2999374866485596
505 2.30006742477417
506 2.301373243331909
507 2.2979164123535156
508 2.2976431846618652
509 2.301156997680664
510 2.301156997680664
511 2.2986347675323486
512 2.2986347675323486
513 2.2986347675323486
514 2.2986347675323486
515 2.2986347675323486
516 2.2986347675323486
517 2.2986347675323486
518 2.2986347675323486
519 2.298145294189453
520 2.2993290424346924
521 2.2993290424346924
522 2.2993290424346924
523 2.2994768619537354
524 2.2994768619537354
525 2.2994768619537354
526 2.3001368045806885
527 2.2995402812957764
528 2.3014979362487793
529 2.3014979362487793
530 2.3014979362487793
531 2.3014979362487793
532 2.2994039058685303
533 2.298874616622925
534 2.299588680267334
535 2.3003013134002686
536 2.3003013134002686
537 2.3002500534057617
538 2.300206422805786
539 2.300206422805786
540 2.300206422805786
541 2.3015317916870117
542 2.301571846008301
543 2.300050735473633
544 2.300809621810913
545 2.2992024421691895
546 2.2994322776794434
547 2.3015527725219727
548 2.2997629642486572
549 2.2997629642486572
550 2.2997629642486572
551 2.3007802963256836
552 2.300171375274658
553 2.2979226112365723
554 2.3006339073181152
555 2.2991557121276855
556 2.2985188961029053
557 2.2985188961029053
558 2.2985188961029053
559 2.2984447479248047
560 2.2984447479248047
561 2.2984447479248047
562 2.301661491394043
563 2.301661491394043
564 2.2975544929504395
565 2.2994656562805176
566 2.301156520843506
567 2.299933910369873
568 2.297795295715332
569 2.301110029220581
570 2.301110029220581
571 2.299278736114502
572 2.298407793045044
573 2.298407793045044
574 2.2997241020202637
575 2.2978689670562744
576 2.2959015369415283
577 2.297048568725586
578 2.298553466796875
579 2.297154426574707
580 2.299880266189575
581 2.299880266189575
582 2.299880266189575
583 2.299863338470459
584 2.2968883514404297
585 2.2968883514404297
586 2.300877332687378
587 2.300877332687378
588 2.300877332687378
589 2.300877332687378
590 2.297088861465454
591 2.3000879287719727
592 2.294398307800293
593 2.294398307800293
594 2.294398307800293
595 2.300290822982788
596 2.297009229660034
597 2.2989823818206787
598 2.2991139888763428
599 2.2976014614105225
600 2.299197196960449
601 2.2986347675323486
602 2.2977137565612793
603 2.298762559890747
604 2.300968885421753
605 2.300968885421753
606 2.2986340522766113
607 2.2986340522766113
608 2.299243927001953
609 2.2974889278411865
610 2.2960662841796875
611 2.2960662841796875
612 2.2960662841796875
613 2.298935890197754
614 2.298935890197754
615 2.300063133239746
616 2.2958579063415527
617 2.300837993621826
618 2.2952828407287598
619 2.298227310180664
620 2.298227310180664
621 2.2977960109710693
622 2.299146890640259
623 2.299146890640259
624 2.297543525695801
625 2.2962889671325684
626 2.297485828399658
627 2.297485828399658
628 2.296813488006592
629 2.3009910583496094
630 2.2992019653320312
631 2.2992019653320312
632 2.2959072589874268
633 2.2959072589874268
634 2.2989039421081543
635 2.298916816711426
636 2.2963671684265137
637 2.3021509647369385
638 2.2990264892578125
639 2.2973475456237793
640 2.2973475456237793
641 2.298081159591675
642 2.2992608547210693
643 2.2981512546539307
644 2.2981512546539307
645 2.3002777099609375
646 2.3002777099609375
647 2.2955095767974854
648 2.2985947132110596
649 2.296510696411133
650 2.2984018325805664
651 2.298962354660034
652 2.298007011413574
653 2.297309160232544
654 2.297471284866333
655 2.297471284866333
656 2.2987451553344727
657 2.2987451553344727
658 2.296581268310547
659 2.296581268310547
660 2.2966368198394775
661 2.2966368198394775
662 2.2966368198394775
663 2.299928665161133
664 2.2987759113311768
665 2.2974865436553955
666 2.2974865436553955
667 2.299935817718506
668 2.2962889671325684
669 2.2962889671325684
670 2.297085762023926
671 2.2991442680358887
672 2.2986462116241455
673 2.2968780994415283
674 2.302206039428711
675 2.2990360260009766
676 2.2990360260009766
677 2.299798011779785
678 2.299798011779785
679 2.2978885173797607
680 2.2978885173797607
681 2.2978885173797607
682 2.298459768295288
683 2.298508644104004
684 2.297447919845581
685 2.297187328338623
686 2.296457290649414
687 2.2987029552459717
688 2.294358015060425
689 2.2998242378234863
690 2.2999038696289062
691 2.297839641571045
692 2.295682668685913
693 2.295682668685913
694 2.295682668685913
695 2.295682668685913
696 2.295682668685913
697 2.295682668685913
698 2.297347068786621
699 2.297347068786621
700 2.296243906021118
701 2.297050714492798
702 2.297412872314453
703 2.297412872314453
704 2.297412872314453
705 2.2963016033172607
706 2.2963016033172607
707 2.297758102416992
708 2.2988457679748535
709 2.2982568740844727
710 2.2952659130096436
711 2.2965877056121826
712 2.296383857727051
713 2.297473192214966
714 2.2985622882843018
715 2.297037363052368
716 2.2943804264068604
717 2.297238826751709
718 2.295217275619507
719 2.297706365585327
720 2.297706365585327
721 2.297706365585327
722 2.3002936840057373
723 2.2968618869781494
724 2.298912286758423
725 2.298912286758423
726 2.3002240657806396
727 2.2979981899261475
728 2.2979981899261475
729 2.2958829402923584
730 2.2969021797180176
731 2.2969021797180176
732 2.2978017330169678
733 2.296609878540039
734 2.2954375743865967
735 2.299166679382324
736 2.299166679382324
737 2.2956666946411133
738 2.2984933853149414
739 2.2970190048217773
740 2.294792413711548
741 2.29414439201355
742 2.29414439201355
743 2.2971513271331787
744 2.2949609756469727
745 2.2949609756469727
746 2.299259662628174
747 2.2973344326019287
748 2.2973344326019287
749 2.2943644523620605
750 2.2943644523620605
751 2.3004825115203857
752 2.3004825115203857
753 2.2968451976776123
754 2.299445867538452
755 2.298163652420044
756 2.2967233657836914
757 2.2967233657836914
758 2.293164014816284
759 2.295240640640259
760 2.2988715171813965
761 2.2997496128082275
762 2.295283555984497
763 2.295283555984497
764 2.294097661972046
765 2.2980289459228516
766 2.2954065799713135
767 2.2954065799713135
768 2.2954065799713135
769 2.2953081130981445
770 2.2953081130981445
771 2.2953081130981445
772 2.2957847118377686
773 2.295259714126587
774 2.2988088130950928
775 2.2983381748199463
776 2.2983381748199463
777 2.2949225902557373
778 2.2949225902557373
779 2.2963216304779053
780 2.295501232147217
781 2.295501232147217
782 2.297790288925171
783 2.297790288925171
784 2.2978572845458984
785 2.2978572845458984
786 2.2957069873809814
787 2.2957069873809814
788 2.2957069873809814
789 2.2958266735076904
790 2.2958266735076904
791 2.298856019973755
792 2.298114776611328
793 2.2939507961273193
794 2.2969417572021484
795 2.295750379562378
796 2.29492449760437
797 2.2953262329101562
798 2.2953262329101562
799 2.2953262329101562
800 2.2953262329101562
801 2.2953262329101562
802 2.297333240509033
803 2.297333240509033
804 2.297333240509033
805 2.2982914447784424
806 2.2973215579986572
807 2.293383836746216
808 2.293383836746216
809 2.293383836746216
810 2.2960872650146484
811 2.2978267669677734
812 2.298091411590576
813 2.296304941177368
814 2.296304941177368
815 2.296304941177368
816 2.296304941177368
817 2.2980878353118896
818 2.295011043548584
819 2.296691656112671
820 2.2940421104431152
821 2.2976791858673096
822 2.2976791858673096
823 2.2990996837615967
824 2.294402837753296
825 2.2952945232391357
826 2.2952945232391357
827 2.297689914703369
828 2.297689914703369
829 2.294619083404541
830 2.2936558723449707
831 2.2974305152893066
832 2.2932918071746826
833 2.295605421066284
834 2.295605421066284
835 2.2938103675842285
836 2.2938103675842285
837 2.2938103675842285
838 2.296113967895508
839 2.297182321548462
840 2.2975847721099854
841 2.2974746227264404
842 2.295820713043213
843 2.2961058616638184
844 2.2961058616638184
845 2.2937262058258057
846 2.2937262058258057
847 2.2937262058258057
848 2.2958824634552
849 2.2944602966308594
850 2.2925891876220703
851 2.2925891876220703
852 2.2962656021118164
853 2.293900728225708
854 2.2937605381011963
855 2.294837236404419
856 2.2927498817443848
857 2.2956244945526123
858 2.2926857471466064
859 2.2926857471466064
860 2.293428897857666
861 2.295670747756958
862 2.2974584102630615
863 2.295518398284912
864 2.2984375953674316
865 2.298604726791382
866 2.296358823776245
867 2.296358823776245
868 2.296358823776245
869 2.29378342628479
870 2.2985992431640625
871 2.2926993370056152
872 2.2952799797058105
873 2.2930729389190674
874 2.292496919631958
875 2.292496919631958
876 2.292496919631958
877 2.292496919631958
878 2.294419527053833
879 2.2960455417633057
880 2.2957112789154053
881 2.295966625213623
882 2.294191598892212
883 2.2974395751953125
884 2.2974395751953125
885 2.2945592403411865
886 2.2955501079559326
887 2.298353910446167
888 2.2947018146514893
889 2.29479718208313
890 2.2906415462493896
891 2.295870304107666
892 2.2942886352539062
893 2.2973239421844482
894 2.291487216949463
895 2.2956676483154297
896 2.2914013862609863
897 2.2952330112457275
898 2.2941131591796875
899 2.295353889465332
900 2.295353889465332
901 2.295353889465332
902 2.2946672439575195
903 2.295969247817993
904 2.295969247817993
905 2.2906410694122314
906 2.2950663566589355
907 2.2946617603302
908 2.2943384647369385
909 2.2943384647369385
910 2.2960286140441895
911 2.293790817260742
912 2.2935545444488525
913 2.2935545444488525
914 2.29585337638855
915 2.2933783531188965
916 2.293804883956909
917 2.2935967445373535
918 2.2951254844665527
919 2.294260025024414
920 2.294260025024414
921 2.294260025024414
922 2.294924259185791
923 2.293490171432495
924 2.298884630203247
925 2.298884630203247
926 2.298884630203247
927 2.2932941913604736
928 2.292236328125
929 2.29316782951355
930 2.2961432933807373
931 2.2923402786254883
932 2.2942471504211426
933 2.2942471504211426
934 2.2940850257873535
935 2.2938175201416016
936 2.2927780151367188
937 2.2906415462493896
938 2.2972469329833984
939 2.2941348552703857
940 2.2933263778686523
941 2.291754961013794
942 2.2962820529937744
943 2.2929306030273438
944 2.293004274368286
945 2.292618989944458
946 2.2955117225646973
947 2.291060209274292
948 2.295140027999878
949 2.295140027999878
950 2.295140027999878
951 2.294597625732422
952 2.2950868606567383
953 2.2931318283081055
954 2.2931318283081055
955 2.2931318283081055
956 2.2915117740631104
957 2.2937822341918945
958 2.291537046432495
959 2.291537046432495
960 2.2929883003234863
961 2.2929883003234863
962 2.294922351837158
963 2.2933456897735596
964 2.2933456897735596
965 2.293489933013916
966 2.293489933013916
967 2.293489933013916
968 2.291719675064087
969 2.291719675064087
970 2.287508964538574
971 2.287508964538574
972 2.2930691242218018
973 2.2909915447235107
974 2.289299964904785
975 2.289299964904785
976 2.289299964904785
977 2.2930634021759033
978 2.2930634021759033
979 2.2925808429718018
980 2.2925808429718018
981 2.2925808429718018
982 2.2930216789245605
983 2.291416883468628
984 2.291416883468628
985 2.292297840118408
986 2.2911829948425293
987 2.2911829948425293
988 2.2924323081970215
989 2.2939963340759277
990 2.290701150894165
991 2.290701150894165
992 2.289566993713379
993 2.2953121662139893
994 2.2917134761810303
995 2.289994478225708
996 2.2922260761260986
997 2.2940192222595215
998 2.290032386779785
999 2.2907373905181885
1000 2.293992757797241
1001 2.2921574115753174
1002 2.2921435832977295
1003 2.2921435832977295
1004 2.294085741043091
1005 2.294085741043091
1006 2.294085741043091
1007 2.294085741043091
1008 2.2947967052459717
1009 2.291091203689575
1010 2.293348789215088
1011 2.2925736904144287
1012 2.2925736904144287
1013 2.2925736904144287
1014 2.2925736904144287
1015 2.2874867916107178
1016 2.2874867916107178
1017 2.2874867916107178
1018 2.2917888164520264
1019 2.2951037883758545
1020 2.2951037883758545
1021 2.291869640350342
1022 2.2926652431488037
1023 2.2914304733276367
1024 2.2922046184539795
1025 2.2917826175689697
1026 2.2911393642425537
1027 2.2911393642425537
1028 2.2911393642425537
1029 2.29068660736084
1030 2.29068660736084
1031 2.289675712585449
1032 2.293536901473999
1033 2.2902891635894775
1034 2.2902891635894775
1035 2.2918879985809326
1036 2.2883245944976807
1037 2.29119873046875
1038 2.29119873046875
1039 2.2910327911376953
1040 2.289759397506714
1041 2.291588306427002
1042 2.291588306427002
1043 2.291588306427002
1044 2.2886037826538086
1045 2.2870898246765137
1046 2.2886886596679688
1047 2.2886886596679688
1048 2.291736125946045
1049 2.2931020259857178
1050 2.289846897125244
1051 2.2925150394439697
1052 2.290977954864502
1053 2.290281057357788
1054 2.2906792163848877
1055 2.2917888164520264
1056 2.2917888164520264
1057 2.2917888164520264
1058 2.2917888164520264
1059 2.2917888164520264
1060 2.2905709743499756
1061 2.285460948944092
1062 2.2919881343841553
1063 2.2897579669952393
1064 2.289525032043457
1065 2.2911555767059326
1066 2.2911555767059326
1067 2.288267135620117
1068 2.2896111011505127
1069 2.292355537414551
1070 2.292355537414551
1071 2.292355537414551
1072 2.292355537414551
1073 2.2896249294281006
1074 2.285327672958374
1075 2.285327672958374
1076 2.290663242340088
1077 2.2895843982696533
1078 2.2906441688537598
1079 2.2904775142669678
1080 2.291778564453125
1081 2.291778564453125
1082 2.291778564453125
1083 2.2907447814941406
1084 2.2907447814941406
1085 2.291480302810669
1086 2.291480302810669
1087 2.287280321121216
1088 2.2903637886047363
1089 2.2918648719787598
1090 2.290733575820923
1091 2.288238048553467
1092 2.2875430583953857
1093 2.286818265914917
1094 2.2834222316741943
1095 2.2834222316741943
1096 2.2834222316741943
1097 2.290165901184082
1098 2.2928638458251953
1099 2.2910919189453125
1100 2.2910919189453125
1101 2.28717303276062
1102 2.28717303276062
1103 2.28717303276062
1104 2.28428316116333
1105 2.285529136657715
1106 2.2889366149902344
1107 2.287966012954712
1108 2.2888665199279785
1109 2.2888665199279785
1110 2.2894153594970703
1111 2.2894153594970703
1112 2.288726568222046
1113 2.2880306243896484
1114 2.288255453109741
1115 2.288255453109741
1116 2.286068916320801
1117 2.28814435005188
1118 2.2890870571136475
1119 2.285024404525757
1120 2.2874457836151123
1121 2.2838521003723145
1122 2.2838521003723145
1123 2.2918925285339355
1124 2.2866907119750977
1125 2.282181739807129
1126 2.289123058319092
1127 2.283190965652466
1128 2.283190965652466
1129 2.2894768714904785
1130 2.2854111194610596
1131 2.2854111194610596
1132 2.2887489795684814
1133 2.2851741313934326
1134 2.2908105850219727
1135 2.2875590324401855
1136 2.2875590324401855
1137 2.2908432483673096
1138 2.289659023284912
1139 2.289659023284912
1140 2.2854063510894775
1141 2.2859723567962646
1142 2.2859723567962646
1143 2.2859723567962646
1144 2.287778854370117
1145 2.2900583744049072
1146 2.2900583744049072
1147 2.283186197280884
1148 2.284266710281372
1149 2.286710739135742
1150 2.2915005683898926
1151 2.2915005683898926
1152 2.2915005683898926
1153 2.2915005683898926
1154 2.287292718887329
1155 2.287292718887329
1156 2.2912046909332275
1157 2.2842624187469482
1158 2.2842624187469482
1159 2.288729667663574
1160 2.286086320877075
1161 2.284496784210205
1162 2.284496784210205
1163 2.2856318950653076
1164 2.2847890853881836
1165 2.284691333770752
1166 2.284691333770752
1167 2.2869439125061035
1168 2.286323070526123
1169 2.2836804389953613
1170 2.28518009185791
1171 2.28518009185791
1172 2.28518009185791
1173 2.2854092121124268
1174 2.281338930130005
1175 2.2857394218444824
1176 2.2866830825805664
1177 2.2852108478546143
1178 2.2852108478546143
1179 2.2857744693756104
1180 2.2857744693756104
1181 2.28159499168396
1182 2.280686855316162
1183 2.281679391860962
1184 2.2815537452697754
1185 2.2815537452697754
1186 2.2850430011749268
1187 2.282883644104004
1188 2.2905683517456055
1189 2.285956621170044
1190 2.286684036254883
1191 2.286684036254883
1192 2.2806355953216553
1193 2.2806355953216553
1194 2.279487371444702
1195 2.2842183113098145
1196 2.282656669616699
1197 2.282656669616699
1198 2.282656669616699
1199 2.282724142074585
1200 2.28121280670166
1201 2.2785160541534424
1202 2.2785160541534424
1203 2.2804200649261475
1204 2.279329538345337
1205 2.2829179763793945
1206 2.2819747924804688
1207 2.2824158668518066
1208 2.2826874256134033
1209 2.282339572906494
1210 2.282339572906494
1211 2.282339572906494
1212 2.2834103107452393
1213 2.2834103107452393
1214 2.2834103107452393
1215 2.2810544967651367
1216 2.2830350399017334
1217 2.2794241905212402
1218 2.281538724899292
1219 2.2849950790405273
1220 2.28511381149292
1221 2.2814502716064453
1222 2.2812719345092773
1223 2.282740592956543
1224 2.281184434890747
1225 2.2825074195861816
1226 2.2825074195861816
1227 2.2825074195861816
1228 2.273468017578125
1229 2.2780492305755615
1230 2.2780492305755615
1231 2.2820255756378174
1232 2.2849202156066895
1233 2.274553060531616
1234 2.28188419342041
1235 2.28188419342041
1236 2.2811756134033203
1237 2.283513069152832
1238 2.2778680324554443
1239 2.2778680324554443
1240 2.2795169353485107
1241 2.2795169353485107
1242 2.276611804962158
1243 2.276611804962158
1244 2.276611804962158
1245 2.280534267425537
1246 2.280534267425537
1247 2.280534267425537
1248 2.280534267425537
1249 2.277235269546509
1250 2.277235269546509
1251 2.2803854942321777
1252 2.2803854942321777
1253 2.2803854942321777
1254 2.2806589603424072
1255 2.281602621078491
1256 2.274099588394165
1257 2.2818548679351807
1258 2.282870054244995
1259 2.282870054244995
1260 2.2797603607177734
1261 2.280754566192627
1262 2.279090404510498
1263 2.277156352996826
1264 2.279703140258789
1265 2.279703140258789
1266 2.2733044624328613
1267 2.2775750160217285
1268 2.275742530822754
1269 2.2798690795898438
1270 2.274834632873535
1271 2.2757184505462646
1272 2.2757184505462646
1273 2.2812113761901855
1274 2.2812113761901855
1275 2.277276039123535
1276 2.274801015853882
1277 2.273331642150879
1278 2.273331642150879
1279 2.273331642150879
1280 2.273331642150879
1281 2.2791748046875
1282 2.2743022441864014
1283 2.2788302898406982
1284 2.2785301208496094
1285 2.2746167182922363
1286 2.2746167182922363
1287 2.274752140045166
1288 2.274752140045166
1289 2.274752140045166
1290 2.278329849243164
1291 2.278329849243164
1292 2.273315191268921
1293 2.273045301437378
1294 2.2757389545440674
1295 2.2764179706573486
1296 2.276765823364258
1297 2.278311252593994
1298 2.275887966156006
1299 2.2766306400299072
1300 2.2766306400299072
1301 2.2766306400299072
1302 2.2678749561309814
1303 2.276416301727295
1304 2.276416301727295
1305 2.272970676422119
1306 2.2755165100097656
1307 2.2750818729400635
1308 2.2750818729400635
1309 2.2750818729400635
1310 2.271595001220703
1311 2.2710676193237305
1312 2.273771286010742
1313 2.2720394134521484
1314 2.273374080657959
1315 2.27480149269104
1316 2.2683193683624268
1317 2.2683193683624268
1318 2.266679525375366
1319 2.272448778152466
1320 2.272448778152466
1321 2.2705302238464355
1322 2.2705302238464355
1323 2.26885724067688
1324 2.26885724067688
1325 2.2681751251220703
1326 2.269744873046875
1327 2.26884388923645
1328 2.26884388923645
1329 2.268465757369995
1330 2.269888401031494
1331 2.269888401031494
1332 2.2735557556152344
1333 2.2749552726745605
1334 2.2696921825408936
1335 2.27662992477417
1336 2.2688231468200684
1337 2.2715752124786377
1338 2.2634871006011963
1339 2.263176202774048
1340 2.265256643295288
1341 2.2618675231933594
1342 2.2676305770874023
1343 2.2676658630371094
1344 2.2676658630371094
1345 2.2635741233825684
1346 2.265322208404541
1347 2.2690556049346924
1348 2.2653145790100098
1349 2.263998031616211
1350 2.270449638366699
1351 2.270449638366699
1352 2.2614550590515137
1353 2.265775680541992
1354 2.2670905590057373
1355 2.2652969360351562
1356 2.268005132675171
1357 2.267302989959717
1358 2.267302989959717
1359 2.268327474594116
1360 2.2680487632751465
1361 2.260357618331909
1362 2.264293670654297
1363 2.264293670654297
1364 2.2657508850097656
1365 2.266451120376587
1366 2.266451120376587
1367 2.265324115753174
1368 2.26145601272583
1369 2.261150360107422
1370 2.2636911869049072
1371 2.2654292583465576
1372 2.260526180267334
1373 2.262216091156006
1374 2.262340545654297
1375 2.2624192237854004
1376 2.264580726623535
1377 2.2632222175598145
1378 2.2632222175598145
1379 2.2584099769592285
1380 2.2657904624938965
1381 2.2606279850006104
1382 2.262939214706421
1383 2.264833927154541
1384 2.255554437637329
1385 2.2550711631774902
1386 2.2550711631774902
1387 2.2550711631774902
1388 2.257620334625244
1389 2.257620334625244
1390 2.258760929107666
1391 2.255164623260498
1392 2.2621910572052
1393 2.2557311058044434
1394 2.2650375366210938
1395 2.255229949951172
1396 2.2625203132629395
1397 2.257561206817627
1398 2.259244441986084
1399 2.259042501449585
1400 2.259042501449585
1401 2.256392002105713
1402 2.2606964111328125
1403 2.2606964111328125
1404 2.2558255195617676
1405 2.2558255195617676
1406 2.256197929382324
1407 2.258965015411377
1408 2.2554500102996826
1409 2.2554500102996826
1410 2.2592408657073975
1411 2.250697135925293
1412 2.2552225589752197
1413 2.2521305084228516
1414 2.253509521484375
1415 2.2539405822753906
1416 2.2458183765411377
1417 2.2458183765411377
1418 2.2458183765411377
1419 2.250321388244629
1420 2.250321388244629
1421 2.2464678287506104
1422 2.247648239135742
1423 2.254849910736084
1424 2.251053810119629
1425 2.251053810119629
1426 2.251053810119629
1427 2.251053810119629
1428 2.251053810119629
1429 2.257300615310669
1430 2.2583978176116943
1431 2.2583978176116943
1432 2.257552146911621
1433 2.257552146911621
1434 2.257552146911621
1435 2.2452950477600098
1436 2.247340679168701
1437 2.253147840499878
1438 2.253147840499878
1439 2.253147840499878
1440 2.239847183227539
1441 2.2439143657684326
1442 2.240445375442505
1443 2.2405200004577637
1444 2.2510883808135986
1445 2.2510883808135986
1446 2.24185848236084
1447 2.2379276752471924
1448 2.2379276752471924
1449 2.235152244567871
1450 2.2396693229675293
1451 2.2345190048217773
1452 2.2345190048217773
1453 2.2345190048217773
1454 2.2345190048217773
1455 2.2345190048217773
1456 2.243192195892334
1457 2.243192195892334
1458 2.235581398010254
1459 2.236801862716675
1460 2.237173318862915
1461 2.235264778137207
1462 2.2411749362945557
1463 2.2361409664154053
1464 2.2354464530944824
1465 2.2354464530944824
1466 2.234900712966919
1467 2.2391293048858643
1468 2.236271381378174
1469 2.2385993003845215
1470 2.2385993003845215
1471 2.247380256652832
1472 2.226937770843506
1473 2.226937770843506
1474 2.2412607669830322
1475 2.233448028564453
1476 2.2309446334838867
1477 2.244162082672119
1478 2.231980085372925
1479 2.226693630218506
1480 2.2249088287353516
1481 2.2314908504486084
1482 2.2314908504486084
1483 2.2340283393859863
1484 2.225924491882324
1485 2.229682683944702
1486 2.228672504425049
1487 2.228672504425049
1488 2.228672504425049
1489 2.2272040843963623
1490 2.2269232273101807
1491 2.2269232273101807
1492 2.2269232273101807
1493 2.2242729663848877
1494 2.2242729663848877
1495 2.231642723083496
1496 2.227437973022461
1497 2.226102828979492
1498 2.221567153930664
1499 2.2250471115112305
