0 2.3008594512939453
1 2.3025166988372803
2 2.302161931991577
3 2.302161931991577
4 2.30332350730896
5 2.30332350730896
6 2.30332350730896
7 2.3023123741149902
8 2.3023123741149902
9 2.3023123741149902
10 2.301173210144043
11 2.3028297424316406
12 2.3028297424316406
13 2.302245616912842
14 2.3021628856658936
15 2.302788734436035
16 2.3012712001800537
17 2.302201271057129
18 2.30207896232605
19 2.3013970851898193
20 2.3013970851898193
21 2.3002676963806152
22 2.303851842880249
23 2.302851915359497
24 2.302926540374756
25 2.301696300506592
26 2.301696300506592
27 2.301420211791992
28 2.301420211791992
29 2.304414749145508
30 2.304414749145508
31 2.304414749145508
32 2.3026108741760254
33 2.301633834838867
34 2.300834894180298
35 2.300834894180298
36 2.3017730712890625
37 2.3016176223754883
38 2.302029609680176
39 2.3010756969451904
40 2.30320143699646
41 2.3007771968841553
42 2.3021631240844727
43 2.3021390438079834
44 2.304621696472168
45 2.304621696472168
46 2.3018429279327393
47 2.3002471923828125
48 2.3002471923828125
49 2.302432060241699
50 2.302495002746582
51 2.3018248081207275
52 2.30350661277771
53 2.30350661277771
54 2.301708459854126
55 2.3024256229400635
56 2.3024256229400635
57 2.3015005588531494
58 2.300647735595703
59 2.300642251968384
60 2.3005778789520264
61 2.3020718097686768
62 2.3021080493927
63 2.3013904094696045
64 2.3025221824645996
65 2.3025221824645996
66 2.301452159881592
67 2.301452159881592
68 2.301452159881592
69 2.301452159881592
70 2.301300048828125
71 2.301558256149292
72 2.3020825386047363
73 2.3023452758789062
74 2.3010051250457764
75 2.302396774291992
76 2.300095319747925
77 2.300095319747925
78 2.3010733127593994
79 2.3015403747558594
80 2.30126953125
81 2.30126953125
82 2.30126953125
83 2.30126953125
84 2.301205635070801
85 2.303964376449585
86 2.303964376449585
87 2.3027892112731934
88 2.3017051219940186
89 2.3017051219940186
90 2.3017051219940186
91 2.3003132343292236
92 2.3028719425201416
93 2.302889108657837
94 2.3019399642944336
95 2.3008956909179688
96 2.3013782501220703
97 2.3026034832000732
98 2.3040826320648193
99 2.301194906234741
100 2.3034772872924805
101 2.3014743328094482
102 2.3024230003356934
103 2.302443027496338
104 2.302443027496338
105 2.301464557647705
106 2.301464557647705
107 2.3025572299957275
108 2.301823616027832
109 2.301823616027832
110 2.301823616027832
111 2.3011434078216553
112 2.3011434078216553
113 2.3019485473632812
114 2.299290657043457
115 2.299290657043457
116 2.302251100540161
117 2.300370454788208
118 2.3001227378845215
119 2.3005402088165283
120 2.3018105030059814
121 2.3002681732177734
122 2.3002681732177734
123 2.302457094192505
124 2.3026857376098633
125 2.3026857376098633
126 2.3026857376098633
127 2.3026857376098633
128 2.301288604736328
129 2.3003132343292236
130 2.3020215034484863
131 2.3020215034484863
132 2.3011887073516846
133 2.3011887073516846
134 2.3012278079986572
135 2.3012278079986572
136 2.3012278079986572
137 2.302473306655884
138 2.303507089614868
139 2.301326036453247
140 2.301326036453247
141 2.301326036453247
142 2.2997758388519287
143 2.3013386726379395
144 2.300095558166504
145 2.300196409225464
146 2.300196409225464
147 2.300196409225464
148 2.300196409225464
149 2.3011879920959473
150 2.3014914989471436
151 2.3021035194396973
152 2.3021035194396973
153 2.301009178161621
154 2.3028109073638916
155 2.300999879837036
156 2.3003411293029785
157 2.3003716468811035
158 2.3009238243103027
159 2.301220655441284
160 2.2999727725982666
161 2.301774024963379
162 2.301774024963379
163 2.301774024963379
164 2.301774024963379
165 2.3013691902160645
166 2.302077054977417
167 2.3021156787872314
168 2.302194595336914
169 2.302194595336914
170 2.301973581314087
171 2.3039140701293945
172 2.3039140701293945
173 2.2998976707458496
174 2.2998976707458496
175 2.3013150691986084
176 2.301365852355957
177 2.3007822036743164
178 2.3007822036743164
179 2.30222225189209
180 2.3012290000915527
181 2.3012290000915527
182 2.3030591011047363
183 2.3023226261138916
184 2.3009896278381348
185 2.3009896278381348
186 2.3022632598876953
187 2.3013784885406494
188 2.3023312091827393
189 2.3023312091827393
190 2.3016860485076904
191 2.3017539978027344
192 2.302125930786133
193 2.302125930786133
194 2.3002817630767822
195 2.3002817630767822
196 2.30100417137146
197 2.302551031112671
198 2.300236940383911
199 2.3001837730407715
200 2.301870584487915
201 2.3012044429779053
202 2.3012044429779053
203 2.3012044429779053
204 2.3021562099456787
205 2.3021562099456787
206 2.3008460998535156
207 2.3018686771392822
208 2.300610303878784
209 2.3011345863342285
210 2.3011345863342285
211 2.3011345863342285
212 2.3009495735168457
213 2.3024048805236816
214 2.300272226333618
215 2.300673007965088
216 2.2995715141296387
217 2.302288770675659
218 2.3026912212371826
219 2.301849126815796
220 2.3004298210144043
221 2.3019001483917236
222 2.302248239517212
223 2.298698902130127
224 2.298698902130127
225 2.300405502319336
226 2.300626277923584
227 2.300755500793457
228 2.300755500793457
229 2.300755500793457
230 2.300755500793457
231 2.300755500793457
232 2.30342960357666
233 2.30251145362854
234 2.3018481731414795
235 2.2997748851776123
236 2.301246166229248
237 2.301246166229248
238 2.301246166229248
239 2.301689863204956
240 2.3033764362335205
241 2.3033764362335205
242 2.3010611534118652
243 2.298665761947632
244 2.301147699356079
245 2.299943208694458
246 2.3001272678375244
247 2.3005661964416504
248 2.3012797832489014
249 2.2997641563415527
250 2.2997641563415527
251 2.3012027740478516
252 2.3012027740478516
253 2.3012027740478516
254 2.3012027740478516
255 2.301466226577759
256 2.299360513687134
257 2.298927068710327
258 2.3040900230407715
259 2.3040900230407715
260 2.3040900230407715
261 2.3017866611480713
262 2.300960063934326
263 2.2994134426116943
264 2.2994134426116943
265 2.2994134426116943
266 2.3003132343292236
267 2.30141019821167
268 2.300159454345703
269 2.300159454345703
270 2.3012619018554688
271 2.301231861114502
272 2.299039602279663
273 2.299440860748291
274 2.3004090785980225
275 2.3001155853271484
276 2.3001155853271484
277 2.3004472255706787
278 2.302121639251709
279 2.2991020679473877
280 2.2991020679473877
281 2.30126953125
282 2.30126953125
283 2.30126953125
284 2.2996535301208496
285 2.301081895828247
286 2.301081895828247
287 2.301081895828247
288 2.3002400398254395
289 2.301158905029297
290 2.2990880012512207
291 2.3003199100494385
292 2.2995784282684326
293 2.2995784282684326
294 2.2998101711273193
295 2.3011295795440674
296 2.300499439239502
297 2.300499439239502
298 2.300499439239502
299 2.300499439239502
300 2.3000404834747314
301 2.3012163639068604
302 2.299483060836792
303 2.302464008331299
304 2.3004305362701416
305 2.3020360469818115
306 2.2998969554901123
307 2.2998969554901123
308 2.2982337474823
309 2.2991926670074463
310 2.302011728286743
311 2.300288677215576
312 2.300288677215576
313 2.3019495010375977
314 2.300318717956543
315 2.299405097961426
316 2.2994649410247803
317 2.3009064197540283
318 2.298311471939087
319 2.3008925914764404
320 2.302896022796631
321 2.2987608909606934
322 2.299522638320923
323 2.299522638320923
324 2.299522638320923
325 2.2994425296783447
326 2.300264835357666
327 2.3040826320648193
328 2.300543785095215
329 2.300543785095215
330 2.300485849380493
331 2.300787925720215
332 2.300787925720215
333 2.3006701469421387
334 2.299262523651123
335 2.299262523651123
336 2.2975754737854004
337 2.2994544506073
338 2.2994544506073
339 2.2994544506073
340 2.2994544506073
341 2.2994544506073
342 2.29929518699646
343 2.29929518699646
344 2.2990758419036865
345 2.298358201980591
346 2.30049467086792
347 2.301305055618286
348 2.301305055618286
349 2.301957368850708
350 2.2977733612060547
351 2.299011468887329
352 2.2983388900756836
353 2.2991220951080322
354 2.3022549152374268
355 2.3022549152374268
356 2.300067663192749
357 2.300067663192749
358 2.2988784313201904
359 2.3004162311553955
360 2.3016326427459717
361 2.302281618118286
362 2.29811692237854
363 2.297887086868286
364 2.299476146697998
365 2.3021137714385986
366 2.2971441745758057
367 2.2971441745758057
368 2.3010120391845703
369 2.3010120391845703
370 2.3007941246032715
371 2.2992701530456543
372 2.300487756729126
373 2.299938678741455
374 2.302928924560547
375 2.3009753227233887
376 2.302155017852783
377 2.297490119934082
378 2.2997183799743652
379 2.2997183799743652
380 2.298205614089966
381 2.30035662651062
382 2.29949688911438
383 2.300124168395996
384 2.300124168395996
385 2.299072504043579
386 2.2966694831848145
387 2.299511194229126
388 2.299511194229126
389 2.299511194229126
390 2.2992892265319824
391 2.2988409996032715
392 2.2988409996032715
393 2.2995004653930664
394 2.3015758991241455
395 2.302086591720581
396 2.2994494438171387
397 2.299584150314331
398 2.300386905670166
399 2.300386905670166
400 2.301223039627075
401 2.301223039627075
402 2.2972984313964844
403 2.2986130714416504
404 2.3006081581115723
405 2.3002374172210693
406 2.299488067626953
407 2.299488067626953
408 2.299488067626953
409 2.297715425491333
410 2.3013999462127686
411 2.3018767833709717
412 2.2984883785247803
413 2.2984883785247803
414 2.2985358238220215
415 2.29905366897583
416 2.2989680767059326
417 2.2989680767059326
418 2.3009121417999268
419 2.301227569580078
420 2.2983250617980957
421 2.3002638816833496
422 2.2991297245025635
423 2.2991297245025635
424 2.2987849712371826
425 2.2992453575134277
426 2.2992777824401855
427 2.2989907264709473
428 2.301096200942993
429 2.296022653579712
430 2.296022653579712
431 2.3009021282196045
432 2.2985827922821045
433 2.2985827922821045
434 2.3014893531799316
435 2.3014893531799316
436 2.3000285625457764
437 2.296985149383545
438 2.298973560333252
439 2.2971770763397217
440 2.2995476722717285
441 2.2992358207702637
442 2.3001630306243896
443 2.3001630306243896
444 2.299992322921753
445 2.298802375793457
446 2.297621250152588
447 2.299978256225586
448 2.2985265254974365
449 2.2979719638824463
450 2.299802303314209
451 2.3004260063171387
452 2.297936201095581
453 2.297936201095581
454 2.3001346588134766
455 2.2995755672454834
456 2.2995755672454834
457 2.2991576194763184
458 2.2986109256744385
459 2.302560806274414
460 2.297790050506592
461 2.297790050506592
462 2.3020260334014893
463 2.2984530925750732
464 2.300124168395996
465 2.300124168395996
466 2.297394275665283
467 2.297394275665283
468 2.299487829208374
469 2.299487829208374
470 2.2977755069732666
471 2.2977755069732666
472 2.2999565601348877
473 2.2989003658294678
474 2.2997310161590576
475 2.299633741378784
476 2.2958426475524902
477 2.2984752655029297
478 2.2984752655029297
479 2.2984752655029297
480 2.2979321479797363
481 2.2979321479797363
482 2.297255516052246
483 2.297255516052246
484 2.3003957271575928
485 2.2978625297546387
486 2.2987747192382812
487 2.297687530517578
488 2.297687530517578
489 2.297687530517578
490 2.2976558208465576
491 2.299243211746216
492 2.300309896469116
493 2.299323797225952
494 2.298130750656128
495 2.298130750656128
496 2.3026487827301025
497 2.298776865005493
498 2.297574043273926
499 2.3003857135772705
500 2.3000869750976562
501 2.2983078956604004
502 2.2983078956604004
503 2.300279378890991
504 2.300279378890991
505 2.300279378890991
506 2.300279378890991
507 2.2977375984191895
508 2.297792673110962
509 2.3000946044921875
510 2.3000946044921875
511 2.2968201637268066
512 2.2952260971069336
513 2.299229145050049
514 2.2992265224456787
515 2.2992265224456787
516 2.29775071144104
517 2.300898551940918
518 2.300657272338867
519 2.300657272338867
520 2.300657272338867
521 2.299067735671997
522 2.2981393337249756
523 2.2981393337249756
524 2.2981393337249756
525 2.2998640537261963
526 2.2998640537261963
527 2.2988624572753906
528 2.2988624572753906
529 2.2988624572753906
530 2.297874927520752
531 2.300015687942505
532 2.2975213527679443
533 2.300034761428833
534 2.298349142074585
535 2.3024966716766357
536 2.3024966716766357
537 2.3024966716766357
538 2.3013713359832764
539 2.3017115592956543
540 2.3017115592956543
541 2.297975778579712
542 2.3000292778015137
543 2.2982892990112305
544 2.2956957817077637
545 2.2982685565948486
546 2.298124074935913
547 2.296494722366333
548 2.301400899887085
549 2.2962026596069336
550 2.2962026596069336
551 2.2997493743896484
552 2.2973427772521973
553 2.2973427772521973
554 2.2973427772521973
555 2.2977170944213867
556 2.298100471496582
557 2.298100471496582
558 2.297532081604004
559 2.298295259475708
560 2.298295259475708
561 2.296926736831665
562 2.296926736831665
563 2.2996344566345215
564 2.3000288009643555
565 2.297591209411621
566 2.297591209411621
567 2.297591209411621
568 2.298457384109497
569 2.298457384109497
570 2.298457384109497
571 2.298457384109497
572 2.2984426021575928
573 2.2989227771759033
574 2.2989227771759033
575 2.29683780670166
576 2.3002915382385254
577 2.295743703842163
578 2.298982620239258
579 2.298982620239258
580 2.2998552322387695
581 2.2998552322387695
582 2.296677589416504
583 2.299912929534912
584 2.298891544342041
585 2.298891544342041
586 2.2976198196411133
587 2.2927563190460205
588 2.299326181411743
589 2.2981560230255127
590 2.3038742542266846
591 2.296537399291992
592 2.2958173751831055
593 2.297506332397461
594 2.2977802753448486
595 2.2959890365600586
596 2.296682834625244
597 2.3009965419769287
598 2.3009965419769287
599 2.2976903915405273
600 2.2976903915405273
601 2.2972822189331055
602 2.2969253063201904
603 2.2969253063201904
604 2.2984864711761475
605 2.2999255657196045
606 2.2999255657196045
607 2.2967379093170166
608 2.2970829010009766
609 2.299492359161377
610 2.2987070083618164
611 2.2988710403442383
612 2.2988710403442383
613 2.2988710403442383
614 2.2988710403442383
615 2.3005740642547607
616 2.3005740642547607
617 2.2976362705230713
618 2.2976362705230713
619 2.2971537113189697
620 2.297119140625
621 2.2973334789276123
622 2.2977240085601807
623 2.2977240085601807
624 2.300111770629883
625 2.300111770629883
626 2.300111770629883
627 2.300111770629883
628 2.2993407249450684
629 2.297877311706543
630 2.296902656555176
631 2.296902656555176
632 2.296902656555176
633 2.2980384826660156
634 2.2954554557800293
635 2.2992258071899414
636 2.2992258071899414
637 2.29726505279541
638 2.300241231918335
639 2.300241231918335
640 2.300241231918335
641 2.300241231918335
642 2.300241231918335
643 2.300241231918335
644 2.300241231918335
645 2.300241231918335
646 2.2977402210235596
647 2.29472279548645
648 2.29472279548645
649 2.297261953353882
650 2.297261953353882
651 2.297261953353882
652 2.297261953353882
653 2.2999346256256104
654 2.2999346256256104
655 2.29713773727417
656 2.29713773727417
657 2.2980377674102783
658 2.2980377674102783
659 2.29642915725708
660 2.2983944416046143
661 2.2969236373901367
662 2.298712968826294
663 2.2974681854248047
664 2.297530174255371
665 2.2981693744659424
666 2.2965292930603027
667 2.2955455780029297
668 2.2955377101898193
669 2.2988288402557373
670 2.2988288402557373
671 2.2988288402557373
672 2.2988288402557373
673 2.3006603717803955
674 2.299978494644165
675 2.299978494644165
676 2.299978494644165
677 2.297560691833496
678 2.2961416244506836
679 2.298107624053955
680 2.29801344871521
681 2.297516345977783
682 2.2966978549957275
683 2.2966978549957275
684 2.2966978549957275
685 2.2991137504577637
686 2.2991137504577637
687 2.297107696533203
688 2.297107696533203
689 2.298626184463501
690 2.2939178943634033
691 2.2961466312408447
692 2.2957231998443604
693 2.2949681282043457
694 2.297699213027954
695 2.30041241645813
696 2.298286199569702
697 2.298286199569702
698 2.298286199569702
699 2.298286199569702
700 2.296438455581665
701 2.296438455581665
702 2.296438455581665
703 2.298848867416382
704 2.298848867416382
705 2.2946062088012695
706 2.298893451690674
707 2.298893451690674
708 2.296386957168579
709 2.296386957168579
710 2.296386957168579
711 2.296386957168579
712 2.297001361846924
713 2.29780912399292
714 2.2951412200927734
715 2.297711133956909
716 2.297711133956909
717 2.297711133956909
718 2.297178268432617
719 2.297178268432617
720 2.2974321842193604
721 2.2974321842193604
722 2.2974321842193604
723 2.2943849563598633
724 2.2943849563598633
725 2.2944934368133545
726 2.299790859222412
727 2.297077178955078
728 2.2965195178985596
729 2.2956535816192627
730 2.2981226444244385
731 2.2942917346954346
732 2.2948551177978516
733 2.2948551177978516
734 2.2989063262939453
735 2.2956066131591797
736 2.295370101928711
737 2.295370101928711
738 2.294780969619751
739 2.294780969619751
740 2.294780969619751
741 2.294780969619751
742 2.2951221466064453
743 2.2951221466064453
744 2.2951221466064453
745 2.2964529991149902
746 2.294440984725952
747 2.2986392974853516
748 2.2934443950653076
749 2.29477596282959
750 2.2940385341644287
751 2.2983014583587646
752 2.2983014583587646
753 2.295599937438965
754 2.295599937438965
755 2.295599937438965
756 2.2934908866882324
757 2.2934908866882324
758 2.29748797416687
759 2.29748797416687
760 2.29748797416687
761 2.29748797416687
762 2.296751022338867
763 2.295443058013916
764 2.299321413040161
765 2.299321413040161
766 2.299321413040161
767 2.2971136569976807
768 2.2970311641693115
769 2.2976956367492676
770 2.293841600418091
771 2.2960731983184814
772 2.293644905090332
773 2.2952189445495605
774 2.293207883834839
775 2.293207883834839
776 2.2969021797180176
777 2.2969021797180176
778 2.2952194213867188
779 2.298673152923584
780 2.2980215549468994
781 2.297901153564453
782 2.294471502304077
783 2.293919324874878
784 2.2961268424987793
785 2.2936153411865234
786 2.2966294288635254
787 2.3010568618774414
788 2.2955377101898193
789 2.2962636947631836
790 2.298536539077759
791 2.298536539077759
792 2.298536539077759
793 2.298536539077759
794 2.291762113571167
795 2.297360420227051
796 2.297360420227051
797 2.2939791679382324
798 2.2963998317718506
799 2.2973761558532715
800 2.294393539428711
801 2.2956676483154297
802 2.293018102645874
803 2.293304443359375
804 2.293304443359375
805 2.293304443359375
806 2.2946557998657227
807 2.2946557998657227
808 2.2946557998657227
809 2.2969720363616943
810 2.2957563400268555
811 2.296887159347534
812 2.296887159347534
813 2.2954680919647217
814 2.296746015548706
815 2.296746015548706
816 2.296746015548706
817 2.29229474067688
818 2.29229474067688
819 2.293309450149536
820 2.294949769973755
821 2.294949769973755
822 2.294949769973755
823 2.2918083667755127
824 2.2934272289276123
825 2.294247627258301
826 2.2966530323028564
827 2.2959365844726562
828 2.2959365844726562
829 2.293041229248047
830 2.296797037124634
831 2.296797037124634
832 2.294776439666748
833 2.2962546348571777
834 2.2958130836486816
835 2.2958130836486816
836 2.2968013286590576
837 2.2926857471466064
838 2.2942798137664795
839 2.2924036979675293
840 2.2924036979675293
841 2.290832281112671
842 2.2960071563720703
843 2.2953860759735107
844 2.2951951026916504
845 2.29707407951355
846 2.2968151569366455
847 2.293055295944214
848 2.2972538471221924
849 2.2972538471221924
850 2.2972538471221924
851 2.295280694961548
852 2.2935752868652344
853 2.2935752868652344
854 2.2939257621765137
855 2.2933459281921387
856 2.2933197021484375
857 2.295008420944214
858 2.295773983001709
859 2.294320821762085
860 2.2954490184783936
861 2.2958877086639404
862 2.2958877086639404
863 2.294135570526123
864 2.2895989418029785
865 2.296647548675537
866 2.296647548675537
867 2.296647548675537
868 2.29425048828125
869 2.2929868698120117
870 2.2929868698120117
871 2.2929868698120117
872 2.29499888420105
873 2.290165424346924
874 2.295197010040283
875 2.2954647541046143
876 2.2924821376800537
877 2.2968761920928955
878 2.2913787364959717
879 2.294417142868042
880 2.2964017391204834
881 2.2939627170562744
882 2.291921377182007
883 2.288492202758789
884 2.2913665771484375
885 2.2925801277160645
886 2.2925801277160645
887 2.2925801277160645
888 2.295705556869507
889 2.295705556869507
890 2.2909514904022217
891 2.2909514904022217
892 2.2909514904022217
893 2.295494556427002
894 2.2962958812713623
895 2.2944424152374268
896 2.2918035984039307
897 2.293403148651123
898 2.292052745819092
899 2.292052745819092
900 2.291511058807373
901 2.2931625843048096
902 2.2931625843048096
903 2.295342206954956
904 2.29154896736145
905 2.2965171337127686
906 2.2954819202423096
907 2.2954819202423096
908 2.290652275085449
909 2.2945151329040527
910 2.2945468425750732
911 2.2945468425750732
912 2.295168161392212
913 2.2910492420196533
914 2.28996205329895
915 2.29048490524292
916 2.29048490524292
917 2.296107769012451
918 2.2909367084503174
919 2.294295310974121
920 2.2917819023132324
921 2.294893503189087
922 2.2932326793670654
923 2.2909018993377686
924 2.2882251739501953
925 2.292574882507324
926 2.2898120880126953
927 2.2903404235839844
928 2.295708417892456
929 2.2959790229797363
930 2.29266619682312
931 2.29203200340271
932 2.2948498725891113
933 2.291318655014038
934 2.293067216873169
935 2.2953226566314697
936 2.2944767475128174
937 2.2944767475128174
938 2.290654420852661
939 2.2883026599884033
940 2.292088508605957
941 2.292665958404541
942 2.293593168258667
943 2.293593168258667
944 2.2927627563476562
945 2.2927627563476562
946 2.294346570968628
947 2.293088912963867
948 2.292560338973999
949 2.292560338973999
950 2.2929208278656006
951 2.294468641281128
952 2.293731451034546
953 2.293731451034546
954 2.2967681884765625
955 2.2967681884765625
956 2.2967681884765625
957 2.2967681884765625
958 2.291473865509033
959 2.2935616970062256
960 2.2935616970062256
961 2.289281129837036
962 2.2923941612243652
963 2.290323257446289
964 2.293835163116455
965 2.2908034324645996
966 2.2935776710510254
967 2.2935776710510254
968 2.2935776710510254
969 2.2941720485687256
970 2.2941720485687256
971 2.2927558422088623
972 2.292060613632202
973 2.290818929672241
974 2.29192852973938
975 2.2958290576934814
976 2.288501501083374
977 2.2882254123687744
978 2.291945695877075
979 2.291945695877075
980 2.2931509017944336
981 2.2931509017944336
982 2.2931509017944336
983 2.29024076461792
984 2.289381980895996
985 2.289381980895996
986 2.2917943000793457
987 2.293978214263916
988 2.293978214263916
989 2.293978214263916
990 2.293978214263916
991 2.293978214263916
992 2.2918384075164795
993 2.2918384075164795
994 2.2910754680633545
995 2.2910754680633545
996 2.290012836456299
997 2.2914304733276367
998 2.293524742126465
999 2.293524742126465
1000 2.289532423019409
1001 2.2918179035186768
1002 2.2941267490386963
1003 2.2941267490386963
1004 2.289304256439209
1005 2.290712833404541
1006 2.290712833404541
1007 2.292875289916992
1008 2.2915916442871094
1009 2.293301820755005
1010 2.293301820755005
1011 2.289039134979248
1012 2.2913284301757812
1013 2.2913284301757812
1014 2.2883408069610596
1015 2.288278102874756
1016 2.290233612060547
1017 2.287386655807495
1018 2.287386655807495
1019 2.2901270389556885
1020 2.289262294769287
1021 2.289262294769287
1022 2.289262294769287
1023 2.289262294769287
1024 2.290351629257202
1025 2.2943389415740967
1026 2.291703224182129
1027 2.29068922996521
1028 2.2875518798828125
1029 2.290036916732788
1030 2.2898361682891846
1031 2.292722463607788
1032 2.2932281494140625
1033 2.2875895500183105
1034 2.289613962173462
1035 2.2850613594055176
1036 2.2850613594055176
1037 2.2866697311401367
1038 2.289843797683716
1039 2.289843797683716
1040 2.293234348297119
1041 2.287518262863159
1042 2.287518262863159
1043 2.2949774265289307
1044 2.2949774265289307
1045 2.2891218662261963
1046 2.2912471294403076
1047 2.290727376937866
1048 2.288175344467163
1049 2.288175344467163
1050 2.2895216941833496
1051 2.2892045974731445
1052 2.2892045974731445
1053 2.2892045974731445
1054 2.288724422454834
1055 2.288724422454834
1056 2.2887303829193115
1057 2.2887303829193115
1058 2.290886402130127
1059 2.290886402130127
1060 2.2897000312805176
1061 2.289902687072754
1062 2.2853851318359375
1063 2.284055233001709
1064 2.284055233001709
1065 2.284825325012207
1066 2.290287733078003
1067 2.288811206817627
1068 2.289485216140747
1069 2.289485216140747
1070 2.285820960998535
1071 2.292104721069336
1072 2.287900686264038
1073 2.2869608402252197
1074 2.2855451107025146
1075 2.2899293899536133
1076 2.2930099964141846
1077 2.2930099964141846
1078 2.288642168045044
1079 2.28975248336792
1080 2.28975248336792
1081 2.288455009460449
1082 2.2839226722717285
1083 2.290510416030884
1084 2.290510416030884
1085 2.290510416030884
1086 2.287245750427246
1087 2.2860448360443115
1088 2.290848970413208
1089 2.289202928543091
1090 2.289202928543091
1091 2.2892942428588867
1092 2.285278081893921
1093 2.2918903827667236
1094 2.2859551906585693
1095 2.2890989780426025
1096 2.2839696407318115
1097 2.2875096797943115
1098 2.2875096797943115
1099 2.2875096797943115
1100 2.2875096797943115
1101 2.2914891242980957
1102 2.28902530670166
1103 2.28902530670166
1104 2.2900655269622803
1105 2.288931369781494
1106 2.2862112522125244
1107 2.2862112522125244
1108 2.2862112522125244
1109 2.2865817546844482
1110 2.286238431930542
1111 2.2833852767944336
1112 2.2885539531707764
1113 2.2869789600372314
1114 2.288033962249756
1115 2.289926767349243
1116 2.2894020080566406
1117 2.2894020080566406
1118 2.2894020080566406
1119 2.2868504524230957
1120 2.2868504524230957
1121 2.2868504524230957
1122 2.2825746536254883
1123 2.285540819168091
1124 2.285540819168091
1125 2.289529800415039
1126 2.289529800415039
1127 2.290591239929199
1128 2.287588119506836
1129 2.2821829319000244
1130 2.288198232650757
1131 2.288198232650757
1132 2.288961887359619
1133 2.284355878829956
1134 2.284355878829956
1135 2.285296678543091
1136 2.288585901260376
1137 2.2844078540802
1138 2.2844078540802
1139 2.2875967025756836
1140 2.286080837249756
1141 2.2853264808654785
1142 2.2822184562683105
1143 2.2873125076293945
1144 2.28066086769104
1145 2.28066086769104
1146 2.28066086769104
1147 2.28066086769104
1148 2.2879161834716797
1149 2.2879161834716797
1150 2.2845516204833984
1151 2.28054141998291
1152 2.287689685821533
1153 2.2879750728607178
1154 2.2879750728607178
1155 2.2834720611572266
1156 2.2834720611572266
1157 2.2834720611572266
1158 2.2832679748535156
1159 2.281341314315796
1160 2.282191753387451
1161 2.282426118850708
1162 2.2827627658843994
1163 2.2892701625823975
1164 2.28538179397583
1165 2.28538179397583
1166 2.2824089527130127
1167 2.2781190872192383
1168 2.287292242050171
1169 2.288370132446289
1170 2.2834246158599854
1171 2.2830705642700195
1172 2.281486988067627
1173 2.281486988067627
1174 2.281486988067627
1175 2.2856838703155518
1176 2.2812604904174805
1177 2.2792112827301025
1178 2.284639358520508
1179 2.284639358520508
1180 2.2847180366516113
1181 2.2909417152404785
1182 2.2909417152404785
1183 2.2825706005096436
1184 2.2825706005096436
1185 2.2834277153015137
1186 2.2830638885498047
1187 2.2830638885498047
1188 2.2830638885498047
1189 2.2830638885498047
1190 2.2836713790893555
1191 2.2819976806640625
1192 2.2819976806640625
1193 2.2757644653320312
1194 2.286595344543457
1195 2.286595344543457
1196 2.286595344543457
1197 2.2877392768859863
1198 2.2877392768859863
1199 2.2826757431030273
1200 2.284860134124756
1201 2.284860134124756
1202 2.282869338989258
1203 2.282869338989258
1204 2.282869338989258
1205 2.2826905250549316
1206 2.2826905250549316
1207 2.2823445796966553
1208 2.2823445796966553
1209 2.2823445796966553
1210 2.2781856060028076
1211 2.2781856060028076
1212 2.2811896800994873
1213 2.2785208225250244
1214 2.2819864749908447
1215 2.2863783836364746
1216 2.2863783836364746
1217 2.2863783836364746
1218 2.2728350162506104
1219 2.284189224243164
1220 2.284515142440796
1221 2.2811708450317383
1222 2.278925895690918
1223 2.28067946434021
1224 2.286175489425659
1225 2.286175489425659
1226 2.2824244499206543
1227 2.2844882011413574
1228 2.281324625015259
1229 2.274500846862793
1230 2.274500846862793
1231 2.2769970893859863
1232 2.281345844268799
1233 2.278996229171753
1234 2.276370048522949
1235 2.276370048522949
1236 2.276370048522949
1237 2.276370048522949
1238 2.276370048522949
1239 2.276370048522949
1240 2.27620005607605
1241 2.27620005607605
1242 2.2804489135742188
1243 2.2803397178649902
1244 2.2768263816833496
1245 2.2780559062957764
1246 2.2817025184631348
1247 2.2795121669769287
1248 2.275855302810669
1249 2.272221326828003
1250 2.272221326828003
1251 2.2766621112823486
1252 2.278237819671631
1253 2.2789576053619385
1254 2.2819626331329346
1255 2.275970935821533
1256 2.2772042751312256
1257 2.2772042751312256
1258 2.281529188156128
1259 2.281529188156128
1260 2.272933006286621
1261 2.277655601501465
1262 2.279783010482788
1263 2.2797329425811768
1264 2.2764036655426025
1265 2.2764036655426025
1266 2.2764036655426025
1267 2.2798562049865723
1268 2.2798562049865723
1269 2.280532121658325
1270 2.280532121658325
1271 2.27253794670105
1272 2.2759604454040527
1273 2.2745509147644043
1274 2.278686761856079
1275 2.2654879093170166
1276 2.2654879093170166
1277 2.2654879093170166
1278 2.2783076763153076
1279 2.2783076763153076
1280 2.2783076763153076
1281 2.269841194152832
1282 2.269841194152832
1283 2.276069164276123
1284 2.2777740955352783
1285 2.274818181991577
1286 2.277463436126709
1287 2.276181221008301
1288 2.273987293243408
1289 2.274994373321533
1290 2.2742316722869873
1291 2.274151563644409
1292 2.274151563644409
1293 2.267879009246826
1294 2.271827220916748
1295 2.2753071784973145
1296 2.2717623710632324
1297 2.2754013538360596
1298 2.2754013538360596
1299 2.2723162174224854
1300 2.273176908493042
1301 2.2746260166168213
1302 2.2719786167144775
1303 2.270474672317505
1304 2.2726309299468994
1305 2.2726309299468994
1306 2.2776925563812256
1307 2.2721662521362305
1308 2.2753958702087402
1309 2.27634334564209
1310 2.27634334564209
1311 2.27634334564209
1312 2.2720162868499756
1313 2.2667956352233887
1314 2.274277448654175
1315 2.274277448654175
1316 2.2720224857330322
1317 2.2720224857330322
1318 2.2720224857330322
1319 2.2731869220733643
1320 2.2727527618408203
1321 2.2727527618408203
1322 2.2741336822509766
1323 2.26645827293396
1324 2.2741801738739014
1325 2.2710065841674805
1326 2.2749526500701904
1327 2.2665388584136963
1328 2.2665388584136963
1329 2.266167402267456
1330 2.2683727741241455
1331 2.2681033611297607
1332 2.2681033611297607
1333 2.2681033611297607
1334 2.2707715034484863
1335 2.2652692794799805
1336 2.2652692794799805
1337 2.2652692794799805
1338 2.2721259593963623
1339 2.2721259593963623
1340 2.2721259593963623
1341 2.271930694580078
1342 2.264091968536377
1343 2.264091968536377
1344 2.2623188495635986
1345 2.2623188495635986
1346 2.263226270675659
1347 2.267890453338623
1348 2.2666068077087402
1349 2.2665622234344482
1350 2.268480062484741
1351 2.270808458328247
1352 2.26127552986145
1353 2.2599310874938965
1354 2.268263816833496
1355 2.268263816833496
1356 2.268263816833496
1357 2.268263816833496
1358 2.268263816833496
1359 2.261986494064331
1360 2.263288974761963
1361 2.2624781131744385
1362 2.2601003646850586
1363 2.2649712562561035
1364 2.2648050785064697
1365 2.2671217918395996
1366 2.265054225921631
1367 2.2623631954193115
1368 2.267470359802246
1369 2.268101453781128
1370 2.260868787765503
1371 2.260868787765503
1372 2.2610204219818115
1373 2.2610204219818115
1374 2.264871835708618
1375 2.2598423957824707
1376 2.2598423957824707
1377 2.2598423957824707
1378 2.260709047317505
1379 2.2608914375305176
1380 2.260103702545166
1381 2.256340503692627
1382 2.2640628814697266
1383 2.2640628814697266
1384 2.259028673171997
1385 2.2562551498413086
1386 2.2562551498413086
1387 2.2558813095092773
1388 2.2558813095092773
1389 2.256190299987793
1390 2.2572457790374756
1391 2.254005193710327
1392 2.254005193710327
1393 2.2566723823547363
1394 2.2563412189483643
1395 2.258247137069702
1396 2.255250930786133
1397 2.2583000659942627
1398 2.2519845962524414
1399 2.2563228607177734
1400 2.2563228607177734
1401 2.2563228607177734
1402 2.2671749591827393
1403 2.2529001235961914
1404 2.2535200119018555
1405 2.2553162574768066
1406 2.2567555904388428
1407 2.2562057971954346
1408 2.2602458000183105
1409 2.253139019012451
1410 2.2528629302978516
1411 2.2501628398895264
1412 2.2508697509765625
1413 2.2575628757476807
1414 2.246227502822876
1415 2.246227502822876
1416 2.248199939727783
1417 2.248199939727783
1418 2.250670909881592
1419 2.2464537620544434
1420 2.252858877182007
1421 2.251267671585083
1422 2.251267671585083
1423 2.251267671585083
1424 2.251267671585083
1425 2.2571096420288086
1426 2.2571096420288086
1427 2.2571096420288086
1428 2.2571096420288086
1429 2.247368812561035
1430 2.247368812561035
1431 2.247368812561035
1432 2.2470149993896484
1433 2.2517929077148438
1434 2.239359140396118
1435 2.2462642192840576
1436 2.2491343021392822
1437 2.2448863983154297
1438 2.237034320831299
1439 2.250335216522217
1440 2.250335216522217
1441 2.250335216522217
1442 2.2486486434936523
1443 2.2465996742248535
1444 2.2426884174346924
1445 2.2426884174346924
1446 2.23695707321167
1447 2.23695707321167
1448 2.23695707321167
1449 2.242645502090454
1450 2.244091272354126
1451 2.239213228225708
1452 2.239213228225708
1453 2.241149663925171
1454 2.243886947631836
1455 2.2371344566345215
1456 2.2379565238952637
1457 2.2365434169769287
1458 2.2412657737731934
1459 2.2403252124786377
1460 2.2403252124786377
1461 2.2362735271453857
1462 2.2362735271453857
1463 2.2458722591400146
1464 2.235086679458618
1465 2.240743398666382
1466 2.240743398666382
1467 2.2510733604431152
1468 2.2317006587982178
1469 2.2346127033233643
1470 2.2380731105804443
1471 2.233837127685547
1472 2.233837127685547
1473 2.2372918128967285
1474 2.224104881286621
1475 2.2290525436401367
1476 2.2290525436401367
1477 2.2290525436401367
1478 2.2285163402557373
1479 2.2285163402557373
1480 2.2285163402557373
1481 2.2346277236938477
1482 2.2334468364715576
1483 2.223320245742798
1484 2.2267138957977295
1485 2.23595929145813
1486 2.2349629402160645
1487 2.2349629402160645
1488 2.2260642051696777
1489 2.231212615966797
1490 2.2251100540161133
1491 2.236217498779297
1492 2.226661443710327
1493 2.226661443710327
1494 2.226661443710327
1495 2.226275682449341
1496 2.2310173511505127
1497 2.2372004985809326
1498 2.2168140411376953
1499 2.2168140411376953
