0 2.304424285888672
1 2.304424285888672
2 2.3028006553649902
3 2.3032145500183105
4 2.3027124404907227
5 2.3022491931915283
6 2.3030149936676025
7 2.3030149936676025
8 2.3038151264190674
9 2.3034138679504395
10 2.302656888961792
11 2.302656888961792
12 2.301516056060791
13 2.301516056060791
14 2.3008053302764893
15 2.3023767471313477
16 2.3023767471313477
17 2.3022351264953613
18 2.305586099624634
19 2.3035194873809814
20 2.3035805225372314
21 2.3021512031555176
22 2.303544759750366
23 2.302328586578369
24 2.3032641410827637
25 2.3032641410827637
26 2.301386594772339
27 2.301386594772339
28 2.3036763668060303
29 2.3036763668060303
30 2.302668809890747
31 2.3022727966308594
32 2.3026394844055176
33 2.3026394844055176
34 2.301980495452881
35 2.301461696624756
36 2.300300359725952
37 2.300300359725952
38 2.303030252456665
39 2.303030252456665
40 2.3023035526275635
41 2.3023035526275635
42 2.3028762340545654
43 2.3028762340545654
44 2.3010637760162354
45 2.3010637760162354
46 2.3018157482147217
47 2.302030086517334
48 2.302030086517334
49 2.300534963607788
50 2.302718162536621
51 2.3032071590423584
52 2.303802728652954
53 2.3002867698669434
54 2.3002867698669434
55 2.301616907119751
56 2.302138566970825
57 2.302138566970825
58 2.302138566970825
59 2.3031868934631348
60 2.3019447326660156
61 2.3044075965881348
62 2.3044075965881348
63 2.3044075965881348
64 2.301835536956787
65 2.302225112915039
66 2.302225112915039
67 2.302225112915039
68 2.3023293018341064
69 2.3017053604125977
70 2.3017053604125977
71 2.3015968799591064
72 2.303034543991089
73 2.3020715713500977
74 2.3020715713500977
75 2.301166534423828
76 2.3021087646484375
77 2.3022942543029785
78 2.303325891494751
79 2.302652359008789
80 2.3006088733673096
81 2.3006088733673096
82 2.30157208442688
83 2.302057981491089
84 2.301199436187744
85 2.3012850284576416
86 2.303147554397583
87 2.3022239208221436
88 2.3028676509857178
89 2.3009464740753174
90 2.30216383934021
91 2.30216383934021
92 2.30216383934021
93 2.30216383934021
94 2.3017098903656006
95 2.302725315093994
96 2.302725315093994
97 2.30191707611084
98 2.30191707611084
99 2.3014893531799316
100 2.301213264465332
101 2.301213264465332
102 2.301213264465332
103 2.3008649349212646
104 2.3008649349212646
105 2.303325891494751
106 2.303262233734131
107 2.303262233734131
108 2.299459934234619
109 2.3037381172180176
110 2.3019356727600098
111 2.3019356727600098
112 2.3027470111846924
113 2.3027470111846924
114 2.3026280403137207
115 2.30180287361145
116 2.3022265434265137
117 2.3022265434265137
118 2.300886631011963
119 2.301987886428833
120 2.2997069358825684
121 2.299952983856201
122 2.3008110523223877
123 2.3008110523223877
124 2.302712917327881
125 2.3042049407958984
126 2.302055597305298
127 2.302103281021118
128 2.302103281021118
129 2.3017218112945557
130 2.302480936050415
131 2.3006179332733154
132 2.3036532402038574
133 2.302633047103882
134 2.300565719604492
135 2.3020517826080322
136 2.3029134273529053
137 2.3029134273529053
138 2.3008790016174316
139 2.302785634994507
140 2.301375389099121
141 2.3017683029174805
142 2.3038012981414795
143 2.3023552894592285
144 2.301032304763794
145 2.3020522594451904
146 2.3014707565307617
147 2.302908420562744
148 2.302908420562744
149 2.3055028915405273
150 2.3007256984710693
151 2.3007256984710693
152 2.302182197570801
153 2.3019111156463623
154 2.3019111156463623
155 2.301612138748169
156 2.3010141849517822
157 2.301706075668335
158 2.300412178039551
159 2.301955223083496
160 2.3020272254943848
161 2.3020272254943848
162 2.300424098968506
163 2.300424098968506
164 2.301748037338257
165 2.3030197620391846
166 2.3030197620391846
167 2.3027915954589844
168 2.3026931285858154
169 2.3018531799316406
170 2.3034424781799316
171 2.3034424781799316
172 2.300949811935425
173 2.3028411865234375
174 2.3013253211975098
175 2.3013253211975098
176 2.3013253211975098
177 2.3022940158843994
178 2.3011631965637207
179 2.3012936115264893
180 2.3012936115264893
181 2.2997140884399414
182 2.2997512817382812
183 2.3000595569610596
184 2.3032681941986084
185 2.3032681941986084
186 2.3010079860687256
187 2.3015434741973877
188 2.301752805709839
189 2.3003487586975098
190 2.3020436763763428
191 2.303510904312134
192 2.303510904312134
193 2.303574323654175
194 2.303574323654175
195 2.303574323654175
196 2.3012173175811768
197 2.302150011062622
198 2.3013832569122314
199 2.3013832569122314
200 2.303760051727295
201 2.303760051727295
202 2.3010542392730713
203 2.3010802268981934
204 2.300204277038574
205 2.300924062728882
206 2.3003878593444824
207 2.3026938438415527
208 2.3026938438415527
209 2.300307273864746
210 2.2993736267089844
211 2.3021068572998047
212 2.3021068572998047
213 2.303286552429199
214 2.303286552429199
215 2.303286552429199
216 2.3043296337127686
217 2.300774097442627
218 2.3022327423095703
219 2.3021838665008545
220 2.3021838665008545
221 2.3021838665008545
222 2.3009231090545654
223 2.302732229232788
224 2.30314302444458
225 2.302166223526001
226 2.302166223526001
227 2.300285577774048
228 2.3014919757843018
229 2.3024868965148926
230 2.3024868965148926
231 2.300337076187134
232 2.301130533218384
233 2.2999844551086426
234 2.2999844551086426
235 2.301361560821533
236 2.299607992172241
237 2.30080246925354
238 2.3007025718688965
239 2.3007025718688965
240 2.2997891902923584
241 2.3006973266601562
242 2.3006973266601562
243 2.3014392852783203
244 2.301568031311035
245 2.301568031311035
246 2.301692485809326
247 2.3001961708068848
248 2.3027610778808594
249 2.3034722805023193
250 2.3034722805023193
251 2.29856538772583
252 2.3032467365264893
253 2.3032467365264893
254 2.3032467365264893
255 2.3004727363586426
256 2.3004727363586426
257 2.301907777786255
258 2.302361249923706
259 2.3008718490600586
260 2.3017497062683105
261 2.300391912460327
262 2.298555374145508
263 2.3011014461517334
264 2.301008462905884
265 2.301008462905884
266 2.300609827041626
267 2.3021607398986816
268 2.3007822036743164
269 2.3017098903656006
270 2.3015992641448975
271 2.3008291721343994
272 2.2993557453155518
273 2.3007709980010986
274 2.3016483783721924
275 2.300647258758545
276 2.3022918701171875
277 2.3010692596435547
278 2.3010692596435547
279 2.3028242588043213
280 2.3017005920410156
281 2.3000848293304443
282 2.3000848293304443
283 2.301180362701416
284 2.3006367683410645
285 2.30076265335083
286 2.3022878170013428
287 2.3012197017669678
288 2.302013397216797
289 2.3025095462799072
290 2.3003063201904297
291 2.298703908920288
292 2.298703908920288
293 2.298703908920288
294 2.3014028072357178
295 2.2994487285614014
296 2.30129337310791
297 2.3019826412200928
298 2.299565315246582
299 2.299565315246582
300 2.3013193607330322
301 2.3007473945617676
302 2.3007473945617676
303 2.2983036041259766
304 2.302072048187256
305 2.302072048187256
306 2.3005151748657227
307 2.2997090816497803
308 2.2997090816497803
309 2.3008761405944824
310 2.301665782928467
311 2.2990028858184814
312 2.300412178039551
313 2.302961826324463
314 2.300244092941284
315 2.3028104305267334
316 2.3028104305267334
317 2.300261974334717
318 2.300261974334717
319 2.300261974334717
320 2.2999982833862305
321 2.2999982833862305
322 2.2999982833862305
323 2.2999982833862305
324 2.3022782802581787
325 2.3009350299835205
326 2.3009350299835205
327 2.3009350299835205
328 2.2996277809143066
329 2.2996277809143066
330 2.299536943435669
331 2.299536943435669
332 2.301907539367676
333 2.2991952896118164
334 2.301969528198242
335 2.2998836040496826
336 2.2972986698150635
337 2.3001160621643066
338 2.2989301681518555
339 2.2981479167938232
340 2.298469066619873
341 2.298469066619873
342 2.2994048595428467
343 2.2977659702301025
344 2.2988569736480713
345 2.299100875854492
346 2.3001210689544678
347 2.3002657890319824
348 2.3027124404907227
349 2.297208070755005
350 2.297208070755005
351 2.297208070755005
352 2.297208070755005
353 2.300171375274658
354 2.2989614009857178
355 2.2986719608306885
356 2.30023193359375
357 2.3022091388702393
358 2.3022091388702393
359 2.3022091388702393
360 2.2994191646575928
361 2.2994191646575928
362 2.2997093200683594
363 2.3021976947784424
364 2.3021976947784424
365 2.3004233837127686
366 2.3004233837127686
367 2.2987475395202637
368 2.2987475395202637
369 2.30104923248291
370 2.30104923248291
371 2.3012709617614746
372 2.2995729446411133
373 2.300570011138916
374 2.3003134727478027
375 2.2985570430755615
376 2.298859119415283
377 2.298859119415283
378 2.3009819984436035
379 2.301191806793213
380 2.300917387008667
381 2.301683187484741
382 2.2994818687438965
383 2.2996697425842285
384 2.302126169204712
385 2.2986831665039062
386 2.2986831665039062
387 2.2986831665039062
388 2.301481246948242
389 2.3029000759124756
390 2.300992965698242
391 2.300992965698242
392 2.300992965698242
393 2.3011929988861084
394 2.2985079288482666
395 2.2985079288482666
396 2.2985079288482666
397 2.2985079288482666
398 2.3009114265441895
399 2.3009114265441895
400 2.2990918159484863
401 2.2984120845794678
402 2.2984120845794678
403 2.298926830291748
404 2.301888942718506
405 2.2983076572418213
406 2.2983076572418213
407 2.2998647689819336
408 2.29909086227417
409 2.300978422164917
410 2.2998156547546387
411 2.2998156547546387
412 2.2997992038726807
413 2.299164295196533
414 2.298304796218872
415 2.301114082336426
416 2.2994720935821533
417 2.2994720935821533
418 2.298182487487793
419 2.2983641624450684
420 2.3008432388305664
421 2.301356077194214
422 2.301356077194214
423 2.3006844520568848
424 2.3006844520568848
425 2.3016793727874756
426 2.2987287044525146
427 2.3010425567626953
428 2.3013815879821777
429 2.302621841430664
430 2.301145553588867
431 2.301145553588867
432 2.3006591796875
433 2.3006591796875
434 2.2991225719451904
435 2.2992942333221436
436 2.3026068210601807
437 2.3010969161987305
438 2.3010969161987305
439 2.300035238265991
440 2.301377296447754
441 2.301377296447754
442 2.2996461391448975
443 2.2987828254699707
444 2.301339626312256
445 2.2972395420074463
446 2.2977488040924072
447 2.298884868621826
448 2.3021445274353027
449 2.299617290496826
450 2.3018810749053955
451 2.3018810749053955
452 2.3036556243896484
453 2.2999155521392822
454 2.301164388656616
455 2.3002684116363525
456 2.29842209815979
457 2.298821210861206
458 2.298821210861206
459 2.2994062900543213
460 2.3017332553863525
461 2.3005568981170654
462 2.302642583847046
463 2.302642583847046
464 2.2993369102478027
465 2.2991409301757812
466 2.2991409301757812
467 2.299823522567749
468 2.299161672592163
469 2.298949718475342
470 2.298949718475342
471 2.3001747131347656
472 2.299602508544922
473 2.302544116973877
474 2.302544116973877
475 2.299868583679199
476 2.299868583679199
477 2.297891139984131
478 2.299079418182373
479 2.2996864318847656
480 2.298731803894043
481 2.299790382385254
482 2.2984466552734375
483 2.3002374172210693
484 2.299088954925537
485 2.299346446990967
486 2.299971103668213
487 2.297611713409424
488 2.3007142543792725
489 2.302152395248413
490 2.2988133430480957
491 2.3001904487609863
492 2.2977428436279297
493 2.2984516620635986
494 2.2979183197021484
495 2.2979183197021484
496 2.300243854522705
497 2.300243854522705
498 2.300243854522705
499 2.2980706691741943
500 2.296098232269287
501 2.2988033294677734
502 2.2974061965942383
503 2.2974061965942383
504 2.2974061965942383
505 2.299415349960327
506 2.299415349960327
507 2.3002192974090576
508 2.300776720046997
509 2.2972912788391113
510 2.2987565994262695
511 2.2987565994262695
512 2.3012540340423584
513 2.2975382804870605
514 2.2994484901428223
515 2.3026621341705322
516 2.298901081085205
517 2.298901081085205
518 2.3002445697784424
519 2.3002445697784424
520 2.299938440322876
521 2.299938440322876
522 2.300537347793579
523 2.299302816390991
524 2.3034756183624268
525 2.3034756183624268
526 2.3019351959228516
527 2.3019351959228516
528 2.297778367996216
529 2.297778367996216
530 2.298410415649414
531 2.298495292663574
532 2.3009557723999023
533 2.3009557723999023
534 2.301180839538574
535 2.301180839538574
536 2.3017609119415283
537 2.3011913299560547
538 2.3006441593170166
539 2.300919771194458
540 2.299882411956787
541 2.299882411956787
542 2.2996294498443604
543 2.298677444458008
544 2.298677444458008
545 2.298677444458008
546 2.3013739585876465
547 2.3013739585876465
548 2.3002803325653076
549 2.3002803325653076
550 2.3002803325653076
551 2.2978696823120117
552 2.2978696823120117
553 2.3008196353912354
554 2.3013346195220947
555 2.3013346195220947
556 2.3013346195220947
557 2.3006436824798584
558 2.3006436824798584
559 2.298283815383911
560 2.299114465713501
561 2.2985124588012695
562 2.2985124588012695
563 2.299794912338257
564 2.296815872192383
565 2.296815872192383
566 2.296815872192383
567 2.2981491088867188
568 2.2981491088867188
569 2.2955031394958496
570 2.298347234725952
571 2.298347234725952
572 2.298435688018799
573 2.2978615760803223
574 2.2978615760803223
575 2.2978615760803223
576 2.2999260425567627
577 2.2999260425567627
578 2.300457000732422
579 2.299832820892334
580 2.299832820892334
581 2.297637939453125
582 2.299037218093872
583 2.299037218093872
584 2.299037218093872
585 2.301940679550171
586 2.2988016605377197
587 2.2972540855407715
588 2.2972540855407715
589 2.2995541095733643
590 2.2995541095733643
591 2.2995541095733643
592 2.2977328300476074
593 2.3018758296966553
594 2.3018758296966553
595 2.3018758296966553
596 2.3018758296966553
597 2.3018758296966553
598 2.3018758296966553
599 2.302734613418579
600 2.302734613418579
601 2.302734613418579
602 2.2995450496673584
603 2.2995450496673584
604 2.2995450496673584
605 2.2978293895721436
606 2.2978737354278564
607 2.2978737354278564
608 2.2968573570251465
609 2.2983102798461914
610 2.2983102798461914
611 2.2991085052490234
612 2.2959561347961426
613 2.2959561347961426
614 2.296090602874756
615 2.299039363861084
616 2.299039363861084
617 2.300304889678955
618 2.2983038425445557
619 2.2983038425445557
620 2.3014347553253174
621 2.297459840774536
622 2.297459840774536
623 2.2968454360961914
624 2.2968454360961914
625 2.2968454360961914
626 2.2977445125579834
627 2.2977445125579834
628 2.2996482849121094
629 2.2985448837280273
630 2.2985448837280273
631 2.3020081520080566
632 2.2996180057525635
633 2.299767255783081
634 2.299767255783081
635 2.2995896339416504
636 2.2995896339416504
637 2.2995896339416504
638 2.296643018722534
639 2.296643018722534
640 2.3020148277282715
641 2.296611785888672
642 2.301111936569214
643 2.2988569736480713
644 2.299144744873047
645 2.299144744873047
646 2.2967617511749268
647 2.2967617511749268
648 2.2967617511749268
649 2.2967617511749268
650 2.2967617511749268
651 2.298598051071167
652 2.2983884811401367
653 2.300520420074463
654 2.30063533782959
655 2.30063533782959
656 2.2988967895507812
657 2.2988967895507812
658 2.3001718521118164
659 2.3001718521118164
660 2.3000035285949707
661 2.298269748687744
662 2.294910430908203
663 2.294910430908203
664 2.294910430908203
665 2.2974510192871094
666 2.2974510192871094
667 2.2974510192871094
668 2.2974510192871094
669 2.2974510192871094
670 2.2974510192871094
671 2.2952308654785156
672 2.2998337745666504
673 2.2921512126922607
674 2.299213171005249
675 2.299213171005249
676 2.297341823577881
677 2.2983498573303223
678 2.2983412742614746
679 2.300265312194824
680 2.300265312194824
681 2.300265312194824
682 2.295304775238037
683 2.295304775238037
684 2.295304775238037
685 2.295304775238037
686 2.2975354194641113
687 2.2975354194641113
688 2.2987215518951416
689 2.2987215518951416
690 2.299179792404175
691 2.299179792404175
692 2.299179792404175
693 2.296765089035034
694 2.2949705123901367
695 2.2949705123901367
696 2.2949705123901367
697 2.2975175380706787
698 2.299813985824585
699 2.3001232147216797
700 2.2964677810668945
701 2.29711651802063
702 2.296264886856079
703 2.297006845474243
704 2.2994751930236816
705 2.297574281692505
706 2.2958035469055176
707 2.298200845718384
708 2.298200845718384
709 2.295616388320923
710 2.297386646270752
711 2.2961931228637695
712 2.2961931228637695
713 2.297107219696045
714 2.300494432449341
715 2.300494432449341
716 2.297123432159424
717 2.297123432159424
718 2.297123432159424
719 2.29441499710083
720 2.29441499710083
721 2.2980504035949707
722 2.2969110012054443
723 2.298646926879883
724 2.29607892036438
725 2.2974209785461426
726 2.300138235092163
727 2.300138235092163
728 2.3017172813415527
729 2.3017172813415527
730 2.3017172813415527
731 2.2955124378204346
732 2.2955124378204346
733 2.296215295791626
734 2.296215295791626
735 2.2976903915405273
736 2.2975642681121826
737 2.296088457107544
738 2.2951862812042236
739 2.2951862812042236
740 2.299237012863159
741 2.29703426361084
742 2.297638416290283
743 2.297638416290283
744 2.297638416290283
745 2.2978920936584473
746 2.296858310699463
747 2.299046754837036
748 2.2995240688323975
749 2.2995240688323975
750 2.2995240688323975
751 2.3002278804779053
752 2.3005547523498535
753 2.295919418334961
754 2.2942049503326416
755 2.295950412750244
756 2.2961881160736084
757 2.2986104488372803
758 2.2986104488372803
759 2.296851873397827
760 2.2931275367736816
761 2.297927141189575
762 2.297927141189575
763 2.2948555946350098
764 2.296104907989502
765 2.2960338592529297
766 2.2939014434814453
767 2.2970845699310303
768 2.2970845699310303
769 2.2970845699310303
770 2.299049139022827
771 2.296976089477539
772 2.297182083129883
773 2.297182083129883
774 2.2988429069519043
775 2.29457426071167
776 2.2968227863311768
777 2.2978506088256836
778 2.2961065769195557
779 2.2961065769195557
780 2.295078992843628
781 2.2958920001983643
782 2.298387050628662
783 2.298387050628662
784 2.298387050628662
785 2.296549081802368
786 2.2963523864746094
787 2.2966091632843018
788 2.2952208518981934
789 2.2960448265075684
790 2.2960448265075684
791 2.2994096279144287
792 2.294088125228882
793 2.294088125228882
794 2.298729419708252
795 2.298729419708252
796 2.2956504821777344
797 2.294013023376465
798 2.2972097396850586
799 2.2970142364501953
800 2.2970142364501953
801 2.2970142364501953
802 2.2976067066192627
803 2.2987890243530273
804 2.2975971698760986
805 2.2932188510894775
806 2.293532609939575
807 2.2956340312957764
808 2.294633626937866
809 2.296902656555176
810 2.298143148422241
811 2.294804573059082
812 2.294804573059082
813 2.294351577758789
814 2.298677921295166
815 2.2937960624694824
816 2.2967488765716553
817 2.294663667678833
818 2.291945219039917
819 2.291945219039917
820 2.291945219039917
821 2.2951338291168213
822 2.2965312004089355
823 2.2953219413757324
824 2.2953219413757324
825 2.294034481048584
826 2.298153877258301
827 2.2977793216705322
828 2.2984073162078857
829 2.294523000717163
830 2.297226667404175
831 2.2972466945648193
832 2.2927069664001465
833 2.2970426082611084
834 2.2953789234161377
835 2.2953789234161377
836 2.2949435710906982
837 2.2949435710906982
838 2.2966582775115967
839 2.2966363430023193
840 2.2966363430023193
841 2.2953341007232666
842 2.293433666229248
843 2.2966198921203613
844 2.295396327972412
845 2.295396327972412
846 2.292682409286499
847 2.292682409286499
848 2.2955522537231445
849 2.2952163219451904
850 2.2952163219451904
851 2.2952163219451904
852 2.2959463596343994
853 2.2969751358032227
854 2.29512882232666
855 2.29512882232666
856 2.29512882232666
857 2.2959775924682617
858 2.2959775924682617
859 2.294417381286621
860 2.293283700942993
861 2.293283700942993
862 2.2955427169799805
863 2.2953994274139404
864 2.296186685562134
865 2.296186685562134
866 2.2968697547912598
867 2.2935171127319336
868 2.294736862182617
869 2.294564723968506
870 2.294698476791382
871 2.2971558570861816
872 2.293797016143799
873 2.293797016143799
874 2.293797016143799
875 2.293797016143799
876 2.2942540645599365
877 2.2947473526000977
878 2.2997074127197266
879 2.2997074127197266
880 2.293560743331909
881 2.2975642681121826
882 2.2975642681121826
883 2.2951576709747314
884 2.2943577766418457
885 2.29473614692688
886 2.2977042198181152
887 2.2977042198181152
888 2.2977042198181152
889 2.2977497577667236
890 2.296114444732666
891 2.296114444732666
892 2.2980995178222656
893 2.2920103073120117
894 2.294388771057129
895 2.294388771057129
896 2.2944369316101074
897 2.2954611778259277
898 2.2934956550598145
899 2.294935703277588
900 2.2952187061309814
901 2.2952187061309814
902 2.2897021770477295
903 2.290773391723633
904 2.290773391723633
905 2.290773391723633
906 2.296602249145508
907 2.294220447540283
908 2.2933220863342285
909 2.29516863822937
910 2.29549503326416
911 2.29645037651062
912 2.293388605117798
913 2.293388605117798
914 2.293388605117798
915 2.29455304145813
916 2.2921366691589355
917 2.296255588531494
918 2.294825315475464
919 2.294825315475464
920 2.2945363521575928
921 2.2945480346679688
922 2.2945480346679688
923 2.293154716491699
924 2.2940492630004883
925 2.294661283493042
926 2.294661283493042
927 2.294661283493042
928 2.294661283493042
929 2.293393135070801
930 2.296154737472534
931 2.296154737472534
932 2.296154737472534
933 2.2906951904296875
934 2.2906951904296875
935 2.2917892932891846
936 2.291109323501587
937 2.291109323501587
938 2.291109323501587
939 2.290083885192871
940 2.290083885192871
941 2.2954866886138916
942 2.299110174179077
943 2.299110174179077
944 2.299110174179077
945 2.292135715484619
946 2.292412042617798
947 2.292412042617798
948 2.2920174598693848
949 2.292811870574951
950 2.292811870574951
951 2.2904715538024902
952 2.2908942699432373
953 2.2907023429870605
954 2.292252779006958
955 2.291689872741699
956 2.2954108715057373
957 2.2954108715057373
958 2.291043758392334
959 2.2932772636413574
960 2.292858362197876
961 2.2948365211486816
962 2.295379877090454
963 2.2941415309906006
964 2.2941415309906006
965 2.2960457801818848
966 2.2919814586639404
967 2.293322801589966
968 2.29093074798584
969 2.2948617935180664
970 2.293229579925537
971 2.2904560565948486
972 2.293274402618408
973 2.2911336421966553
974 2.2911336421966553
975 2.2922494411468506
976 2.2922494411468506
977 2.2908430099487305
978 2.2918901443481445
979 2.2909319400787354
980 2.2909319400787354
981 2.294090986251831
982 2.294090986251831
983 2.289138078689575
984 2.293818950653076
985 2.293818950653076
986 2.296355962753296
987 2.295389413833618
988 2.292462110519409
989 2.2970545291900635
990 2.296574592590332
991 2.292059898376465
992 2.2883381843566895
993 2.2921836376190186
994 2.2921836376190186
995 2.2961246967315674
996 2.2961246967315674
997 2.290069103240967
998 2.290069103240967
999 2.292708396911621
1000 2.2874631881713867
1001 2.294461965560913
1002 2.293302536010742
1003 2.291839361190796
1004 2.288398265838623
1005 2.290489912033081
1006 2.2898144721984863
1007 2.291853427886963
1008 2.293308973312378
1009 2.2912561893463135
1010 2.2931220531463623
1011 2.289010763168335
1012 2.2927496433258057
1013 2.29791522026062
1014 2.292370557785034
1015 2.292370557785034
1016 2.292370557785034
1017 2.288266897201538
1018 2.2927613258361816
1019 2.291039228439331
1020 2.2923583984375
1021 2.285867214202881
1022 2.2953290939331055
1023 2.292118787765503
1024 2.292118787765503
1025 2.2924957275390625
1026 2.2924957275390625
1027 2.2924957275390625
1028 2.2924957275390625
1029 2.2924957275390625
1030 2.2885591983795166
1031 2.2885591983795166
1032 2.2905116081237793
1033 2.2905116081237793
1034 2.2905116081237793
1035 2.2905116081237793
1036 2.2936482429504395
1037 2.292874813079834
1038 2.2921500205993652
1039 2.2921500205993652
1040 2.292631149291992
1041 2.292109489440918
1042 2.2930054664611816
1043 2.2896945476531982
1044 2.2942233085632324
1045 2.2942233085632324
1046 2.2942233085632324
1047 2.291368007659912
1048 2.291368007659912
1049 2.2897753715515137
1050 2.290534257888794
1051 2.2914979457855225
1052 2.2911720275878906
1053 2.2911720275878906
1054 2.2911720275878906
1055 2.2918756008148193
1056 2.288074493408203
1057 2.289327383041382
1058 2.2980105876922607
1059 2.291015148162842
1060 2.2888693809509277
1061 2.2888693809509277
1062 2.288120985031128
1063 2.2904326915740967
1064 2.2910995483398438
1065 2.289912462234497
1066 2.289912462234497
1067 2.289912462234497
1068 2.2912368774414062
1069 2.2912368774414062
1070 2.287503957748413
1071 2.2931406497955322
1072 2.2883167266845703
1073 2.2883167266845703
1074 2.2863645553588867
1075 2.294095993041992
1076 2.294095993041992
1077 2.2918860912323
1078 2.291170358657837
1079 2.2915701866149902
1080 2.2915701866149902
1081 2.2905259132385254
1082 2.2876298427581787
1083 2.287757396697998
1084 2.2902278900146484
1085 2.2902278900146484
1086 2.2902653217315674
1087 2.292907238006592
1088 2.2880654335021973
1089 2.290362596511841
1090 2.290362596511841
1091 2.2893455028533936
1092 2.2918403148651123
1093 2.2918403148651123
1094 2.289777994155884
1095 2.28981351852417
1096 2.293240785598755
1097 2.293240785598755
1098 2.293240785598755
1099 2.2887954711914062
1100 2.2887954711914062
1101 2.2887954711914062
1102 2.2887954711914062
1103 2.2879791259765625
1104 2.2879791259765625
1105 2.2879791259765625
1106 2.2893240451812744
1107 2.2893240451812744
1108 2.2893240451812744
1109 2.2952420711517334
1110 2.285104990005493
1111 2.2885959148406982
1112 2.2885959148406982
1113 2.2907662391662598
1114 2.2907662391662598
1115 2.2907662391662598
1116 2.289806604385376
1117 2.289806604385376
1118 2.2863354682922363
1119 2.284817695617676
1120 2.289766550064087
1121 2.287625312805176
1122 2.284569501876831
1123 2.284569501876831
1124 2.290808916091919
1125 2.290808916091919
1126 2.290808916091919
1127 2.290808916091919
1128 2.2812116146087646
1129 2.2812116146087646
1130 2.2812116146087646
1131 2.2871012687683105
1132 2.287619113922119
1133 2.2838385105133057
1134 2.282963275909424
1135 2.282963275909424
1136 2.2863121032714844
1137 2.2863121032714844
1138 2.2863121032714844
1139 2.28369402885437
1140 2.28369402885437
1141 2.2833166122436523
1142 2.2908947467803955
1143 2.285775661468506
1144 2.2873117923736572
1145 2.29174542427063
1146 2.2867116928100586
1147 2.286522388458252
1148 2.286522388458252
1149 2.286522388458252
1150 2.286522388458252
1151 2.286924123764038
1152 2.286924123764038
1153 2.286924123764038
1154 2.287580966949463
1155 2.280275344848633
1156 2.2858965396881104
1157 2.2848637104034424
1158 2.2837717533111572
1159 2.2837717533111572
1160 2.2847390174865723
1161 2.2855849266052246
1162 2.2855849266052246
1163 2.286726713180542
1164 2.286726713180542
1165 2.286726713180542
1166 2.2806501388549805
1167 2.2864556312561035
1168 2.2864556312561035
1169 2.2808399200439453
1170 2.2887322902679443
1171 2.2809462547302246
1172 2.287822961807251
1173 2.287822961807251
1174 2.2862915992736816
1175 2.2862915992736816
1176 2.2862915992736816
1177 2.2862915992736816
1178 2.2862915992736816
1179 2.284956932067871
1180 2.285674810409546
1181 2.283331871032715
1182 2.2827670574188232
1183 2.2852182388305664
1184 2.28788423538208
1185 2.2794835567474365
1186 2.2872164249420166
1187 2.2869224548339844
1188 2.286216974258423
1189 2.2858917713165283
1190 2.2858917713165283
1191 2.282078504562378
1192 2.282078504562378
1193 2.282078504562378
1194 2.2832822799682617
1195 2.2810633182525635
1196 2.2811126708984375
1197 2.283397912979126
1198 2.280066728591919
1199 2.2817795276641846
1200 2.2817795276641846
1201 2.2817795276641846
1202 2.2817795276641846
1203 2.281228542327881
1204 2.2829017639160156
1205 2.2835745811462402
1206 2.2782680988311768
1207 2.283201217651367
1208 2.283390522003174
1209 2.283390522003174
1210 2.2808034420013428
1211 2.2855823040008545
1212 2.2840325832366943
1213 2.28061842918396
1214 2.2843611240386963
1215 2.2843611240386963
1216 2.283641815185547
1217 2.2856881618499756
1218 2.2813663482666016
1219 2.281935214996338
1220 2.2882609367370605
1221 2.2882609367370605
1222 2.280005693435669
1223 2.281658411026001
1224 2.281658411026001
1225 2.281658411026001
1226 2.281572103500366
1227 2.282557487487793
1228 2.282557487487793
1229 2.282557487487793
1230 2.281346321105957
1231 2.2774603366851807
1232 2.280082941055298
1233 2.2821717262268066
1234 2.2804267406463623
1235 2.280548095703125
1236 2.283975601196289
1237 2.280521869659424
1238 2.280521869659424
1239 2.275341749191284
1240 2.2821946144104004
1241 2.2794406414031982
1242 2.2794406414031982
1243 2.280181884765625
1244 2.276395559310913
1245 2.2834270000457764
1246 2.280165910720825
1247 2.2776176929473877
1248 2.2730844020843506
1249 2.2794365882873535
1250 2.2799978256225586
1251 2.2799978256225586
1252 2.2792303562164307
1253 2.2792303562164307
1254 2.274601697921753
1255 2.2763168811798096
1256 2.2763168811798096
1257 2.2763168811798096
1258 2.2820563316345215
1259 2.2833876609802246
1260 2.2833876609802246
1261 2.2833876609802246
1262 2.277194023132324
1263 2.277194023132324
1264 2.277194023132324
1265 2.2763962745666504
1266 2.275141477584839
1267 2.2786474227905273
1268 2.276770830154419
1269 2.276770830154419
1270 2.276770830154419
1271 2.277635097503662
1272 2.273756742477417
1273 2.2745559215545654
1274 2.2745559215545654
1275 2.2765276432037354
1276 2.281099796295166
1277 2.281099796295166
1278 2.276353597640991
1279 2.276353597640991
1280 2.273233652114868
1281 2.274406909942627
1282 2.2789182662963867
1283 2.274165391921997
1284 2.275519847869873
1285 2.275519847869873
1286 2.2727210521698
1287 2.2727210521698
1288 2.2780508995056152
1289 2.2742462158203125
1290 2.276674747467041
1291 2.27461576461792
1292 2.271926164627075
1293 2.2717225551605225
1294 2.2717225551605225
1295 2.2717225551605225
1296 2.2751879692077637
1297 2.2751879692077637
1298 2.276862621307373
1299 2.2698135375976562
1300 2.276064395904541
1301 2.272493362426758
1302 2.272493362426758
1303 2.2743031978607178
1304 2.2736566066741943
1305 2.2765393257141113
1306 2.275956153869629
1307 2.274796962738037
1308 2.274796962738037
1309 2.2736523151397705
1310 2.273101806640625
1311 2.2703285217285156
1312 2.27093243598938
1313 2.27093243598938
1314 2.2759339809417725
1315 2.2759339809417725
1316 2.2759339809417725
1317 2.2673840522766113
1318 2.2710580825805664
1319 2.2706120014190674
1320 2.2681570053100586
1321 2.2755820751190186
1322 2.2755820751190186
1323 2.2755820751190186
1324 2.2755820751190186
1325 2.265984535217285
1326 2.2750182151794434
1327 2.2750182151794434
1328 2.2656118869781494
1329 2.2656118869781494
1330 2.2656118869781494
1331 2.272369146347046
1332 2.272369146347046
1333 2.2710347175598145
1334 2.267380714416504
1335 2.2706284523010254
1336 2.2688655853271484
1337 2.269674777984619
1338 2.269674777984619
1339 2.2681732177734375
1340 2.2706730365753174
1341 2.2692222595214844
1342 2.277231454849243
1343 2.2692670822143555
1344 2.261530637741089
1345 2.2689671516418457
1346 2.2689671516418457
1347 2.270934820175171
1348 2.270934820175171
1349 2.2742021083831787
1350 2.2742021083831787
1351 2.267683506011963
1352 2.267683506011963
1353 2.2720844745635986
1354 2.2720844745635986
1355 2.2720844745635986
1356 2.2642390727996826
1357 2.2705466747283936
1358 2.2659850120544434
1359 2.2661149501800537
1360 2.262619972229004
1361 2.262619972229004
1362 2.2664403915405273
1363 2.2678029537200928
1364 2.2684402465820312
1365 2.264768600463867
1366 2.264768600463867
1367 2.2720515727996826
1368 2.2720515727996826
1369 2.264869213104248
1370 2.264869213104248
1371 2.262016534805298
1372 2.270451784133911
1373 2.262791633605957
1374 2.265146017074585
1375 2.264958381652832
1376 2.2584517002105713
1377 2.271385431289673
1378 2.262331485748291
1379 2.262331485748291
1380 2.263551712036133
1381 2.269529104232788
1382 2.263763427734375
1383 2.2603020668029785
1384 2.2645583152770996
1385 2.2646219730377197
1386 2.2591590881347656
1387 2.2576935291290283
1388 2.262746572494507
1389 2.258061647415161
1390 2.258061647415161
1391 2.258061647415161
1392 2.258061647415161
1393 2.258061647415161
1394 2.2646796703338623
1395 2.256181001663208
1396 2.256181001663208
1397 2.2593133449554443
1398 2.253546953201294
1399 2.251713275909424
1400 2.25840163230896
1401 2.258608102798462
1402 2.2611329555511475
1403 2.2611329555511475
1404 2.2603187561035156
1405 2.258967399597168
1406 2.2619264125823975
1407 2.259129047393799
1408 2.2524306774139404
1409 2.254117488861084
1410 2.260122299194336
1411 2.252258062362671
1412 2.253286600112915
1413 2.260031223297119
1414 2.260031223297119
1415 2.253661870956421
1416 2.2640514373779297
1417 2.2640514373779297
1418 2.2448408603668213
1419 2.260946035385132
1420 2.260946035385132
1421 2.2540721893310547
1422 2.255216598510742
1423 2.253514051437378
1424 2.2548298835754395
1425 2.256845235824585
1426 2.2497074604034424
1427 2.253633975982666
1428 2.253633975982666
1429 2.2535688877105713
1430 2.2499778270721436
1431 2.2586300373077393
1432 2.2477211952209473
1433 2.2531824111938477
1434 2.2486844062805176
1435 2.2486844062805176
1436 2.2486844062805176
1437 2.259833812713623
1438 2.2485220432281494
1439 2.2459418773651123
1440 2.2459418773651123
1441 2.249687433242798
1442 2.2490782737731934
1443 2.247528553009033
1444 2.2532131671905518
1445 2.2532131671905518
1446 2.2532131671905518
1447 2.2419722080230713
1448 2.250495433807373
1449 2.2456588745117188
1450 2.2456588745117188
1451 2.2438762187957764
1452 2.24310040473938
1453 2.2472612857818604
1454 2.2472612857818604
1455 2.2472612857818604
1456 2.2414333820343018
1457 2.2400388717651367
1458 2.2400388717651367
1459 2.2389371395111084
1460 2.2426881790161133
1461 2.2439444065093994
1462 2.243696928024292
1463 2.243696928024292
1464 2.2387468814849854
1465 2.2377212047576904
1466 2.2377212047576904
1467 2.2377212047576904
1468 2.2377212047576904
1469 2.2377212047576904
1470 2.2441153526306152
1471 2.2439053058624268
1472 2.2370598316192627
1473 2.2381064891815186
1474 2.2381064891815186
1475 2.2371883392333984
1476 2.2371883392333984
1477 2.2320523262023926
1478 2.2397730350494385
1479 2.2270572185516357
1480 2.2342400550842285
1481 2.2338504791259766
1482 2.241412401199341
1483 2.2401790618896484
1484 2.224008321762085
1485 2.2357022762298584
1486 2.2321810722351074
1487 2.225661039352417
1488 2.228142499923706
1489 2.228142499923706
1490 2.233543872833252
1491 2.2211196422576904
1492 2.223195791244507
1493 2.2271621227264404
1494 2.2404897212982178
1495 2.2244529724121094
1496 2.2244529724121094
1497 2.2279560565948486
1498 2.2233707904815674
1499 2.231487989425659
