1 1.230593997617
2 1.230593997617
3 1.230593997617
4 1.230593997617
5 1.276310204454
6 1.276310204454
7 1.276310204454
8 1.330336091904
9 1.526611859500
10 1.536457621341
11 1.536457621341
12 1.606505623511
13 1.606505623511
14 1.606505623511
15 1.606505623511
16 1.724791366827
17 1.724791366827
18 1.724791366827
19 1.724791366827
20 1.724791366827
21 1.802020517425
22 1.802020517425
23 1.802020517425
24 1.894217854345
25 1.955793057517
26 2.072634155902
27 2.102187878828
28 2.171398100627
29 2.171398100627
30 2.171398100627
31 2.171398100627
32 2.179908060699
33 2.179908060699
34 2.256676466096
35 2.324864785251
36 2.324864785251
37 2.324864785251
38 2.332001290906
39 2.332001290906
40 2.332001290906
41 2.504900681630
42 2.504900681630
43 2.504900681630
44 2.504900681630
45 2.504900681630
46 2.522016531057
47 2.522016531057
48 2.522016531057
49 2.522016531057
50 2.561154235219
51 2.565940180586
52 2.636788755775
53 2.636788755775
54 2.663290008629
55 2.781370594147
56 2.781370594147
57 2.781370594147
58 2.781370594147
59 2.781370594147
60 2.803235412585
61 2.851040330583
62 2.851040330583
63 2.851040330583
64 2.860644104309
65 2.922135112969
66 2.922135112969
67 3.007364501217
68 3.007364501217
69 3.007364501217
70 3.007364501217
71 3.007364501217
72 3.034389839151
73 3.060266291060
74 3.060266291060
75 3.060266291060
76 3.084428836812
77 3.084428836812
78 3.084428836812
79 3.084428836812
80 3.084428836812
81 3.138194789546
82 3.138194789546
83 3.138194789546
84 3.138194789546
85 3.166673549431
86 3.172856023183
87 3.172856023183
88 3.172856023183
89 3.223699139990
90 3.223699139990
91 3.223699139990
92 3.226725821440
93 3.237279762593
94 3.237279762593
95 3.259776565403
96 3.259776565403
97 3.259776565403
98 3.259776565403
99 3.259776565403
100 3.259776565403
