1 0.839560668877
2 0.938164717038
3 1.144496928043
4 1.144496928043
5 1.144496928043
6 1.164813242744
7 1.385079689897
8 1.385079689897
9 1.507281898885
10 1.511266287572
11 1.550058704052
12 1.621244655056
13 1.621244655056
14 1.621244655056
15 1.621244655056
16 1.801939240043
17 1.801939240043
18 1.876958058448
19 1.876958058448
20 1.876958058448
21 1.876958058448
22 1.876958058448
23 1.876958058448
24 1.876958058448
25 2.014221330970
26 2.027291652000
27 2.147288530954
28 2.147288530954
29 2.147288530954
30 2.147288530954
31 2.147288530954
32 2.199720265957
33 2.199720265957
34 2.216371966545
35 2.320629330589
36 2.380463298980
37 2.380463298980
38 2.380463298980
39 2.400847492553
40 2.400847492553
41 2.400847492553
42 2.400847492553
43 2.400847492553
44 2.519844804046
45 2.543104889813
46 2.588985564192
47 2.588985564192
48 2.588985564192
49 2.588985564192
50 2.655204110361
51 2.655204110361
52 2.655204110361
53 2.742145199574
54 2.817868839800
55 2.817868839800
56 2.817868839800
57 2.833229064923
58 2.833229064923
59 2.833229064923
60 2.833229064923
61 2.833229064923
62 2.861159528942
63 2.861159528942
64 2.861159528942
65 2.934776943618
66 2.945352271799
67 2.945352271799
68 3.032178536066
69 3.032178536066
70 3.042257538916
71 3.042257538916
72 3.042257538916
73 3.042257538916
74 3.042257538916
75 3.042257538916
76 3.042257538916
77 3.067129113022
78 3.067129113022
79 3.130264543964
80 3.140551379353
81 3.140551379353
82 3.140551379353
83 3.140551379353
84 3.200973238250
85 3.200973238250
86 3.200973238250
87 3.200973238250
88 3.200973238250
89 3.200973238250
90 3.200973238250
91 3.200973238250
92 3.200973238250
93 3.268190830188
94 3.268190830188
95 3.268190830188
96 3.275450672925
97 3.275450672925
98 3.275450672925
99 3.275450672925
100 3.275450672925
