1 0.866317437490
2 1.031475410361
3 1.075577799916
4 1.237912704271
5 1.330213721425
6 1.330213721425
7 1.437348205281
8 1.437348205281
9 1.437348205281
10 1.437348205281
11 1.510895400668
12 1.510895400668
13 1.510895400668
14 1.610214022154
15 1.610214022154
16 1.610214022154
17 1.610214022154
18 1.625619784945
19 1.668082460688
20 1.808508389462
21 1.808508389462
22 1.818190920725
23 1.818190920725
24 1.907682497936
25 2.027128482277
26 2.027128482277
27 2.027128482277
28 2.031264316964
29 2.053735251559
30 2.053735251559
31 2.192421379905
32 2.192421379905
33 2.192421379905
34 2.192421379905
35 2.221970004936
36 2.430934078664
37 2.446947185388
38 2.446947185388
39 2.446947185388
40 2.446947185388
41 2.505932751418
42 2.505932751418
43 2.609269933986
44 2.609269933986
45 2.609269933986
46 2.637999246150
47 2.637999246150
48 2.637999246150
49 2.650229913573
50 2.650229913573
51 2.706388724440
52 2.706388724440
53 2.706388724440
54 2.751366061304
55 2.751366061304
56 2.751366061304
57 2.866801617600
58 2.866801617600
59 2.866801617600
60 2.896087457680
61 2.906973246171
62 2.906973246171
63 2.972448287399
64 2.972448287399
65 2.972448287399
66 2.974265364973
67 3.070078593794
68 3.070078593794
69 3.105409256837
70 3.105409256837
71 3.105409256837
72 3.105409256837
73 3.105409256837
74 3.164962882371
75 3.164962882371
76 3.164962882371
77 3.164962882371
78 3.164962882371
79 3.164962882371
80 3.164962882371
81 3.164962882371
82 3.164962882371
83 3.164962882371
84 3.199398935184
85 3.199398935184
86 3.248014051653
87 3.252473273886
88 3.252473273886
89 3.252473273886
90 3.252473273886
91 3.285896477617
92 3.285896477617
93 3.285896477617
94 3.285896477617
95 3.285896477617
96 3.285896477617
97 3.285896477617
98 3.308307423358
99 3.308307423358
100 3.308307423358
