1 1.156826465064
2 1.156826465064
3 1.156826465064
4 1.156826465064
5 1.156826465064
6 1.230705461042
7 1.230705461042
8 1.314921502601
9 1.484142194414
10 1.484142194414
11 1.484142194414
12 1.515482335905
13 1.581505121596
14 1.581505121596
15 1.644949414167
16 1.722580042359
17 1.795867843262
18 1.795867843262
19 1.795867843262
20 1.873411211984
21 1.873411211984
22 1.873411211984
23 1.873411211984
24 1.964982531287
25 1.964982531287
26 1.964982531287
27 2.118835159151
28 2.118835159151
29 2.118835159151
30 2.210399095814
31 2.210399095814
32 2.210399095814
33 2.324436898644
34 2.324436898644
35 2.324436898644
36 2.356630536821
37 2.356630536821
38 2.438232526018
39 2.438232526018
40 2.438232526018
41 2.438232526018
42 2.438232526018
43 2.438232526018
44 2.528677831130
45 2.528677831130
46 2.528677831130
47 2.603606887002
48 2.603606887002
49 2.719365987905
50 2.719365987905
51 2.772603838271
52 2.772603838271
53 2.772603838271
54 2.795585726502
55 2.795585726502
56 2.795585726502
57 2.834107474734
58 2.834107474734
59 2.834107474734
60 2.834107474734
61 2.834107474734
62 2.834107474734
63 2.870015230216
64 2.870015230216
65 2.870015230216
66 2.870015230216
67 2.903076977776
68 2.903076977776
69 2.903076977776
70 2.903076977776
71 2.976501019833
72 3.028333657735
73 3.045381780651
74 3.045381780651
75 3.045381780651
76 3.045381780651
77 3.045381780651
78 3.152245069704
79 3.152245069704
80 3.152245069704
81 3.152245069704
82 3.152245069704
83 3.152245069704
84 3.152245069704
85 3.152245069704
86 3.152245069704
87 3.152245069704
88 3.152245069704
89 3.152245069704
90 3.176158217472
91 3.176158217472
92 3.176158217472
93 3.176158217472
94 3.176158217472
95 3.205695407035
96 3.205695407035
97 3.256426668890
98 3.265060309487
99 3.265060309487
100 3.265060309487
