1 0.956125467224
2 0.980076598452
3 1.084509110957
4 1.223394161291
5 1.223394161291
6 1.327126250857
7 1.518710842434
8 1.518710842434
9 1.518710842434
10 1.563616726705
11 1.563616726705
12 1.563616726705
13 1.563616726705
14 1.620903029118
15 1.664749954863
16 1.664749954863
17 1.664749954863
18 1.664749954863
19 1.685023319988
20 1.824789532437
21 1.886252567500
22 1.899794341821
23 1.899794341821
24 1.899794341821
25 1.899794341821
26 1.960598016994
27 2.048495479006
28 2.048495479006
29 2.151558709851
30 2.151558709851
31 2.151558709851
32 2.151558709851
33 2.306006454028
34 2.338589965982
35 2.338589965982
36 2.361969393320
37 2.361969393320
38 2.361969393320
39 2.361969393320
40 2.361969393320
41 2.361969393320
42 2.437548554280
43 2.437548554280
44 2.460307138691
45 2.460307138691
46 2.460403014655
47 2.483285672348
48 2.483285672348
49 2.610945735391
50 2.710864037036
51 2.710864037036
52 2.749106502734
53 2.749106502734
54 2.749106502734
55 2.749106502734
56 2.786639800970
57 2.794335992862
58 2.821479169405
59 2.821479169405
60 2.821479169405
61 2.873868520897
62 2.873868520897
63 2.873868520897
64 2.901336370315
65 2.932446192142
66 2.932446192142
67 2.932446192142
68 3.011568586915
69 3.011568586915
70 3.011568586915
71 3.058907688941
72 3.093220032443
73 3.093220032443
74 3.093220032443
75 3.093220032443
76 3.137159441634
77 3.166028840684
78 3.166028840684
79 3.166028840684
80 3.166028840684
81 3.166028840684
82 3.175342486098
83 3.175342486098
84 3.175342486098
85 3.175342486098
86 3.253589118550
87 3.253589118550
88 3.253589118550
89 3.253589118550
90 3.253589118550
91 3.253589118550
92 3.301418321925
93 3.301418321925
94 3.301418321925
95 3.301418321925
96 3.301418321925
97 3.301418321925
98 3.301418321925
99 3.301418321925
100 3.301418321925
