1 0.964771123950
2 1.013303821442
3 1.013303821442
4 1.035482168124
5 1.215747117712
6 1.265417719987
7 1.317343125548
8 1.317343125548
9 1.331615376424
10 1.331615376424
11 1.331615376424
12 1.331615376424
13 1.331615376424
14 1.362058669348
15 1.362058669348
16 1.362058669348
17 1.362058669348
18 1.368222628223
19 1.368222628223
20 1.378566424484
21 1.378566424484
22 1.378566424484
23 1.378566424484
24 1.378566424484
25 1.396210984843
26 1.396210984843
27 1.396210984843
28 1.396210984843
29 1.396210984843
30 1.396210984843
31 1.396210984843
32 1.396210984843
33 1.396210984843
34 1.396210984843
35 1.436678004220
36 1.436678004220
37 1.474696706698
38 1.474696706698
39 1.474696706698
40 1.474696706698
41 1.474696706698
42 1.474696706698
43 1.474696706698
44 1.474696706698
45 1.474696706698
46 1.474696706698
47 1.474696706698
48 1.474696706698
49 1.474696706698
50 1.474696706698
51 1.474696706698
52 1.512315113000
53 1.512315113000
54 1.530542298605
55 1.530542298605
56 1.530542298605
57 1.530542298605
58 1.537636511117
59 1.537636511117
60 1.591799052245
61 1.591799052245
62 1.591799052245
63 1.591799052245
64 1.591799052245
65 1.591799052245
66 1.591799052245
67 1.600269389877
68 1.600269389877
69 1.600269389877
70 1.600269389877
71 1.600269389877
72 1.600269389877
73 1.600269389877
74 1.600269389877
75 1.600269389877
76 1.600269389877
77 1.608269508243
78 1.608269508243
79 1.608269508243
80 1.608269508243
81 1.608269508243
82 1.608269508243
83 1.608269508243
84 1.608269508243
85 1.608269508243
86 1.608269508243
87 1.608269508243
88 1.608269508243
89 1.608269508243
90 1.608269508243
91 1.608269508243
92 1.608269508243
93 1.608269508243
94 1.608269508243
95 1.608269508243
96 1.608269508243
97 1.619909506631
98 1.619909506631
99 1.619909506631
100 1.619909506631
