1 1.003794752027
2 1.003794752027
3 1.234301132003
4 1.427067179453
5 1.523816568282
6 1.842152948646
7 1.861073590279
8 2.057804304922
9 2.147856482522
10 2.147856482522
11 2.147856482522
12 2.259893517813
13 2.429391838919
14 2.554166983090
15 2.670574610579
16 2.826651743944
17 2.971099909919
18 3.109622462332
19 3.229209062397
20 3.229209062397
21 3.402219085627
22 3.433149039970
23 3.538198405509
24 3.650426659113
25 3.719606270111
26 3.868281356986
27 3.964621389014
28 3.964621389014
29 3.997279223660
30 4.141442768161
31 4.162770648439
32 4.275634556382
33 4.377002528386
34 4.803233762702
35 4.803233762702
36 4.842502613812
37 4.922826768314
38 4.922826768314
39 4.971164739660
40 5.114267650136
41 5.192690190565
42 5.425924088843
43 5.425924088843
44 5.425924088843
45 5.486338499431
46 5.486338499431
47 5.555156006830
48 5.747901391123
49 5.747901391123
50 5.827664275765
51 6.054992710249
52 6.054992710249
53 6.120433012403
54 6.120433012403
55 6.126920289591
56 6.126920289591
57 6.126920289591
58 6.207456946021
59 6.358415350472
60 6.450553664763
61 6.557295293682
62 6.557295293682
63 6.594818786582
64 6.594818786582
65 6.594818786582
66 6.662733954681
67 6.676727841166
68 6.770734313881
69 6.923867539474
70 6.923867539474
71 7.000469677677
72 7.012312907508
73 7.012312907508
74 7.012312907508
75 7.012312907508
76 7.264523063015
77 7.264523063015
78 7.264523063015
79 7.264523063015
80 7.265576485362
81 7.265576485362
82 7.265576485362
83 7.315596057444
84 7.431137471001
85 7.431137471001
86 7.485196775889
87 7.493305646387
88 7.493305646387
89 7.493305646387
90 7.516751117954
91 7.516751117954
92 7.516751117954
93 7.557955721764
94 7.557955721764
95 7.557955721764
96 7.557955721764
97 7.569142714169
98 7.655175588907
99 7.655175588907
100 7.655175588907
