1 0.947252119151
2 0.947252119151
3 1.009337396915
4 1.009337396915
5 1.359778373038
6 1.359778373038
7 1.368103197178
8 1.539161652322
9 1.539161652322
10 1.539161652322
11 1.554050486918
12 1.588232922273
13 1.588232922273
14 1.654168186852
15 1.654168186852
16 1.710863277982
17 1.710863277982
18 1.790212382439
19 1.790212382439
20 1.790212382439
21 1.790212382439
22 1.847847441829
23 1.992435542951
24 1.992435542951
25 1.992435542951
26 2.079410130515
27 2.115115639085
28 2.115115639085
29 2.115115639085
30 2.172398166932
31 2.172398166932
32 2.198809511818
33 2.198809511818
34 2.211939314054
35 2.346361177290
36 2.346361177290
37 2.346361177290
38 2.346361177290
39 2.346361177290
40 2.346361177290
41 2.346361177290
42 2.459820583824
43 2.459820583824
44 2.459820583824
45 2.490878229209
46 2.490878229209
47 2.490878229209
48 2.490878229209
49 2.490878229209
50 2.662383810674
51 2.729973564287
52 2.800433332310
53 2.814756532353
54 2.814756532353
55 2.814756532353
56 2.814756532353
57 2.814756532353
58 2.814756532353
59 2.814756532353
60 2.814756532353
61 2.814756532353
62 2.814756532353
63 2.945612155459
64 2.945612155459
65 2.945612155459
66 2.946272828458
67 2.946272828458
68 2.946272828458
69 2.960582301487
70 3.047915222271
71 3.047915222271
72 3.079543483862
73 3.079543483862
74 3.079543483862
75 3.079543483862
76 3.101177231031
77 3.101177231031
78 3.101177231031
79 3.140034193170
80 3.165530550960
81 3.165530550960
82 3.181957923770
83 3.181957923770
84 3.181957923770
85 3.181957923770
86 3.181957923770
87 3.181957923770
88 3.256108370050
89 3.256108370050
90 3.256108370050
91 3.256108370050
92 3.256108370050
93 3.256108370050
94 3.256108370050
95 3.256108370050
96 3.256108370050
97 3.256108370050
98 3.258052219321
99 3.258052219321
100 3.258052219321
