1 1.065654889439
2 1.162925962275
3 1.222923448060
4 1.528474249024
5 1.528474249024
6 1.597827811895
7 1.876064911990
8 1.885462427995
9 2.035159191457
10 2.247098470307
11 2.247098470307
12 2.344299791328
13 2.385057302199
14 2.662724109973
15 2.694591915583
16 2.925582888759
17 2.998501457891
18 3.084491554125
19 3.165776644830
20 3.295805243213
21 3.385484845253
22 3.580481143860
23 3.613451073268
24 3.678778622159
25 3.778468599231
26 3.796592015895
27 4.044793568463
28 4.130961125667
29 4.130961125667
30 4.130961125667
31 4.369996820297
32 4.369996820297
33 4.369996820297
34 4.649316213560
35 4.687538878598
36 4.773463439184
37 4.894116297566
38 5.023114232142
39 5.084041912934
40 5.084041912934
41 5.121763514327
42 5.149587432121
43 5.278937087909
44 5.278937087909
45 5.459550354288
46 5.537159345500
47 5.537159345500
48 5.539474266636
49 5.613160467446
50 5.876906618765
51 5.878574431312
52 5.878574431312
53 6.121441851278
54 6.121441851278
55 6.138476507857
56 6.138476507857
57 6.138476507857
58 6.306293229268
59 6.306293229268
60 6.355046005474
61 6.355046005474
62 6.355046005474
63 6.355046005474
64 6.384731897340
65 6.493120778973
66 6.510509372097
67 6.701568697117
68 6.844564808503
69 6.844564808503
70 6.844564808503
71 6.929191111599
72 6.929191111599
73 6.929191111599
74 7.048122399820
75 7.059102790914
76 7.059102790914
77 7.059102790914
78 7.059102790914
79 7.104438411646
80 7.251094590794
81 7.251094590794
82 7.251094590794
83 7.317746809708
84 7.317746809708
85 7.317746809708
86 7.367450173114
87 7.370931962149
88 7.418378009449
89 7.418378009449
90 7.418378009449
91 7.418378009449
92 7.461234338581
93 7.461234338581
94 7.461234338581
95 7.599193496324
96 7.599193496324
97 7.599193496324
98 7.599193496324
99 7.599193496324
100 7.599193496324
