1 1.010804551021
2 1.052142398145
3 1.070355964443
4 1.283030356188
5 1.283030356188
6 1.411986832331
7 1.411986832331
8 1.411986832331
9 1.411986832331
10 1.411986832331
11 1.559333247530
12 1.559333247530
13 1.559333247530
14 1.696912249317
15 1.757649829829
16 1.757649829829
17 1.774609493177
18 1.774609493177
19 1.774609493177
20 1.774609493177
21 1.846987628743
22 1.870501072900
23 1.870501072900
24 1.870501072900
25 2.100774924063
26 2.100774924063
27 2.100774924063
28 2.100774924063
29 2.194185913554
30 2.194185913554
31 2.194185913554
32 2.194185913554
33 2.320628562778
34 2.320628562778
35 2.320628562778
36 2.351482314654
37 2.351482314654
38 2.467118312873
39 2.467118312873
40 2.467118312873
41 2.495084213187
42 2.495084213187
43 2.495084213187
44 2.495084213187
45 2.511076744463
46 2.624039617423
47 2.624039617423
48 2.624039617423
49 2.624039617423
50 2.655126380385
51 2.707669645541
52 2.712391998243
53 2.712391998243
54 2.712391998243
55 2.727391494715
56 2.823010596281
57 2.823010596281
58 2.823010596281
59 2.823010596281
60 2.823010596281
61 2.823010596281
62 2.875289962787
63 2.875289962787
64 2.875289962787
65 2.875289962787
66 2.877021646886
67 2.951507206744
68 3.053393718456
69 3.053393718456
70 3.096556327097
71 3.096556327097
72 3.096556327097
73 3.096556327097
74 3.096556327097
75 3.096556327097
76 3.096556327097
77 3.122542499657
78 3.122542499657
79 3.149695346430
80 3.149695346430
81 3.178698574444
82 3.178698574444
83 3.178698574444
84 3.178698574444
85 3.204205792561
86 3.252266382664
87 3.252266382664
88 3.292139592368
89 3.292139592368
90 3.292139592368
91 3.292139592368
92 3.292139592368
93 3.292139592368
94 3.292139592368
95 3.343546357717
96 3.343546357717
97 3.343546357717
98 3.343546357717
99 3.343546357717
100 3.343546357717
