1 1.066403491107
2 1.066403491107
3 1.146283453479
4 1.146283453479
5 1.261539626387
6 1.436232649852
7 1.436232649852
8 1.436232649852
9 1.436232649852
10 1.549299668865
11 1.586876121351
12 1.586876121351
13 1.586876121351
14 1.586876121351
15 1.586876121351
16 1.586876121351
17 1.653046632087
18 1.766407814244
19 1.894568520394
20 1.894568520394
21 1.894568520394
22 1.894568520394
23 1.929702927431
24 1.929702927431
25 1.929702927431
26 1.959124101830
27 1.959124101830
28 2.024327538864
29 2.125232579945
30 2.125232579945
31 2.125232579945
32 2.126557411538
33 2.197573445937
34 2.260429553175
35 2.288378463768
36 2.288378463768
37 2.361024300106
38 2.361024300106
39 2.369392220102
40 2.369392220102
41 2.369392220102
42 2.424571022719
43 2.487968094624
44 2.584372458814
45 2.584372458814
46 2.584372458814
47 2.584372458814
48 2.584372458814
49 2.584372458814
50 2.658940468914
51 2.658940468914
52 2.658940468914
53 2.726292961026
54 2.726292961026
55 2.726479398395
56 2.726479398395
57 2.726479398395
58 2.726479398395
59 2.812689979087
60 2.812689979087
61 2.812689979087
62 2.861052065687
63 2.861052065687
64 2.861052065687
65 2.896627158189
66 2.897050244984
67 2.897050244984
68 2.897050244984
69 3.046258889659
70 3.046258889659
71 3.046258889659
72 3.046258889659
73 3.046258889659
74 3.046258889659
75 3.046258889659
76 3.080672355443
77 3.080672355443
78 3.080672355443
79 3.080672355443
80 3.089849990153
81 3.089849990153
82 3.089849990153
83 3.089849990153
84 3.106338251845
85 3.106338251845
86 3.106338251845
87 3.173930076560
88 3.173930076560
89 3.203140547413
90 3.203140547413
91 3.203140547413
92 3.203140547413
93 3.203140547413
94 3.203140547413
95 3.203140547413
96 3.203140547413
97 3.203140547413
98 3.203140547413
99 3.203140547413
100 3.203140547413
