1 1.088993432170
2 1.088993432170
3 1.177125414415
4 1.202777598288
5 1.252022752648
6 1.274923618079
7 1.274923618079
8 1.470489961078
9 1.470489961078
10 1.470489961078
11 1.604302659359
12 1.604302659359
13 1.604302659359
14 1.604302659359
15 1.608859869866
16 1.700206470443
17 1.700206470443
18 1.700206470443
19 1.870791729511
20 1.870791729511
21 1.870791729511
22 1.870791729511
23 1.870791729511
24 1.923712393720
25 2.022916587744
26 2.144408151524
27 2.144408151524
28 2.144408151524
29 2.144408151524
30 2.166379955171
31 2.291907079394
32 2.291907079394
33 2.291907079394
34 2.337049096217
35 2.337049096217
36 2.425632133300
37 2.425632133300
38 2.425632133300
39 2.425632133300
40 2.450611701355
41 2.457193874272
42 2.461932930513
43 2.461932930513
44 2.549174898380
45 2.549174898380
46 2.549174898380
47 2.549174898380
48 2.549174898380
49 2.598286290246
50 2.710228165537
51 2.710228165537
52 2.722364911709
53 2.755782634374
54 2.755782634374
55 2.770421597259
56 2.782850457604
57 2.782850457604
58 2.782850457604
59 2.782850457604
60 2.857362039339
61 2.857362039339
62 2.924810810185
63 2.924810810185
64 2.938835983944
65 3.014406820999
66 3.014406820999
67 3.014406820999
68 3.014406820999
69 3.014406820999
70 3.014406820999
71 3.014406820999
72 3.044892041095
73 3.111290071108
74 3.111290071108
75 3.111290071108
76 3.111290071108
77 3.118160337107
78 3.142756252047
79 3.142756252047
80 3.142756252047
81 3.142756252047
82 3.215131647673
83 3.215131647673
84 3.215131647673
85 3.215131647673
86 3.261626510639
87 3.261626510639
88 3.261626510639
89 3.261626510639
90 3.261626510639
91 3.261626510639
92 3.263947337352
93 3.293138568014
94 3.293138568014
95 3.293138568014
96 3.293138568014
97 3.293138568014
98 3.293138568014
99 3.293138568014
100 3.293138568014
