1 0.890707550724
2 0.959283678696
3 1.142414146809
4 1.218311772830
5 1.218311772830
6 1.304345056906
7 1.398354706088
8 1.398354706088
9 1.398354706088
10 1.410448093226
11 1.492610298639
12 1.530139347253
13 1.600131746321
14 1.600131746321
15 1.697115367787
16 1.697115367787
17 1.757900067250
18 1.757900067250
19 1.758451146399
20 1.793337882419
21 1.793337882419
22 1.869802811134
23 1.963773430196
24 1.990898315994
25 1.990898315994
26 2.123592287952
27 2.123592287952
28 2.123592287952
29 2.123592287952
30 2.123592287952
31 2.178257249724
32 2.178257249724
33 2.302115382498
34 2.302115382498
35 2.302115382498
36 2.346823198171
37 2.346823198171
38 2.346823198171
39 2.346823198171
40 2.384221633813
41 2.546334211331
42 2.601620849841
43 2.642405515110
44 2.642405515110
45 2.646441081171
46 2.646441081171
47 2.652861704293
48 2.652861704293
49 2.652861704293
50 2.652861704293
51 2.757858403029
52 2.757858403029
53 2.836174545447
54 2.836174545447
55 2.836174545447
56 2.893586010475
57 2.893586010475
58 2.893586010475
59 2.893586010475
60 2.893586010475
61 2.893586010475
62 2.931473918996
63 2.931473918996
64 2.931473918996
65 2.931473918996
66 2.931473918996
67 2.995884769533
68 2.995884769533
69 3.005524130692
70 3.005524130692
71 3.165449887472
72 3.165449887472
73 3.183983813124
74 3.183983813124
75 3.183983813124
76 3.185672004664
77 3.185672004664
78 3.185672004664
79 3.185672004664
80 3.185672004664
81 3.236383124886
82 3.236383124886
83 3.236383124886
84 3.236383124886
85 3.266534394578
86 3.266534394578
87 3.266534394578
88 3.266534394578
89 3.266534394578
90 3.281835726232
91 3.281835726232
92 3.326125963378
93 3.326125963378
94 3.326125963378
95 3.326125963378
96 3.326125963378
97 3.381040994511
98 3.381040994511
99 3.381040994511
100 3.381040994511
