1 0.934068982471
2 1.140193821332
3 1.370383016515
4 1.430980942900
5 1.637795939201
6 1.655960396797
7 1.744997690370
8 1.852288871700
9 1.969252170711
10 2.118730863673
11 2.118730863673
12 2.360309318392
13 2.450613706669
14 2.616110478128
15 2.808745173625
16 2.808745173625
17 2.932223646490
18 3.143728633443
19 3.143728633443
20 3.346903295096
21 3.346903295096
22 3.416454252227
23 3.729353734445
24 3.795766513235
25 3.839067336762
26 3.839067336762
27 4.096303666267
28 4.096303666267
29 4.096303666267
30 4.295900818032
31 4.295900818032
32 4.336753085697
33 4.613346149204
34 4.613346149204
35 4.639657041400
36 4.856034739070
37 4.856034739070
38 4.974119060584
39 4.974119060584
40 5.204063829472
41 5.204063829472
42 5.204063829472
43 5.286139704148
44 5.381826668433
45 5.416248048846
46 5.513843459415
47 5.524574820625
48 5.737869918571
49 5.883599750820
50 5.942549430925
51 6.089750518852
52 6.089750518852
53 6.108975404876
54 6.214825777986
55 6.259497601191
56 6.270434850531
57 6.270434850531
58 6.394986480709
59 6.532650661883
60 6.532650661883
61 6.532650661883
62 6.548076818103
63 6.623723541258
64 6.713750332642
65 6.753746833875
66 6.812782757940
67 6.931845634675
68 6.983567905967
69 6.983567905967
70 6.983567905967
71 7.057036249539
72 7.057036249539
73 7.138268032816
74 7.138268032816
75 7.174411341244
76 7.174411341244
77 7.174411341244
78 7.255766943892
79 7.255766943892
80 7.255766943892
81 7.320723455708
82 7.320723455708
83 7.372741069153
84 7.372741069153
85 7.413955567311
86 7.486528600642
87 7.486528600642
88 7.544826062500
89 7.544826062500
90 7.635295694874
91 7.635295694874
92 7.635295694874
93 7.660592367111
94 7.660592367111
95 7.675670152086
96 7.675670152086
97 7.742094896983
98 7.742094896983
99 7.742094896983
100 7.742094896983
