0 2.2379458582832954
1 2.237945853634465
2 4.559386469859599
3 2.131421959034912
4 2.0425834200176354
5 4.945499480733632
6 1.5518276754528035
7 3.1852522577747995
8 1.5601996130930016
9 5.023371184835195
10 1.4629157181901853
11 3.981195443453563
12 1.7829378323302627
13 3.5823972261051615
14 1.5841383176925787
15 2.0646677301454677
16 1.4698801358762226
17 2.207863503379078
18 2.2385242254953197
19 1.153683668059559
20 1.5719303649780145
21 1.6018559012904472
22 1.3032332245685927
23 1.1094003582399203
24 2.434787519794985
25 1.5155652709658098
26 1.0622561776870472
27 1.762432639512511
28 1.1787556366668106
29 1.3934819101291114
30 1.588991682907997
31 1.4404884349668923
32 1.0968758333360251
33 1.451951533771823
34 0.9341400633283312
35 1.3356306481826272
36 1.3105849521073791
37 1.701654142191151
38 1.0862812135212934
39 1.29632916397371
40 1.4096083933264432
41 0.8884997632510151
42 1.409844550448872
43 0.9139272891711392
44 0.9594800857448312
45 1.1582697743492871
46 1.0197340264625867
47 1.1242690441004082
48 1.2795497839829384
49 1.2735923425068763
50 0.9176685605208522
51 0.7599613362036044
52 0.8687191720460451
53 1.3926757196862054
54 0.9258878841041522
55 1.065343095930838
56 1.1268459470823282
57 1.0675020162109545
58 0.8644596318348536
59 0.7723038971922191
60 0.8397730857880998
61 1.157445508457492
62 1.3462653241781803
63 1.016591760640689
64 0.8560915512294822
65 0.9530131597372815
66 1.0715531392349837
67 0.8274418533678506
68 1.131864258373016
69 1.3070738992319133
70 1.326060593825529
71 0.8005913180893178
72 1.1431108545128017
73 1.0195455153340416
74 0.999881676146579
75 1.0549743447131101
76 1.2263939761185711
77 0.7876402250571504
78 0.7283171535866506
79 0.830672414090308
80 0.9441854700072562
81 1.0180355686995313
82 1.2394730739938848
83 1.0146315343532721
84 1.1460073133032966
85 1.039450481874365
86 1.022151386970265
87 0.8737884270447542
88 0.9530362368294123
89 0.8511717977962122
90 0.8827872754471547
91 0.8879314141353193
92 0.9811228096983227
93 1.0209780924167473
94 0.7590887985521705
95 1.288313117000718
96 0.9513148936388552
97 0.7463503784123902
98 0.6066797327032328
99 0.8775713242196107
