0 2.2379458582832954
1 2.2379458582832954
2 4.559386350583897
3 2.1314219545189053
4 2.042583390265122
5 4.94549939997681
6 1.5518276636314923
7 3.1852522051766057
8 1.5601996136242964
9 5.023371127455348
10 1.462915728284788
11 3.981195433624608
12 1.7829378225013075
13 3.582397090093671
14 1.584138320880348
15 2.0646676803365724
16 1.469880124254147
17 2.207863467649497
18 2.2385242112831816
19 1.1536836703839741
20 1.5719303393430364
21 1.6018559237376562
22 1.3032332229747081
23 1.1094003786283615
24 2.434787510762972
25 1.515566627494472
26 1.0622562318791253
27 1.7624326897862894
28 1.178755671798685
29 1.3934820629428024
30 1.5889916632500865
31 1.4404884957337445
32 1.0968758365902065
33 1.4519514568004768
34 0.934140062000094
35 1.335630671161131
36 1.3105849519081434
37 1.7016542956025487
38 1.0862812328471447
39 1.2963283708832722
40 1.409608268206498
41 0.8884997176592728
42 1.4098444178243865
43 0.9139271803220999
44 0.9594800491186902
45 1.1582698454763896
46 1.0197339425179952
47 1.1242689792160203
48 1.279549801781317
49 1.2735922980109298
50 0.9176686082709798
51 0.7599613074140629
52 0.8687191338260194
53 1.392675994498484
54 0.9258879141887251
55 1.0653430498410068
56 1.1268474605422165
57 1.067501955045631
58 0.8644596261234336
59 0.7723038819839031
60 0.8397736094124137
61 1.1574454904598779
62 1.3462652271504523
63 1.0165917408499545
64 0.8560915070323891
65 0.9530125453611602
66 1.0715532031896056
67 0.8274418621342162
68 1.131864277034749
69 1.3070737346633232
70 1.3260605564356513
71 0.8005913670680649
72 1.143114292322759
73 1.0195454028987618
74 0.9998816438040029
75 1.0549744705635857
76 1.2263940439914927
77 0.7876401731230754
78 0.7283171840696946
79 0.8306723642482067
80 0.9441855139719079
81 1.0180355303798878
82 1.2394730360063007
83 1.0146314291568852
84 1.1460073593931277
85 1.0394505276985486
86 1.0221513672459424
87 0.873788467157518
88 0.9530362344385853
89 0.8511718039725152
90 0.8827872798967494
91 0.887931343340276
92 0.9811227843954039
93 1.0209780198949958
94 0.7590888289688026
95 1.2883130483308542
96 0.9513147400946338
97 0.746350360879659
98 0.6066797297479051
99 0.8775712922090939
