0 2.2379458582832954
1 2.237945853634465
2 4.559386549553832
3 2.131421974176816
4 2.042583390796417
5 4.945499285482763
6 1.5518276579200723
7 3.185252200394952
8 1.5601996375325662
9 5.023371222822779
10 1.462915733996208
11 3.9811954168888186
12 1.7829377954052683
13 3.5823972433722453
14 1.5841383142391618
15 2.0646676868449347
16 1.4698801221289675
17 2.207863537647598
18 2.238524396970744
19 1.1536837164073934
20 1.5719303188881835
21 1.6018557163998277
22 1.3032331984023198
23 1.1094004070526378
24 2.4347876172875957
25 1.5155652832520041
26 1.0622562042517913
27 1.7624325940867984
28 1.1787556937145987
29 1.3934820623450956
30 1.5889916653752658
31 1.440488444131729
32 1.0968759031348907
33 1.4519515053475467
34 0.9341400918854312
35 1.3356307085510084
36 1.31058492786705
37 1.701654276874404
38 1.0862812421448051
39 1.2963291676263624
40 1.409608344912197
41 0.8884997713532621
42 1.4098444291144028
43 0.9139272750918248
44 0.9594801258575949
45 1.1582698252207722
46 1.0197339156211918
47 1.1242690282943852
48 1.2795497771425168
49 1.2735923528671265
50 0.9176686272315661
51 0.7599612924381883
52 0.8687192159774908
53 1.392676075853013
54 0.9258879443729157
55 1.0653431792777228
56 1.1268460184086664
57 1.067502005518645
58 0.8644597338434713
59 0.7723039853539639
60 0.8397692128808385
61 1.157445520345215
62 1.346265356188697
63 1.016591772594824
64 0.8560915454516503
65 0.9530126229302133
66 1.0715532193940993
67 0.8274419285460767
68 1.1318642520638893
69 1.307073847497074
70 1.3260605924308797
71 0.8005914333803076
72 1.1431109822228094
73 1.0195451994128213
74 0.9998816595436139
75 1.0549746009964798
76 1.2263941118644142
77 0.7876402669630342
78 0.7283171969535955
79 0.8306724511481262
80 0.9441855321023458
81 1.0180355313096539
82 1.2394731601300677
83 1.0146316874326105
84 1.1460073523534706
85 1.03945053274585
86 1.0221513230156434
87 0.873788531410993
88 0.9530362448652475
89 0.851171773157412
90 0.882787380045835
91 0.8879314375122942
92 0.9811227653351999
93 1.0209780899927146
94 0.7590887966926383
95 1.2883131561837156
96 0.9513148894881139
97 0.7463504121164093
98 0.6066797574748568
99 0.877571375024684
