0 2.2379458582832954
1 2.2379458582832954
2 4.559386350583897
3 2.131421940838062
4 2.042583435956482
5 4.945499563615634
6 1.5518276583185435
7 3.185252318342416
8 1.5601996269066685
9 5.023371164645989
10 1.4629157306756149
11 3.9811954283116586
12 1.782937843221808
13 3.5823971894458144
14 1.5841383277871814
15 2.064667722840163
16 1.4698801787118725
17 2.207863463000667
18 2.2385242606936058
19 1.1536837659506414
20 1.5719303851672202
21 1.6018558419846558
22 1.303233187311539
23 1.109400427972374
24 2.4347876409302183
25 1.5155652707665743
26 1.0622562019273762
27 1.7624325922272663
28 1.1787556663529122
29 1.393481925536663
30 1.5889916370174015
31 1.440488427993647
32 1.0968758852036882
33 1.4519514981086539
34 0.934140114863935
35 1.335630661531411
36 1.3105849829888943
37 1.7016544187301381
38 1.086281167896345
39 1.2963284758804237
40 1.4096083922638534
41 0.8884997737108831
42 1.4098444484402541
43 0.9139271178949511
44 0.9594800495171614
45 1.1582698108758103
46 1.0197340494410905
47 1.1242690157425437
48 1.279549783185996
49 1.2735919100328408
50 0.917668622018235
51 0.7599612683638889
52 0.8687191983451418
53 1.392675870241893
54 0.9258879436755911
55 1.0653430062084144
56 1.1268473605923666
57 1.0675020630313161
58 0.8644596901444671
59 0.7723038954655108
60 0.8397691731997519
61 1.1574454620356016
62 1.346265408521243
63 1.0165917980305663
64 0.856091510386188
65 0.9530129963973106
66 1.0715531774882154
67 0.8274419019149206
68 1.1318642941025971
69 1.3070736840574855
70 1.326060850308134
71 0.8005914097708912
72 1.143110882472195
73 1.0195455438911416
74 0.9998816843816497
75 1.0549744569491544
76 1.2263939118318903
77 0.7876402841637061
78 0.728317178159039
79 0.8306724488569169
80 0.9441855416656537
81 1.0180355609293437
82 1.2394731721506145
83 1.014631512570182
84 1.1460073676281985
85 1.0394504793507142
86 1.0221513389544898
87 0.8737884403271263
88 0.9530363508585767
89 0.8511717951065318
90 0.882787408138052
91 0.8879313044229258
92 0.9811226836154056
93 1.0209780397853478
94 0.7590888031013828
95 1.288313194569771
96 0.951315827622055
97 0.7463504896190505
98 0.6066797718198187
99 0.8775714376842744
