0 2.2379458582832954
1 2.2379458582832954
2 4.559386350583897
3 2.131421940838062
4 2.042583435956482
5 4.945499579554481
6 1.5518276668192617
7 3.185252311302759
8 1.5601996441737522
9 5.023371285781223
10 1.4629157329336182
11 3.981195471080897
12 1.782937819844833
13 3.5823971195805373
14 1.5841383370848419
15 2.0646676698434985
16 1.469880132821277
17 2.2078635517269123
18 2.238524256310423
19 1.1536837201264576
20 1.5719304321868175
21 1.6018559951968179
22 1.3032332144075782
23 1.1094004553340604
24 2.43478770202913
25 1.5155667020085795
26 1.0622561725069222
27 1.7624326369224486
28 1.1787556929176564
29 1.3934820112079631
30 1.5889916836385276
31 1.4404885190443075
32 1.096875827159722
33 1.4519515035544266
34 0.934140090557194
35 1.3356307841941175
36 1.3105849261403415
37 1.7016543357153124
38 1.0862812291280806
39 1.296329162114178
40 1.4096083362122431
41 0.8884997831081614
42 1.4098445507809312
43 0.9139272713063488
44 0.9594801527211925
45 1.1582698292718956
46 1.0197340854363188
47 1.1242690821544041
48 1.2795498673298233
49 1.273591980495825
50 0.9176686725244548
51 0.7599613209952883
52 0.8687191045715948
53 1.3926759292156252
54 0.9258879515121906
55 1.0653430572791351
56 1.1268474962053856
57 1.0675020188010171
58 0.8644597718310555
59 0.7723039740971536
60 0.8397695988997775
61 1.1574455783227693
62 1.3462654309684519
63 1.0165918564730037
64 0.8560915401054956
65 0.9530128327252805
66 1.0715532259688736
67 0.8274419062316916
68 1.1318641558995155
69 1.3070736417531303
70 1.326060616604797
71 0.8005914062178566
72 1.1431142235864835
73 1.019545380451553
74 0.9998816872373597
75 1.0549745007809823
76 1.2263941463321697
77 0.7876402078564785
78 0.7283172868752545
79 0.8306725251309387
80 0.9441856444712137
81 1.0180355309111826
82 1.239473261408155
83 1.0146316617976323
84 1.1460074416774229
85 1.0394505530678795
86 1.0221513382903713
87 0.8737884749609116
88 0.9530362857085417
89 0.851171712191324
90 0.8827873091843799
91 0.887931486590659
92 0.9811228267661708
93 1.0209780659848269
94 0.7590887852365924
95 1.2883130798100761
96 0.9513148648161078
97 0.7463503824967196
98 0.6066797706244051
99 0.8775713580232477
