0 2.2379458582832954
1 2.2379458582832954
2 2.259386350583897
3 2.1314219545189053
4 2.042583390265122
5 2.042583390265122
6 1.5518276731948002
7 3.1852521143251806
8 1.560199612827354
9 5.0233712379646835
10 1.4629157041108707
11 3.9811954317650757
12 1.7829378158601215
13 3.5823971822733336
14 1.584138315168928
15 2.0646676962754187
16 1.4698801536746011
17 2.2078634312557974
18 2.2385244575383605
19 1.1536836622153153
20 1.5719303566101201
21 1.6018558995637389
22 1.3032332245685927
23 1.109400431691438
24 2.43478755818104
25 1.5155652449323607
26 1.0622562018609645
27 1.76243261806148
28 1.1787556547972484
29 1.3934819183641822
30 1.5889917044918518
31 1.4404885290060867
32 1.0968758347306744
33 1.4519515513045542
34 0.9341400818572403
35 1.33563065542152
36 1.3105849653897512
37 1.7016543608189958
38 1.0862812256746637
39 1.296329201164352
40 1.4096083771883612
41 0.8884998152515018
42 1.409844472348524
43 0.9139272587545071
44 0.9594801060668605
45 1.158269867657951
46 1.0197340418037266
47 1.1242690914520646
48 1.279549780861581
49 1.2735923729235084
50 0.917668644399032
51 0.7599612758020172
52 0.8687192047206804
53 1.3926758319886614
54 0.9258879701075116
55 1.0653430288548589
56 1.1268474787390663
57 1.0675020661526735
58 0.8644597390235965
59 0.7723038777003381
60 0.8397696763360069
61 1.1574456133218196
62 1.3462654476378288
63 1.0165917646918123
64 0.8560914707715133
65 0.9530128959493717
66 1.0715532956349152
67 0.8274418569208851
68 1.131864222244964
69 1.3070736606140987
70 1.3260607358804983
71 0.8005914013365849
72 1.1431142874082816
73 1.0195455158653366
74 0.9998817389057871
75 1.0549745768889742
76 1.2263941664549634
77 0.7876401899252762
78 0.7283172575212122
79 0.8306724809006396
80 0.9441855525571988
81 1.0180357175285106
82 1.2394732007077145
83 1.0146316979920964
84 1.1460075109449934
85 1.0394506465093671
86 1.022151367445178
87 0.8737885273598694
88 0.9530363549761122
89 0.8511718555413249
90 0.882787402891515
91 0.8879315191324707
92 0.9811228567179199
93 1.0209781431554088
94 0.7590888715055991
95 1.288313114609891
96 0.9513158916430885
97 0.746350537468796
98 0.6066798205993301
99 0.8775714268259351
