0 2.2379458582832954
1 2.2379458582832954
2 4.559386350583897
3 2.1314219545189053
4 2.042583390265122
5 4.94549939997681
6 1.5518276710696206
7 3.1852521791431565
8 1.5601996142884151
9 5.023371282593454
10 1.4629156905628513
11 3.9811954551420503
12 1.7829378209074227
13 3.5823970954066198
14 1.5841383107857452
15 2.0646676693122035
16 1.46988011900761
17 2.207863451179356
18 2.2385242690615
19 1.1536837145478613
20 1.5719303474452835
21 1.6018559340979064
22 1.3032331999962044
23 1.1094003530597953
24 2.4347876314997343
25 1.5155653662668298
26 1.0622562071739132
27 1.7624325887738497
28 1.1787556014021128
29 1.393482055039791
30 1.5889916611913186
31 1.4404884952024497
32 1.09687584814587
33 1.4519514675591982
34 0.934140078204588
35 1.3356306795290254
36 1.3105849457982524
37 1.7016543598228178
38 1.086281229792199
39 1.2963292289245096
40 1.4096082429035792
41 0.8884997462163728
42 1.4098442935013837
43 0.9139271378185092
44 0.9594800879696286
45 1.1582698027735634
46 1.0197340204191074
47 1.1242690405805795
48 1.2795498108797418
49 1.2735923489488268
50 0.9176686544604288
51 0.7599612677329762
52 0.8687192139519291
53 1.3926760366036035
54 0.9258879531724872
55 1.065343051700539
56 1.1268475699225509
57 1.067502056456542
58 0.8644596874879927
59 0.7723039401606929
60 0.8397737167339803
61 1.1574455212085693
62 1.3462653374605524
63 1.0165917783726557
64 0.8560915730457784
65 0.9530128318619263
66 1.0715532326100596
67 0.827441884149748
68 1.131864279359164
69 1.307073708032167
70 1.326060716156176
71 0.8005913340945762
72 1.143114206252988
73 1.0195454578877823
74 0.9998816824889116
75 1.0549743621130176
76 1.2263940209465771
77 0.787640226651035
78 0.7283172217252195
79 0.8306724607778458
80 0.9441855700235181
81 1.0180356003779887
82 1.2394731839719257
83 1.0146315223991373
84 1.1460073433878695
85 1.039450575183029
86 1.0221513139172185
87 0.8737884646670732
88 0.9530362582804432
89 0.8511718100824064
90 0.8827873736038846
91 0.8879313953407627
92 0.981122775296979
93 1.0209781380084897
94 0.7590887909812184
95 1.288313063671994
96 0.9513148941701501
97 0.7463504488421682
98 0.6066797553994862
99 0.8775713345798609
