0 0.0
1 2.2874042987823486
2 2.283106803894043
3 2.283106803894043
4 2.283106803894043
5 2.4360573291778564
6 2.4360573291778564
7 2.2670812606811523
8 2.2629289627075195
9 2.0799036026000977
10 2.0079784393310547
11 1.9880846738815308
12 1.9880846738815308
13 1.892309546470642
14 1.834967017173767
15 1.840932846069336
16 1.9546432495117188
17 1.8544865846633911
18 1.840559959411621
19 1.4680105447769165
20 1.0326565504074097
21 0.9559630155563354
22 1.0854108333587646
23 0.930889368057251
24 0.974805474281311
25 1.1023613214492798
26 1.1023613214492798
27 1.1023613214492798
28 1.1023613214492798
29 1.1181882619857788
30 1.1639913320541382
31 1.245093584060669
32 0.7949492931365967
33 0.33918464183807373
34 0.3522798717021942
35 0.3522798717021942
36 0.43698033690452576
37 0.43698033690452576
38 0.43698033690452576
39 1.3696935176849365
40 1.3696935176849365
41 1.3290328979492188
42 1.0402846336364746
43 1.0402846336364746
44 0.39643943309783936
45 0.36907485127449036
46 0.30051395297050476
47 0.30051395297050476
48 0.24265038967132568
49 0.25981131196022034
50 0.3403705358505249
51 0.40388941764831543
52 0.4381070137023926
53 0.4355871379375458
54 0.45456498861312866
55 0.5271098613739014
56 0.4761650562286377
57 0.4761650562286377
58 0.36614087224006653
59 0.30590447783470154
60 0.3467855751514435
61 0.1504126638174057
62 0.2585606873035431
63 0.27819615602493286
64 0.27819615602493286
65 0.27819615602493286
66 0.27819615602493286
67 0.27048754692077637
68 0.39047569036483765
69 0.39047569036483765
70 0.3150057792663574
71 0.35784024000167847
72 0.2996836304664612
73 0.30052119493484497
74 0.30052119493484497
75 0.19947786629199982
76 0.19947786629199982
77 0.2817719876766205
78 0.20957665145397186
79 0.16882602870464325
80 0.19362211227416992
81 0.19362211227416992
82 0.17330163717269897
83 0.17330163717269897
84 0.17330163717269897
85 0.3563615083694458
86 0.2329978495836258
87 0.24967984855175018
88 0.20060746371746063
89 0.14108087122440338
90 0.20136785507202148
91 0.0926210805773735
92 0.22135275602340698
93 0.17802682518959045
94 0.09383997321128845
95 0.09383997321128845
96 0.1321718841791153
97 0.19283804297447205
98 0.1842578798532486
99 0.1842578798532486
100 0.24531443417072296
101 0.2891221344470978
102 0.34366029500961304
103 0.32704707980155945
104 0.194126695394516
105 0.194126695394516
106 0.22608345746994019
107 0.22608345746994019
108 0.1924702376127243
109 0.1924702376127243
110 0.14971499145030975
111 0.11552496999502182
112 0.12451435625553131
113 0.12985669076442719
114 0.12392046302556992
115 0.10961363464593887
116 0.10961363464593887
117 0.10961363464593887
118 0.21488703787326813
119 0.15925034880638123
120 0.16166049242019653
121 0.16166049242019653
122 0.35587430000305176
123 0.1299668699502945
124 0.1299668699502945
125 0.139038547873497
126 0.139038547873497
127 0.1931527554988861
128 0.18294332921504974
129 0.09030503034591675
130 0.09030503034591675
131 0.09947071969509125
132 0.14222851395606995
133 0.09900611639022827
134 0.2197272628545761
135 0.2197272628545761
136 0.1569226235151291
137 0.15863241255283356
138 0.14534373581409454
139 0.14050348103046417
140 0.14050348103046417
141 0.13145536184310913
142 0.10283291339874268
143 0.13416442275047302
144 0.16834378242492676
145 0.11825540661811829
146 0.1115805059671402
147 0.14359897375106812
148 0.12324828654527664
149 0.13020291924476624
150 0.12429347634315491
151 0.09377823770046234
152 0.09377823770046234
153 0.09835457801818848
154 0.09835457801818848
155 0.09835457801818848
156 0.09833585470914841
157 0.14184343814849854
158 0.1096801683306694
159 0.1096801683306694
160 0.16327551007270813
161 0.16327551007270813
162 0.11282436549663544
163 0.1371050328016281
164 0.1631871908903122
165 0.16447937488555908
166 0.14152157306671143
167 0.10865353792905807
168 0.20965509116649628
169 0.15258657932281494
170 0.15258657932281494
171 0.14185291528701782
172 0.14185291528701782
173 0.14185291528701782
174 0.07912518829107285
175 0.07912518829107285
176 0.07912518829107285
177 0.23082594573497772
178 0.0662439614534378
179 0.13858678936958313
180 0.06352489441633224
181 0.1603340357542038
182 0.1603340357542038
183 0.10830859839916229
184 0.10830859839916229
185 0.10830859839916229
186 0.16626973450183868
187 0.1734590381383896
188 0.1734590381383896
189 0.1734590381383896
190 0.11476217210292816
191 0.06554146111011505
192 0.12821370363235474
193 0.12821370363235474
194 0.13620467483997345
195 0.07046602666378021
196 0.11708836257457733
197 0.0738895907998085
198 0.14777253568172455
199 0.14777253568172455
200 0.11132277548313141
201 0.11132277548313141
202 0.11132277548313141
203 0.23288308084011078
204 0.14251889288425446
205 0.19340670108795166
206 0.19340670108795166
207 0.14804388582706451
208 0.14804388582706451
209 0.1474875807762146
210 0.1654188632965088
211 0.12771692872047424
212 0.12771692872047424
213 0.08558334410190582
214 0.10639416426420212
215 0.09061351418495178
216 0.10609213262796402
217 0.10609213262796402
218 0.10609213262796402
219 0.16253052651882172
220 0.10021127760410309
221 0.10021127760410309
222 0.11936570703983307
223 0.0606563538312912
224 0.11731714010238647
225 0.11731714010238647
226 0.12006267160177231
227 0.11505763977766037
228 0.07077730447053909
229 0.08410011231899261
230 0.08410011231899261
231 0.1650213599205017
232 0.1650213599205017
233 0.1650213599205017
234 0.1650213599205017
235 0.08213810622692108
236 0.11306750029325485
237 0.19593800604343414
238 0.1244848221540451
239 0.26567909121513367
240 0.26567909121513367
241 0.26567909121513367
242 0.10716104507446289
243 0.07822326570749283
244 0.12934136390686035
245 0.12934136390686035
246 0.11624757200479507
247 0.11624757200479507
248 0.09206534922122955
249 0.09597496688365936
250 0.09565096348524094
251 0.09565096348524094
252 0.06681500375270844
253 0.1197289377450943
254 0.07606395334005356
255 0.04873177781701088
256 0.04873177781701088
257 0.08624432981014252
258 0.08624432981014252
259 0.05383910983800888
260 0.10440866649150848
261 0.10440866649150848
262 0.11311264336109161
263 0.05663340166211128
264 0.05663340166211128
265 0.10584039241075516
266 0.11509400606155396
267 0.08430738002061844
268 0.212950199842453
269 0.16541419923305511
270 0.09235923737287521
271 0.09235923737287521
272 0.13471560180187225
273 0.07646030932664871
274 0.11551496386528015
275 0.06508929282426834
276 0.06508929282426834
277 0.06508929282426834
278 0.11038947105407715
279 0.11038947105407715
280 0.12538039684295654
281 0.12538039684295654
282 0.12538039684295654
283 0.1307494342327118
284 0.1307494342327118
285 0.07979335635900497
286 0.10946521162986755
287 0.10946521162986755
288 0.10946521162986755
289 0.10946521162986755
290 0.1782228648662567
291 0.1782228648662567
292 0.06671545654535294
293 0.09284727275371552
294 0.09284727275371552
295 0.0628327801823616
296 0.0677703320980072
297 0.12766413390636444
298 0.12766413390636444
299 0.09228416532278061
300 0.11101888120174408
301 0.11025240272283554
302 0.07706013321876526
303 0.0392245315015316
304 0.07372749596834183
305 0.0816120132803917
306 0.0816120132803917
307 0.0816120132803917
308 0.0816120132803917
309 0.0816120132803917
310 0.1396651268005371
311 0.07580046355724335
312 0.07580046355724335
313 0.07580046355724335
314 0.07580046355724335
315 0.09385170042514801
316 0.07689164578914642
317 0.07261829078197479
318 0.0590028278529644
319 0.06951231509447098
320 0.06849075853824615
321 0.12189708650112152
322 0.06257101893424988
323 0.053983479738235474
324 0.053983479738235474
325 0.06170711666345596
326 0.06170711666345596
327 0.07589702308177948
328 0.12014801800251007
329 0.05540451779961586
330 0.07911095768213272
331 0.058414772152900696
332 0.06412715464830399
333 0.07397162914276123
334 0.07397162914276123
335 0.07657443732023239
336 0.08975589275360107
337 0.057359691709280014
338 0.09538166224956512
339 0.09859293699264526
340 0.10472682863473892
341 0.10472682863473892
342 0.10472682863473892
343 0.08181310445070267
344 0.09024478495121002
345 0.07559012621641159
346 0.07763399183750153
347 0.06723310053348541
348 0.06344004720449448
349 0.08415359258651733
350 0.08415359258651733
351 0.08415359258651733
352 0.06767546385526657
353 0.03807944431900978
354 0.11789735406637192
355 0.11789735406637192
356 0.06500636041164398
357 0.06500636041164398
358 0.07144778966903687
359 0.050000227987766266
360 0.06438946723937988
361 0.08478503674268723
362 0.03778344765305519
363 0.03778344765305519
364 0.16090679168701172
365 0.0913025438785553
366 0.0913025438785553
367 0.0913025438785553
368 0.0913025438785553
369 0.0913025438785553
370 0.1002645269036293
371 0.1002645269036293
372 0.0808802917599678
373 0.11297230422496796
374 0.11297230422496796
375 0.0889674499630928
376 0.18424087762832642
377 0.060662802308797836
378 0.09250332415103912
379 0.058627624064683914
380 0.04884278401732445
381 0.15238893032073975
382 0.15238893032073975
383 0.09878002107143402
384 0.12246716767549515
385 0.08033309131860733
386 0.18703992664813995
387 0.18703992664813995
388 0.03278172388672829
389 0.05933326482772827
390 0.16240641474723816
391 0.16240641474723816
392 0.13852545619010925
393 0.13852545619010925
394 0.08370731770992279
395 0.08305065333843231
396 0.07607578486204147
397 0.07607578486204147
398 0.08360182493925095
399 0.12981872260570526
400 0.11683911085128784
401 0.07447128742933273
402 0.0791466161608696
403 0.0791466161608696
404 0.046657368540763855
405 0.16756859421730042
406 0.09802486002445221
407 0.08192876726388931
408 0.11992355436086655
409 0.10331030935049057
410 0.06325102597475052
411 0.06019291281700134
412 0.06019291281700134
413 0.06019291281700134
414 0.13991215825080872
415 0.11661016941070557
416 0.11661016941070557
417 0.11126716434955597
418 0.06739687919616699
419 0.12263640016317368
420 0.05541300028562546
421 0.07576347887516022
422 0.15572084486484528
423 0.05715309828519821
424 0.0665651187300682
425 0.04752255976200104
426 0.05570864677429199
427 0.1067541092634201
428 0.033052168786525726
429 0.033052168786525726
430 0.08222397416830063
431 0.12027695775032043
432 0.12027695775032043
433 0.12112610042095184
434 0.07049870491027832
435 0.07049870491027832
436 0.04306741803884506
437 0.04306741803884506
438 0.04306741803884506
439 0.04306741803884506
440 0.05431368947029114
441 0.09691114723682404
442 0.09431806951761246
443 0.12834230065345764
444 0.0478733628988266
445 0.037530768662691116
446 0.08872489631175995
447 0.05981243774294853
448 0.061749864369630814
449 0.10327700525522232
450 0.04502667486667633
451 0.052680473774671555
452 0.052680473774671555
453 0.052680473774671555
454 0.08493753522634506
455 0.0689707025885582
456 0.0689707025885582
457 0.03386848419904709
458 0.03386848419904709
459 0.04250120744109154
460 0.04250120744109154
461 0.07992842048406601
462 0.03819967433810234
463 0.07644303888082504
464 0.1570284366607666
465 0.05661525949835777
466 0.10177481919527054
467 0.10177481919527054
468 0.10177481919527054
469 0.09895585477352142
470 0.06931456923484802
471 0.0298180989921093
472 0.09236487001180649
473 0.1183764711022377
474 0.1183764711022377
475 0.06817909330129623
476 0.0935092642903328
477 0.13053962588310242
478 0.03450663760304451
479 0.03450663760304451
480 0.05460908263921738
481 0.08836275339126587
482 0.06173481047153473
483 0.06173481047153473
484 0.11306421458721161
485 0.07875465601682663
486 0.10429473966360092
487 0.0808366984128952
488 0.07643700391054153
489 0.03194800019264221
490 0.03194800019264221
491 0.03194800019264221
492 0.03194800019264221
493 0.09579474478960037
494 0.09579474478960037
495 0.0465778224170208
496 0.0465778224170208
497 0.0465778224170208
498 0.12762928009033203
499 0.12762928009033203
