0 0.0
1 2.3123996257781982
2 2.260939836502075
3 2.2048966884613037
4 2.1369845867156982
5 2.1369845867156982
6 2.1281545162200928
7 2.1077723503112793
8 2.1077723503112793
9 2.1077723503112793
10 2.1077723503112793
11 2.1077723503112793
12 2.4709274768829346
13 2.6257286071777344
14 2.6909449100494385
15 2.6803410053253174
16 2.6803410053253174
17 2.6803410053253174
18 2.28541898727417
19 1.8881245851516724
20 1.1040056943893433
21 0.7560986876487732
22 0.9307327270507812
23 0.9307327270507812
24 0.9307327270507812
25 2.1861681938171387
26 2.379408359527588
27 2.2540230751037598
28 2.2540230751037598
29 0.8694385886192322
30 0.8694385886192322
31 0.48802921175956726
32 0.6221792697906494
33 0.6221792697906494
34 0.9682005047798157
35 0.8946408033370972
36 0.6316637992858887
37 0.5250791907310486
38 0.5250791907310486
39 0.546597957611084
40 0.6371251344680786
41 0.5718443393707275
42 0.4639056324958801
43 0.4633011221885681
44 0.3963741958141327
45 0.4327932298183441
46 0.4475289583206177
47 0.5566489696502686
48 0.4487910568714142
49 0.4487910568714142
50 0.29893043637275696
51 0.3336472809314728
52 0.280835896730423
53 0.280835896730423
54 0.280835896730423
55 0.21133656799793243
56 0.21133656799793243
57 0.2891521155834198
58 0.3003321886062622
59 0.3003321886062622
60 0.28898704051971436
61 0.3302113711833954
62 0.4301212430000305
63 0.4301212430000305
64 0.30945342779159546
65 0.2995728850364685
66 0.2995728850364685
67 0.2995728850364685
68 0.19011418521404266
69 0.20070160925388336
70 0.20070160925388336
71 0.26784801483154297
72 0.2520582377910614
73 0.21738046407699585
74 0.21738046407699585
75 0.2480599284172058
76 0.2480599284172058
77 0.30521705746650696
78 0.2145228236913681
79 0.22915394604206085
80 0.22915394604206085
81 0.17586387693881989
82 0.10849351435899734
83 0.10849351435899734
84 0.17028094828128815
85 0.17028094828128815
86 0.2766742408275604
87 0.2766742408275604
88 0.24036970734596252
89 0.17627832293510437
90 0.17627832293510437
91 0.18438349664211273
92 0.17136195302009583
93 0.17136195302009583
94 0.08835222572088242
95 0.08835222572088242
96 0.08835222572088242
97 0.06756676733493805
98 0.15421999990940094
99 0.20193128287792206
100 0.13909314572811127
101 0.13909314572811127
102 0.13909314572811127
103 0.13909314572811127
104 0.29798421263694763
105 0.14512041211128235
106 0.14512041211128235
107 0.21803408861160278
108 0.1692250818014145
109 0.10783140361309052
110 0.10783140361309052
111 0.10783140361309052
112 0.14812925457954407
113 0.14812925457954407
114 0.19508668780326843
115 0.12230788171291351
116 0.06964819133281708
117 0.10706563293933868
118 0.13984251022338867
119 0.11414150893688202
120 0.09294356405735016
121 0.2155573070049286
122 0.13319802284240723
123 0.12589848041534424
124 0.10513836145401001
125 0.18563278019428253
126 0.18563278019428253
127 0.06704764813184738
128 0.08514513075351715
129 0.17409250140190125
130 0.10625855624675751
131 0.10625855624675751
132 0.10625855624675751
133 0.07429657876491547
134 0.2542940378189087
135 0.12726837396621704
136 0.12726837396621704
137 0.09423196315765381
138 0.08249816298484802
139 0.09244588017463684
140 0.18632228672504425
141 0.18632228672504425
142 0.18632228672504425
143 0.18632228672504425
144 0.1132083535194397
145 0.11440770328044891
146 0.06006479635834694
147 0.15187892317771912
148 0.13548991084098816
149 0.09283407032489777
150 0.09283407032489777
151 0.09283407032489777
152 0.11187132447957993
153 0.059806276112794876
154 0.059806276112794876
155 0.07420339435338974
156 0.07420339435338974
157 0.053166888654232025
158 0.1384352594614029
159 0.16982464492321014
160 0.11432459950447083
161 0.11432459950447083
162 0.11432459950447083
163 0.07212734967470169
164 0.08992809802293777
165 0.08312610536813736
166 0.08312610536813736
167 0.08312610536813736
168 0.09726721048355103
169 0.08618414402008057
170 0.09369640052318573
171 0.06714600324630737
172 0.04658123105764389
173 0.08320920914411545
174 0.08104649186134338
175 0.03528493642807007
176 0.15666437149047852
177 0.11952248215675354
178 0.061275675892829895
179 0.061275675892829895
180 0.09119527786970139
181 0.10201457887887955
182 0.10201457887887955
183 0.10201457887887955
184 0.10201457887887955
185 0.12698954343795776
186 0.11434955894947052
187 0.12653395533561707
188 0.1134297251701355
189 0.09232484549283981
190 0.09232484549283981
191 0.09232484549283981
192 0.14221206307411194
193 0.048284441232681274
194 0.05905589833855629
195 0.05905589833855629
196 0.05905589833855629
197 0.06339254230260849
198 0.03374670073390007
199 0.06326936930418015
200 0.06326936930418015
201 0.047626886516809464
202 0.05686689913272858
203 0.07947693765163422
204 0.10791877657175064
205 0.08711129426956177
206 0.09554005414247513
207 0.12578336894512177
208 0.09527377784252167
209 0.0848860964179039
210 0.08179981261491776
211 0.11272794008255005
212 0.07484553754329681
213 0.07484553754329681
214 0.07484553754329681
215 0.07577965408563614
216 0.07577965408563614
217 0.04395570978522301
218 0.04395570978522301
219 0.07843461632728577
220 0.07843461632728577
221 0.06281627714633942
222 0.04953986033797264
223 0.0823136419057846
224 0.08537648618221283
225 0.07996620237827301
226 0.07996620237827301
227 0.22178292274475098
228 0.08257583528757095
229 0.0506647564470768
230 0.11674647778272629
231 0.093661829829216
232 0.06687241047620773
233 0.06109480932354927
234 0.04563307762145996
235 0.06521717458963394
236 0.06521717458963394
237 0.06521717458963394
238 0.06521717458963394
239 0.0835234522819519
240 0.0835234522819519
241 0.10901865363121033
242 0.10901865363121033
243 0.1012812927365303
244 0.08345815539360046
245 0.07931211590766907
246 0.07931211590766907
247 0.07931211590766907
248 0.10473639518022537
249 0.10473639518022537
250 0.08456852287054062
251 0.08375395089387894
252 0.08375395089387894
253 0.06511082500219345
254 0.11426383256912231
255 0.11426383256912231
256 0.08719778805971146
257 0.0848211869597435
258 0.17289000749588013
259 0.1220155656337738
260 0.1220155656337738
261 0.08712653815746307
262 0.03283039852976799
263 0.0611967034637928
264 0.05822738632559776
265 0.057062599807977676
266 0.057062599807977676
267 0.057062599807977676
268 0.057062599807977676
269 0.09891847521066666
270 0.060189664363861084
271 0.05496721342206001
272 0.05496721342206001
273 0.14997093379497528
274 0.07827233523130417
275 0.03550722077488899
276 0.03550722077488899
277 0.08078298717737198
278 0.08078298717737198
279 0.16733117401599884
280 0.029366858303546906
281 0.029366858303546906
282 0.029366858303546906
283 0.08958042412996292
284 0.07668013125658035
285 0.06747084110975266
286 0.09430460631847382
287 0.04764146730303764
288 0.06157762557268143
289 0.07335425168275833
290 0.06114876642823219
291 0.07951130717992783
292 0.07951130717992783
293 0.07951130717992783
294 0.08677715808153152
295 0.08677715808153152
296 0.09753814339637756
297 0.09753814339637756
298 0.20193348824977875
299 0.08082818984985352
300 0.08082818984985352
301 0.11145953834056854
302 0.08381374180316925
303 0.08381374180316925
304 0.04180203750729561
305 0.10061683505773544
306 0.14604435861110687
307 0.14604435861110687
308 0.08572198450565338
309 0.05201181769371033
310 0.09026225656270981
311 0.09026225656270981
312 0.052851758897304535
313 0.11811888962984085
314 0.03853234276175499
315 0.03853234276175499
316 0.054286886006593704
317 0.10559973865747452
318 0.06106417626142502
319 0.06106417626142502
320 0.05042979493737221
321 0.031013797968626022
322 0.03986511006951332
323 0.06551946699619293
324 0.11462037265300751
325 0.04827960953116417
326 0.08078291267156601
327 0.11237423121929169
328 0.06636662781238556
329 0.06636662781238556
330 0.07811691612005234
331 0.07811691612005234
332 0.033495087176561356
333 0.04520995542407036
334 0.04279259964823723
335 0.06350481510162354
336 0.06350481510162354
337 0.058582670986652374
338 0.0920017808675766
339 0.04103642702102661
340 0.025607522577047348
341 0.032998181879520416
342 0.0692291185259819
343 0.07356910407543182
344 0.07356910407543182
345 0.05359944328665733
346 0.17349430918693542
347 0.04298306256532669
348 0.04298306256532669
349 0.060379572212696075
350 0.12657612562179565
351 0.06425007432699203
352 0.1355130821466446
353 0.11339832097291946
354 0.06465169042348862
355 0.06537090241909027
356 0.035502251237630844
357 0.139365091919899
358 0.10077090561389923
359 0.02731667459011078
360 0.0765722319483757
361 0.02411276288330555
362 0.0701516792178154
363 0.0894666314125061
364 0.10255172103643417
365 0.03784999996423721
366 0.059968262910842896
367 0.078797847032547
368 0.02714776061475277
369 0.07395009696483612
370 0.024225223809480667
371 0.03569955751299858
372 0.03569955751299858
373 0.07215507328510284
374 0.07688811421394348
375 0.052715953439474106
376 0.08984262496232986
377 0.08984262496232986
378 0.08984262496232986
379 0.035412296652793884
380 0.08259095251560211
381 0.08259095251560211
382 0.08259095251560211
383 0.08259095251560211
384 0.06942026317119598
385 0.06942026317119598
386 0.07142189145088196
387 0.042837221175432205
388 0.042837221175432205
389 0.09785798192024231
390 0.04867156594991684
391 0.04867156594991684
392 0.07251881062984467
393 0.052528079599142075
394 0.052528079599142075
395 0.04501970112323761
396 0.10214308649301529
397 0.10287992656230927
398 0.10287992656230927
399 0.10287992656230927
400 0.09724632650613785
401 0.07761966437101364
402 0.07761966437101364
403 0.07665660977363586
404 0.07665660977363586
405 0.07665660977363586
406 0.15092876553535461
407 0.15092876553535461
408 0.15092876553535461
409 0.15092876553535461
410 0.15092876553535461
411 0.15092876553535461
412 0.15092876553535461
413 0.10165263712406158
414 0.10165263712406158
415 0.1337900459766388
416 0.1337900459766388
417 0.07068917155265808
418 0.0487886518239975
419 0.0628645122051239
420 0.0628645122051239
421 0.09763272851705551
422 0.14343783259391785
423 0.09848515689373016
424 0.067146897315979
425 0.06292988359928131
426 0.05121379345655441
427 0.051033589988946915
428 0.07289151847362518
429 0.025807013735175133
430 0.025807013735175133
431 0.025807013735175133
432 0.08805657178163528
433 0.08805657178163528
434 0.08938818424940109
435 0.04824414849281311
436 0.04824414849281311
437 0.07232210040092468
438 0.07232210040092468
439 0.07232210040092468
440 0.06265291571617126
441 0.06779483705759048
442 0.09537950903177261
443 0.056196726858615875
444 0.056196726858615875
445 0.05433700606226921
446 0.05433700606226921
447 0.08028069138526917
448 0.045680318027734756
449 0.045680318027734756
450 0.07273518294095993
451 0.13824951648712158
452 0.12018629163503647
453 0.07358625531196594
454 0.06418905407190323
455 0.06418905407190323
456 0.07150981575250626
457 0.030090464279055595
458 0.07738377898931503
459 0.07738377898931503
460 0.07978948205709457
461 0.07978948205709457
462 0.04454002156853676
463 0.04454002156853676
464 0.09397173672914505
465 0.09397173672914505
466 0.09397173672914505
467 0.04393099993467331
468 0.08803608268499374
469 0.04996085911989212
470 0.04996085911989212
471 0.10085298866033554
472 0.03604568541049957
473 0.0307681355625391
474 0.0307681355625391
475 0.0307681355625391
476 0.0307681355625391
477 0.08423876017332077
478 0.02080654911696911
479 0.11038722097873688
480 0.07528768479824066
481 0.07528768479824066
482 0.07528768479824066
483 0.07894223928451538
484 0.040601927787065506
485 0.09673604369163513
486 0.058021221309900284
487 0.058021221309900284
488 0.06286583095788956
489 0.05369438976049423
490 0.05369438976049423
491 0.044978514313697815
492 0.07920397073030472
493 0.0518311969935894
494 0.045631855726242065
495 0.11340387910604477
496 0.07708413153886795
497 0.04969062656164169
498 0.06689255684614182
499 0.040735404938459396
