0 0.0
1 2.2389369010925293
2 2.2389369010925293
3 2.2283060550689697
4 2.2481467723846436
5 2.196406126022339
6 2.0688040256500244
7 1.9093725681304932
8 1.679343581199646
9 1.518707513809204
10 1.4568740129470825
11 1.3555835485458374
12 1.3741616010665894
13 1.3101428747177124
14 1.3698582649230957
15 1.3241565227508545
16 1.3241565227508545
17 1.2995325326919556
18 1.214501976966858
19 0.8187894821166992
20 0.8187894821166992
21 0.8187894821166992
22 0.6923959851264954
23 0.5186514854431152
24 0.45790359377861023
25 0.3900621235370636
26 0.34923455119132996
27 0.34923455119132996
28 0.44002076983451843
29 0.4310983121395111
30 0.39116790890693665
31 0.39116790890693665
32 0.39116790890693665
33 0.19470489025115967
34 0.43733078241348267
35 0.43733078241348267
36 0.43733078241348267
37 0.43733078241348267
38 0.43733078241348267
39 0.43733078241348267
40 0.49126800894737244
41 0.49126800894737244
42 0.5130717754364014
43 0.327773779630661
44 0.3852154314517975
45 0.1605064570903778
46 0.13920770585536957
47 0.11509805917739868
48 0.11509805917739868
49 0.11509805917739868
50 0.13108956813812256
51 0.17177607119083405
52 0.2782896161079407
53 0.3226624131202698
54 0.1345309615135193
55 0.1345309615135193
56 0.1345309615135193
57 0.24738967418670654
58 0.3436550498008728
59 0.2037493884563446
60 0.20372892916202545
61 0.20372892916202545
62 0.13095523416996002
63 0.13095523416996002
64 0.2282787412405014
65 0.2282787412405014
66 0.11689698696136475
67 0.1592092514038086
68 0.2732290029525757
69 0.13755309581756592
70 0.17120462656021118
71 0.1820729523897171
72 0.1447785347700119
73 0.1330157220363617
74 0.1147068664431572
75 0.1147068664431572
76 0.08083999902009964
77 0.09484459459781647
78 0.09484459459781647
79 0.12675070762634277
80 0.1455284059047699
81 0.14965608716011047
82 0.1090427115559578
83 0.10428189486265182
84 0.10428189486265182
85 0.11362205445766449
86 0.11755380034446716
87 0.16098932921886444
88 0.18113720417022705
89 0.05578059330582619
90 0.05578059330582619
91 0.05578059330582619
92 0.18625642359256744
93 0.09246912598609924
94 0.16249695420265198
95 0.08021949976682663
96 0.05957756191492081
97 0.09386739879846573
98 0.09386739879846573
99 0.09386739879846573
100 0.09386739879846573
101 0.10966715216636658
102 0.054187286645174026
103 0.12751039862632751
104 0.11513426899909973
105 0.11513426899909973
106 0.09058018028736115
107 0.14260835945606232
108 0.14260835945606232
109 0.21811465919017792
110 0.21811465919017792
111 0.09352672845125198
112 0.04943350329995155
113 0.04943350329995155
114 0.04943350329995155
115 0.10578715801239014
116 0.10578715801239014
117 0.20286454260349274
118 0.1628560721874237
119 0.1628560721874237
120 0.12144076079130173
121 0.12144076079130173
122 0.12144076079130173
123 0.13753674924373627
124 0.13753674924373627
125 0.06103489547967911
126 0.07687382400035858
127 0.09659460932016373
128 0.0653400644659996
129 0.0653400644659996
130 0.0653400644659996
131 0.05940872058272362
132 0.0816461369395256
133 0.0816461369395256
134 0.0816461369395256
135 0.05624397099018097
136 0.07858754694461823
137 0.07858754694461823
138 0.07858754694461823
139 0.07858754694461823
140 0.07858754694461823
141 0.07858754694461823
142 0.11704403162002563
143 0.06828894466161728
144 0.06828894466161728
145 0.0916314497590065
146 0.15632690489292145
147 0.15632690489292145
148 0.08409334719181061
149 0.08409334719181061
150 0.09789663553237915
151 0.11360667645931244
152 0.21512560546398163
153 0.04422781616449356
154 0.08719984441995621
155 0.08258791267871857
156 0.0331672839820385
157 0.09096673130989075
158 0.09096673130989075
159 0.03496728837490082
160 0.03496728837490082
161 0.15664714574813843
162 0.11964835971593857
163 0.11964835971593857
164 0.11964835971593857
165 0.08811435103416443
166 0.10624047368764877
167 0.10624047368764877
168 0.031667448580265045
169 0.06951083987951279
170 0.06951083987951279
171 0.07743535935878754
172 0.0639013946056366
173 0.03627513349056244
174 0.03627513349056244
175 0.17779281735420227
176 0.05600220337510109
177 0.052177589386701584
178 0.0517616905272007
179 0.12046127766370773
180 0.11077937483787537
181 0.027000002562999725
182 0.030878981575369835
183 0.030878981575369835
184 0.1899353414773941
185 0.041957709938287735
186 0.0884949266910553
187 0.08559364825487137
188 0.06473155319690704
189 0.018533188849687576
190 0.06598909199237823
191 0.03879642114043236
192 0.13940681517124176
193 0.13940681517124176
194 0.050407204777002335
195 0.036211807280778885
196 0.06630143523216248
197 0.06630143523216248
198 0.09098361432552338
199 0.0669092908501625
200 0.05340620130300522
201 0.04799875617027283
202 0.09527380764484406
203 0.09527380764484406
204 0.08454940468072891
205 0.07208328694105148
206 0.04687979444861412
207 0.04687979444861412
208 0.0578707680106163
209 0.0578707680106163
210 0.0876365676522255
211 0.0876365676522255
212 0.026993343606591225
213 0.09017878770828247
214 0.09017878770828247
215 0.08607624471187592
216 0.025016963481903076
217 0.025016963481903076
218 0.06879143416881561
219 0.06879143416881561
220 0.0565694235265255
221 0.10449790209531784
222 0.10449790209531784
223 0.08631914108991623
224 0.103460393846035
225 0.05299638211727142
226 0.1273098886013031
227 0.1273098886013031
228 0.06415262073278427
229 0.12700343132019043
230 0.07027064263820648
231 0.04160112515091896
232 0.11270341277122498
233 0.11270341277122498
234 0.11270341277122498
235 0.11270341277122498
236 0.08887748420238495
237 0.05956682935357094
238 0.025047075003385544
239 0.09470542520284653
240 0.030161403119564056
241 0.07803893834352493
242 0.07266562432050705
243 0.08195444941520691
244 0.08195444941520691
245 0.1118813082575798
246 0.02759239822626114
247 0.07740557938814163
248 0.019576381891965866
249 0.05570579320192337
250 0.06170641630887985
251 0.028216030448675156
252 0.026785746216773987
253 0.05388056859374046
254 0.05388056859374046
255 0.05388056859374046
256 0.06524169445037842
257 0.18757915496826172
258 0.18757915496826172
259 0.05251070484519005
260 0.07241903245449066
261 0.02923230081796646
262 0.06562153995037079
263 0.06562153995037079
264 0.06562153995037079
265 0.03521513566374779
266 0.09705141931772232
267 0.03819519281387329
268 0.03819519281387329
269 0.05943871662020683
270 0.05143596604466438
271 0.0654720813035965
272 0.0654720813035965
273 0.06900756061077118
274 0.06900756061077118
275 0.06900756061077118
276 0.028952600434422493
277 0.07088115811347961
278 0.07088115811347961
279 0.07088115811347961
280 0.020751630887389183
281 0.020751630887389183
282 0.021461058408021927
283 0.04377057030797005
284 0.10964683443307877
285 0.07201704382896423
286 0.06036455184221268
287 0.10757634043693542
288 0.09161897003650665
289 0.09161897003650665
290 0.09612525254487991
291 0.05998446047306061
292 0.06501799821853638
293 0.07074262201786041
294 0.03557134419679642
295 0.02193627692759037
296 0.02193627692759037
297 0.041450995951890945
298 0.02520292066037655
299 0.02520292066037655
300 0.15018723905086517
301 0.15018723905086517
302 0.15018723905086517
303 0.05533004179596901
304 0.03431634232401848
305 0.03838450461626053
306 0.03776119276881218
307 0.08174560219049454
308 0.08174560219049454
309 0.08021780848503113
310 0.04436763375997543
311 0.042664505541324615
312 0.03741426393389702
313 0.09269534051418304
314 0.1387784630060196
315 0.050691038370132446
316 0.027073422446846962
317 0.16576026380062103
318 0.16576026380062103
319 0.02697700448334217
320 0.0529777817428112
321 0.013594323769211769
322 0.04657667130231857
323 0.04657667130231857
324 0.020619597285985947
325 0.1473432034254074
326 0.03894992917776108
327 0.03894992917776108
328 0.026681551709771156
329 0.027804002165794373
330 0.027804002165794373
331 0.04237237572669983
332 0.057337481528520584
333 0.028709115460515022
334 0.024313943460583687
335 0.024313943460583687
336 0.04843685030937195
337 0.12472526729106903
338 0.017542392015457153
339 0.06402382254600525
340 0.03946718946099281
341 0.09223630279302597
342 0.09223630279302597
343 0.10028519481420517
344 0.08490797132253647
345 0.05643558129668236
346 0.05583152174949646
347 0.053716856986284256
348 0.042721863836050034
349 0.09622140973806381
350 0.0269994605332613
351 0.013553435914218426
352 0.0458400696516037
353 0.0458400696516037
354 0.0474420003592968
355 0.09406163543462753
356 0.042991820722818375
357 0.08617709577083588
358 0.08617709577083588
359 0.03134700655937195
360 0.03134700655937195
361 0.08788079768419266
362 0.08788079768419266
363 0.02481599897146225
364 0.02481599897146225
365 0.04568718001246452
366 0.04568718001246452
367 0.11673178523778915
368 0.03535724803805351
369 0.049392957240343094
370 0.06322868913412094
371 0.027578290551900864
372 0.09876598417758942
373 0.06175752729177475
374 0.06175752729177475
375 0.06175752729177475
376 0.06978877633810043
377 0.04986392706632614
378 0.029018502682447433
379 0.029018502682447433
380 0.029018502682447433
381 0.029018502682447433
382 0.02897721529006958
383 0.06343617290258408
384 0.10829231888055801
385 0.021883677691221237
386 0.021883677691221237
387 0.04572295770049095
388 0.04572295770049095
389 0.04572295770049095
390 0.05204523354768753
391 0.04270118102431297
392 0.02310967817902565
393 0.07396981865167618
394 0.07396981865167618
395 0.0835535004734993
396 0.0835535004734993
397 0.0059417784214019775
398 0.03023863211274147
399 0.022146232426166534
400 0.022146232426166534
401 0.09251761436462402
402 0.09251761436462402
403 0.09251761436462402
404 0.09251761436462402
405 0.09251761436462402
406 0.05355851352214813
407 0.05355851352214813
408 0.03467082977294922
409 0.07500071823596954
410 0.07500071823596954
411 0.07500071823596954
412 0.03721751645207405
413 0.09216521680355072
414 0.09216521680355072
415 0.03215595334768295
416 0.03215595334768295
417 0.017439289018511772
418 0.017439289018511772
419 0.14230747520923615
420 0.02452692575752735
421 0.047117531299591064
422 0.0241121556609869
423 0.04180283471941948
424 0.03286971151828766
425 0.058278460055589676
426 0.07243204861879349
427 0.03477441146969795
428 0.07399962097406387
429 0.07399962097406387
430 0.036372773349285126
431 0.02737996354699135
432 0.023404205217957497
433 0.023404205217957497
434 0.018222777172923088
435 0.018222777172923088
436 0.05689217522740364
437 0.05689217522740364
438 0.07356730848550797
439 0.07356730848550797
440 0.07356730848550797
441 0.08983518183231354
442 0.11391187459230423
443 0.07324640452861786
444 0.1543193757534027
445 0.1543193757534027
446 0.027673576027154922
447 0.021345099434256554
448 0.09256696701049805
449 0.04823020100593567
450 0.02312205545604229
451 0.025321174412965775
452 0.025321174412965775
453 0.06620393693447113
454 0.06620393693447113
455 0.06620393693447113
456 0.15899233520030975
457 0.15899233520030975
458 0.04286826029419899
459 0.04873011261224747
460 0.06468929350376129
461 0.0367015115916729
462 0.054038431495428085
463 0.054038431495428085
464 0.04823106527328491
465 0.04823106527328491
466 0.04823106527328491
467 0.04823106527328491
468 0.018433816730976105
469 0.01967860385775566
470 0.01967860385775566
471 0.0562678799033165
472 0.09786922484636307
473 0.05708325654268265
474 0.06087726354598999
475 0.06087726354598999
476 0.06087726354598999
477 0.06087726354598999
478 0.06087726354598999
479 0.09561087936162949
480 0.05350417643785477
481 0.036302559077739716
482 0.036302559077739716
483 0.08830320090055466
484 0.08830320090055466
485 0.08830320090055466
486 0.05041925609111786
487 0.027439316734671593
488 0.13224047422409058
489 0.13224047422409058
490 0.09793168306350708
491 0.0337265320122242
492 0.07766656577587128
493 0.04018790274858475
494 0.04018790274858475
495 0.04018790274858475
496 0.027471397072076797
497 0.027356848120689392
498 0.027356848120689392
499 0.027356848120689392
