0 0.0
1 2.2453954219818115
2 2.1798179149627686
3 2.0226404666900635
4 2.0226404666900635
5 2.0226404666900635
6 2.0226404666900635
7 2.0226404666900635
8 2.573320150375366
9 2.673025608062744
10 2.6191883087158203
11 2.6191883087158203
12 2.289764881134033
13 2.0935449600219727
14 1.868935465812683
15 1.868935465812683
16 1.868935465812683
17 1.5334539413452148
18 1.5334539413452148
19 1.6413843631744385
20 1.3990012407302856
21 1.1027766466140747
22 1.1027766466140747
23 0.3919728994369507
24 0.5126069188117981
25 0.589843213558197
26 0.589843213558197
27 1.0748920440673828
28 0.8763294219970703
29 0.746405303478241
30 0.746405303478241
31 0.746405303478241
32 0.746405303478241
33 0.6669086813926697
34 0.6669086813926697
35 0.708306610584259
36 0.5827099084854126
37 0.2843564450740814
38 0.2749330699443817
39 0.12874409556388855
40 0.12874409556388855
41 0.12874409556388855
42 0.12874409556388855
43 0.12874409556388855
44 0.8130523562431335
45 0.8123144507408142
46 0.6557288765907288
47 0.4487031400203705
48 0.4487031400203705
49 0.36459001898765564
50 0.24227376282215118
51 0.24227376282215118
52 0.24227376282215118
53 0.24227376282215118
54 0.24227376282215118
55 0.33099764585494995
56 0.2295047789812088
57 0.2295047789812088
58 0.5860595703125
59 0.5860595703125
60 0.3232816159725189
61 0.44203275442123413
62 0.44203275442123413
63 0.1602039635181427
64 0.23013603687286377
65 0.11557933688163757
66 0.2393016219139099
67 0.14828702807426453
68 0.1657225787639618
69 0.22469870746135712
70 0.0808459147810936
71 0.0808459147810936
72 0.2323700189590454
73 0.2323700189590454
74 0.2323700189590454
75 0.19700267910957336
76 0.21003614366054535
77 0.21003614366054535
78 0.22878947854042053
79 0.2406703382730484
80 0.11339417845010757
81 0.3272154629230499
82 0.20781736075878143
83 0.13954144716262817
84 0.22162631154060364
85 0.11854575574398041
86 0.11854575574398041
87 0.11854575574398041
88 0.11854575574398041
89 0.11854575574398041
90 0.11854575574398041
91 0.11854575574398041
92 0.11854575574398041
93 0.4651663899421692
94 0.4651663899421692
95 0.46585097908973694
96 0.31199583411216736
97 0.31199583411216736
98 0.28480225801467896
99 0.15937624871730804
100 0.10086783766746521
101 0.07086366415023804
102 0.07086366415023804
103 0.111939936876297
104 0.0979476049542427
105 0.1712128072977066
106 0.04045148566365242
107 0.07018084079027176
108 0.068030945956707
109 0.09457559138536453
110 0.1637202650308609
111 0.1637202650308609
112 0.21675626933574677
113 0.21675626933574677
114 0.1677839756011963
115 0.23324380815029144
116 0.2706987261772156
117 0.19497695565223694
118 0.14563672244548798
119 0.05840861424803734
120 0.05840861424803734
121 0.14720827341079712
122 0.14720827341079712
123 0.0772392600774765
124 0.030487142503261566
125 0.07643372565507889
126 0.195083886384964
127 0.17395740747451782
128 0.10679350793361664
129 0.11456993967294693
130 0.17862975597381592
131 0.12642377614974976
132 0.11860653758049011
133 0.07509465515613556
134 0.1250952184200287
135 0.1726972758769989
136 0.1726972758769989
137 0.15887029469013214
138 0.06554847210645676
139 0.031051861122250557
140 0.22144806385040283
141 0.1413344144821167
142 0.1331348419189453
143 0.1331348419189453
144 0.07456088811159134
145 0.09752626717090607
146 0.09752626717090607
147 0.09734786301851273
148 0.09734786301851273
149 0.09734786301851273
150 0.1222468912601471
151 0.16833315789699554
152 0.16833315789699554
153 0.10289774090051651
154 0.08311853557825089
155 0.08311853557825089
156 0.17365115880966187
157 0.1411963254213333
158 0.08166353404521942
159 0.12044605612754822
160 0.07719973474740982
161 0.14732545614242554
162 0.14732545614242554
163 0.10982532054185867
164 0.2317814826965332
165 0.2317814826965332
166 0.2317814826965332
167 0.09954769164323807
168 0.09954769164323807
169 0.19378289580345154
170 0.2030670940876007
171 0.10054682195186615
172 0.11872024089097977
173 0.14995761215686798
174 0.11461934447288513
175 0.1086539477109909
176 0.1086539477109909
177 0.07240411639213562
178 0.0998721644282341
179 0.10101040452718735
180 0.1813405156135559
181 0.1813405156135559
182 0.03893256559967995
183 0.07792764902114868
184 0.04619409143924713
185 0.04619409143924713
186 0.13812430202960968
187 0.04311249032616615
188 0.04311249032616615
189 0.05807496979832649
190 0.27209416031837463
191 0.1911371648311615
192 0.1911371648311615
193 0.08158282190561295
194 0.03871482238173485
195 0.03871482238173485
196 0.03871482238173485
197 0.09157440811395645
198 0.09967528283596039
199 0.0808701366186142
200 0.12245625257492065
201 0.058266330510377884
202 0.10486918687820435
203 0.09228186309337616
204 0.032413505017757416
205 0.08314244449138641
206 0.11795464158058167
207 0.0773966833949089
208 0.0773966833949089
209 0.08719776570796967
210 0.1159905195236206
211 0.16655156016349792
212 0.06003214046359062
213 0.09011417627334595
214 0.09011417627334595
215 0.17394787073135376
216 0.15345609188079834
217 0.0620088130235672
218 0.054447755217552185
219 0.054447755217552185
220 0.054447755217552185
221 0.03481367230415344
222 0.03700069338083267
223 0.09133131057024002
224 0.09133131057024002
225 0.13001632690429688
226 0.11238991469144821
227 0.12057315558195114
228 0.12057315558195114
229 0.07730251550674438
230 0.07730251550674438
231 0.07730251550674438
232 0.07394332438707352
233 0.1563747078180313
234 0.10198576748371124
235 0.05174912512302399
236 0.07334766536951065
237 0.2051773965358734
238 0.1032436415553093
239 0.1032436415553093
240 0.08419255912303925
241 0.07249599695205688
242 0.08161124587059021
243 0.08161124587059021
244 0.042945560067892075
245 0.04487542808055878
246 0.04487542808055878
247 0.03692147880792618
248 0.024125440046191216
249 0.024125440046191216
250 0.024125440046191216
251 0.047473374754190445
252 0.07947077602148056
253 0.07947077602148056
254 0.08649028837680817
255 0.1563519835472107
256 0.13434189558029175
257 0.13434189558029175
258 0.15015238523483276
259 0.07042468339204788
260 0.07042468339204788
261 0.09123673290014267
262 0.045364461839199066
263 0.11411550641059875
264 0.05036451667547226
265 0.11325979232788086
266 0.05267944186925888
267 0.07175926864147186
268 0.15152733027935028
269 0.15152733027935028
270 0.040371716022491455
271 0.03614677116274834
272 0.059913285076618195
273 0.059913285076618195
274 0.011799726635217667
275 0.11298465728759766
276 0.03127899020910263
277 0.03127899020910263
278 0.04181898012757301
279 0.02262231335043907
280 0.02262231335043907
281 0.2237464189529419
282 0.03191652521491051
283 0.10310965031385422
284 0.05428366735577583
285 0.05428366735577583
286 0.05428366735577583
287 0.23325149714946747
288 0.14726263284683228
289 0.14726263284683228
290 0.14726263284683228
291 0.07322283089160919
292 0.12059076875448227
293 0.054190851747989655
294 0.08380239456892014
295 0.07994136214256287
296 0.060144178569316864
297 0.1293465793132782
298 0.1293465793132782
299 0.04741540178656578
300 0.055423323065042496
301 0.055423323065042496
302 0.055423323065042496
303 0.07397717982530594
304 0.056180935353040695
305 0.056180935353040695
306 0.03370374068617821
307 0.09705003350973129
308 0.0667138546705246
309 0.1946001648902893
310 0.1946001648902893
311 0.06941638886928558
312 0.06941638886928558
313 0.12695282697677612
314 0.12695282697677612
315 0.10677336156368256
316 0.026467839255928993
317 0.06519674509763718
318 0.14030559360980988
319 0.0408356636762619
320 0.038857027888298035
321 0.03860115632414818
322 0.02935863845050335
323 0.10927177965641022
324 0.06387493014335632
325 0.06387493014335632
326 0.06387493014335632
327 0.06387493014335632
328 0.06934813410043716
329 0.10885053873062134
330 0.08356986939907074
331 0.033168911933898926
332 0.0826590359210968
333 0.0826590359210968
334 0.11064644902944565
335 0.04563380777835846
336 0.0377458892762661
337 0.059242743998765945
338 0.059242743998765945
339 0.09003308415412903
340 0.03460908681154251
341 0.03460908681154251
342 0.025059442967176437
343 0.04475405812263489
344 0.04475405812263489
345 0.08791842311620712
346 0.09889557212591171
347 0.1431230753660202
348 0.020176390185952187
349 0.020176390185952187
350 0.16378040611743927
351 0.10506436228752136
352 0.10506436228752136
353 0.03666464984416962
354 0.10429134219884872
355 0.10429134219884872
356 0.04098450392484665
357 0.0635049119591713
358 0.0635049119591713
359 0.08424053341150284
360 0.059207744896411896
361 0.03339837118983269
362 0.03339837118983269
363 0.03339837118983269
364 0.1254480928182602
365 0.0431453101336956
366 0.06765346229076385
367 0.08867102861404419
368 0.0450880192220211
369 0.0450880192220211
370 0.06063961982727051
371 0.09037453681230545
372 0.07745599746704102
373 0.07745599746704102
374 0.05436374619603157
375 0.12617020308971405
376 0.12617020308971405
377 0.12617020308971405
378 0.06160937249660492
379 0.0642167255282402
380 0.06257671117782593
381 0.04911944642663002
382 0.06281324476003647
383 0.06281324476003647
384 0.14173541963100433
385 0.14173541963100433
386 0.01967322640120983
387 0.05111078917980194
388 0.04513625055551529
389 0.03204803913831711
390 0.05849135294556618
391 0.019180886447429657
392 0.019180886447429657
393 0.019180886447429657
394 0.03729457035660744
395 0.03729457035660744
396 0.11297419667243958
397 0.13723774254322052
398 0.06923409551382065
399 0.06412248313426971
400 0.09548281878232956
401 0.024125413969159126
402 0.06758908927440643
403 0.13716471195220947
404 0.058294735848903656
405 0.058294735848903656
406 0.1411934792995453
407 0.1411934792995453
408 0.05824512988328934
409 0.04683955758810043
410 0.057604216039180756
411 0.0149465287104249
412 0.0149465287104249
413 0.07371409237384796
414 0.024378105998039246
415 0.04301231727004051
416 0.07912749797105789
417 0.08944914489984512
418 0.08944914489984512
419 0.08944914489984512
420 0.12269403785467148
421 0.07001817226409912
422 0.07432059943675995
423 0.07432059943675995
424 0.07432059943675995
425 0.07432059943675995
426 0.03624391555786133
427 0.06032651290297508
428 0.17874091863632202
429 0.06516630202531815
430 0.06173533946275711
431 0.08544440567493439
432 0.041215769946575165
433 0.08543974906206131
434 0.08543974906206131
435 0.07558294385671616
436 0.08330633491277695
437 0.08790437132120132
438 0.02169627510011196
439 0.16138434410095215
440 0.16138434410095215
441 0.16138434410095215
442 0.06738322228193283
443 0.06129680201411247
444 0.03867357596755028
445 0.03867357596755028
446 0.10271566361188889
447 0.10271566361188889
448 0.11529761552810669
449 0.06231548637151718
450 0.03207080438733101
451 0.03330428525805473
452 0.04141072556376457
453 0.04141072556376457
454 0.04141072556376457
455 0.05867105722427368
456 0.07234322279691696
457 0.07234322279691696
458 0.020676149055361748
459 0.0750351995229721
460 0.11171100288629532
461 0.08009731024503708
462 0.04443424940109253
463 0.04443424940109253
464 0.04443424940109253
465 0.08484767377376556
466 0.03891674429178238
467 0.01573881506919861
468 0.02656022273004055
469 0.07948797941207886
470 0.06749177724123001
471 0.13621874153614044
472 0.13621874153614044
473 0.10303203761577606
474 0.20943565666675568
475 0.07270079851150513
476 0.044918011873960495
477 0.044918011873960495
478 0.06432204693555832
479 0.04962246119976044
480 0.08485495299100876
481 0.07456974685192108
482 0.07456974685192108
483 0.11842673271894455
484 0.02972710318863392
485 0.04508720338344574
486 0.04508720338344574
487 0.0968119278550148
488 0.07425142079591751
489 0.07425142079591751
490 0.01894078589975834
491 0.14349646866321564
492 0.10469814389944077
493 0.0523766428232193
494 0.08812803775072098
495 0.06706370413303375
496 0.06209404394030571
497 0.030233588069677353
498 0.132919579744339
499 0.11216631531715393
