0 0.0
1 0.0
2 0.0
3 2.15476655960083
4 2.0618088245391846
5 1.979381799697876
6 2.0565693378448486
7 2.0711376667022705
8 2.0711376667022705
9 2.023380756378174
10 2.186220169067383
11 2.4204511642456055
12 2.678917407989502
13 2.678917407989502
14 2.678917407989502
15 2.678917407989502
16 2.6238584518432617
17 2.6238584518432617
18 2.4188246726989746
19 1.88773512840271
20 1.0630055665969849
21 1.0630055665969849
22 0.9424880146980286
23 0.9424880146980286
24 0.9424880146980286
25 0.9424880146980286
26 0.9424880146980286
27 2.509852647781372
28 1.2380048036575317
29 1.2380048036575317
30 0.5042010545730591
31 0.5279322862625122
32 0.5398006439208984
33 0.5398006439208984
34 1.0497771501541138
35 1.0107767581939697
36 1.0107767581939697
37 0.5934590101242065
38 0.4869500696659088
39 0.5522543787956238
40 0.5522543787956238
41 0.42423197627067566
42 0.38814595341682434
43 0.29919305443763733
44 0.2932034432888031
45 0.44227293133735657
46 0.44227293133735657
47 0.6436918377876282
48 0.5784732699394226
49 0.4691890776157379
50 0.4691890776157379
51 0.3859174847602844
52 0.3859174847602844
53 0.3100065588951111
54 0.3100065588951111
55 0.3100065588951111
56 0.29144522547721863
57 0.29144522547721863
58 0.3976488411426544
59 0.38858920335769653
60 0.38858920335769653
61 0.44972509145736694
62 0.44972509145736694
63 0.40396204590797424
64 0.40396204590797424
65 0.29634931683540344
66 0.20383815467357635
67 0.27560970187187195
68 0.27560970187187195
69 0.31350231170654297
70 0.2834840416908264
71 0.1875639110803604
72 0.3032360076904297
73 0.2941581606864929
74 0.2818884253501892
75 0.22820153832435608
76 0.22820153832435608
77 0.24831916391849518
78 0.24831916391849518
79 0.20015601813793182
80 0.16077479720115662
81 0.1496177464723587
82 0.1496177464723587
83 0.1496177464723587
84 0.29979339241981506
85 0.29979339241981506
86 0.26108652353286743
87 0.26974576711654663
88 0.29539766907691956
89 0.1441420614719391
90 0.2928353548049927
91 0.2681335508823395
92 0.2681335508823395
93 0.22653688490390778
94 0.21298469603061676
95 0.21952876448631287
96 0.2396697998046875
97 0.14618076384067535
98 0.14618076384067535
99 0.18670451641082764
100 0.1652529388666153
101 0.16992099583148956
102 0.16992099583148956
103 0.25217798352241516
104 0.25681665539741516
105 0.28447937965393066
106 0.28447937965393066
107 0.24885310232639313
108 0.270688533782959
109 0.24397027492523193
110 0.25117236375808716
111 0.12686437368392944
112 0.15513037145137787
113 0.15495145320892334
114 0.15495145320892334
115 0.14702056348323822
116 0.20494486391544342
117 0.20494486391544342
118 0.20494486391544342
119 0.20944122970104218
120 0.20944122970104218
121 0.21534007787704468
122 0.27256765961647034
123 0.27256765961647034
124 0.27256765961647034
125 0.27256765961647034
126 0.10276979953050613
127 0.1863599717617035
128 0.1863599717617035
129 0.16488736867904663
130 0.128184974193573
131 0.16557522118091583
132 0.16557522118091583
133 0.13527905941009521
134 0.13527905941009521
135 0.1209917962551117
136 0.18330694735050201
137 0.1330522745847702
138 0.1330522745847702
139 0.1576363444328308
140 0.1576363444328308
141 0.1576363444328308
142 0.15936386585235596
143 0.13963162899017334
144 0.15333552658557892
145 0.14622652530670166
146 0.14622652530670166
147 0.14622652530670166
148 0.15878942608833313
149 0.0693337544798851
150 0.08723162114620209
151 0.16248272359371185
152 0.1152484193444252
153 0.1506825089454651
154 0.13767682015895844
155 0.17133376002311707
156 0.0629751980304718
157 0.0629751980304718
158 0.1252395361661911
159 0.14502175152301788
160 0.172169491648674
161 0.172169491648674
162 0.12994208931922913
163 0.17641793191432953
164 0.17641793191432953
165 0.09247315675020218
166 0.04296638444066048
167 0.08317986875772476
168 0.08317986875772476
169 0.1533839851617813
170 0.12531588971614838
171 0.1213546022772789
172 0.14979663491249084
173 0.1682318150997162
174 0.14084844291210175
175 0.14084844291210175
176 0.16066110134124756
177 0.07038366049528122
178 0.07038366049528122
179 0.12088541686534882
180 0.1390683948993683
181 0.10095258802175522
182 0.14979250729084015
183 0.10924781858921051
184 0.05977213382720947
185 0.16454041004180908
186 0.16454041004180908
187 0.14893865585327148
188 0.09936084598302841
189 0.1552886664867401
190 0.12165732681751251
191 0.14649543166160583
192 0.14649543166160583
193 0.1622813194990158
194 0.13517357409000397
195 0.04085804149508476
196 0.04085804149508476
197 0.1359531134366989
198 0.10034257918596268
199 0.08420318365097046
200 0.095566026866436
201 0.12041405588388443
202 0.12041405588388443
203 0.15326137840747833
204 0.15326137840747833
205 0.15326137840747833
206 0.1014103889465332
207 0.1014103889465332
208 0.1014103889465332
209 0.13094955682754517
210 0.14078477025032043
211 0.15795542299747467
212 0.14473673701286316
213 0.1570064276456833
214 0.08512747287750244
215 0.08512747287750244
216 0.09919528663158417
217 0.134913831949234
218 0.134913831949234
219 0.13804978132247925
220 0.15471592545509338
221 0.15471592545509338
222 0.15471592545509338
223 0.15471592545509338
224 0.10875867307186127
225 0.10875867307186127
226 0.0686672106385231
227 0.16949819028377533
228 0.1907113790512085
229 0.1907113790512085
230 0.14743974804878235
231 0.14743974804878235
232 0.14743974804878235
233 0.11349473148584366
234 0.09490825980901718
235 0.151657372713089
236 0.13934455811977386
237 0.13934455811977386
238 0.13934455811977386
239 0.14256733655929565
240 0.1508805900812149
241 0.16538074612617493
242 0.16538074612617493
243 0.08795300871133804
244 0.16137145459651947
245 0.17097941040992737
246 0.1712554544210434
247 0.08040300756692886
248 0.08040300756692886
249 0.13407002389431
250 0.15154273808002472
251 0.09935766458511353
252 0.0719122588634491
253 0.0719122588634491
254 0.11451993882656097
255 0.11451993882656097
256 0.10226301848888397
257 0.1718815714120865
258 0.1718815714120865
259 0.11236520856618881
260 0.07238787412643433
261 0.07238787412643433
262 0.07238787412643433
263 0.07199171930551529
264 0.11017177999019623
265 0.11017177999019623
266 0.13662587106227875
267 0.07555403560400009
268 0.07555403560400009
269 0.09224355965852737
270 0.14153581857681274
271 0.17064262926578522
272 0.08259610831737518
273 0.167638897895813
274 0.167638897895813
275 0.17457500100135803
276 0.12467050552368164
277 0.09509515017271042
278 0.1718309074640274
279 0.19144511222839355
280 0.12901614606380463
281 0.13956552743911743
282 0.1534423977136612
283 0.1534423977136612
284 0.1534423977136612
285 0.14326977729797363
286 0.14326977729797363
287 0.13528789579868317
288 0.15259887278079987
289 0.1434960514307022
290 0.05110648274421692
291 0.1068841964006424
292 0.1068841964006424
293 0.1444760411977768
294 0.13815245032310486
295 0.14713701605796814
296 0.13140936195850372
297 0.07786629348993301
298 0.07019858807325363
299 0.1605893075466156
300 0.08450599014759064
301 0.13595668971538544
302 0.11612039804458618
303 0.1227385550737381
304 0.1227385550737381
305 0.13508723676204681
306 0.13508723676204681
307 0.12979111075401306
308 0.12979111075401306
309 0.07890122383832932
310 0.1324755996465683
311 0.1727915108203888
312 0.14754047989845276
313 0.12678876519203186
314 0.07834067940711975
315 0.17303264141082764
316 0.17303264141082764
317 0.1373683661222458
318 0.09298520535230637
319 0.11897080391645432
320 0.11897080391645432
321 0.11897080391645432
322 0.12267051637172699
323 0.12267051637172699
324 0.0866212472319603
325 0.12780703604221344
326 0.0845244750380516
327 0.15449240803718567
328 0.1353260576725006
329 0.06345022469758987
330 0.06345022469758987
331 0.061782486736774445
332 0.04618249833583832
333 0.133075550198555
334 0.13194236159324646
335 0.13194236159324646
336 0.07277793437242508
337 0.07277793437242508
338 0.07277793437242508
339 0.07277793437242508
340 0.07277793437242508
341 0.1284572184085846
342 0.11078028380870819
343 0.11078028380870819
344 0.1495978981256485
345 0.1435852348804474
346 0.07460688054561615
347 0.07460688054561615
348 0.07460688054561615
349 0.07460688054561615
350 0.07460688054561615
351 0.07460688054561615
352 0.1287923902273178
353 0.09327615052461624
354 0.15851213037967682
355 0.14181655645370483
356 0.09079525619745255
357 0.11421937495470047
358 0.11421937495470047
359 0.06555124372243881
360 0.06555124372243881
361 0.12660442292690277
362 0.10026968270540237
363 0.11200471222400665
364 0.02709208056330681
365 0.02709208056330681
366 0.06699859350919724
367 0.08751493692398071
368 0.09545194357633591
369 0.1431998312473297
370 0.1431998312473297
371 0.12636373937129974
372 0.12636373937129974
373 0.07851867377758026
374 0.07843869924545288
375 0.04778306931257248
376 0.04778306931257248
377 0.14443093538284302
378 0.0770382359623909
379 0.13091371953487396
380 0.13091371953487396
381 0.1606198102235794
382 0.08024738729000092
383 0.11097697913646698
384 0.11097697913646698
385 0.16768628358840942
386 0.16768628358840942
387 0.07537783682346344
388 0.15825378894805908
389 0.15825378894805908
390 0.1566120684146881
391 0.1566120684146881
392 0.1566120684146881
393 0.0932721272110939
394 0.060365088284015656
395 0.1429002285003662
396 0.1429002285003662
397 0.13384683430194855
398 0.13384683430194855
399 0.14870953559875488
400 0.09046857804059982
401 0.1740006059408188
402 0.09179029613733292
403 0.11869137734174728
404 0.1180868074297905
405 0.10120103508234024
406 0.10120103508234024
407 0.11135217547416687
408 0.13835512101650238
409 0.13835512101650238
410 0.1350356489419937
411 0.1350356489419937
412 0.14030787348747253
413 0.09670594334602356
414 0.15244857966899872
415 0.07506358623504639
416 0.07299567759037018
417 0.07299567759037018
418 0.16559545695781708
419 0.047197554260492325
420 0.1251160353422165
421 0.11483784765005112
422 0.11483784765005112
423 0.07117895781993866
424 0.1667289286851883
425 0.10732879489660263
426 0.10732879489660263
427 0.1452738642692566
428 0.10868770629167557
429 0.04569194093346596
430 0.12232165038585663
431 0.12232165038585663
432 0.08324636518955231
433 0.08324636518955231
434 0.08324636518955231
435 0.10566588491201401
436 0.10569670051336288
437 0.12524299323558807
438 0.10082385689020157
439 0.06953949481248856
440 0.052863869816064835
441 0.052863869816064835
442 0.052863869816064835
443 0.052863869816064835
444 0.052863869816064835
445 0.1555226892232895
446 0.15174338221549988
447 0.15174338221549988
448 0.13285040855407715
449 0.14468516409397125
450 0.14468516409397125
451 0.14468516409397125
452 0.16956336796283722
453 0.16956336796283722
454 0.15441593527793884
455 0.05743251368403435
456 0.05743251368403435
457 0.08507706969976425
458 0.08507706969976425
459 0.13862495124340057
460 0.13862495124340057
461 0.13862495124340057
462 0.13862495124340057
463 0.15021400153636932
464 0.07440022379159927
465 0.07440022379159927
466 0.10695622861385345
467 0.09059861302375793
468 0.09059861302375793
469 0.09059861302375793
470 0.15806177258491516
471 0.12651671469211578
472 0.12651671469211578
473 0.12651671469211578
474 0.12778586149215698
475 0.12240494787693024
476 0.12351666390895844
477 0.1334599405527115
478 0.0529327467083931
479 0.0529327467083931
480 0.09952528774738312
481 0.06100892648100853
482 0.11747530102729797
483 0.08890082687139511
484 0.05308586731553078
485 0.09344790130853653
486 0.11504507064819336
487 0.1189240962266922
488 0.1189240962266922
489 0.14370857179164886
490 0.08946819603443146
491 0.09649687260389328
492 0.144389346241951
493 0.07730192691087723
494 0.10070286691188812
495 0.10070286691188812
496 0.11325594782829285
497 0.10162772983312607
498 0.10162772983312607
499 0.12807674705982208
