0 1.0936738157506736
1 1.1909700411427246
2 1.273614960079028
3 1.3667693481537269
4 1.466769348153727
5 1.466769348153727
6 1.5628159140362543
7 1.6512251797708528
8 1.7231127281455803
9 1.7231127281455803
10 1.79479938194412
11 1.79479938194412
12 1.8738699931434506
13 1.8738699931434506
14 1.9275857488091797
15 1.9854307686648207
16 2.058011727386631
17 2.1408544665660183
18 2.200005902611348
19 2.200005902611348
20 2.264745663858994
21 2.318583689553688
22 2.3735281124030045
23 2.444858900352044
24 2.4968071583783646
25 2.538540671871571
26 2.538540671871571
27 2.538540671871571
28 2.538540671871571
29 2.609877475014183
30 2.695050715938171
31 2.791772316668362
32 2.891772316668362
33 2.973281130954931
34 3.073281130954931
35 3.073281130954931
36 3.165398566410729
37 3.265182162554162
38 3.340658743787358
39 3.401890927468747
40 3.4744015557330994
41 3.4744015557330994
42 3.4744015557330994
43 3.555184678246344
44 3.555184678246344
45 3.601714025397601
46 3.601714025397601
47 3.601714025397601
48 3.620951743019753
49 3.646870915685423
