0 1.0
1 1.1
2 1.1
3 1.160178403173552
4 1.252811124149662
5 1.3330504376296881
6 1.3330504376296881
7 1.430171510874571
8 1.5052556556940515
9 1.5672898359404412
10 1.6456348682931967
11 1.7045354665215275
12 1.7901857959304242
13 1.8484926897715777
14 1.8484926897715777
15 1.9084629962360016
16 1.9830756750880576
17 1.9830756750880576
18 1.9830756750880576
19 2.022520163008524
20 2.080778558336973
21 2.080778558383922
22 2.080778558336973
23 2.080778558336973
24 2.080778558336973
25 2.106569661194396
26 2.143649618065847
27 2.220269077306857
28 2.2637143143653655
29 2.337939018750483
30 2.4302042598691846
31 2.5302042598691847
32 2.5302042598691847
33 2.5302042598691847
34 2.601521930601307
35 2.6654907970076507
36 2.749069990968533
37 2.749069990968533
38 2.849069990968533
39 2.901503157128539
40 2.9459571481499953
41 2.9459571481499953
42 2.981904334284449
43 2.981904334284449
44 3.054069143294396
45 3.054069143294396
46 3.127084587487663
47 3.127084587487663
48 3.127084587487663
49 3.127084587487663
