0 1.0
1 1.0940468387111681
2 1.1940468387111682
3 1.2906197527776213
4 1.2906197527776213
5 1.2906197527776213
6 1.36219278250972
7 1.36219278250972
8 1.36219278250972
9 1.410468879870641
10 1.410468879870641
11 1.4674649467158647
12 1.5576580124005446
13 1.6220290756994948
14 1.6707903600873428
15 1.6707903600873428
16 1.770790360087343
17 1.770790360087343
18 1.770790360087343
19 1.770790360087343
20 1.870790360087343
21 1.970790360087343
22 2.070790360087343
23 2.1707903600873433
24 2.267724385605155
25 2.267724385605155
26 2.267724385605155
27 2.3677243856051553
28 2.46005794730012
29 2.5577102009032924
30 2.5577102009032924
31 2.643361244325389
32 2.700850012746533
33 2.700850012743863
34 2.7655362191230353
35 2.841304831694513
36 2.841304831694513
37 2.935053937804513
38 2.981331024029091
39 3.0181658021468545
40 3.0181658021468545
41 3.067631279012439
42 3.101100277165194
43 3.101100277165194
44 3.1736714944289304
45 3.1736714944289304
46 3.1736714944289304
47 3.2736714944289305
48 3.3736714944289306
49 3.4736714944289306
