0 1.090264961263322
1 1.184079068456228
2 1.2799747078666779
3 1.379974707866678
4 1.379974707866678
5 1.4455093007436641
6 1.4455093007436641
7 1.4455093007436641
8 1.522828576465698
9 1.522828576465698
10 1.601911320854544
11 1.601911320854544
12 1.6905575495305933
13 1.7420631416680756
14 1.798524199484871
15 1.8524897906774762
16 1.9181738105988448
17 1.999596495465103
18 2.065770049409859
19 2.1112470985350624
20 2.167564223482616
21 2.2042313497498114
22 2.2343134106082028
23 2.296032689795697
24 2.3473124498622693
25 2.383754333949424
26 2.424277932328032
27 2.424277932328032
28 2.5229420840430965
29 2.591566294941426
30 2.6665756936198135
31 2.6665756936198135
32 2.6665756936198135
33 2.7509509926407505
34 2.7509509926407505
35 2.7509509926407505
36 2.7509509926407505
37 2.841321422131421
38 2.904307722397057
39 2.904307722397057
40 2.904307722397057
41 3.004307722397057
42 3.104307722397057
43 3.2043077223970573
44 3.3043077223970574
45 3.3518414279937234
46 3.403158082873036
47 3.456898150637162
48 3.5083617303848644
49 3.5312061582678385
