0 1.1747536836555816
1 1.3747536836555816
2 1.4652033313770012
3 1.5188175104712829
4 1.7158744497198215
5 1.8495724873263157
6 2.0059865210119474
7 2.0565397908232628
8 2.256539790823263
9 2.422908790864671
10 2.5936719530049013
11 2.673934941244923
12 2.673934941244923
13 2.673934941244923
14 2.873934941244923
15 2.8872290864254855
16 3.011552422485686
17 3.0788554769795855
18 3.2788554769795857
19 3.310671746443119
20 3.310671746443119
21 3.3545191693969105
22 3.3545191693969105
23 3.3545191693969105
24 3.3545191693969105
25 3.3545191693969105
26 3.3545191693969105
27 3.4091012432408947
28 3.4091012432408947
29 3.4529105132768447
30 3.4529105132768447
31 3.4529105132768447
32 3.4529105132768447
33 3.481481941848273
34 3.481481941848273
35 3.481481941848273
36 3.5424024795180578
37 3.5424024795180578
38 3.5424024795180578
39 3.5424024795180578
40 3.5424024795180578
41 3.5424024795180578
42 3.5424024795180578
43 3.5424024795180578
44 3.5424024795180578
45 3.586028378404134
46 3.586028378404134
47 3.586028378404134
48 3.586028378404134
49 3.586028378404134
50 3.6271130763238637
51 3.655684504895292
52 3.655684504895292
53 3.655684504895292
54 3.702980330085263
55 3.747113464670626
56 3.747113464670626
57 3.747113464670626
58 3.747113464670626
59 3.747113464670626
60 3.747113464670626
61 3.747113464670626
62 3.747113464670626
63 3.747113464670626
64 3.8201433717684044
65 3.8201433717684044
66 3.8201433717684044
67 3.8201433717684044
68 3.8201433717684044
69 3.8836663309844783
70 3.8836663309844783
71 3.912237759555907
72 3.912237759555907
73 3.912237759555907
74 3.912237759555907
75 3.9748158420153104
76 4.003387270586739
77 4.003387270586739
78 4.054397723178944
79 4.054397723178944
80 4.054397723178944
81 4.054397723178944
82 4.054397723178944
83 4.054397723178944
84 4.054397723178944
85 4.082969151750373
86 4.133751032305358
87 4.133751032305358
88 4.173347320702885
89 4.173347320702885
90 4.173347320702885
91 4.173347320702885
92 4.173347320702885
93 4.173347320702885
94 4.173347320702885
95 4.255228807469194
96 4.255228807469194
97 4.296339299574222
98 4.296339299574222
99 4.296339299574222
