0 1.0
1 1.043700402765425
2 1.1682386017918636
3 1.1682386017918636
4 1.3128614030151546
5 1.3759985997782873
6 1.4753301866291313
7 1.6753301866291312
8 1.8367613979034434
9 1.9605071120098
10 2.0516420368153545
11 2.131905025055376
12 2.131905025055376
13 2.131905025055376
14 2.223660639869897
15 2.423660639869897
16 2.4699925450213542
17 2.6699925450213544
18 2.8597182068494424
19 2.9197357446904606
20 3.1197357446904608
21 3.319735744690461
22 3.519735744690461
23 3.7197357446904613
24 3.74830717326189
25 3.74830717326189
26 3.94830717326189
27 4.14830717326189
28 4.34830717326189
29 4.5483071732618905
30 4.5483071732618905
31 4.5483071732618905
32 4.5483071732618905
33 4.5483071732618905
34 4.72735936692544
35 4.72735936692544
36 4.775934848566095
37 4.975934848566095
38 5.175934848566095
39 5.204506277137524
40 5.404506277137524
41 5.434656347604148
42 5.463227776175576
43 5.531454517068246
44 5.731454517068246
45 5.9314545170682464
46 6.131454517068247
47 6.331454517068247
48 6.46102307260956
49 6.489594501180989
50 6.577187386619095
51 6.605758815190524
52 6.805758815190524
53 7.005758815190524
54 7.136829591520318
55 7.245761533617862
56 7.245761533617862
57 7.27433296218929
58 7.302904390760719
59 7.502904390760719
60 7.502904390760719
61 7.702904390760719
62 7.702904390760719
63 7.702904390760719
64 7.830772008314993
65 8.030772008314992
66 8.230772008314991
67 8.410910592243974
68 8.410910592243974
69 8.534271257927204
70 8.534271257927204
71 8.734271257927203
72 8.734271257927203
73 8.853605606068223
74 9.053605606068222
75 9.10903986503808
76 9.137611293609508
77 9.166182722180936
78 9.323255890326372
79 9.323255890326372
80 9.3518273188978
81 9.3518273188978
82 9.3518273188978
83 9.516097745018637
84 9.516097745018637
85 9.544669173590066
86 9.70014233747496
87 9.70014233747496
88 9.900142337474959
89 9.900142337474959
90 9.900142337474959
91 9.900142337474959
92 9.928713766046387
93 10.128713766046387
94 10.128713766046387
95 10.328713766046386
96 10.328713766046386
97 10.328713766046386
98 10.328713766046386
99 10.328713766046386
