0 1.0441519012852825
1 1.0441519012852825
2 1.0441519012852825
3 1.0461976784671432
4 1.0461976784671432
5 1.0494526705114189
6 1.1487842573622629
7 1.1487842573622629
8 1.1487842573622629
9 1.1487842573622629
10 1.1487842573622629
11 1.2290472456022845
12 1.2290472456022845
13 1.2290472456022845
14 1.3208028604168054
15 1.3208028604168054
16 1.3208028604168054
17 1.3208028604168054
18 1.3208028604168054
19 1.3808203982578235
20 1.3808203982578235
21 1.4246678212116148
22 1.4246678212116148
23 1.4246678212116148
24 1.4246678212116148
25 1.4246678212116148
26 1.4246678212116148
27 1.4246678212116148
28 1.4246678212116148
29 1.4684770912475649
30 1.4684770912475649
31 1.4684770912475649
32 1.4684770912475649
33 1.4684770912475649
34 1.4684770912475649
35 1.4684770912475649
36 1.4684770912475649
37 1.4684770912475649
38 1.5062512924818987
39 1.5062512924818987
40 1.5062512924818987
41 1.5062512924818987
42 1.5348227210533272
43 1.5348227210533272
44 1.5348227210533272
45 1.5348227210533272
46 1.5348227210533272
47 1.5668142513270256
48 1.613895473547213
49 1.613895473547213
50 1.613895473547213
51 1.613895473547213
52 1.6424669021186415
53 1.6424669021186415
54 1.6424669021186415
55 1.6424669021186415
56 1.6424669021186415
57 1.6424669021186415
58 1.6424669021186415
59 1.672084485652963
60 1.672084485652963
61 1.672084485652963
62 1.672084485652963
63 1.672084485652963
64 1.745114392750741
65 1.745114392750741
66 1.745114392750741
67 1.8010797059227206
68 1.8010797059227206
69 1.8010797059227206
70 1.8010797059227206
71 1.8010797059227206
72 1.829651134494149
73 1.829651134494149
74 1.8813687678436213
75 1.943946850303025
76 1.943946850303025
77 1.9725182788744535
78 2.0235287314666586
79 2.0235287314666586
80 2.0235287314666586
81 2.0235287314666586
82 2.0235287314666586
83 2.0235287314666586
84 2.052100160038087
85 2.0806715886095155
86 2.0806715886095155
87 2.0806715886095155
88 2.0806715886095155
89 2.0806715886095155
90 2.109243017180944
91 2.109243017180944
92 2.109243017180944
93 2.1799076767582837
94 2.1799076767582837
95 2.1799076767582837
96 2.1799076767582837
97 2.1799076767582837
98 2.1799076767582837
99 2.233944893072448
