0 1.0802274278648565
1 1.1510761495695914
2 1.2890094837388903
3 1.332989944347234
4 1.4250810576086643
5 1.5094326858053302
6 1.630153525649307
7 1.7018993962014575
8 1.7958477519194338
9 1.8719834413891117
10 1.8719834413891117
11 1.964810944537696
12 1.964810944537696
13 1.964810944537696
14 2.079485386940186
15 2.079485386940186
16 2.079485386940186
17 2.2790049098886183
18 2.3520336200362038
19 2.552033620036204
20 2.6243590949434683
21 2.6243590949434683
22 2.6529305235148968
23 2.7523096518735106
24 2.780881080444939
25 2.780881080444939
26 2.8744036364083168
27 3.056478153316207
28 3.0850495818876356
29 3.150472231015056
30 3.150472231015056
31 3.150472231015056
32 3.150472231015056
33 3.1790436595864846
34 3.379043659586485
35 3.379043659586485
36 3.4276191412271397
37 3.5293950655200548
38 3.593814474160392
39 3.793814474160392
40 3.793814474160392
41 3.9938144741603923
42 4.193814474160392
43 4.215378048994246
44 4.243949477565675
45 4.349330769768209
46 4.409306585380186
47 4.433247297296075
48 4.633247297296075
49 4.833247297296075
50 5.033247297296075
51 5.233247297296075
52 5.261818725867504
53 5.290390154438932
54 5.490390154438932
55 5.690390154438933
56 5.690390154438933
57 5.890390154438933
58 5.918961583010361
59 5.926284667750613
60 5.926284667750613
61 6.054635544745886
62 6.054635544745886
63 6.054635544745886
64 6.235199901284054
65 6.263771329855483
66 6.292342758426911
67 6.3039613667017855
68 6.3039613667017855
69 6.425261415531073
70 6.425261415531073
71 6.453832844102502
72 6.453832844102502
73 6.499452036694076
74 6.551169670043548
75 6.751169670043549
76 6.751169670043549
77 6.751169670043549
78 6.751169670043549
79 6.751169670043549
80 6.951169670043549
81 6.951169670043549
82 6.951169670043549
83 7.0032083023465255
84 7.203208302346526
85 7.203208302346526
86 7.403208302346526
87 7.403208302346526
88 7.480382321129216
89 7.480382321129216
90 7.680382321129216
91 7.680382321129216
92 7.708953749700645
93 7.878608604170155
94 7.878608604170155
95 8.061896182474682
96 8.061896182474682
97 8.149669627209873
98 8.149669627209873
99 8.327930141409025
