0 1.0881516280562213
1 1.0881516280562213
2 1.0881516280562213
3 1.0881516280562213
4 1.0881516280562213
5 1.0904285047244104
6 1.0904285047244104
7 1.0904285047244104
8 1.0904285047244104
9 1.0904285047244104
10 1.177975863252715
11 1.177975863252715
12 1.177975863252715
13 1.177975863252715
14 1.177975863252715
15 1.2084464554213667
16 1.2084464554213667
17 1.2757495099152665
18 1.2757495099152665
19 1.2757495099152665
20 1.2757495099152665
21 1.2757495099152665
22 1.304320938486695
23 1.304320938486695
24 1.304320938486695
25 1.304320938486695
26 1.3564852640203853
27 1.3564852640203853
28 1.3564852640203853
29 1.3564852640203853
30 1.3564852640203853
31 1.3564852640203853
32 1.3564852640203853
33 1.3564852640203853
34 1.3564852640203853
35 1.3564852640203853
36 1.3564852640203853
37 1.3995961103479446
38 1.4373703115822785
39 1.465941740153707
40 1.4945131687251354
41 1.5246632391917592
42 1.5532346677631876
43 1.5946332842955482
44 1.6232047128669767
45 1.6232047128669767
46 1.6232047128669767
47 1.6232047128669767
48 1.6232047128669767
49 1.6232047128669767
50 1.6232047128669767
51 1.6232047128669767
52 1.6232047128669767
53 1.6517761414384051
54 1.6517761414384051
55 1.6959092760237686
56 1.6959092760237686
57 1.6959092760237686
58 1.724480704595197
59 1.724480704595197
60 1.724480704595197
61 1.724480704595197
62 1.724480704595197
63 1.724480704595197
64 1.724480704595197
65 1.7530521331666256
66 1.781623561738054
67 1.781623561738054
68 1.781623561738054
69 1.781623561738054
70 1.781623561738054
71 1.781623561738054
72 1.781623561738054
73 1.781623561738054
74 1.781623561738054
75 1.781623561738054
76 1.781623561738054
77 1.781623561738054
78 1.832634014330259
79 1.832634014330259
80 1.832634014330259
81 1.832634014330259
82 1.832634014330259
83 1.8846726466332357
84 1.8846726466332357
85 1.8846726466332357
86 1.8846726466332357
87 1.8846726466332357
88 1.8846726466332357
89 1.8846726466332357
90 1.8846726466332357
91 1.8846726466332357
92 1.8846726466332357
93 1.8846726466332357
94 1.8846726466332357
95 1.966554133399545
96 1.966554133399545
97 1.966554133399545
98 1.966554133399545
99 2.0205913497137096
