0 1.0881516280562213
1 1.1318520308216464
2 1.2720037585120365
3 1.315378951527669
4 1.4148331672954255
5 1.596445538080847
6 1.758895929983561
7 1.8306418005357115
8 1.956596709229537
9 1.9994318213695177
10 2.150365244121866
11 2.2494150463212224
12 2.2494150463212224
13 2.2494150463212224
14 2.341170661135743
15 2.341170661135743
16 2.341170661135743
17 2.4084737156296425
18 2.481502425777228
19 2.5303325576904245
20 2.569236196962891
21 2.569236196962891
22 2.569236196962891
23 2.6120046438712645
24 2.6120046438712645
25 2.6120046438712645
26 2.6120046438712645
27 2.6120046438712645
28 2.640576072442693
29 2.640576072442693
30 2.640576072442693
31 2.640576072442693
32 2.640576072442693
33 2.640576072442693
34 2.7186298347917033
35 2.7186298347917033
36 2.7274951771516167
37 2.7274951771516167
38 2.7652693783859505
39 2.7652693783859505
40 2.793840806957379
41 2.793840806957379
42 2.793840806957379
43 2.793840806957379
44 2.793840806957379
45 2.793840806957379
46 2.8309802091876612
47 2.8309802091876612
48 2.8309802091876612
49 2.8309802091876612
50 2.8309802091876612
51 2.8309802091876612
52 2.8309802091876612
53 2.8309802091876612
54 2.8309802091876612
55 2.8309802091876612
56 2.8309802091876612
57 2.8309802091876612
58 2.8309802091876612
59 2.860597792721983
60 2.860597792721983
61 2.907505060864165
62 2.907505060864165
63 2.907505060864165
64 2.980534967961943
65 2.980534967961943
66 3.0091063965333715
67 3.0091063965333715
68 3.0091063965333715
69 3.0091063965333715
70 3.0091063965333715
71 3.0091063965333715
72 3.0376778251048
73 3.083297017696374
74 3.083297017696374
75 3.083297017696374
76 3.1118684462678026
77 3.140439874839231
78 3.140439874839231
79 3.140439874839231
80 3.1690113034106595
81 3.1690113034106595
82 3.1690113034106595
83 3.221049935713636
84 3.221049935713636
85 3.221049935713636
86 3.2718318162686213
87 3.2718318162686213
88 3.3114281046661485
89 3.3114281046661485
90 3.339999533237577
91 3.339999533237577
92 3.339999533237577
93 3.4106641928149166
94 3.4106641928149166
95 3.492545679581226
96 3.492545679581226
97 3.533656171686254
98 3.533656171686254
99 3.533656171686254
