0 1.2
1 1.2145421205420048
2 1.245066393705815
3 1.2890468543141587
4 1.3885010700819151
5 1.472852698278581
6 1.672852698278581
7 1.832823912774065
8 1.9328237968030302
9 2.1328237968030304
10 2.220371155331335
11 2.420371155331335
12 2.420371155331335
13 2.420371155331335
14 2.614627840243872
15 2.6450984324125235
16 2.6914303375639808
17 2.6914303375639808
18 2.812905646768991
19 2.9324737209629284
20 2.971377360235395
21 3.0217218609277205
22 3.050293289499149
23 3.050293289499149
24 3.050293289499149
25 3.050293289499149
26 3.1024576150328396
27 3.1570396888768237
28 3.1570396888768237
29 3.1570396888768237
30 3.1570396888768237
31 3.1570396888768237
32 3.1570396888768237
33 3.1570396888768237
34 3.1570396888768237
35 3.1570396888768237
36 3.176281059258664
37 3.176281059258664
38 3.176281059258664
39 3.176281059258664
40 3.176281059258664
41 3.206431129725288
42 3.206431129725288
43 3.247829746257649
44 3.247829746257649
45 3.291455645143725
46 3.291455645143725
47 3.3234471754174235
48 3.370528397637611
49 3.3990998262090395
50 3.440184524128769
51 3.440184524128769
52 3.440184524128769
53 3.440184524128769
54 3.440184524128769
55 3.440184524128769
56 3.440184524128769
57 3.4687559527001977
58 3.4687559527001977
59 3.4687559527001977
60 3.4687559527001977
61 3.4687559527001977
62 3.4687559527001977
63 3.4687559527001977
64 3.4687559527001977
65 3.4687559527001977
66 3.4687559527001977
67 3.524721265872177
68 3.524721265872177
69 3.588244225088251
70 3.588244225088251
71 3.588244225088251
72 3.588244225088251
73 3.6338634176798252
74 3.6855810510292972
75 3.6855810510292972
76 3.6855810510292972
77 3.6855810510292972
78 3.6855810510292972
79 3.6855810510292972
80 3.6855810510292972
81 3.6855810510292972
82 3.6855810510292972
83 3.6855810510292972
84 3.7141524796007257
85 3.7141524796007257
86 3.7141524796007257
87 3.7141524796007257
88 3.7141524796007257
89 3.7141524796007257
90 3.7141524796007257
91 3.7141524796007257
92 3.7141524796007257
93 3.7141524796007257
94 3.7141524796007257
95 3.7141524796007257
96 3.7141524796007257
97 3.7141524796007257
98 3.7141524796007257
99 3.7141524796007257
