0 1.0470242945651802
1 1.0501546377817872
2 1.1406042855032068
3 1.149432360469837
4 1.2488865762375936
5 1.255368499746741
6 1.255368499746741
7 1.3271143702988915
8 1.4271142543278565
9 1.5032499437975344
10 1.5032499437975344
11 1.5032499437975344
12 1.5032499437975344
13 1.5032499437975344
14 1.5032499437975344
15 1.5032499437975344
16 1.5495818489489916
17 1.5495818489489916
18 1.5495818489489916
19 1.5495818489489916
20 1.5495818489489916
21 1.5495818489489916
22 1.5495818489489916
23 1.5495818489489916
24 1.5495818489489916
25 1.5495818489489916
26 1.601746174482682
27 1.601746174482682
28 1.601746174482682
29 1.601746174482682
30 1.601746174482682
31 1.601746174482682
32 1.601746174482682
33 1.601746174482682
34 1.679799936831692
35 1.679799936831692
36 1.7283754184723468
37 1.7283754184723468
38 1.7283754184723468
39 1.7569468470437752
40 1.7855182756152037
41 1.7855182756152037
42 1.7855182756152037
43 1.8269168921475643
44 1.8269168921475643
45 1.8269168921475643
46 1.8269168921475643
47 1.8269168921475643
48 1.8269168921475643
49 1.8269168921475643
50 1.8269168921475643
51 1.8554883207189927
52 1.8840597492904212
53 1.8840597492904212
54 1.9313555744803916
55 1.9754887090657551
56 1.9754887090657551
57 1.9754887090657551
58 1.9754887090657551
59 1.9754887090657551
60 1.9754887090657551
61 2.022395977207937
62 2.022395977207937
63 2.022395977207937
64 2.022395977207937
65 2.022395977207937
66 2.022395977207937
67 2.022395977207937
68 2.022395977207937
69 2.085918936424011
70 2.085918936424011
71 2.1144903649954396
72 2.143061793566868
73 2.143061793566868
74 2.143061793566868
75 2.143061793566868
76 2.143061793566868
77 2.143061793566868
78 2.143061793566868
79 2.143061793566868
80 2.143061793566868
81 2.143061793566868
82 2.143061793566868
83 2.143061793566868
84 2.143061793566868
85 2.143061793566868
86 2.143061793566868
87 2.143061793566868
88 2.143061793566868
89 2.143061793566868
90 2.1716332221382966
91 2.1716332221382966
92 2.1716332221382966
93 2.2422978817156363
94 2.2422978817156363
95 2.2422978817156363
96 2.2422978817156363
97 2.2422978817156363
98 2.2422978817156363
99 2.2422978817156363
