0 1.0
1 1.0
2 1.0229629887449223
3 1.044479351192956
4 1.0682769982097615
5 1.088286350520645
6 1.088286350520645
7 1.088286350520645
8 1.088286350520645
9 1.1135912464067028
10 1.1135912464067028
11 1.1135912464067028
12 1.134594624189805
13 1.1552525002064682
14 1.176441867340834
15 1.1900573898378772
16 1.2088600639682987
17 1.2088600639682987
18 1.2088600639682987
19 1.2088600639682987
20 1.2254796288059102
21 1.2452927232257247
22 1.2618556109242938
23 1.2867230594557189
24 1.3087745817002914
25 1.3260560259248046
26 1.3381511342142645
27 1.3635696534206128
28 1.3740189302022519
29 1.3978773899601526
30 1.4094883519438723
31 1.4094883519438723
32 1.434534640779464
33 1.434534640779464
34 1.434534640779464
35 1.447136984409927
36 1.4748991185126443
37 1.4748991185126443
38 1.4894005605356724
39 1.5038607525142458
40 1.5038607525142458
41 1.5038607525142458
42 1.5038607525142458
43 1.5234532637498441
44 1.5234532637498441
45 1.5382944207222153
46 1.5554091219688317
47 1.5554091219688317
48 1.5623314074485024
49 1.5818735770121828
