0 1.0
1 1.022444589105841
2 1.0211723929712508
3 1.0528761488463434
4 1.0510973882833994
5 1.0533043968144813
6 1.054946239384884
7 1.0526450622686598
8 1.0604391929757226
9 1.0648428772629175
10 1.0620274383204447
11 1.0899264619288502
12 1.0899264619288502
13 1.0899264619288502
14 1.0899264619288502
15 1.130279206442842
16 1.1237068967837411
17 1.145730857695586
18 1.1360740230440323
19 1.1360740230440323
20 1.1786747287675559
21 1.1786747287675559
22 1.2289333541687344
23 1.217549982235069
24 1.217549982235069
25 1.217549982235069
26 1.2794491510878057
27 1.2638417454208277
28 1.285087315214802
29 1.2725027181748647
30 1.2938501212818447
31 1.2912998380206178
32 1.3210689333965595
33 1.324599656395094
34 1.324599656395094
35 1.3737742255966643
36 1.3598354683382599
37 1.3598354683382599
38 1.4075714967123023
39 1.4075714967123023
40 1.451506315102458
41 1.451506315102458
42 1.503285674237121
43 1.503285674237121
44 1.503285674237121
45 1.5589808721037723
46 1.5589808721037723
47 1.5589808721037723
48 1.6186958942378062
49 1.5979814606989549
