0 2.263021945953369
1 2.2579128742218018
2 2.2579128742218018
3 2.219501495361328
4 2.203723430633545
5 2.203723430633545
6 2.1499898433685303
7 2.0953543186187744
8 2.022832155227661
9 2.022832155227661
10 1.9861764907836914
11 1.8689146041870117
12 1.7121121883392334
13 1.7121121883392334
14 1.5484721660614014
15 1.4556174278259277
16 1.4556174278259277
17 1.2860759496688843
18 1.0747532844543457
19 0.9470352530479431
20 0.9470352530479431
21 0.5657448768615723
22 0.5657448768615723
23 0.5062655806541443
24 0.5278916954994202
25 0.5278916954994202
26 0.5878143906593323
27 0.45104846358299255
28 0.34767892956733704
29 0.34767892956733704
30 0.34767892956733704
31 0.34767892956733704
32 0.3473232686519623
33 0.3473232686519623
34 0.3168116509914398
35 0.3372485041618347
36 0.3372485041618347
37 0.3778829276561737
38 0.3786374628543854
39 0.34407302737236023
40 0.21717432141304016
41 0.2087189257144928
42 0.2087189257144928
43 0.2087189257144928
44 0.34058114886283875
45 0.34058114886283875
46 0.45130258798599243
47 0.45130258798599243
48 0.45130258798599243
49 0.274339497089386
50 0.274339497089386
51 0.4104488492012024
52 0.4104488492012024
53 0.21388325095176697
54 0.2675590217113495
55 0.3190898597240448
56 0.3190898597240448
57 0.25643259286880493
58 0.1538914144039154
59 0.20271827280521393
60 0.4536047875881195
61 0.4536047875881195
62 0.4536047875881195
63 0.4536047875881195
64 0.22457538545131683
65 0.19909659028053284
66 0.19909659028053284
67 0.19503790140151978
68 0.19226087629795074
69 0.19226087629795074
70 0.14752967655658722
71 0.24658149480819702
72 0.15000443160533905
73 0.15000443160533905
74 0.26858294010162354
75 0.06656306982040405
76 0.1587105542421341
77 0.2715204358100891
78 0.24745766818523407
79 0.24745766818523407
80 0.16033948957920074
81 0.26031020283699036
82 0.22873075306415558
83 0.18694816529750824
84 0.18694816529750824
85 0.18522778153419495
86 0.18522778153419495
87 0.13861602544784546
88 0.13821814954280853
89 0.13821814954280853
90 0.19716450572013855
91 0.26817262172698975
92 0.26817262172698975
93 0.14262831211090088
94 0.11924215406179428
95 0.11924215406179428
96 0.11924215406179428
97 0.0901782214641571
98 0.0901782214641571
99 0.22930702567100525
100 0.2095016986131668
101 0.11820918321609497
102 0.11820918321609497
103 0.11986985802650452
104 0.14648696780204773
105 0.14648696780204773
106 0.14648696780204773
107 0.08677884191274643
108 0.21611158549785614
109 0.21611158549785614
110 0.11421584337949753
111 0.12945005297660828
112 0.12945005297660828
113 0.18415334820747375
114 0.1562381386756897
115 0.1562381386756897
116 0.14694945514202118
117 0.14694945514202118
118 0.11032705008983612
119 0.13856220245361328
120 0.14055342972278595
121 0.1295626312494278
122 0.10220274329185486
123 0.09369297325611115
124 0.13678647577762604
125 0.13678647577762604
126 0.10988406836986542
127 0.10988406836986542
128 0.0844370573759079
129 0.17178429663181305
130 0.18424449861049652
131 0.09781656414270401
132 0.09781656414270401
133 0.09010426700115204
134 0.18898166716098785
135 0.13386490941047668
136 0.1531274914741516
137 0.1531274914741516
138 0.07401641458272934
139 0.07401641458272934
140 0.07401641458272934
141 0.14604045450687408
142 0.0683058500289917
143 0.06409994512796402
144 0.06409994512796402
145 0.08885189145803452
146 0.07184984534978867
147 0.07184984534978867
148 0.058504246175289154
149 0.10585964471101761
150 0.12490169703960419
151 0.12490169703960419
152 0.05188790708780289
153 0.05188790708780289
154 0.05188790708780289
155 0.05188790708780289
156 0.1639612466096878
157 0.1995110660791397
158 0.1995110660791397
159 0.0556613951921463
160 0.07698983699083328
161 0.07698983699083328
162 0.07445045560598373
163 0.07369258999824524
164 0.07369258999824524
165 0.08918517827987671
166 0.07823158800601959
167 0.11646255850791931
168 0.08281949907541275
169 0.3340618312358856
170 0.3340618312358856
171 0.3340618312358856
172 0.07940270006656647
173 0.09121284633874893
174 0.0547233484685421
175 0.08280743658542633
176 0.058018364012241364
177 0.0816233828663826
178 0.04369950294494629
179 0.04369950294494629
180 0.11431422829627991
181 0.1305975317955017
182 0.05892329290509224
183 0.08500495553016663
184 0.08500495553016663
185 0.08500495553016663
186 0.12335095554590225
187 0.07073991745710373
188 0.08735908567905426
189 0.11140165477991104
190 0.11140165477991104
191 0.05828108265995979
192 0.03285578265786171
193 0.059612564742565155
194 0.08450061827898026
195 0.10507425665855408
196 0.10507425665855408
197 0.1540229320526123
198 0.22066015005111694
199 0.07348470389842987
200 0.07348470389842987
201 0.07229049503803253
202 0.07229049503803253
203 0.14951197803020477
204 0.08131136000156403
205 0.10304896533489227
206 0.10304896533489227
207 0.10304896533489227
208 0.05845317617058754
209 0.06363599002361298
210 0.08551851660013199
211 0.126417338848114
212 0.09697821736335754
213 0.041599128395318985
214 0.0766327828168869
215 0.08192003518342972
216 0.027552176266908646
217 0.10196777433156967
218 0.10660818219184875
219 0.044680431485176086
220 0.1833009421825409
221 0.04674500972032547
222 0.04674500972032547
223 0.07029489427804947
224 0.05939211696386337
225 0.05939211696386337
226 0.06971157342195511
227 0.054066240787506104
228 0.054066240787506104
229 0.07277324050664902
230 0.042035263031721115
231 0.042035263031721115
232 0.042035263031721115
233 0.07285129278898239
234 0.14976239204406738
235 0.059864334762096405
236 0.059864334762096405
237 0.09528011083602905
238 0.020005229860544205
239 0.020005229860544205
240 0.020005229860544205
241 0.05295386165380478
242 0.07125520706176758
243 0.05318600311875343
244 0.05318600311875343
245 0.10765837877988815
246 0.06870753318071365
247 0.06870753318071365
248 0.11978663504123688
249 0.04400062561035156
250 0.02120291441679001
251 0.02120291441679001
252 0.0886111855506897
253 0.0668792873620987
254 0.06482652574777603
255 0.06482652574777603
256 0.03525392338633537
257 0.14765381813049316
258 0.14765381813049316
259 0.07533320039510727
260 0.07533320039510727
261 0.07533320039510727
262 0.12349371612071991
263 0.06653699278831482
264 0.06653699278831482
265 0.043758273124694824
266 0.043758273124694824
267 0.02117256261408329
268 0.02117256261408329
269 0.07556944340467453
270 0.1060023233294487
271 0.1060023233294487
272 0.14758770167827606
273 0.14758770167827606
274 0.14758770167827606
275 0.031131338328123093
276 0.031131338328123093
277 0.031131338328123093
278 0.03238515928387642
279 0.10820230841636658
280 0.05515017732977867
281 0.09282799810171127
282 0.09282799810171127
283 0.04375072568655014
284 0.10714636743068695
285 0.10714636743068695
286 0.0883995071053505
287 0.10289949178695679
288 0.07143303751945496
289 0.09878242760896683
290 0.09878242760896683
291 0.09878242760896683
292 0.10654762387275696
293 0.02173357643187046
294 0.02173357643187046
295 0.09127841144800186
296 0.036165930330753326
297 0.036165930330753326
298 0.036165930330753326
299 0.036165930330753326
300 0.058779869228601456
301 0.058779869228601456
302 0.06283587962388992
303 0.019044408574700356
304 0.019044408574700356
305 0.019044408574700356
306 0.05255086347460747
307 0.07177109271287918
308 0.03669320046901703
309 0.03669320046901703
310 0.032001420855522156
311 0.01190340705215931
312 0.05390328913927078
313 0.05390328913927078
314 0.05512804165482521
315 0.06892146170139313
316 0.061180274933576584
317 0.051994744688272476
318 0.05280616879463196
319 0.05280616879463196
320 0.05280616879463196
321 0.08351080119609833
322 0.1566431075334549
323 0.03259314224123955
324 0.02435288578271866
325 0.11464279145002365
326 0.11464279145002365
327 0.11464279145002365
328 0.11464279145002365
329 0.053061652928590775
330 0.020161807537078857
331 0.020161807537078857
332 0.020161807537078857
333 0.07781684398651123
334 0.07781684398651123
335 0.07046086341142654
336 0.08731988072395325
337 0.020513003692030907
338 0.04994210600852966
339 0.04994210600852966
340 0.03172805905342102
341 0.05464458093047142
342 0.05464458093047142
343 0.10134720802307129
344 0.10413887351751328
345 0.026872342452406883
346 0.10009283572435379
347 0.10009283572435379
348 0.10009283572435379
349 0.10009283572435379
350 0.03973368555307388
351 0.03973368555307388
352 0.06700727343559265
353 0.10835640132427216
354 0.08636733144521713
355 0.0717151015996933
356 0.01954183354973793
357 0.01954183354973793
358 0.06645852327346802
359 0.025024915114045143
360 0.04414868727326393
361 0.12120993435382843
362 0.03179624676704407
363 0.0726146474480629
364 0.029082994908094406
365 0.029082994908094406
366 0.029082994908094406
367 0.03810747712850571
368 0.08196507394313812
369 0.03815345838665962
370 0.06547515094280243
371 0.1209113672375679
372 0.10213951766490936
373 0.031161531805992126
374 0.031161531805992126
375 0.031007658690214157
376 0.09158653765916824
377 0.09158653765916824
378 0.09158653765916824
379 0.10547754168510437
380 0.038049858063459396
381 0.038049858063459396
382 0.055190179497003555
383 0.010998360812664032
384 0.08042443543672562
385 0.08042443543672562
386 0.11809464544057846
387 0.12369893491268158
388 0.03771716356277466
389 0.07401081174612045
390 0.04646499454975128
391 0.03738732263445854
392 0.03738732263445854
393 0.027633193880319595
394 0.04784981161355972
395 0.10833574831485748
396 0.06865300238132477
397 0.06865300238132477
398 0.06865300238132477
399 0.06865300238132477
400 0.03420053422451019
401 0.03420053422451019
402 0.06442821025848389
403 0.06442821025848389
404 0.06442821025848389
405 0.0392821840941906
406 0.0392821840941906
407 0.05505311116576195
408 0.03385068103671074
409 0.08033514767885208
410 0.09853005409240723
411 0.02668348141014576
412 0.02668348141014576
413 0.0592179149389267
414 0.029877208173274994
415 0.04948156699538231
416 0.04948156699538231
417 0.025039833039045334
418 0.08016303181648254
419 0.08857785165309906
420 0.08857785165309906
421 0.06636688113212585
422 0.07188832759857178
423 0.0787063017487526
424 0.07993670552968979
425 0.09850466996431351
426 0.01475534774363041
427 0.052008479833602905
428 0.052008479833602905
429 0.04339231178164482
430 0.049944955855607986
431 0.02279115468263626
432 0.16023099422454834
433 0.07604561746120453
434 0.042097754776477814
435 0.044927436858415604
436 0.044927436858415604
437 0.044927436858415604
438 0.049318715929985046
439 0.039197441190481186
440 0.04457273706793785
441 0.011149941012263298
442 0.05706118419766426
443 0.05706118419766426
444 0.11420582979917526
445 0.07870344817638397
446 0.07870344817638397
447 0.07320783287286758
448 0.07320783287286758
449 0.06556116789579391
450 0.06556116789579391
451 0.07375997304916382
452 0.06509296596050262
453 0.00957453716546297
454 0.038033947348594666
455 0.016075510531663895
456 0.05386009439826012
457 0.05386009439826012
458 0.02645091339945793
459 0.06815454363822937
460 0.03203563019633293
461 0.11711174249649048
462 0.05442545935511589
463 0.022479262202978134
464 0.06858433037996292
465 0.06858433037996292
466 0.06858433037996292
467 0.05881932005286217
468 0.012896505184471607
469 0.012896505184471607
470 0.08582557737827301
471 0.027819225564599037
472 0.027819225564599037
473 0.05664338544011116
474 0.11416242271661758
475 0.06680770963430405
476 0.11878862977027893
477 0.03894027695059776
478 0.04629499465227127
479 0.029341671615839005
480 0.029921600595116615
481 0.028075823560357094
482 0.0448186881840229
483 0.07314492017030716
484 0.07314492017030716
485 0.07314492017030716
486 0.07314492017030716
487 0.041724879294633865
488 0.0899658054113388
489 0.0899658054113388
490 0.02598206140100956
491 0.009305819869041443
492 0.009305819869041443
493 0.009305819869041443
494 0.02502448298037052
495 0.02502448298037052
496 0.02614464983344078
497 0.016477975994348526
498 0.01918669417500496
499 0.01918669417500496
