0 0.0
1 2.3386952877044678
2 2.312267303466797
3 2.2768664360046387
4 2.2768664360046387
5 2.1597580909729004
6 2.208516836166382
7 2.093496561050415
8 2.158205270767212
9 2.158205270767212
10 2.133859872817993
11 2.133859872817993
12 2.1414473056793213
13 2.1414473056793213
14 1.8295466899871826
15 1.7446470260620117
16 1.4749295711517334
17 1.4749295711517334
18 1.2572040557861328
19 1.3769983053207397
20 1.1327462196350098
21 1.519136667251587
22 1.1625467538833618
23 0.8080257773399353
24 0.9725756049156189
25 1.046431064605713
26 1.0781561136245728
27 1.1059985160827637
28 1.1059985160827637
29 0.7523089051246643
30 0.6389230489730835
31 0.49318498373031616
32 0.49318498373031616
33 0.49318498373031616
34 0.25664564967155457
35 0.6437644362449646
36 0.8893041014671326
37 0.5740879774093628
38 0.33749401569366455
39 0.5192750096321106
40 0.5192750096321106
41 0.5192750096321106
42 0.5192750096321106
43 0.5080451369285583
44 0.5080451369285583
45 0.6031539440155029
46 0.44210630655288696
47 0.5995062589645386
48 0.31901484727859497
49 0.5021252632141113
50 0.38503333926200867
51 0.5293725728988647
52 0.44196975231170654
53 0.2640412449836731
54 0.2988382577896118
55 0.2988382577896118
56 0.31773069500923157
57 0.25004443526268005
58 0.3426108658313751
59 0.3426108658313751
60 0.4642799496650696
61 0.48848965764045715
62 0.38447293639183044
63 0.15393751859664917
64 0.15393751859664917
65 0.4050159752368927
66 0.29053011536598206
67 0.46127384901046753
68 0.3204645812511444
69 0.3204645812511444
70 0.3189523220062256
71 0.3189523220062256
72 0.3189523220062256
73 0.3189523220062256
74 0.4031834006309509
75 0.26472193002700806
76 0.26472193002700806
77 0.26472193002700806
78 0.36301344633102417
79 0.36301344633102417
80 0.24239279329776764
81 0.24239279329776764
82 0.45009657740592957
83 0.2183743417263031
84 0.3794402778148651
85 0.2996257245540619
86 0.36935165524482727
87 0.298871248960495
88 0.19054754078388214
89 0.27007022500038147
90 0.1866946667432785
91 0.2449692189693451
92 0.3144512474536896
93 0.3144512474536896
94 0.270342618227005
95 0.23913520574569702
96 0.12128864228725433
97 0.17875321209430695
98 0.17875321209430695
99 0.2761732041835785
100 0.24431489408016205
101 0.24431489408016205
102 0.24431489408016205
103 0.1591649055480957
104 0.27803775668144226
105 0.2260531634092331
106 0.30790483951568604
107 0.3170575201511383
108 0.15712103247642517
109 0.26780441403388977
110 0.26780441403388977
111 0.16533181071281433
112 0.13662560284137726
113 0.2193116396665573
114 0.2193116396665573
115 0.2193116396665573
116 0.2193116396665573
117 0.22643908858299255
118 0.22643908858299255
119 0.22643908858299255
120 0.2579248547554016
121 0.19595077633857727
122 0.25320103764533997
123 0.20589937269687653
124 0.1731853187084198
125 0.18014052510261536
126 0.23912596702575684
127 0.16556070744991302
128 0.22782684862613678
129 0.1519632488489151
130 0.1519632488489151
131 0.1519632488489151
132 0.2190060317516327
133 0.29149892926216125
134 0.29149892926216125
135 0.29149892926216125
136 0.2662084698677063
137 0.196095809340477
138 0.2726210057735443
139 0.08094237744808197
140 0.17586766183376312
141 0.16021601855754852
142 0.16983993351459503
143 0.07469121366739273
144 0.17261449992656708
145 0.07665103673934937
146 0.17074713110923767
147 0.1397867351770401
148 0.1397867351770401
149 0.24945640563964844
150 0.20016221702098846
151 0.20016221702098846
152 0.20016221702098846
153 0.20016221702098846
154 0.1828020066022873
155 0.19256186485290527
156 0.19256186485290527
157 0.19256186485290527
158 0.16619348526000977
159 0.16619348526000977
160 0.16619348526000977
161 0.15668144822120667
162 0.13544845581054688
163 0.13544845581054688
164 0.13544845581054688
165 0.13544845581054688
166 0.11992917209863663
167 0.23395930230617523
168 0.23395930230617523
169 0.20892927050590515
170 0.15562623739242554
171 0.11410875618457794
172 0.22317108511924744
173 0.1809343546628952
174 0.291263610124588
175 0.2196277678012848
176 0.2196277678012848
177 0.2196277678012848
178 0.2196277678012848
179 0.1542253941297531
180 0.08844292163848877
181 0.08844292163848877
182 0.08844292163848877
183 0.1436036378145218
184 0.15040242671966553
185 0.15040242671966553
186 0.1544877588748932
187 0.10098090022802353
188 0.10098090022802353
189 0.10098090022802353
190 0.10098090022802353
191 0.16146151721477509
192 0.16146151721477509
193 0.16746333241462708
194 0.13622640073299408
195 0.15634557604789734
196 0.10128320008516312
197 0.0765470564365387
198 0.10804614424705505
199 0.14730209112167358
200 0.1674758791923523
201 0.12806591391563416
202 0.12064318358898163
203 0.16343718767166138
204 0.10270161181688309
205 0.10270161181688309
206 0.1676517128944397
207 0.08926637470722198
208 0.08926637470722198
209 0.12103936821222305
210 0.0796162411570549
211 0.0796162411570549
212 0.0796162411570549
213 0.09818706661462784
214 0.19804604351520538
215 0.12054312229156494
216 0.12054312229156494
217 0.11821885406970978
218 0.14111119508743286
219 0.07578365504741669
220 0.11728109419345856
221 0.10631174594163895
222 0.13950082659721375
223 0.1384458988904953
224 0.08324072510004044
225 0.1946878731250763
226 0.17899593710899353
227 0.11875289678573608
228 0.14455094933509827
229 0.14455094933509827
230 0.10331226140260696
231 0.10331226140260696
232 0.11235027760267258
233 0.11235027760267258
234 0.0646270290017128
235 0.07199804484844208
236 0.07199804484844208
237 0.07512572407722473
238 0.07512572407722473
239 0.18002013862133026
240 0.2253149449825287
241 0.2253149449825287
242 0.2253149449825287
243 0.1690942943096161
244 0.15492570400238037
245 0.1306423544883728
246 0.06319724023342133
247 0.1487329602241516
248 0.13288642466068268
249 0.17125405371189117
250 0.133973628282547
251 0.1481378674507141
252 0.10536021739244461
253 0.10255630314350128
254 0.08993051201105118
255 0.08993051201105118
256 0.11821683496236801
257 0.11749088019132614
258 0.08896340429782867
259 0.08896340429782867
260 0.04002908244729042
261 0.04002908244729042
262 0.1118628978729248
263 0.09279103577136993
264 0.07345270365476608
265 0.06324251741170883
266 0.140863299369812
267 0.140863299369812
268 0.10002069175243378
269 0.10002069175243378
270 0.2833509147167206
271 0.085713692009449
272 0.085713692009449
273 0.11357838660478592
274 0.13627511262893677
275 0.13627511262893677
276 0.19054974615573883
277 0.07971065491437912
278 0.10720624774694443
279 0.10720624774694443
280 0.10720624774694443
281 0.10720624774694443
282 0.07357611507177353
283 0.11619243770837784
284 0.08059152960777283
285 0.08059152960777283
286 0.08059152960777283
287 0.08059152960777283
288 0.13379110395908356
289 0.0664447471499443
290 0.0664447471499443
291 0.1115860641002655
292 0.18943051993846893
293 0.18943051993846893
294 0.18943051993846893
295 0.06515137851238251
296 0.06515137851238251
297 0.08410800993442535
298 0.11531045287847519
299 0.13813935220241547
300 0.13813935220241547
301 0.027656394988298416
302 0.027656394988298416
303 0.027656394988298416
304 0.05618247017264366
305 0.11426084488630295
306 0.11426084488630295
307 0.11426084488630295
308 0.09921762347221375
309 0.11375682055950165
310 0.09797314554452896
311 0.09307867288589478
312 0.14423957467079163
313 0.14423957467079163
314 0.14423957467079163
315 0.14423957467079163
316 0.14423957467079163
317 0.0780133306980133
318 0.0780133306980133
319 0.07470396906137466
320 0.07470396906137466
321 0.07470396906137466
322 0.07470396906137466
323 0.0905962660908699
324 0.10868992656469345
325 0.07247702777385712
326 0.11911774426698685
327 0.13473165035247803
328 0.1273760348558426
329 0.1273760348558426
330 0.04719333350658417
331 0.04719333350658417
332 0.04719333350658417
333 0.17637763917446136
334 0.17637763917446136
335 0.17637763917446136
336 0.05916503444314003
337 0.05916503444314003
338 0.05916503444314003
339 0.06362524628639221
340 0.06362524628639221
341 0.09990022331476212
342 0.07293219119310379
343 0.181274875998497
344 0.181274875998497
345 0.181274875998497
346 0.08854755014181137
347 0.11015959084033966
348 0.11015959084033966
349 0.06912548094987869
350 0.06912548094987869
351 0.06776921451091766
352 0.06776921451091766
353 0.06776921451091766
354 0.06776921451091766
355 0.07768112421035767
356 0.06528979539871216
357 0.06528979539871216
358 0.06528979539871216
359 0.1170526072382927
360 0.1268579214811325
361 0.1226256862282753
362 0.1226256862282753
363 0.06303490698337555
364 0.06288688629865646
365 0.12426640093326569
366 0.05414213240146637
367 0.20268498361110687
368 0.059325285255908966
369 0.04814068600535393
370 0.060995131731033325
371 0.07533800601959229
372 0.08913959562778473
373 0.03979179263114929
374 0.03979179263114929
375 0.10352671891450882
376 0.10352671891450882
377 0.08185746520757675
378 0.038910456001758575
379 0.038910456001758575
380 0.04937592148780823
381 0.04937592148780823
382 0.04937592148780823
383 0.05904219299554825
384 0.05904219299554825
385 0.1135486364364624
386 0.1135486364364624
387 0.09807353466749191
388 0.1251060664653778
389 0.1288527250289917
390 0.1288527250289917
391 0.1288527250289917
392 0.07572914659976959
393 0.10054198652505875
394 0.07905440032482147
395 0.07905440032482147
396 0.07905440032482147
397 0.07905440032482147
398 0.04933296889066696
399 0.038076069205999374
400 0.13704898953437805
401 0.07310274988412857
402 0.07310274988412857
403 0.07310274988412857
404 0.07310274988412857
405 0.07310274988412857
406 0.050655096769332886
407 0.050655096769332886
408 0.050655096769332886
409 0.050655096769332886
410 0.03546462953090668
411 0.12238848954439163
412 0.12238848954439163
413 0.12847185134887695
414 0.08591057360172272
415 0.12532679736614227
416 0.10228001326322556
417 0.06222077086567879
418 0.061701610684394836
419 0.12286452203989029
420 0.029892032966017723
421 0.029892032966017723
422 0.01984514482319355
423 0.01984514482319355
424 0.10550045967102051
425 0.047967031598091125
426 0.09706486016511917
427 0.13369828462600708
428 0.10694146901369095
429 0.10694146901369095
430 0.10694146901369095
431 0.07175161689519882
432 0.04320555925369263
433 0.0764717310667038
434 0.0457756444811821
435 0.04506387189030647
436 0.04506387189030647
437 0.04506387189030647
438 0.04506387189030647
439 0.047363363206386566
440 0.0264155063778162
441 0.04956939443945885
442 0.09703908115625381
443 0.16916833817958832
444 0.05214075371623039
445 0.038091324269771576
446 0.06884317845106125
447 0.15095658600330353
448 0.045751675963401794
449 0.16425076127052307
450 0.16425076127052307
451 0.16425076127052307
452 0.16425076127052307
453 0.05985928326845169
454 0.041763123124837875
455 0.04893948510289192
456 0.04893948510289192
457 0.04028044268488884
458 0.04028044268488884
459 0.07214852422475815
460 0.07214852422475815
461 0.07214852422475815
462 0.06988652795553207
463 0.06988652795553207
464 0.06639162451028824
465 0.06218169629573822
466 0.062285833060741425
467 0.0998573750257492
468 0.0998573750257492
469 0.028972283005714417
470 0.09071408212184906
471 0.028757963329553604
472 0.03212006017565727
473 0.04820645600557327
474 0.044004522264003754
475 0.044004522264003754
476 0.08646871894598007
477 0.08646871894598007
478 0.06227303668856621
479 0.10288795828819275
480 0.0943402647972107
481 0.054471369832754135
482 0.054471369832754135
483 0.04847811535000801
484 0.05912753939628601
485 0.08466760814189911
486 0.08466760814189911
487 0.04033465310931206
488 0.05309215188026428
489 0.08562471717596054
490 0.09775862842798233
491 0.09775862842798233
492 0.1268063634634018
493 0.055147815495729446
494 0.11923131346702576
495 0.09064453840255737
496 0.055675141513347626
497 0.06141838803887367
498 0.046746544539928436
499 0.06815097481012344
