0 2.274358034133911
1 2.274358034133911
2 2.274358034133911
3 2.274358034133911
4 2.274358034133911
5 2.271263360977173
6 2.271263360977173
7 2.212141990661621
8 2.1570935249328613
9 2.1570935249328613
10 2.1570935249328613
11 2.1570935249328613
12 2.1570935249328613
13 1.9072601795196533
14 1.8305413722991943
15 1.7224504947662354
16 1.5603141784667969
17 1.4453805685043335
18 1.313521146774292
19 1.0001027584075928
20 1.0001027584075928
21 0.9399263262748718
22 0.8525273203849792
23 0.66574627161026
24 0.66574627161026
25 0.66574627161026
26 0.66574627161026
27 0.66574627161026
28 0.6781898140907288
29 0.5162692666053772
30 0.43966349959373474
31 0.43966349959373474
32 0.43966349959373474
33 0.749666690826416
34 0.4281613230705261
35 0.30531832575798035
36 0.5419183969497681
37 0.7200959920883179
38 0.7200959920883179
39 0.7200959920883179
40 0.3527988791465759
41 0.3757314383983612
42 0.35700535774230957
43 0.35700535774230957
44 0.3989301919937134
45 0.5200058221817017
46 0.2551945447921753
47 0.32830706238746643
48 0.31952929496765137
49 0.31952929496765137
50 0.31952929496765137
51 0.34495919942855835
52 0.42405590415000916
53 0.333739310503006
54 0.2173389196395874
55 0.39388176798820496
56 0.3324819803237915
57 0.3324819803237915
58 0.3324819803237915
59 0.34339597821235657
60 0.34339597821235657
61 0.3997555375099182
62 0.2621682286262512
63 0.2621682286262512
64 0.25614479184150696
65 0.13316713273525238
66 0.18268334865570068
67 0.2125118225812912
68 0.18978650867938995
69 0.2220562994480133
70 0.21021422743797302
71 0.21021422743797302
72 0.2639332413673401
73 0.21128790080547333
74 0.25717195868492126
75 0.2506609261035919
76 0.19990211725234985
77 0.19990211725234985
78 0.19990211725234985
79 0.2930595278739929
80 0.13368044793605804
81 0.12284515053033829
82 0.11571852117776871
83 0.28178074955940247
84 0.16824837028980255
85 0.16824837028980255
86 0.14318132400512695
87 0.23349475860595703
88 0.23349475860595703
89 0.23349475860595703
90 0.1942874789237976
91 0.1585826724767685
92 0.2387050837278366
93 0.221061110496521
94 0.221061110496521
95 0.221061110496521
96 0.221061110496521
97 0.08463076502084732
98 0.08463076502084732
99 0.3014814555644989
100 0.19611063599586487
101 0.11686860024929047
102 0.18324169516563416
103 0.1617710292339325
104 0.17310701310634613
105 0.17310701310634613
106 0.17310701310634613
107 0.17310701310634613
108 0.21411137282848358
109 0.2592678368091583
110 0.2592678368091583
111 0.2592678368091583
112 0.1539640724658966
113 0.09926506131887436
114 0.11376914381980896
115 0.1019110381603241
116 0.20998750627040863
117 0.19441065192222595
118 0.11560879647731781
119 0.16107472777366638
120 0.1567956507205963
121 0.1567956507205963
122 0.1567956507205963
123 0.14915013313293457
124 0.14915013313293457
125 0.15975692868232727
126 0.15975692868232727
127 0.15975692868232727
128 0.11253347247838974
129 0.11253347247838974
130 0.08169881999492645
131 0.08169881999492645
132 0.10986454039812088
133 0.10986454039812088
134 0.09784407168626785
135 0.09481915086507797
136 0.28554970026016235
137 0.1256474107503891
138 0.18938830494880676
139 0.09547516703605652
140 0.10688446462154388
141 0.05268021672964096
142 0.05268021672964096
143 0.16246992349624634
144 0.16246992349624634
145 0.10622414946556091
146 0.10622414946556091
147 0.08136474341154099
148 0.15764988958835602
149 0.13967610895633698
150 0.17327438294887543
151 0.08391726762056351
152 0.08391726762056351
153 0.10759858787059784
154 0.18535855412483215
155 0.06262379139661789
156 0.10912221670150757
157 0.15876060724258423
158 0.1354581117630005
159 0.11694550514221191
160 0.12260092794895172
161 0.052581075578927994
162 0.06655044853687286
163 0.05923307687044144
164 0.08844370394945145
165 0.08844370394945145
166 0.1220608502626419
167 0.1220608502626419
168 0.09516364336013794
169 0.10219733417034149
170 0.10219733417034149
171 0.0723649114370346
172 0.06296949833631516
173 0.06666494905948639
174 0.11074218153953552
175 0.18043218553066254
176 0.13040900230407715
177 0.13040900230407715
178 0.13040900230407715
179 0.07529968023300171
180 0.05748630315065384
181 0.059146273881196976
182 0.211928591132164
183 0.05882306396961212
184 0.05882306396961212
185 0.07777900248765945
186 0.0941624864935875
187 0.05908375605940819
188 0.12191570550203323
189 0.12191570550203323
190 0.12191570550203323
191 0.1180250346660614
192 0.1180250346660614
193 0.19022507965564728
194 0.19022507965564728
195 0.19022507965564728
196 0.11372564733028412
197 0.093665212392807
198 0.11275052279233932
199 0.07579247653484344
200 0.07579247653484344
201 0.052025534212589264
202 0.049172293394804
203 0.049172293394804
204 0.13662336766719818
205 0.10286293923854828
206 0.10286293923854828
207 0.10286293923854828
208 0.06771082431077957
209 0.06771082431077957
210 0.06550715118646622
211 0.06550715118646622
212 0.08471643924713135
213 0.12485192716121674
214 0.05236287787556648
215 0.05236287787556648
216 0.08709686994552612
217 0.07382857799530029
218 0.07382857799530029
219 0.0558161661028862
220 0.07374871522188187
221 0.1239251047372818
222 0.054117072373628616
223 0.08378155529499054
224 0.08378155529499054
225 0.07087859511375427
226 0.05510958656668663
227 0.11400440335273743
228 0.07884375005960464
229 0.14323486387729645
230 0.14323486387729645
231 0.14323486387729645
232 0.11817201972007751
233 0.0473710261285305
234 0.05501250922679901
235 0.05501250922679901
236 0.03060593456029892
237 0.04183824732899666
238 0.04616190865635872
239 0.03512125834822655
240 0.09222016483545303
241 0.09222016483545303
242 0.06964622437953949
243 0.06964622437953949
244 0.06964622437953949
245 0.05354716256260872
246 0.05354716256260872
247 0.06340042501688004
248 0.06340042501688004
249 0.06340042501688004
250 0.0694868192076683
251 0.09465756267309189
252 0.049607954919338226
253 0.0563008151948452
254 0.06371656805276871
255 0.06371656805276871
256 0.09157930314540863
257 0.09157930314540863
258 0.08082996308803558
259 0.05870015174150467
260 0.08851761370897293
261 0.06820952892303467
262 0.04624534398317337
263 0.04624534398317337
264 0.11572328954935074
265 0.04595130309462547
266 0.04595130309462547
267 0.04595130309462547
268 0.04595130309462547
269 0.0900738388299942
270 0.10318005084991455
271 0.10318005084991455
272 0.10318005084991455
273 0.04012791067361832
274 0.04012791067361832
275 0.021221529692411423
276 0.14690673351287842
277 0.06288698315620422
278 0.09986277669668198
279 0.07231631875038147
280 0.044304877519607544
281 0.06821411848068237
282 0.037302348762750626
283 0.037302348762750626
284 0.09055539965629578
285 0.04338280111551285
286 0.06125548109412193
287 0.06125548109412193
288 0.15271063148975372
289 0.15271063148975372
290 0.15271063148975372
291 0.08883556723594666
292 0.08883556723594666
293 0.08883556723594666
294 0.08433514833450317
295 0.08433514833450317
296 0.05026707798242569
297 0.022717926651239395
298 0.05194162577390671
299 0.05194162577390671
300 0.05194162577390671
301 0.05065232515335083
302 0.05065232515335083
303 0.10046537220478058
304 0.03168811649084091
305 0.05112640932202339
306 0.10477276146411896
307 0.03685636445879936
308 0.12236621230840683
309 0.04532627388834953
310 0.04532627388834953
311 0.04532627388834953
312 0.034131165593862534
313 0.05425634607672691
314 0.0813915953040123
315 0.11628015339374542
316 0.10569204390048981
317 0.09243324398994446
318 0.04143648222088814
319 0.0988369733095169
320 0.0988369733095169
321 0.0988369733095169
322 0.020193595439195633
323 0.020193595439195633
324 0.020193595439195633
325 0.09223455935716629
326 0.052673473954200745
327 0.13706223666667938
328 0.051983028650283813
329 0.07183539122343063
330 0.05765277147293091
331 0.01755441538989544
332 0.06749416887760162
333 0.06749416887760162
334 0.03679608553647995
335 0.03679608553647995
336 0.03679608553647995
337 0.07180722802877426
338 0.07265468686819077
339 0.11906736344099045
340 0.029117178171873093
341 0.029117178171873093
342 0.04881107807159424
343 0.04881107807159424
344 0.040858495980501175
345 0.0718267410993576
346 0.07051818072795868
347 0.017646541818976402
348 0.03323467820882797
349 0.01863899454474449
350 0.01863899454474449
351 0.01863899454474449
352 0.021579934284090996
353 0.06304672360420227
354 0.06304672360420227
355 0.06304672360420227
356 0.06304672360420227
357 0.10678326338529587
358 0.10678326338529587
359 0.06193723529577255
360 0.06373555213212967
361 0.11524820327758789
362 0.03447800502181053
363 0.03447800502181053
364 0.02412375621497631
365 0.037838514894247055
366 0.05397983267903328
367 0.035539913922548294
368 0.09258174896240234
369 0.09258174896240234
370 0.05191650986671448
371 0.05191650986671448
372 0.05191650986671448
373 0.05191650986671448
374 0.15634110569953918
375 0.0453261099755764
376 0.08820901066064835
377 0.05413954704999924
378 0.05670832842588425
379 0.03271305933594704
380 0.03271305933594704
381 0.0624844953417778
382 0.04824585095047951
383 0.053675103932619095
384 0.053675103932619095
385 0.11858944594860077
386 0.11858944594860077
387 0.01307600922882557
388 0.013673581182956696
389 0.05517759546637535
390 0.02627367340028286
391 0.02460843324661255
392 0.01918751373887062
393 0.019710812717676163
394 0.019710812717676163
395 0.036970801651477814
396 0.042492225766181946
397 0.042492225766181946
398 0.01118524931371212
399 0.07506043463945389
400 0.032163914293050766
401 0.05292709916830063
402 0.06670604646205902
403 0.017957134172320366
404 0.05932924523949623
405 0.06816117465496063
406 0.07232091575860977
407 0.038307394832372665
408 0.038307394832372665
409 0.049494627863168716
410 0.049494627863168716
411 0.049494627863168716
412 0.03967742994427681
413 0.03967742994427681
414 0.060130007565021515
415 0.060130007565021515
416 0.09804438054561615
417 0.03169100731611252
418 0.029462842270731926
419 0.025981364771723747
420 0.021358869969844818
421 0.017003826797008514
422 0.062413591891527176
423 0.062413591891527176
424 0.007732203230261803
425 0.04099949076771736
426 0.04099949076771736
427 0.092196024954319
428 0.092196024954319
429 0.0569981224834919
430 0.03217245638370514
431 0.03217245638370514
432 0.03217245638370514
433 0.06839233636856079
434 0.030099213123321533
435 0.03030969575047493
436 0.06347408145666122
437 0.03307319059967995
438 0.03307319059967995
439 0.016325654461979866
440 0.017246976494789124
441 0.017246976494789124
442 0.017246976494789124
443 0.022914789617061615
444 0.025389324873685837
445 0.025389324873685837
446 0.025389324873685837
447 0.09330173581838608
448 0.11848791688680649
449 0.12185034155845642
450 0.03146646171808243
451 0.025776924565434456
452 0.057878848165273666
453 0.016881002113223076
454 0.011249448172748089
455 0.03806653246283531
456 0.023064024746418
457 0.023064024746418
458 0.020749064162373543
459 0.03711164370179176
460 0.03711164370179176
461 0.03575790300965309
462 0.026191486045718193
463 0.10020136833190918
464 0.10020136833190918
465 0.10020136833190918
466 0.03804277256131172
467 0.04142558202147484
468 0.03884293884038925
469 0.03884293884038925
470 0.08940152078866959
471 0.043077901005744934
472 0.010686260648071766
473 0.02471846714615822
474 0.02471846714615822
475 0.03495757281780243
476 0.07035738229751587
477 0.01521298661828041
478 0.01521298661828041
479 0.08167151361703873
480 0.06910925358533859
481 0.03536471724510193
482 0.041824907064437866
483 0.03704465553164482
484 0.013603768311440945
485 0.060995813459157944
486 0.013678597286343575
487 0.013678597286343575
488 0.013678597286343575
489 0.019792497158050537
490 0.019792497158050537
491 0.014939352869987488
492 0.014939352869987488
493 0.028008289635181427
494 0.0490296334028244
495 0.02395002916455269
496 0.0546446368098259
497 0.0546446368098259
498 0.0546446368098259
499 0.01893797516822815
