0 0.0
1 2.2970664501190186
2 2.257218599319458
3 2.2039124965667725
4 2.2039124965667725
5 2.2039124965667725
6 2.1355884075164795
7 2.1055033206939697
8 2.1103525161743164
9 1.9454898834228516
10 1.7860853672027588
11 1.6962087154388428
12 1.6962087154388428
13 1.4589804410934448
14 1.572583556175232
15 1.3241357803344727
16 1.100222110748291
17 0.9839507341384888
18 0.9839507341384888
19 0.6809879541397095
20 0.5934489965438843
21 0.5242720246315002
22 0.500694990158081
23 0.500694990158081
24 0.500694990158081
25 0.5106523036956787
26 0.1760605126619339
27 0.3032512068748474
28 0.21738962829113007
29 0.2135351002216339
30 0.32362937927246094
31 0.27976301312446594
32 0.16381025314331055
33 0.16381025314331055
34 0.2579163908958435
35 0.2579163908958435
36 0.3370906114578247
37 0.3370906114578247
38 0.3558102250099182
39 0.369295209646225
40 0.14662322402000427
41 0.14662322402000427
42 0.14863260090351105
43 0.14863260090351105
44 0.33286359906196594
45 0.35672348737716675
46 0.4097178280353546
47 0.4097178280353546
48 0.2038579136133194
49 0.23034702241420746
50 0.15978702902793884
51 0.15978702902793884
52 0.12029637396335602
53 0.16861815750598907
54 0.14029677212238312
55 0.35521525144577026
56 0.2051994651556015
57 0.2051994651556015
58 0.22084511816501617
59 0.22084511816501617
60 0.22084511816501617
61 0.18558521568775177
62 0.11723727732896805
63 0.1827854961156845
64 0.11029240489006042
65 0.11029240489006042
66 0.27198922634124756
67 0.27198922634124756
68 0.27198922634124756
69 0.18076124787330627
70 0.18076124787330627
71 0.12745971977710724
72 0.14544126391410828
73 0.06441568583250046
74 0.1639801561832428
75 0.0961732566356659
76 0.0961732566356659
77 0.1314842700958252
78 0.12564583122730255
79 0.12564583122730255
80 0.12564583122730255
81 0.18051494657993317
82 0.18051494657993317
83 0.06169803813099861
84 0.16012006998062134
85 0.14250631630420685
86 0.14250631630420685
87 0.14250631630420685
88 0.14250631630420685
89 0.14250631630420685
90 0.14250631630420685
91 0.17158550024032593
92 0.11675108224153519
93 0.11675108224153519
94 0.12248844653367996
95 0.14040657877922058
96 0.04848058521747589
97 0.173771470785141
98 0.05222722887992859
99 0.05222722887992859
100 0.10984530299901962
101 0.0850830003619194
102 0.10194338113069534
103 0.14208801090717316
104 0.142533078789711
105 0.1551428735256195
106 0.1551428735256195
107 0.06563396751880646
108 0.08155202865600586
109 0.12210481613874435
110 0.12210481613874435
111 0.12210481613874435
112 0.09120403975248337
113 0.12524546682834625
114 0.21258237957954407
115 0.14953605830669403
116 0.14953605830669403
117 0.14953605830669403
118 0.14953605830669403
119 0.07536480575799942
120 0.07536480575799942
121 0.0858725979924202
122 0.0858725979924202
123 0.09399115294218063
124 0.09399115294218063
125 0.09095142781734467
126 0.09095142781734467
127 0.0563727542757988
128 0.0563727542757988
129 0.09232282638549805
130 0.11633353680372238
131 0.11633353680372238
132 0.11633353680372238
133 0.13915830850601196
134 0.13915830850601196
135 0.03801390156149864
136 0.06998524814844131
137 0.017537344247102737
138 0.06624254584312439
139 0.07327104359865189
140 0.07327104359865189
141 0.025085188448429108
142 0.08919484168291092
143 0.1253720223903656
144 0.055798087269067764
145 0.055798087269067764
146 0.04177685081958771
147 0.05486534535884857
148 0.10019125044345856
149 0.11239791661500931
150 0.09411542862653732
151 0.04734442010521889
152 0.01958497427403927
153 0.048883937299251556
154 0.026947274804115295
155 0.061015594750642776
156 0.08757729828357697
157 0.1291062831878662
158 0.09949135035276413
159 0.06040962412953377
160 0.06040962412953377
161 0.07163684815168381
162 0.07163684815168381
163 0.019930193200707436
164 0.092443086206913
165 0.06361602991819382
166 0.06361602991819382
167 0.0921882763504982
168 0.22901524603366852
169 0.22901524603366852
170 0.01589423045516014
171 0.040250346064567566
172 0.040250346064567566
173 0.03202047571539879
174 0.03202047571539879
175 0.04041718691587448
176 0.04041718691587448
177 0.040292076766490936
178 0.06681487709283829
179 0.06681487709283829
180 0.056216850876808167
181 0.056216850876808167
182 0.07795826345682144
183 0.07795826345682144
184 0.06000169739127159
185 0.0732865184545517
186 0.10749232769012451
187 0.03900766745209694
188 0.11641886830329895
189 0.07434418797492981
190 0.05219244956970215
191 0.06331352889537811
192 0.03256816789507866
193 0.03256816789507866
194 0.01785077527165413
195 0.03600989282131195
196 0.03600989282131195
197 0.12717653810977936
198 0.12717653810977936
199 0.0852653905749321
200 0.05581441894173622
201 0.05581441894173622
202 0.03127358853816986
203 0.03127358853816986
204 0.022678643465042114
205 0.04869944229722023
206 0.057752225548028946
207 0.1054612472653389
208 0.1054612472653389
209 0.05554402992129326
210 0.05554402992129326
211 0.02513800747692585
212 0.04131227359175682
213 0.011640865355730057
214 0.027908656746149063
215 0.050745487213134766
216 0.050745487213134766
217 0.050745487213134766
218 0.07517572492361069
219 0.07517572492361069
220 0.06905621290206909
221 0.07522442191839218
222 0.037271562963724136
223 0.037271562963724136
224 0.059527311474084854
225 0.12356502562761307
226 0.12356502562761307
227 0.12356502562761307
228 0.08771632611751556
229 0.03948343172669411
230 0.06456082314252853
231 0.11479541659355164
232 0.05328705906867981
233 0.07587692886590958
234 0.03586948662996292
235 0.03902151808142662
236 0.057041313499212265
237 0.072954460978508
238 0.072954460978508
239 0.09419997036457062
240 0.04747435078024864
241 0.08141760528087616
242 0.08141760528087616
243 0.08141760528087616
244 0.03858227655291557
245 0.03858227655291557
246 0.10726728290319443
247 0.10726728290319443
248 0.10726728290319443
249 0.05948689207434654
250 0.11909371614456177
251 0.04188286140561104
252 0.04188286140561104
253 0.04188286140561104
254 0.03530975431203842
255 0.09846646338701248
256 0.09846646338701248
257 0.08027348667383194
258 0.06351984292268753
259 0.04978121444582939
260 0.03680182993412018
261 0.08269867300987244
262 0.032161176204681396
263 0.026346692815423012
264 0.04424683004617691
265 0.037358760833740234
266 0.029650671407580376
267 0.07349589467048645
268 0.07349589467048645
269 0.04579208791255951
270 0.04579208791255951
271 0.04134855046868324
272 0.015167774632573128
273 0.04058113321661949
274 0.05382939428091049
275 0.08508622646331787
276 0.020371615886688232
277 0.020371615886688232
278 0.03493708372116089
279 0.0327206626534462
280 0.04296783730387688
281 0.047954678535461426
282 0.047954678535461426
283 0.07130103558301926
284 0.07130103558301926
285 0.05168440192937851
286 0.009120021015405655
287 0.010235448367893696
288 0.050231751054525375
289 0.04289180412888527
290 0.04046715050935745
291 0.04046715050935745
292 0.04046715050935745
293 0.07126430422067642
294 0.028339622542262077
295 0.04022122547030449
296 0.02053029090166092
297 0.036911848932504654
298 0.036911848932504654
299 0.059723854064941406
300 0.04070514068007469
301 0.014034755527973175
302 0.022586962208151817
303 0.04684504494071007
304 0.013295551761984825
305 0.06009192019701004
306 0.04065019264817238
307 0.02291795052587986
308 0.02368909679353237
309 0.062084756791591644
310 0.03148941695690155
311 0.0521477535367012
312 0.0266544409096241
313 0.04134976118803024
314 0.04134976118803024
315 0.04134976118803024
316 0.033629607409238815
317 0.033629607409238815
318 0.033629607409238815
319 0.033629607409238815
320 0.044765230268239975
321 0.05463266372680664
322 0.05463266372680664
323 0.10127390921115875
324 0.03974398970603943
325 0.03974398970603943
326 0.03974398970603943
327 0.03974398970603943
328 0.03974398970603943
329 0.009508307091891766
330 0.009508307091891766
331 0.020098263397812843
332 0.06997615098953247
333 0.030362838879227638
334 0.0353480726480484
335 0.047221556305885315
336 0.022748496383428574
337 0.022748496383428574
338 0.028026102110743523
339 0.026640677824616432
340 0.025274572893977165
341 0.010712903924286366
342 0.028452018275856972
343 0.05228051543235779
344 0.02212931029498577
345 0.04139215126633644
346 0.06929516792297363
347 0.013153339736163616
348 0.017179492861032486
349 0.017179492861032486
350 0.00897058192640543
351 0.00897058192640543
352 0.00897058192640543
353 0.016033144667744637
354 0.037120621651411057
355 0.037120621651411057
356 0.05848895013332367
357 0.04377838969230652
358 0.06700580567121506
359 0.06700580567121506
360 0.024632029235363007
361 0.01160497311502695
362 0.021474288776516914
363 0.007560735568404198
364 0.02149628847837448
365 0.03163272142410278
366 0.03163272142410278
367 0.03163272142410278
368 0.03163272142410278
369 0.0647367537021637
370 0.024840382859110832
371 0.024840382859110832
372 0.05404818803071976
373 0.01929512433707714
374 0.06533057242631912
375 0.06533057242631912
376 0.06533057242631912
377 0.0561157763004303
378 0.013413487002253532
379 0.0326981395483017
380 0.011344127357006073
381 0.0207991860806942
382 0.006244094111025333
383 0.006244094111025333
384 0.006207386497408152
385 0.006207386497408152
386 0.009731044061481953
387 0.02828311361372471
388 0.05422060191631317
389 0.030039537698030472
390 0.030039537698030472
391 0.06130533665418625
392 0.049475397914648056
393 0.049475397914648056
394 0.049475397914648056
395 0.049475397914648056
396 0.049475397914648056
397 0.024547705426812172
398 0.02617558278143406
399 0.013044966384768486
400 0.017046403139829636
401 0.017046403139829636
402 0.01806713454425335
403 0.016811663284897804
404 0.010379739105701447
405 0.009413499385118484
406 0.009413499385118484
407 0.023081650957465172
408 0.008856503292918205
409 0.008856503292918205
410 0.03089342638850212
411 0.03089342638850212
412 0.03089342638850212
413 0.041095562279224396
414 0.023666618391871452
415 0.023666618391871452
416 0.018741652369499207
417 0.016893485561013222
418 0.016893485561013222
419 0.02757110819220543
420 0.02757110819220543
421 0.032071154564619064
422 0.01603352464735508
423 0.03268112987279892
424 0.01024344377219677
425 0.01024344377219677
426 0.01024344377219677
427 0.026007650420069695
428 0.009356069378554821
429 0.009356069378554821
430 0.03505796939134598
431 0.012608361430466175
432 0.06440406292676926
433 0.03597801923751831
434 0.015032636001706123
435 0.032390229403972626
436 0.019530482590198517
437 0.019530482590198517
438 0.019530482590198517
439 0.009061153046786785
440 0.010093876160681248
441 0.019737493246793747
442 0.030110260471701622
443 0.0072927325963974
444 0.0072927325963974
445 0.0335993692278862
446 0.021801359951496124
447 0.021801359951496124
448 0.014301490969955921
449 0.02570461481809616
450 0.019162854179739952
451 0.02301306463778019
452 0.0209216196089983
453 0.0209216196089983
454 0.0209216196089983
455 0.0209216196089983
456 0.0209216196089983
457 0.022594761103391647
458 0.010664471425116062
459 0.010664471425116062
460 0.027930133044719696
461 0.05807152017951012
462 0.05807152017951012
463 0.02963603474199772
464 0.01106382254511118
465 0.01106382254511118
466 0.010081751272082329
467 0.010081751272082329
468 0.020415792241692543
469 0.02095976658165455
470 0.02095976658165455
471 0.039651982486248016
472 0.035659730434417725
473 0.017529431730508804
474 0.009149352088570595
475 0.009149352088570595
476 0.009149352088570595
477 0.009149352088570595
478 0.008461464196443558
479 0.008432389236986637
480 0.008432389236986637
481 0.0232436191290617
482 0.04416884109377861
483 0.02878902107477188
484 0.015623409301042557
485 0.04148641973733902
486 0.04148641973733902
487 0.04148641973733902
488 0.04148641973733902
489 0.01778569258749485
490 0.017713790759444237
491 0.004365714266896248
492 0.004365714266896248
493 0.004365714266896248
494 0.004365714266896248
495 0.021666472777724266
496 0.03536824509501457
497 0.03536824509501457
498 0.01110756490379572
499 0.025065520778298378
