0 2.2728309631347656
1 2.2728309631347656
2 2.2728309631347656
3 2.2728309631347656
4 2.216766119003296
5 2.205679416656494
6 2.156459093093872
7 2.094067096710205
8 2.094067096710205
9 1.9107563495635986
10 1.8118401765823364
11 1.6736974716186523
12 1.6736974716186523
13 1.5263352394104004
14 1.5263352394104004
15 1.5263352394104004
16 1.4290577173233032
17 1.4290577173233032
18 1.4290577173233032
19 0.9856626987457275
20 0.7044277191162109
21 0.7044277191162109
22 0.7044277191162109
23 0.7044277191162109
24 0.4963795244693756
25 0.4963795244693756
26 0.6603700518608093
27 0.6603700518608093
28 0.3674001097679138
29 0.3447182774543762
30 0.18609823286533356
31 0.18609823286533356
32 0.18609823286533356
33 0.6975255608558655
34 0.6975255608558655
35 0.6975255608558655
36 0.6975255608558655
37 0.6380912661552429
38 0.3061666488647461
39 0.3061666488647461
40 0.3061666488647461
41 0.3784234821796417
42 0.3784234821796417
43 0.42321765422821045
44 0.2745039165019989
45 0.3802160918712616
46 0.3802160918712616
47 0.2722034156322479
48 0.31144142150878906
49 0.21321572363376617
50 0.2298654317855835
51 0.20842546224594116
52 0.20563295483589172
53 0.24430572986602783
54 0.24445557594299316
55 0.3221738934516907
56 0.3221738934516907
57 0.2106422781944275
58 0.223577618598938
59 0.27137529850006104
60 0.20124389231204987
61 0.18422280251979828
62 0.21213585138320923
63 0.20990103483200073
64 0.24125471711158752
65 0.29994747042655945
66 0.24069786071777344
67 0.28105971217155457
68 0.28105971217155457
69 0.2368151843547821
70 0.2368151843547821
71 0.2338501214981079
72 0.13023912906646729
73 0.1352900266647339
74 0.1352900266647339
75 0.1352900266647339
76 0.1352900266647339
77 0.19069840013980865
78 0.19069840013980865
79 0.182195246219635
80 0.13797549903392792
81 0.1715518981218338
82 0.21431052684783936
83 0.21431052684783936
84 0.19355709850788116
85 0.19766634702682495
86 0.09223683923482895
87 0.10348569601774216
88 0.22627919912338257
89 0.2600158154964447
90 0.2600158154964447
91 0.2600158154964447
92 0.14566285908222198
93 0.1572413593530655
94 0.1338764876127243
95 0.21342986822128296
96 0.15504518151283264
97 0.06145405396819115
98 0.23481982946395874
99 0.11142749339342117
100 0.11142749339342117
101 0.2123466283082962
102 0.1663261204957962
103 0.126528799533844
104 0.18254871666431427
105 0.18254871666431427
106 0.10094814002513885
107 0.10094814002513885
108 0.11599382758140564
109 0.11599382758140564
110 0.15262942016124725
111 0.14237205684185028
112 0.14237205684185028
113 0.14237205684185028
114 0.14237205684185028
115 0.10926826298236847
116 0.10926826298236847
117 0.09389927983283997
118 0.13315293192863464
119 0.13315293192863464
120 0.14717993140220642
121 0.14717993140220642
122 0.07336362451314926
123 0.07336362451314926
124 0.10862420499324799
125 0.14249303936958313
126 0.09884683787822723
127 0.09357474744319916
128 0.10041292756795883
129 0.07285191118717194
130 0.07285191118717194
131 0.04108332470059395
132 0.07841586321592331
133 0.08132495731115341
134 0.037081535905599594
135 0.10168658196926117
136 0.1957341432571411
137 0.07700963318347931
138 0.11376616358757019
139 0.10970359295606613
140 0.10427093505859375
141 0.10427093505859375
142 0.12405519187450409
143 0.06557716429233551
144 0.09403852373361588
145 0.09179177135229111
146 0.09774792939424515
147 0.09774792939424515
148 0.09774792939424515
149 0.13558655977249146
150 0.08946612477302551
151 0.19632433354854584
152 0.11055794358253479
153 0.11055794358253479
154 0.13198427855968475
155 0.06142270565032959
156 0.06294392049312592
157 0.06294392049312592
158 0.11280255764722824
159 0.11280255764722824
160 0.04573341831564903
161 0.06490508466959
162 0.06490508466959
163 0.06490508466959
164 0.06490508466959
165 0.06490508466959
166 0.17857393622398376
167 0.08234667032957077
168 0.08234667032957077
169 0.05318385362625122
170 0.05318385362625122
171 0.045269329100847244
172 0.0767529085278511
173 0.05857308208942413
174 0.14319758117198944
175 0.11739516258239746
176 0.07462191581726074
177 0.07347587496042252
178 0.04918830469250679
179 0.07169198989868164
180 0.07169198989868164
181 0.17071789503097534
182 0.17071789503097534
183 0.2500109374523163
184 0.13937850296497345
185 0.17543989419937134
186 0.17543989419937134
187 0.17543989419937134
188 0.08088240772485733
189 0.13730190694332123
190 0.021187923848628998
191 0.021187923848628998
192 0.041419755667448044
193 0.041419755667448044
194 0.13222500681877136
195 0.13605917990207672
196 0.1372140794992447
197 0.1372140794992447
198 0.1372140794992447
199 0.1372140794992447
200 0.08493327349424362
201 0.14908897876739502
202 0.14908897876739502
203 0.12282523512840271
204 0.023837663233280182
205 0.023837663233280182
206 0.09927484393119812
207 0.09927484393119812
208 0.17611035704612732
209 0.10392589122056961
210 0.04615804925560951
211 0.06645534932613373
212 0.09432250261306763
213 0.0540655218064785
214 0.0540655218064785
215 0.0540655218064785
216 0.03822637349367142
217 0.03822637349367142
218 0.07486328482627869
219 0.04666988179087639
220 0.04666988179087639
221 0.09582706540822983
222 0.1557357907295227
223 0.052496541291475296
224 0.025154011324048042
225 0.10123857110738754
226 0.10123857110738754
227 0.02887669950723648
228 0.02887669950723648
229 0.02887669950723648
230 0.02887669950723648
231 0.06717011332511902
232 0.11552871763706207
233 0.11552871763706207
234 0.11552871763706207
235 0.051750194281339645
236 0.02717006951570511
237 0.02717006951570511
238 0.10167712718248367
239 0.10153310745954514
240 0.05998443439602852
241 0.10647956281900406
242 0.08047135919332504
243 0.029476873576641083
244 0.052107226103544235
245 0.05494990944862366
246 0.10690008103847504
247 0.055114783346652985
248 0.013315567746758461
249 0.08294937014579773
250 0.08294937014579773
251 0.08294937014579773
252 0.1319355070590973
253 0.04131391644477844
254 0.06514833867549896
255 0.05789237096905708
256 0.09735888987779617
257 0.047197479754686356
258 0.047197479754686356
259 0.05335749313235283
260 0.047507863491773605
261 0.027790769934654236
262 0.03416379168629646
263 0.03416379168629646
264 0.1356402337551117
265 0.13850286602973938
266 0.09920360147953033
267 0.05192998796701431
268 0.025850100442767143
269 0.12488524615764618
270 0.027580367401242256
271 0.05840049684047699
272 0.04004979133605957
273 0.04004979133605957
274 0.05352440103888512
275 0.04468889534473419
276 0.06879785656929016
277 0.05962421000003815
278 0.05962421000003815
279 0.05962421000003815
280 0.04649718105792999
281 0.0735129714012146
282 0.07119268923997879
283 0.07119268923997879
284 0.04440195858478546
285 0.023855360224843025
286 0.05707838013768196
287 0.03993124142289162
288 0.11838632822036743
289 0.017251737415790558
290 0.10816168785095215
291 0.042241211980581284
292 0.042241211980581284
293 0.05574990436434746
294 0.052047647535800934
295 0.028271351009607315
296 0.028271351009607315
297 0.028271351009607315
298 0.06509415060281754
299 0.0708063393831253
300 0.027415677905082703
301 0.09513865411281586
302 0.05968088284134865
303 0.05968088284134865
304 0.05968088284134865
305 0.0340241976082325
306 0.0340241976082325
307 0.031708572059869766
308 0.031708572059869766
309 0.027320945635437965
310 0.027320945635437965
311 0.09793317317962646
312 0.04250772297382355
313 0.03872641548514366
314 0.048101864755153656
315 0.0338609479367733
316 0.014524118043482304
317 0.014524118043482304
318 0.03266538679599762
319 0.025017235428094864
320 0.043148864060640335
321 0.043148864060640335
322 0.0673673003911972
323 0.0673673003911972
324 0.0673673003911972
325 0.036227691918611526
326 0.0666629821062088
327 0.021478071808815002
328 0.07306762784719467
329 0.07306762784719467
330 0.06246551126241684
331 0.020383568480610847
332 0.05507790669798851
333 0.0492326058447361
334 0.07398788630962372
335 0.033960338681936264
336 0.031805370002985
337 0.04818693920969963
338 0.02906782366335392
339 0.02906782366335392
340 0.03523605689406395
341 0.040719982236623764
342 0.040719982236623764
343 0.040719982236623764
344 0.035245299339294434
345 0.035245299339294434
346 0.05146249011158943
347 0.021468481048941612
348 0.03153630346059799
349 0.030388765037059784
350 0.034596800804138184
351 0.032591916620731354
352 0.035471513867378235
353 0.022529389709234238
354 0.022529389709234238
355 0.11731553077697754
356 0.04291074723005295
357 0.04291074723005295
358 0.0860719084739685
359 0.013358867727220058
360 0.013358867727220058
361 0.013358867727220058
362 0.013358867727220058
363 0.013358867727220058
364 0.01676853932440281
365 0.01676853932440281
366 0.0834541767835617
367 0.0834541767835617
368 0.10216314345598221
369 0.006303959526121616
370 0.07107362151145935
371 0.09491635859012604
372 0.03038066439330578
373 0.05446027219295502
374 0.09935031831264496
375 0.05072804167866707
376 0.08016692101955414
377 0.05028903856873512
378 0.05028903856873512
379 0.05028903856873512
380 0.05028903856873512
381 0.01843675598502159
382 0.01843675598502159
383 0.09087196737527847
384 0.05518333613872528
385 0.04236679896712303
386 0.015172868967056274
387 0.0717751681804657
388 0.0717751681804657
389 0.0717751681804657
390 0.03960900008678436
391 0.03960900008678436
392 0.06998755782842636
393 0.04862677678465843
394 0.03457881137728691
395 0.020185962319374084
396 0.020185962319374084
397 0.009494971483945847
398 0.03810270503163338
399 0.03810270503163338
400 0.03810270503163338
401 0.06321851164102554
402 0.0873185396194458
403 0.0611143559217453
404 0.0611143559217453
405 0.025975484400987625
406 0.07690007984638214
407 0.07690007984638214
408 0.049888961017131805
409 0.049888961017131805
410 0.012372076511383057
411 0.012372076511383057
412 0.06665371358394623
413 0.024586496874690056
414 0.044043589383363724
415 0.03823360055685043
416 0.02190271019935608
417 0.02190271019935608
418 0.01788165792822838
419 0.05128580331802368
420 0.004982083570212126
421 0.01549520157277584
422 0.01549520157277584
423 0.02046271041035652
424 0.03835098072886467
425 0.03952263668179512
426 0.04968847706913948
427 0.04968847706913948
428 0.034417469054460526
429 0.04974553361535072
430 0.05160558968782425
431 0.008596023544669151
432 0.008596023544669151
433 0.025426482781767845
434 0.037035807967185974
435 0.041142795234918594
436 0.11359386891126633
437 0.025798017159104347
438 0.020131710916757584
439 0.027282217517495155
440 0.027282217517495155
441 0.027282217517495155
442 0.027282217517495155
443 0.011446770280599594
444 0.06805034726858139
445 0.06805034726858139
446 0.029518544673919678
447 0.029518544673919678
448 0.04592989757657051
449 0.012940836139023304
450 0.012940836139023304
451 0.012940836139023304
452 0.030898036435246468
453 0.030898036435246468
454 0.030898036435246468
455 0.02370481938123703
456 0.038078829646110535
457 0.07856515049934387
458 0.07856515049934387
459 0.07856515049934387
460 0.07682359218597412
461 0.07682359218597412
462 0.07682359218597412
463 0.0064689083956182
464 0.02337750978767872
465 0.009274695999920368
466 0.03187474235892296
467 0.03187474235892296
468 0.0417843796312809
469 0.025396516546607018
470 0.025396516546607018
471 0.025396516546607018
472 0.03843880072236061
473 0.03843880072236061
474 0.03843880072236061
475 0.019855597987771034
476 0.023147759959101677
477 0.04764082655310631
478 0.022275688126683235
479 0.03907626122236252
480 0.03907626122236252
481 0.050316836684942245
482 0.024133319035172462
483 0.024133319035172462
484 0.024133319035172462
485 0.05264795944094658
486 0.04803496226668358
487 0.01914382353425026
488 0.03141526132822037
489 0.021611837670207024
490 0.020228788256645203
491 0.020228788256645203
492 0.00969794299453497
493 0.00969794299453497
494 0.023620719090104103
495 0.039950065314769745
496 0.012773426249623299
497 0.04138091206550598
498 0.02100919373333454
499 0.031232554465532303
