1 1.051927
2 1.051927
3 1.051927
4 1.051927
5 1.121525
6 1.235618
7 1.330391
8 1.369190
9 1.369190
10 1.369190
11 1.369190
12 1.369190
13 1.369190
14 1.369190
15 1.369190
16 1.421043
17 1.425635
18 1.425635
19 1.425635
20 1.425635
21 1.425635
22 1.425635
23 1.504871
24 1.615276
25 1.680012
26 1.681004
27 1.681004
28 1.681004
29 1.681004
30 1.681004
31 1.681004
32 1.723873
33 1.784511
34 1.789348
35 1.789348
36 1.789348
37 1.789348
38 1.789348
39 1.789348
40 1.789348
41 1.885931
42 1.959237
43 1.983292
44 1.983292
45 1.983292
46 1.983292
47 1.983292
48 1.991459
49 2.093015
50 2.175433
51 2.202719
52 2.202719
53 2.202719
54 2.202719
55 2.202719
56 2.202719
57 2.202719
58 2.202719
59 2.262170
60 2.277507
61 2.277507
62 2.277507
63 2.277507
64 2.277507
65 2.284722
66 2.398126
67 2.504260
68 2.564376
69 2.564376
70 2.564376
71 2.564376
72 2.564376
73 2.564376
74 2.564376
75 2.564376
76 2.621749
77 2.633483
78 2.633483
79 2.633483
80 2.633483
81 2.633483
82 2.633483
83 2.643331
84 2.758755
85 2.838229
86 2.856533
87 2.856533
88 2.856533
89 2.856533
90 2.856533
91 2.856533
92 2.919953
93 2.992137
94 3.029018
95 3.029018
96 3.029018
97 3.029018
98 3.029018
99 3.029018
100 3.029018
