1 1.017745
2 1.017745
3 1.017745
4 1.017745
5 1.085499
6 1.222551
7 1.317703
8 1.356881
9 1.356881
10 1.356881
11 1.356881
12 1.356881
13 1.356881
14 1.356881
15 1.356881
16 1.423170
17 1.448892
18 1.448892
19 1.448892
20 1.448892
21 1.448892
22 1.448892
23 1.508950
24 1.619735
25 1.684848
26 1.704987
27 1.704987
28 1.704987
29 1.704987
30 1.704987
31 1.704987
32 1.736824
33 1.797840
34 1.810720
35 1.810720
36 1.810720
37 1.810720
38 1.810720
39 1.810720
40 1.810720
41 1.893074
42 1.988896
43 2.005321
44 2.005321
45 2.005321
46 2.005321
47 2.005321
48 2.005321
49 2.101087
50 2.214126
51 2.241790
52 2.241790
53 2.241790
54 2.241790
55 2.241790
56 2.241790
57 2.241790
58 2.241790
59 2.270687
60 2.334411
61 2.334411
62 2.334411
63 2.334411
64 2.334411
65 2.334411
66 2.415053
67 2.521566
68 2.591465
69 2.591465
70 2.591465
71 2.591465
72 2.591465
73 2.591465
74 2.591465
75 2.602185
76 2.665185
77 2.677297
78 2.677297
79 2.677297
80 2.677297
81 2.677297
82 2.677297
83 2.678576
84 2.794378
85 2.921372
86 2.940055
87 2.940055
88 2.940055
89 2.940055
90 2.940055
91 2.940055
92 2.973340
93 3.045901
94 3.067171
95 3.067171
96 3.067171
97 3.067171
98 3.067171
99 3.067171
100 3.067171
