1 1.064033
2 1.064033
3 1.064033
4 1.064033
5 1.108131
6 1.222565
7 1.317679
8 1.356819
9 1.368103
10 1.368103
11 1.368103
12 1.368103
13 1.368103
14 1.368103
15 1.368103
16 1.449168
17 1.449168
18 1.449168
19 1.449168
20 1.449168
21 1.449168
22 1.449168
23 1.487873
24 1.598620
25 1.663696
26 1.665029
27 1.665029
28 1.665029
29 1.665029
30 1.665029
31 1.675411
32 1.761687
33 1.824947
34 1.830126
35 1.830126
36 1.830126
37 1.830126
38 1.830126
39 1.830126
40 1.830126
41 1.914717
42 1.988365
43 2.004752
44 2.004752
45 2.004752
46 2.004752
47 2.004752
48 2.004752
49 2.094539
50 2.217293
51 2.257905
52 2.257905
53 2.257905
54 2.257905
55 2.257905
56 2.257905
57 2.257905
58 2.257905
59 2.295159
60 2.310838
61 2.310838
62 2.310838
63 2.310838
64 2.310838
65 2.310838
66 2.401886
67 2.508361
68 2.566611
69 2.566611
70 2.566611
71 2.566611
72 2.566611
73 2.566611
74 2.566611
75 2.566611
76 2.623491
77 2.635565
78 2.635565
79 2.635565
80 2.635565
81 2.635565
82 2.635565
83 2.704615
84 2.820380
85 2.900195
86 2.918840
87 2.918840
88 2.918840
89 2.918840
90 2.918840
91 2.918840
92 2.959771
93 3.032295
94 3.053526
95 3.053526
96 3.053526
97 3.053526
98 3.053526
99 3.053526
100 3.053526
