1 1.025047
2 1.025047
3 1.025047
4 1.025047
5 1.051717
6 1.153045
7 1.235054
8 1.261087
9 1.261087
10 1.261087
11 1.261087
12 1.261087
13 1.261087
14 1.261087
15 1.261087
16 1.261087
17 1.261087
18 1.261087
19 1.261087
20 1.261087
21 1.261087
22 1.261087
23 1.261087
24 1.261087
25 1.269016
26 1.269016
27 1.269016
28 1.269016
29 1.269016
30 1.269016
31 1.269016
32 1.269016
33 1.269016
34 1.269016
35 1.269016
36 1.269016
37 1.269016
38 1.269016
39 1.269016
40 1.269016
41 1.269016
42 1.269016
43 1.269016
44 1.269016
45 1.269016
46 1.269016
47 1.269016
48 1.269016
49 1.275813
50 1.345466
51 1.360107
52 1.360107
53 1.360107
54 1.360107
55 1.360107
56 1.360107
57 1.360107
58 1.360107
59 1.360107
60 1.360107
61 1.360107
62 1.360107
63 1.360107
64 1.360107
65 1.360107
66 1.360107
67 1.389170
68 1.434315
69 1.434315
70 1.434315
71 1.434315
72 1.434315
73 1.434315
74 1.434315
75 1.434315
76 1.434315
77 1.434315
78 1.434315
79 1.434315
80 1.434315
81 1.434315
82 1.434315
83 1.434315
84 1.434315
85 1.434315
86 1.434315
87 1.434315
88 1.434315
89 1.434315
90 1.434315
91 1.434315
92 1.434315
93 1.435996
94 1.444121
95 1.444121
96 1.444121
97 1.444121
98 1.444121
99 1.444121
100 1.444121
