1 1.011740
2 1.011740
3 1.011740
4 1.011740
5 1.087519
6 1.208543
7 1.332867
8 1.372158
9 1.372158
10 1.372158
11 1.372158
12 1.372158
13 1.372158
14 1.372158
15 1.375403
16 1.429626
17 1.429738
18 1.429738
19 1.429738
20 1.429738
21 1.429738
22 1.429738
23 1.469391
24 1.599178
25 1.664405
26 1.665891
27 1.665891
28 1.665891
29 1.665891
30 1.665891
31 1.665891
32 1.760383
33 1.821512
34 1.826843
35 1.826843
36 1.826843
37 1.826843
38 1.826843
39 1.826843
40 1.826843
41 1.897023
42 1.970821
43 1.987361
44 1.987361
45 1.987361
46 1.987361
47 1.987361
48 1.987361
49 2.120867
50 2.203778
51 2.231556
52 2.231556
53 2.231556
54 2.231556
55 2.231556
56 2.231556
57 2.231556
58 2.231556
59 2.303657
60 2.329649
61 2.329649
62 2.329649
63 2.329649
64 2.329649
65 2.329649
66 2.443118
67 2.549744
68 2.608146
69 2.608146
70 2.608146
71 2.608146
72 2.608146
73 2.608146
74 2.608146
75 2.610163
76 2.676532
77 2.688757
78 2.688757
79 2.688757
80 2.688757
81 2.688757
82 2.688757
83 2.692727
84 2.808643
85 2.888610
86 2.907406
87 2.907406
88 2.907406
89 2.907406
90 2.907406
91 2.907406
92 2.989228
93 3.061904
94 3.111014
95 3.111014
96 3.111014
97 3.111014
98 3.111014
99 3.111014
100 3.111014
