1 1.052526
2 1.052526
3 1.077984
4 1.143946
5 1.265805
6 1.438734
7 1.566650
8 1.658494
9 1.707488
10 1.707488
11 1.707488
12 1.707488
13 1.707488
14 1.796322
15 1.983923
16 2.070797
17 2.103561
18 2.103561
19 2.112593
20 2.112593
21 2.145422
22 2.254663
23 2.402916
24 2.546466
25 2.644345
26 2.700114
27 2.700114
28 2.700114
29 2.724943
30 2.778208
31 2.943478
32 3.062558
33 3.156339
34 3.194321
35 3.204454
36 3.204454
37 3.204454
38 3.204454
39 3.273290
40 3.487769
41 3.627631
42 3.734081
43 3.820036
44 3.820036
45 3.820036
46 3.852160
47 3.909634
48 4.020086
49 4.154786
50 4.291354
51 4.359158
52 4.381944
53 4.381944
54 4.381944
55 4.381944
56 4.435308
57 4.585663
58 4.710514
59 4.811082
60 4.859563
61 4.894473
62 4.894473
63 4.894473
64 4.917126
65 5.069380
66 5.215928
67 5.437093
68 5.528147
69 5.587386
70 5.587386
71 5.587386
72 5.587386
73 5.593469
74 5.686502
75 5.801851
76 5.897616
77 5.994316
78 5.994316
79 5.998401
80 5.998401
81 6.025288
82 6.117559
83 6.258325
84 6.440896
85 6.553514
86 6.604962
87 6.617689
88 6.617689
89 6.617689
90 6.638475
91 6.799804
92 6.920905
93 7.026232
94 7.080267
95 7.080267
96 7.080267
97 7.080267
98 7.080267
99 7.116822
100 7.277896
