1 0.937453
2 0.937453
3 0.937453
4 0.937453
5 1.006267
6 1.107519
7 1.189452
8 1.229747
9 1.230724
10 1.230724
11 1.230724
12 1.230724
13 1.230724
14 1.230724
15 1.230724
16 1.230724
17 1.230724
18 1.230724
19 1.230724
20 1.230724
21 1.230724
22 1.230724
23 1.230724
24 1.231685
25 1.283579
26 1.283579
27 1.283579
28 1.283579
29 1.283579
30 1.283579
31 1.283579
32 1.283579
33 1.283579
34 1.283579
35 1.283579
36 1.283579
37 1.283579
38 1.283579
39 1.283579
40 1.283579
41 1.283579
42 1.283579
43 1.283579
44 1.283579
45 1.283579
46 1.283579
47 1.283579
48 1.283579
49 1.283579
50 1.346227
51 1.360672
52 1.360672
53 1.360672
54 1.360672
55 1.360672
56 1.360672
57 1.360672
58 1.360672
59 1.360672
60 1.360672
61 1.360672
62 1.360672
63 1.360672
64 1.360672
65 1.360672
66 1.360672
67 1.389247
68 1.434316
69 1.434316
70 1.434316
71 1.434316
72 1.434316
73 1.434316
74 1.434316
75 1.434316
76 1.434316
77 1.434316
78 1.434316
79 1.434316
80 1.434316
81 1.434316
82 1.434316
83 1.434316
84 1.434316
85 1.434316
86 1.435739
87 1.435739
88 1.435739
89 1.435739
90 1.435739
91 1.435739
92 1.435739
93 1.442334
94 1.450384
95 1.450384
96 1.450384
97 1.450384
98 1.450384
99 1.450384
100 1.450384
