1 0.934859
2 1.195231
3 1.195231
4 1.195231
5 1.239344
6 1.239344
7 1.590118
8 1.590118
9 1.590118
10 1.605634
11 1.605634
12 1.605634
13 1.605634
14 1.605634
15 1.718197
16 1.718197
17 1.718197
18 1.761376
19 1.761376
20 1.761376
21 1.802789
22 1.802789
23 1.996390
24 1.996390
25 1.996390
26 2.034733
27 2.034733
28 2.161132
29 2.161132
30 2.161132
31 2.170266
32 2.170266
33 2.170266
34 2.263145
35 2.263145
36 2.384032
37 2.384032
38 2.384032
39 2.384032
40 2.384032
41 2.550730
42 2.550730
43 2.550730
44 2.565755
45 2.565755
46 2.565755
47 2.565755
48 2.565755
49 2.699179
50 2.699179
51 2.699179
52 2.774122
53 2.774122
54 2.774122
55 2.774122
56 2.774122
57 2.850752
58 2.850752
59 2.850752
60 2.850752
61 2.850752
62 2.967035
63 2.967035
64 2.967035
65 2.967035
66 2.967035
67 2.967035
68 2.967035
69 2.967035
70 3.104351
71 3.104351
72 3.104351
73 3.104351
74 3.104351
75 3.158788
76 3.158788
77 3.158788
78 3.158788
79 3.158788
80 3.158788
81 3.158788
82 3.158788
83 3.158940
84 3.158940
85 3.158940
86 3.158940
87 3.158940
88 3.158940
89 3.158940
90 3.158940
91 3.230763
92 3.230763
93 3.230763
94 3.230763
95 3.230763
96 3.288987
97 3.288987
98 3.288987
99 3.288987
100 3.288987
