1 0.779868
2 1.040643
3 1.040643
4 1.401419
5 1.401419
6 1.401419
7 1.495594
8 1.495594
9 1.495594
10 1.517366
11 1.517366
12 1.636299
13 1.636299
14 1.636299
15 1.754649
16 1.754649
17 1.754649
18 1.796914
19 1.796914
20 1.913644
21 1.913644
22 1.913644
23 1.966942
24 1.966942
25 2.146395
26 2.146395
27 2.146395
28 2.197650
29 2.197650
30 2.197650
31 2.207510
32 2.207510
33 2.373587
34 2.373587
35 2.373587
36 2.394105
37 2.394105
38 2.505879
39 2.505879
40 2.505879
41 2.545348
42 2.545348
43 2.545348
44 2.545348
45 2.545348
46 2.652096
47 2.652096
48 2.652096
49 2.734911
50 2.734911
51 2.734911
52 2.759333
53 2.759333
54 2.866702
55 2.866702
56 2.866702
57 2.866702
58 2.866702
59 2.953571
60 2.953571
61 2.953571
62 2.957526
63 2.957526
64 2.957526
65 2.957526
66 2.957526
67 3.109603
68 3.109603
69 3.109603
70 3.109603
71 3.109603
72 3.193973
73 3.193973
74 3.193973
75 3.193973
76 3.193973
77 3.193973
78 3.193973
79 3.193973
80 3.232178
81 3.232178
82 3.232178
83 3.232178
84 3.232178
85 3.232178
86 3.232178
87 3.232178
88 3.303477
89 3.303477
90 3.303477
91 3.303477
92 3.303477
93 3.365200
94 3.365200
95 3.365200
96 3.365200
97 3.365200
98 3.365200
99 3.365200
100 3.365200
