1 1.168308
2 1.168308
3 1.471623
4 1.471623
5 1.471623
6 1.780433
7 1.780433
8 1.843111
9 2.145228
10 2.145228
11 2.320371
12 2.320371
13 2.320371
14 2.659941
15 2.659941
16 3.066823
17 3.066823
18 3.066823
19 3.299929
20 3.299929
21 3.299929
22 3.518134
23 3.518134
24 3.885195
25 3.885195
26 3.885195
27 4.126952
28 4.126952
29 4.126952
30 4.261611
31 4.261611
32 4.501847
33 4.501847
34 4.501847
35 4.741365
36 4.741365
37 4.958781
38 4.958781
39 4.958781
40 5.173165
41 5.173165
42 5.173165
43 5.326998
44 5.326998
45 5.576692
46 5.576692
47 5.576692
48 5.701474
49 5.701474
50 5.969831
51 5.969831
52 5.969831
53 6.111185
54 6.111185
55 6.111185
56 6.145111
57 6.145111
58 6.350398
59 6.350398
60 6.350398
61 6.428082
62 6.428082
63 6.428082
64 6.516520
65 6.516520
66 6.717395
67 6.717395
68 6.717395
69 6.913059
70 6.913059
71 7.033361
72 7.033361
73 7.033361
74 7.049874
75 7.049874
76 7.049874
77 7.137387
78 7.137387
79 7.288119
80 7.288119
81 7.288119
82 7.301711
83 7.301711
84 7.301711
85 7.355069
86 7.355069
87 7.467375
88 7.467375
89 7.467375
90 7.492875
91 7.492875
92 7.620688
93 7.620688
94 7.620688
95 7.620688
96 7.620688
97 7.620688
98 7.620688
99 7.620688
100 7.637774
