1 0.887447
2 0.887447
3 1.143501
4 1.143501
5 1.433934
6 1.433934
7 1.433934
8 1.546101
9 1.546101
10 1.546101
11 1.546101
12 1.546101
13 1.642682
14 1.642682
15 1.642682
16 1.741839
17 1.741839
18 1.888924
19 1.888924
20 1.888924
21 1.922420
22 1.922420
23 1.922420
24 2.016331
25 2.016331
26 2.158190
27 2.158190
28 2.158190
29 2.158190
30 2.158190
31 2.158190
32 2.160893
33 2.160893
34 2.312541
35 2.312541
36 2.312541
37 2.345402
38 2.345402
39 2.456597
40 2.456597
41 2.456597
42 2.481715
43 2.481715
44 2.481715
45 2.481715
46 2.481715
47 2.561500
48 2.561500
49 2.561500
50 2.714610
51 2.714610
52 2.831417
53 2.831417
54 2.831417
55 2.831417
56 2.831417
57 2.831417
58 2.831417
59 2.831417
60 2.936421
61 2.936421
62 2.936421
63 2.936421
64 2.936421
65 2.936421
66 2.936421
67 2.936421
68 3.066016
69 3.066016
70 3.066016
71 3.066016
72 3.066016
73 3.122029
74 3.122029
75 3.122029
76 3.122029
77 3.122029
78 3.122029
79 3.122029
80 3.122029
81 3.201189
82 3.201189
83 3.201189
84 3.201189
85 3.201189
86 3.286608
87 3.286608
88 3.286608
89 3.286608
90 3.286608
91 3.286608
92 3.286608
93 3.286608
94 3.286608
95 3.286608
96 3.286608
97 3.286608
98 3.286608
99 3.286608
100 3.286608
