1 0.997928
2 1.247018
3 1.247018
4 1.247018
5 1.247018
6 1.247018
7 1.361266
8 1.361266
9 1.361266
10 1.361266
11 1.361266
12 1.361266
13 1.361266
14 1.361266
15 1.388267
16 1.388267
17 1.388267
18 1.388267
19 1.388267
20 1.388267
21 1.388267
22 1.388267
23 1.395900
24 1.395900
25 1.395900
26 1.395900
27 1.395900
28 1.459869
29 1.459869
30 1.459869
31 1.459869
32 1.459869
33 1.459869
34 1.459869
35 1.459869
36 1.459869
37 1.459869
38 1.459869
39 1.459869
40 1.459869
41 1.489863
42 1.489863
43 1.489863
44 1.489863
45 1.489863
46 1.489863
47 1.489863
48 1.489863
49 1.494661
50 1.494661
51 1.494661
52 1.494661
53 1.494661
54 1.494661
55 1.494661
56 1.494661
57 1.523211
58 1.523211
59 1.523211
60 1.523211
61 1.523211
62 1.563136
63 1.563136
64 1.563136
65 1.563136
66 1.563136
67 1.563136
68 1.563136
69 1.563136
70 1.589600
71 1.589600
72 1.589600
73 1.589600
74 1.589600
75 1.589600
76 1.589600
77 1.589600
78 1.589600
79 1.589600
80 1.589600
81 1.589600
82 1.589600
83 1.609196
84 1.609196
85 1.609196
86 1.609196
87 1.609196
88 1.609196
89 1.609196
90 1.609196
91 1.609196
92 1.609196
93 1.609196
94 1.609196
95 1.609196
96 1.638110
97 1.638110
98 1.638110
99 1.638110
100 1.638110
