1 0.940616
2 1.201471
3 1.201471
4 1.201471
5 1.403476
6 1.403476
7 1.403476
8 1.480690
9 1.480690
10 1.600322
11 1.600322
12 1.600322
13 1.606806
14 1.606806
15 1.606806
16 1.641751
17 1.641751
18 1.812276
19 1.812276
20 1.812276
21 1.812276
22 1.812276
23 2.022806
24 2.022806
25 2.022806
26 2.128151
27 2.128151
28 2.128151
29 2.128151
30 2.128151
31 2.213729
32 2.213729
33 2.213729
34 2.239231
35 2.239231
36 2.484261
37 2.484261
38 2.484261
39 2.484261
40 2.484261
41 2.484261
42 2.558100
43 2.558100
44 2.674649
45 2.674649
46 2.674649
47 2.674649
48 2.674649
49 2.674649
50 2.674649
51 2.674649
52 2.826809
53 2.826809
54 2.826809
55 2.826809
56 2.826809
57 2.894383
58 2.894383
59 2.894383
60 2.950445
61 2.950445
62 2.950445
63 2.950445
64 2.950445
65 3.045393
66 3.045393
67 3.045393
68 3.079999
69 3.079999
70 3.079999
71 3.079999
72 3.079999
73 3.136495
74 3.136495
75 3.136495
76 3.136495
77 3.136495
78 3.217762
79 3.217762
80 3.217762
81 3.217762
82 3.217762
83 3.217762
84 3.217762
85 3.217762
86 3.277500
87 3.277500
88 3.277500
89 3.277500
90 3.277500
91 3.321531
92 3.321531
93 3.321531
94 3.321531
95 3.321531
96 3.321531
97 3.321531
98 3.321531
99 3.355773
100 3.355773
