1 0.991492
2 1.252999
3 1.252999
4 1.252999
5 1.356527
6 1.356527
7 1.356527
8 1.434142
9 1.434142
10 1.632106
11 1.632106
12 1.632106
13 1.637586
14 1.637586
15 1.782998
16 1.782998
17 1.782998
18 1.875231
19 1.875231
20 1.875231
21 1.875231
22 1.875231
23 2.012486
24 2.012486
25 2.012486
26 2.123894
27 2.123894
28 2.123894
29 2.131338
30 2.131338
31 2.313773
32 2.313773
33 2.313773
34 2.386292
35 2.386292
36 2.498829
37 2.498829
38 2.498829
39 2.498829
40 2.498829
41 2.498829
42 2.498829
43 2.498829
44 2.598329
45 2.598329
46 2.598329
47 2.626987
48 2.626987
49 2.626987
50 2.667146
51 2.667146
52 2.829266
53 2.829266
54 2.829266
55 2.829266
56 2.829266
57 2.950060
58 2.950060
59 2.950060
60 2.951549
61 2.951549
62 2.951549
63 2.951549
64 2.951549
65 3.013736
66 3.013736
67 3.013736
68 3.040373
69 3.040373
70 3.161649
71 3.161649
72 3.161649
73 3.161649
74 3.161649
75 3.161649
76 3.161649
77 3.161649
78 3.238802
79 3.238802
80 3.238802
81 3.238802
82 3.238802
83 3.238802
84 3.238802
85 3.238802
86 3.284927
87 3.284927
88 3.284927
89 3.284927
90 3.284927
91 3.329005
92 3.329005
93 3.329005
94 3.329005
95 3.329005
96 3.329005
97 3.329005
98 3.329005
99 3.329005
100 3.329005
