0 0.0
1 2.3050925731658936
2 2.3043293952941895
3 2.3043293952941895
4 2.306788444519043
5 2.3041300773620605
6 2.3063714504241943
7 2.3063714504241943
8 2.3063714504241943
9 2.3063714504241943
10 2.2993810176849365
11 2.2993810176849365
12 2.3039603233337402
13 2.298074722290039
14 2.308504343032837
15 2.298774003982544
16 2.299089193344116
17 2.299089193344116
18 2.294874906539917
19 2.294874906539917
20 2.294874906539917
21 2.299912452697754
22 2.307175397872925
23 2.307175397872925
24 2.2946717739105225
25 2.3002209663391113
26 2.305136203765869
27 2.2955374717712402
28 2.2970142364501953
29 2.298461675643921
30 2.298461675643921
31 2.3049747943878174
32 2.3049747943878174
33 2.3049747943878174
34 2.3008413314819336
35 2.2997124195098877
36 2.2988674640655518
37 2.308549642562866
38 2.308549642562866
39 2.308549642562866
40 2.308549642562866
41 2.298039674758911
42 2.3042874336242676
43 2.305365562438965
44 2.3026304244995117
45 2.2989351749420166
46 2.2989351749420166
47 2.30613374710083
48 2.30613374710083
49 2.297333240509033
50 2.3035120964050293
51 2.2951858043670654
52 2.2964742183685303
53 2.305056571960449
54 2.300443649291992
55 2.3039278984069824
56 2.3065037727355957
57 2.303246259689331
58 2.3044958114624023
59 2.2995002269744873
60 2.3101723194122314
61 2.305030345916748
62 2.3059473037719727
63 2.3037071228027344
64 2.301882266998291
65 2.3108675479888916
66 2.305511474609375
67 2.3001298904418945
68 2.3047947883605957
69 2.3029282093048096
70 2.310380697250366
71 2.310380697250366
72 2.297504186630249
73 2.309131383895874
74 2.301438093185425
75 2.3029661178588867
76 2.3025314807891846
77 2.3030102252960205
78 2.298703670501709
79 2.3077194690704346
80 2.3093392848968506
81 2.304506540298462
82 2.304506540298462
83 2.304506540298462
84 2.300467014312744
85 2.300467014312744
86 2.309995174407959
87 2.3036420345306396
88 2.3035635948181152
89 2.2953708171844482
90 2.2983150482177734
91 2.2983150482177734
92 2.303832769393921
93 2.307891607284546
94 2.307891607284546
95 2.298353672027588
96 2.298353672027588
97 2.2972452640533447
98 2.305476188659668
99 2.2992329597473145
100 2.300368070602417
101 2.300368070602417
102 2.3020448684692383
103 2.2987124919891357
104 2.31091046333313
105 2.30237078666687
106 2.2991132736206055
107 2.2991132736206055
108 2.3079044818878174
109 2.3079044818878174
110 2.3079044818878174
111 2.2966344356536865
112 2.305925130844116
113 2.305925130844116
114 2.305925130844116
115 2.294025182723999
116 2.309669256210327
117 2.308152675628662
118 2.2993004322052
119 2.307987689971924
120 2.3055548667907715
121 2.3055548667907715
122 2.3015406131744385
123 2.3015406131744385
124 2.309802770614624
125 2.300602912902832
126 2.300602912902832
127 2.2965829372406006
128 2.3064773082733154
129 2.2987728118896484
130 2.304572582244873
131 2.304267406463623
132 2.2955713272094727
133 2.3094186782836914
134 2.3094186782836914
135 2.3002350330352783
136 2.3083624839782715
137 2.303293466567993
138 2.303293466567993
139 2.303293466567993
140 2.3116087913513184
141 2.3116087913513184
142 2.3037447929382324
143 2.3037447929382324
144 2.29732346534729
145 2.3010196685791016
146 2.304110288619995
147 2.304110288619995
148 2.307091474533081
149 2.3088128566741943
150 2.3016245365142822
151 2.294595718383789
152 2.294595718383789
153 2.294595718383789
154 2.298441171646118
155 2.298441171646118
156 2.298441171646118
157 2.3034884929656982
158 2.30314302444458
159 2.30314302444458
160 2.30314302444458
161 2.2989466190338135
162 2.2989466190338135
163 2.3062822818756104
164 2.301114082336426
165 2.298997163772583
166 2.298997163772583
167 2.2946743965148926
168 2.2946743965148926
169 2.2946743965148926
170 2.2946743965148926
171 2.3010196685791016
172 2.3063957691192627
173 2.3032710552215576
174 2.3046698570251465
175 2.296982526779175
176 2.30452299118042
177 2.3027384281158447
178 2.296114683151245
179 2.2988383769989014
180 2.2988383769989014
181 2.2988383769989014
182 2.299283981323242
183 2.305126190185547
184 2.3049118518829346
185 2.3049118518829346
186 2.304567575454712
187 2.307852268218994
188 2.307852268218994
189 2.305610179901123
190 2.2967164516448975
191 2.2967164516448975
192 2.3129286766052246
193 2.3040225505828857
194 2.3027660846710205
195 2.3053228855133057
196 2.3053228855133057
197 2.3053228855133057
198 2.302637815475464
199 2.302637815475464
200 2.3070626258850098
201 2.3045566082000732
202 2.3016018867492676
203 2.295243740081787
204 2.295243740081787
205 2.295243740081787
206 2.3048255443573
207 2.3006300926208496
208 2.2997195720672607
209 2.306898593902588
210 2.306898593902588
211 2.304983615875244
212 2.3080570697784424
213 2.296161413192749
214 2.3039605617523193
215 2.3033087253570557
216 2.29789137840271
217 2.29789137840271
218 2.29789137840271
219 2.29789137840271
220 2.2973406314849854
221 2.2973406314849854
222 2.3014209270477295
223 2.299464464187622
224 2.300992965698242
225 2.2927353382110596
226 2.2992491722106934
227 2.3015828132629395
228 2.304211378097534
229 2.305389165878296
230 2.299093246459961
231 2.299093246459961
232 2.3047358989715576
233 2.3047358989715576
234 2.3003344535827637
235 2.3003344535827637
236 2.3003344535827637
237 2.3003695011138916
238 2.2984983921051025
239 2.3002002239227295
240 2.3051531314849854
241 2.3051531314849854
242 2.3051531314849854
243 2.3045156002044678
244 2.3004884719848633
245 2.307546377182007
246 2.3006415367126465
247 2.307821035385132
248 2.307821035385132
249 2.307821035385132
250 2.307821035385132
251 2.307821035385132
252 2.307691812515259
253 2.307691812515259
254 2.304147243499756
255 2.2970452308654785
256 2.3044962882995605
257 2.29923152923584
258 2.29923152923584
259 2.3110036849975586
260 2.300291061401367
261 2.3010623455047607
262 2.297755002975464
263 2.3003265857696533
264 2.306947708129883
265 2.2953970432281494
266 2.3076870441436768
267 2.3076870441436768
268 2.299642324447632
269 2.299891710281372
270 2.299891710281372
271 2.2996857166290283
272 2.2914161682128906
273 2.305020809173584
274 2.305020809173584
275 2.295323371887207
276 2.295323371887207
277 2.312852621078491
278 2.312852621078491
279 2.312852621078491
280 2.304351806640625
281 2.3000733852386475
282 2.3021719455718994
283 2.3021719455718994
284 2.3021719455718994
285 2.3022468090057373
286 2.3012187480926514
287 2.3012187480926514
288 2.302900791168213
289 2.302900791168213
290 2.302900791168213
291 2.3011062145233154
292 2.299569845199585
293 2.3027772903442383
294 2.3027772903442383
295 2.302060127258301
296 2.301698684692383
297 2.301698684692383
298 2.3078856468200684
299 2.2986483573913574
300 2.3040525913238525
301 2.3040525913238525
302 2.3028571605682373
303 2.3031249046325684
304 2.3031249046325684
305 2.301560878753662
306 2.2978062629699707
307 2.2958743572235107
308 2.3009655475616455
309 2.3009655475616455
310 2.3025968074798584
311 2.3025968074798584
312 2.302694797515869
313 2.302694797515869
314 2.305377721786499
315 2.299583673477173
316 2.3018569946289062
317 2.2997806072235107
318 2.3041117191314697
319 2.3041117191314697
320 2.3041117191314697
321 2.305034637451172
322 2.301851749420166
323 2.301851749420166
324 2.2992796897888184
325 2.2992796897888184
326 2.302175283432007
327 2.2997968196868896
328 2.3030664920806885
329 2.3017709255218506
330 2.305605411529541
331 2.301093101501465
332 2.297954797744751
333 2.2991340160369873
334 2.3075976371765137
335 2.302239418029785
336 2.303441047668457
337 2.3014872074127197
338 2.29833722114563
339 2.29833722114563
340 2.295679807662964
341 2.2914042472839355
342 2.2914042472839355
343 2.3000192642211914
344 2.3000192642211914
345 2.2921910285949707
346 2.2921910285949707
347 2.2949047088623047
348 2.2949047088623047
349 2.2949047088623047
350 2.3026375770568848
351 2.301358461380005
352 2.3007047176361084
353 2.3048489093780518
354 2.298107862472534
355 2.2982170581817627
356 2.2982170581817627
357 2.301060914993286
358 2.297818422317505
359 2.298429012298584
360 2.298429012298584
361 2.299015998840332
362 2.299015998840332
363 2.3058316707611084
364 2.2917046546936035
365 2.2946431636810303
366 2.3057525157928467
367 2.297309637069702
368 2.305698871612549
369 2.3029706478118896
370 2.3012280464172363
371 2.300379514694214
372 2.3012492656707764
373 2.3076000213623047
374 2.3076000213623047
375 2.3031952381134033
376 2.3031952381134033
377 2.3031952381134033
378 2.3031952381134033
379 2.2963919639587402
380 2.304863691329956
381 2.2985310554504395
382 2.2985310554504395
383 2.2985310554504395
384 2.292487382888794
385 2.296800136566162
386 2.3006675243377686
387 2.3006675243377686
388 2.3006675243377686
389 2.3006675243377686
390 2.299670696258545
391 2.2940478324890137
392 2.2940478324890137
393 2.3113887310028076
394 2.3113887310028076
395 2.3121204376220703
396 2.3121204376220703
397 2.3121204376220703
398 2.298207998275757
399 2.298207998275757
400 2.2980339527130127
401 2.296719551086426
402 2.3018527030944824
403 2.292405605316162
404 2.292405605316162
405 2.300718307495117
406 2.300279378890991
407 2.298722982406616
408 2.30287766456604
409 2.302074670791626
410 2.308077335357666
411 2.305070161819458
412 2.2965660095214844
413 2.2965660095214844
414 2.2965660095214844
415 2.2939250469207764
416 2.2939250469207764
417 2.2939250469207764
418 2.301476240158081
419 2.2993345260620117
420 2.2993345260620117
421 2.2993345260620117
422 2.29817533493042
423 2.3033876419067383
424 2.3033876419067383
425 2.3021702766418457
426 2.2969861030578613
427 2.295464277267456
428 2.3033053874969482
429 2.3033053874969482
430 2.305605888366699
431 2.3013813495635986
432 2.2904088497161865
433 2.2904088497161865
434 2.2964234352111816
435 2.299255132675171
436 2.2996103763580322
437 2.2992148399353027
438 2.296919584274292
439 2.3002853393554688
440 2.3002853393554688
441 2.3002853393554688
442 2.291658639907837
443 2.291658639907837
444 2.291658639907837
445 2.291658639907837
446 2.294037342071533
447 2.2921876907348633
448 2.3014230728149414
449 2.304288148880005
450 2.3045310974121094
451 2.3002986907958984
452 2.3002986907958984
453 2.2910497188568115
454 2.2981696128845215
455 2.3059780597686768
456 2.297628879547119
457 2.297628879547119
458 2.3058385848999023
459 2.299834728240967
460 2.299834728240967
461 2.2970385551452637
462 2.300971031188965
463 2.300971031188965
464 2.304858684539795
465 2.304858684539795
466 2.304858684539795
467 2.3023650646209717
468 2.3084914684295654
469 2.300081253051758
470 2.297553539276123
471 2.3002066612243652
472 2.3002066612243652
473 2.299862861633301
474 2.310680866241455
475 2.3039677143096924
476 2.3039677143096924
477 2.3039677143096924
478 2.3039677143096924
479 2.3039677143096924
480 2.3047683238983154
481 2.3047683238983154
482 2.2987823486328125
483 2.300703763961792
484 2.300703763961792
485 2.300703763961792
486 2.300703763961792
487 2.300703763961792
488 2.2987215518951416
489 2.2987215518951416
490 2.304136037826538
491 2.304136037826538
492 2.304136037826538
493 2.308734655380249
494 2.296461820602417
495 2.2958486080169678
496 2.2978906631469727
497 2.299565315246582
498 2.299565315246582
499 2.299565315246582
500 2.299565315246582
501 2.297853469848633
502 2.2962379455566406
503 2.3022286891937256
504 2.2973814010620117
505 2.2973814010620117
506 2.305575370788574
507 2.301908254623413
508 2.2937140464782715
509 2.2937140464782715
510 2.2966644763946533
511 2.2966644763946533
512 2.295549154281616
513 2.299269914627075
514 2.295095443725586
515 2.2945871353149414
516 2.306304931640625
517 2.3074119091033936
518 2.3125460147857666
519 2.3125460147857666
520 2.300147294998169
521 2.300147294998169
522 2.2937192916870117
523 2.302866220474243
524 2.302866220474243
525 2.308319091796875
526 2.308319091796875
527 2.298445701599121
528 2.2988858222961426
529 2.2972376346588135
530 2.3036983013153076
531 2.2960205078125
532 2.2960205078125
533 2.301654815673828
534 2.308067798614502
535 2.302042245864868
536 2.290803909301758
537 2.290803909301758
538 2.3028337955474854
539 2.2924275398254395
540 2.2924275398254395
541 2.30165433883667
542 2.298523187637329
543 2.291621446609497
544 2.291621446609497
545 2.2985315322875977
546 2.2985315322875977
547 2.299548387527466
548 2.3019213676452637
549 2.2868595123291016
550 2.2918765544891357
551 2.3026678562164307
552 2.3024721145629883
553 2.3024721145629883
554 2.3024721145629883
555 2.3024721145629883
556 2.3013999462127686
557 2.3029439449310303
558 2.2919232845306396
559 2.2889065742492676
560 2.2889065742492676
561 2.2943692207336426
562 2.307863235473633
563 2.296203136444092
564 2.299194574356079
565 2.3059611320495605
566 2.3087782859802246
567 2.2877633571624756
568 2.2937562465667725
569 2.2937562465667725
570 2.2949209213256836
571 2.3017725944519043
572 2.2986717224121094
573 2.302475929260254
574 2.308202028274536
575 2.308202028274536
576 2.308202028274536
577 2.3078203201293945
578 2.3078203201293945
579 2.2972118854522705
580 2.2948575019836426
581 2.297314405441284
582 2.295994520187378
583 2.2911062240600586
584 2.3017382621765137
585 2.2929399013519287
586 2.2934646606445312
587 2.2934646606445312
588 2.3007454872131348
589 2.3007454872131348
590 2.3007454872131348
591 2.3007454872131348
592 2.2955880165100098
593 2.2942798137664795
594 2.3035855293273926
595 2.3035855293273926
596 2.302952766418457
597 2.3009896278381348
598 2.295882225036621
599 2.2985141277313232
600 2.2985141277313232
601 2.295698642730713
602 2.2989914417266846
603 2.2995481491088867
604 2.2995481491088867
605 2.297720432281494
606 2.297720432281494
607 2.294283151626587
608 2.2897582054138184
609 2.2897582054138184
610 2.3046653270721436
611 2.3046653270721436
612 2.292879819869995
613 2.3040266036987305
614 2.288602352142334
615 2.288602352142334
616 2.3016645908355713
617 2.3011105060577393
618 2.3036487102508545
619 2.3031721115112305
620 2.2993807792663574
621 2.292536735534668
622 2.292536735534668
623 2.2973134517669678
624 2.2974345684051514
625 2.2948930263519287
626 2.303429365158081
627 2.2895522117614746
628 2.2944486141204834
629 2.2944486141204834
630 2.2944486141204834
631 2.294248580932617
632 2.298521041870117
633 2.3007636070251465
634 2.302172899246216
635 2.3014907836914062
636 2.3014907836914062
637 2.3106637001037598
638 2.3038489818573
639 2.2903406620025635
640 2.2976186275482178
641 2.2976186275482178
642 2.2967169284820557
643 2.2967169284820557
644 2.2967169284820557
645 2.3011889457702637
646 2.297632932662964
647 2.299252510070801
648 2.2955288887023926
649 2.2948122024536133
650 2.306591272354126
651 2.306591272354126
652 2.2937722206115723
653 2.293972969055176
654 2.296558380126953
655 2.2944557666778564
656 2.305112361907959
657 2.305112361907959
658 2.299985647201538
659 2.299985647201538
660 2.299985647201538
661 2.3044915199279785
662 2.2936995029449463
663 2.300713539123535
664 2.300713539123535
665 2.300713539123535
666 2.300713539123535
667 2.290414333343506
668 2.3035762310028076
669 2.3035762310028076
670 2.3035762310028076
671 2.3035762310028076
672 2.3035762310028076
673 2.2937467098236084
674 2.309326171875
675 2.309326171875
676 2.3088464736938477
677 2.3088464736938477
678 2.304910659790039
679 2.304910659790039
680 2.304910659790039
681 2.2986690998077393
682 2.298089027404785
683 2.298089027404785
684 2.3000664710998535
685 2.3000664710998535
686 2.3000664710998535
687 2.3004815578460693
688 2.3040060997009277
689 2.3040060997009277
690 2.3051512241363525
691 2.3051512241363525
692 2.3051512241363525
693 2.3044114112854004
694 2.302349090576172
695 2.290248394012451
696 2.2992758750915527
697 2.2979421615600586
698 2.2942142486572266
699 2.2942142486572266
700 2.2989566326141357
701 2.286543607711792
702 2.2913780212402344
703 2.289968490600586
704 2.30177640914917
705 2.2970988750457764
706 2.2970988750457764
707 2.2962663173675537
708 2.2960352897644043
709 2.2921133041381836
710 2.294567584991455
711 2.293588161468506
712 2.2998456954956055
713 2.304995059967041
714 2.300571918487549
715 2.3062124252319336
716 2.3036985397338867
717 2.3036985397338867
718 2.3036985397338867
719 2.286942720413208
720 2.3016319274902344
721 2.306173801422119
722 2.2971835136413574
723 2.2971835136413574
724 2.2971835136413574
725 2.289079189300537
726 2.2971503734588623
727 2.292466163635254
728 2.3030431270599365
729 2.2897040843963623
730 2.2965786457061768
731 2.2965786457061768
732 2.2965786457061768
733 2.2965786457061768
734 2.3013436794281006
735 2.3013436794281006
736 2.295118808746338
737 2.2962889671325684
738 2.291754961013794
739 2.297490119934082
740 2.297490119934082
741 2.297490119934082
742 2.298835515975952
743 2.298835515975952
744 2.298835515975952
745 2.298835515975952
746 2.302577495574951
747 2.3073618412017822
748 2.3073618412017822
749 2.30365252494812
750 2.31170916557312
751 2.3006885051727295
752 2.2955260276794434
753 2.3098952770233154
754 2.2996826171875
755 2.2989654541015625
756 2.291062355041504
757 2.291062355041504
758 2.291062355041504
759 2.300363540649414
760 2.2929182052612305
761 2.292503595352173
762 2.2997145652770996
763 2.2961483001708984
764 2.2961483001708984
765 2.2991223335266113
766 2.308368444442749
767 2.2936532497406006
768 2.298424482345581
769 2.298424482345581
770 2.3000481128692627
771 2.3000481128692627
772 2.2911722660064697
773 2.2911722660064697
774 2.2911722660064697
775 2.301170825958252
776 2.2983224391937256
777 2.2893242835998535
778 2.2893242835998535
779 2.29423451423645
780 2.302670955657959
781 2.302670955657959
782 2.302670955657959
783 2.294455051422119
784 2.294455051422119
785 2.294455051422119
786 2.292604923248291
787 2.304830312728882
788 2.296616792678833
789 2.305311441421509
790 2.3016724586486816
791 2.299104928970337
792 2.294632911682129
793 2.2978553771972656
794 2.2978553771972656
795 2.2978553771972656
796 2.2924413681030273
797 2.297248601913452
798 2.297248601913452
799 2.2975542545318604
800 2.289271593093872
801 2.2968952655792236
802 2.2965023517608643
803 2.2965023517608643
804 2.2965023517608643
805 2.2965023517608643
806 2.3004515171051025
807 2.2916369438171387
808 2.2916369438171387
809 2.2986960411071777
810 2.2901899814605713
811 2.3007965087890625
812 2.296196222305298
813 2.2893195152282715
814 2.2959532737731934
815 2.3012161254882812
816 2.3042256832122803
817 2.29439115524292
818 2.29439115524292
819 2.29439115524292
820 2.299004554748535
821 2.3026862144470215
822 2.296355962753296
823 2.296355962753296
824 2.2941222190856934
825 2.2941222190856934
826 2.2970080375671387
827 2.2906038761138916
828 2.2893340587615967
829 2.292644739151001
830 2.3064727783203125
831 2.3010940551757812
832 2.299207925796509
833 2.294715404510498
834 2.305997610092163
835 2.3027684688568115
836 2.3091483116149902
837 2.2862424850463867
838 2.2862424850463867
839 2.3015592098236084
840 2.292163610458374
841 2.3017776012420654
842 2.288925886154175
843 2.302943706512451
844 2.3016185760498047
845 2.2902791500091553
846 2.303588390350342
847 2.292142391204834
848 2.3002729415893555
849 2.295598030090332
850 2.296236276626587
851 2.3019046783447266
852 2.2975494861602783
853 2.300917148590088
854 2.30781626701355
855 2.304572343826294
856 2.304572343826294
857 2.2998673915863037
858 2.303884506225586
859 2.303884506225586
860 2.303884506225586
861 2.3030502796173096
862 2.3030502796173096
863 2.3030502796173096
864 2.290334463119507
865 2.2968809604644775
866 2.2978944778442383
867 2.287576675415039
868 2.298630952835083
869 2.298630952835083
870 2.30169677734375
871 2.30169677734375
872 2.30169677734375
873 2.30169677734375
874 2.295804977416992
875 2.2938241958618164
876 2.2938241958618164
877 2.292695999145508
878 2.292264223098755
879 2.291679620742798
880 2.288785219192505
881 2.302931547164917
882 2.2947354316711426
883 2.2947354316711426
884 2.3041932582855225
885 2.2994260787963867
886 2.301161766052246
887 2.2955973148345947
888 2.2972118854522705
889 2.2991158962249756
890 2.294325828552246
891 2.3051233291625977
892 2.2946553230285645
893 2.2981202602386475
894 2.2981202602386475
895 2.284177780151367
896 2.284177780151367
897 2.2973155975341797
898 2.302978992462158
899 2.300818681716919
900 2.300818681716919
901 2.300818681716919
902 2.298781394958496
903 2.2919116020202637
904 2.288301944732666
905 2.288301944732666
906 2.288301944732666
907 2.288301944732666
908 2.287165641784668
909 2.3000648021698
910 2.299126386642456
911 2.2918834686279297
912 2.2995572090148926
913 2.2938039302825928
914 2.296579599380493
915 2.302769660949707
916 2.302769660949707
917 2.2947731018066406
918 2.3010525703430176
919 2.2992172241210938
920 2.2992172241210938
921 2.295431613922119
922 2.295046806335449
923 2.2921435832977295
924 2.3004159927368164
925 2.3004159927368164
926 2.3004159927368164
927 2.3004159927368164
928 2.3004159927368164
929 2.290714740753174
930 2.293388843536377
931 2.296201705932617
932 2.299964427947998
933 2.299964427947998
934 2.299964427947998
935 2.299964427947998
936 2.289431571960449
937 2.2929751873016357
938 2.2929751873016357
939 2.300232410430908
940 2.283475637435913
941 2.283475637435913
942 2.299783945083618
943 2.299783945083618
944 2.2878904342651367
945 2.2919857501983643
946 2.2919857501983643
947 2.3027684688568115
948 2.2967259883880615
949 2.3059446811676025
950 2.3059446811676025
951 2.3059446811676025
952 2.3059446811676025
953 2.2919774055480957
954 2.2938003540039062
955 2.290668487548828
956 2.287274122238159
957 2.2956907749176025
958 2.2938449382781982
959 2.2876453399658203
960 2.289599895477295
961 2.287214994430542
962 2.2953219413757324
963 2.2953219413757324
964 2.2985057830810547
965 2.2985057830810547
966 2.2985057830810547
967 2.2985057830810547
968 2.2985057830810547
969 2.293543815612793
970 2.2854413986206055
971 2.2847635746002197
972 2.299452304840088
973 2.300189733505249
974 2.2949366569519043
975 2.298884391784668
976 2.298884391784668
977 2.298884391784668
978 2.302189826965332
979 2.3027191162109375
980 2.3027191162109375
981 2.2984116077423096
982 2.2931089401245117
983 2.294168472290039
984 2.3013288974761963
985 2.2954070568084717
986 2.2954070568084717
987 2.2954070568084717
988 2.2954070568084717
989 2.300229072570801
990 2.2904908657073975
991 2.2955522537231445
992 2.2909505367279053
993 2.2909505367279053
994 2.2909505367279053
995 2.294480085372925
996 2.2925338745117188
997 2.2945284843444824
998 2.2945284843444824
999 2.2945284843444824
1000 2.2906711101531982
1001 2.2998743057250977
1002 2.2817163467407227
1003 2.2948477268218994
1004 2.2968950271606445
1005 2.2968950271606445
1006 2.2990143299102783
