0 2.3029181957244873
1 2.3039638996124268
2 2.3039638996124268
3 2.2957611083984375
4 2.3035035133361816
5 2.3084397315979004
6 2.3042962551116943
7 2.2960681915283203
8 2.2988901138305664
9 2.304727554321289
10 2.304727554321289
11 2.301849842071533
12 2.301849842071533
13 2.3027076721191406
14 2.3027076721191406
15 2.2965939044952393
16 2.2965939044952393
17 2.30497145652771
18 2.297574520111084
19 2.297574520111084
20 2.299635887145996
21 2.3059206008911133
22 2.3083343505859375
23 2.3083343505859375
24 2.3079307079315186
25 2.305487632751465
26 2.3045904636383057
27 2.30387806892395
28 2.2943179607391357
29 2.2943179607391357
30 2.2992026805877686
31 2.2992026805877686
32 2.2992026805877686
33 2.3015291690826416
34 2.304231882095337
35 2.2988674640655518
36 2.2923126220703125
37 2.302114725112915
38 2.310671806335449
39 2.3053698539733887
40 2.304593324661255
41 2.301199197769165
42 2.299854278564453
43 2.299854278564453
44 2.299854278564453
45 2.3040359020233154
46 2.2956125736236572
47 2.2956125736236572
48 2.2956125736236572
49 2.3048276901245117
50 2.2932963371276855
51 2.307582139968872
52 2.308285713195801
53 2.3024520874023438
54 2.303924083709717
55 2.3094356060028076
56 2.306749105453491
57 2.306749105453491
58 2.3049588203430176
59 2.3049588203430176
60 2.3049588203430176
61 2.306835412979126
62 2.306835412979126
63 2.2969794273376465
64 2.2981579303741455
65 2.30198073387146
66 2.305164098739624
67 2.310847043991089
68 2.310847043991089
69 2.310847043991089
70 2.2986226081848145
71 2.3022282123565674
72 2.302459716796875
73 2.302459716796875
74 2.302459716796875
75 2.302459716796875
76 2.299787759780884
77 2.299787759780884
78 2.299787759780884
79 2.298382043838501
80 2.304389476776123
81 2.3039984703063965
82 2.307957410812378
83 2.2888143062591553
84 2.300441026687622
85 2.300441026687622
86 2.302786350250244
87 2.3009631633758545
88 2.3088440895080566
89 2.300889015197754
90 2.304436206817627
91 2.296664237976074
92 2.305307149887085
93 2.292876720428467
94 2.301675319671631
95 2.3018271923065186
96 2.3002870082855225
97 2.3116867542266846
98 2.298165798187256
99 2.298165798187256
100 2.298165798187256
101 2.3012382984161377
102 2.3012382984161377
103 2.300485849380493
104 2.3027877807617188
105 2.30279278755188
106 2.30279278755188
107 2.30279278755188
108 2.30279278755188
109 2.3022541999816895
110 2.299670934677124
111 2.2992630004882812
112 2.2992630004882812
113 2.2992630004882812
114 2.3014678955078125
115 2.3014678955078125
116 2.2921299934387207
117 2.3005213737487793
118 2.3005213737487793
119 2.2993719577789307
120 2.296731948852539
121 2.296428680419922
122 2.2983882427215576
123 2.303842067718506
124 2.3041348457336426
125 2.302457094192505
126 2.291355609893799
127 2.291355609893799
128 2.291355609893799
129 2.291355609893799
130 2.3120436668395996
131 2.302375078201294
132 2.300058603286743
133 2.3044519424438477
134 2.3061628341674805
135 2.3061628341674805
136 2.2981138229370117
137 2.2997677326202393
138 2.3046908378601074
139 2.3046908378601074
140 2.2945873737335205
141 2.298746347427368
142 2.298746347427368
143 2.3014907836914062
144 2.3001160621643066
145 2.2962050437927246
146 2.30820894241333
147 2.30820894241333
148 2.305222511291504
149 2.305222511291504
150 2.2989840507507324
151 2.3043582439422607
152 2.3043582439422607
153 2.2992756366729736
154 2.3129639625549316
155 2.2970130443573
156 2.2970130443573
157 2.307651996612549
158 2.307651996612549
159 2.304739475250244
160 2.304739475250244
161 2.301847457885742
162 2.301847457885742
163 2.301055908203125
164 2.3012866973876953
165 2.3012866973876953
166 2.290212631225586
167 2.2952041625976562
168 2.305218458175659
169 2.2996182441711426
170 2.3047008514404297
171 2.3018856048583984
172 2.3018856048583984
173 2.302119016647339
174 2.3006303310394287
175 2.3006303310394287
176 2.3032338619232178
177 2.3032338619232178
178 2.3032338619232178
179 2.3032338619232178
180 2.3001623153686523
181 2.3020870685577393
182 2.2934627532958984
183 2.2958834171295166
184 2.3044068813323975
185 2.3096587657928467
186 2.3011579513549805
187 2.2993884086608887
188 2.2971954345703125
189 2.3061203956604004
190 2.3061203956604004
191 2.3061203956604004
192 2.2993836402893066
193 2.303175449371338
194 2.303175449371338
195 2.3062381744384766
196 2.303659439086914
197 2.306283473968506
198 2.3037490844726562
199 2.3037490844726562
200 2.2999839782714844
201 2.2999839782714844
202 2.3023316860198975
203 2.3074772357940674
204 2.3074772357940674
205 2.306023359298706
206 2.297818422317505
207 2.3019068241119385
208 2.30533504486084
209 2.3015785217285156
210 2.294400215148926
211 2.3046865463256836
212 2.3046865463256836
213 2.3012163639068604
214 2.3098247051239014
215 2.2975542545318604
216 2.2974913120269775
217 2.2974913120269775
218 2.29549241065979
219 2.29549241065979
220 2.3031795024871826
221 2.292896032333374
222 2.303420305252075
223 2.303420305252075
224 2.303420305252075
225 2.304316759109497
226 2.2924857139587402
227 2.2924857139587402
228 2.2924857139587402
229 2.2924857139587402
230 2.3045570850372314
231 2.2985496520996094
232 2.2985496520996094
233 2.3031351566314697
234 2.2998921871185303
235 2.299346446990967
236 2.3000173568725586
237 2.2933719158172607
238 2.294099807739258
239 2.299210548400879
240 2.299210548400879
241 2.3029048442840576
242 2.297941207885742
243 2.297941207885742
244 2.306096315383911
245 2.2961275577545166
246 2.303022861480713
247 2.310507297515869
248 2.309238910675049
249 2.2974610328674316
250 2.3026561737060547
251 2.3026561737060547
252 2.297788143157959
253 2.297788143157959
254 2.292026996612549
255 2.292026996612549
256 2.3032970428466797
257 2.3043603897094727
258 2.306335210800171
259 2.306335210800171
260 2.2964770793914795
261 2.2964770793914795
262 2.301079511642456
263 2.301079511642456
264 2.302851676940918
265 2.302851676940918
266 2.308361053466797
267 2.3017418384552
268 2.301959991455078
269 2.2982325553894043
270 2.29445219039917
271 2.29445219039917
272 2.305056571960449
273 2.305056571960449
274 2.302572250366211
275 2.302572250366211
276 2.306102991104126
277 2.306102991104126
278 2.296161651611328
279 2.294915199279785
280 2.303997039794922
281 2.3000874519348145
282 2.3012964725494385
283 2.3012964725494385
284 2.3045551776885986
285 2.290684700012207
286 2.3014333248138428
287 2.299039602279663
288 2.299039602279663
289 2.3016467094421387
290 2.301009178161621
291 2.294712543487549
292 2.306959867477417
293 2.301928997039795
294 2.301928997039795
295 2.301928997039795
296 2.2992196083068848
297 2.2992196083068848
298 2.2992196083068848
299 2.3050410747528076
300 2.3050410747528076
301 2.3007116317749023
302 2.30332612991333
303 2.3068971633911133
304 2.3099212646484375
305 2.287148952484131
306 2.287148952484131
307 2.302706718444824
308 2.300198554992676
309 2.300198554992676
310 2.300198554992676
311 2.300198554992676
312 2.3035809993743896
313 2.300165891647339
314 2.300165891647339
315 2.300165891647339
316 2.300165891647339
317 2.300165891647339
318 2.304518461227417
319 2.2994253635406494
320 2.297449827194214
321 2.303342819213867
322 2.311044454574585
323 2.311044454574585
324 2.311044454574585
325 2.311044454574585
326 2.311044454574585
327 2.298447370529175
328 2.301802635192871
329 2.301802635192871
330 2.301802635192871
331 2.297590970993042
332 2.2983477115631104
333 2.301290988922119
334 2.301290988922119
335 2.2959141731262207
336 2.295753002166748
337 2.2959139347076416
338 2.3008408546447754
339 2.2994799613952637
340 2.2977118492126465
341 2.2977118492126465
342 2.304910659790039
343 2.306457996368408
344 2.307196855545044
345 2.307196855545044
346 2.307196855545044
347 2.307196855545044
348 2.297536849975586
349 2.3007428646087646
350 2.3007428646087646
351 2.299344301223755
352 2.299344301223755
353 2.2993524074554443
354 2.309955596923828
355 2.2991127967834473
356 2.308638572692871
357 2.29898738861084
358 2.305039882659912
359 2.2938218116760254
360 2.304219961166382
361 2.304219961166382
362 2.3044135570526123
363 2.2953591346740723
364 2.3023364543914795
365 2.3017661571502686
366 2.299781084060669
367 2.299781084060669
368 2.299781084060669
369 2.296003818511963
370 2.2993359565734863
371 2.2993359565734863
372 2.304527759552002
373 2.304527759552002
374 2.308065176010132
375 2.299984931945801
376 2.299984931945801
377 2.300506114959717
378 2.297899007797241
379 2.3059237003326416
380 2.3022985458374023
381 2.3031632900238037
382 2.299048662185669
383 2.3071701526641846
384 2.3071701526641846
385 2.302741527557373
386 2.302741527557373
387 2.302741527557373
388 2.302948474884033
389 2.3084778785705566
390 2.3075668811798096
391 2.3075668811798096
392 2.3075668811798096
393 2.299356698989868
394 2.3012402057647705
395 2.298593044281006
396 2.2970032691955566
397 2.2980666160583496
398 2.2934277057647705
399 2.2980782985687256
400 2.2980782985687256
401 2.296119451522827
402 2.304419994354248
403 2.2977840900421143
404 2.2977840900421143
405 2.304375410079956
406 2.2970454692840576
407 2.2970454692840576
408 2.2970454692840576
409 2.296325922012329
410 2.296325922012329
411 2.307021141052246
412 2.308154582977295
413 2.2977631092071533
414 2.304274797439575
415 2.304274797439575
416 2.2887933254241943
417 2.292813301086426
418 2.293372869491577
419 2.2965517044067383
420 2.2965517044067383
421 2.3057069778442383
422 2.2972402572631836
423 2.304738998413086
424 2.3001978397369385
425 2.3102633953094482
426 2.298151731491089
427 2.298151731491089
428 2.300550937652588
429 2.2989680767059326
430 2.299900770187378
431 2.3007683753967285
432 2.3007683753967285
433 2.2988529205322266
434 2.2958803176879883
435 2.2976694107055664
436 2.3000543117523193
437 2.297996759414673
438 2.297996759414673
439 2.2958338260650635
440 2.306997060775757
441 2.306556463241577
442 2.306734800338745
443 2.3041720390319824
444 2.3041720390319824
445 2.3041720390319824
446 2.309774160385132
447 2.300689935684204
448 2.29681658744812
449 2.29681658744812
450 2.29681658744812
451 2.2996397018432617
452 2.2996397018432617
453 2.3053388595581055
454 2.288331985473633
455 2.296764850616455
456 2.2983314990997314
457 2.28888201713562
458 2.28888201713562
459 2.3042960166931152
460 2.3003406524658203
461 2.297321081161499
462 2.297390937805176
463 2.3010549545288086
464 2.3043248653411865
465 2.300351619720459
466 2.2980918884277344
467 2.2980918884277344
468 2.295926809310913
469 2.3034579753875732
470 2.303589344024658
471 2.303589344024658
472 2.309037446975708
473 2.309037446975708
474 2.309037446975708
475 2.298790216445923
476 2.298790216445923
477 2.3056416511535645
478 2.305384635925293
479 2.2995872497558594
480 2.2995872497558594
481 2.301191806793213
482 2.2924489974975586
483 2.2924489974975586
484 2.2963438034057617
485 2.3035168647766113
486 2.2845351696014404
487 2.3032026290893555
488 2.3032026290893555
489 2.2910451889038086
490 2.29927396774292
491 2.2936313152313232
492 2.2919094562530518
493 2.2919094562530518
494 2.299595832824707
495 2.3024630546569824
496 2.3000071048736572
497 2.3051693439483643
498 2.3057854175567627
499 2.304231882095337
500 2.2949748039245605
501 2.2930221557617188
502 2.2930221557617188
503 2.3009984493255615
504 2.3023855686187744
505 2.3015944957733154
506 2.2977726459503174
507 2.2977726459503174
508 2.3001060485839844
509 2.3006832599639893
510 2.3006832599639893
511 2.303738594055176
512 2.2965526580810547
513 2.308262586593628
514 2.308262586593628
515 2.308262586593628
516 2.308262586593628
517 2.3019967079162598
518 2.307295799255371
519 2.301034927368164
520 2.301034927368164
521 2.30073881149292
522 2.3043339252471924
523 2.3043339252471924
524 2.2932844161987305
525 2.2903239727020264
526 2.2990455627441406
527 2.2990455627441406
528 2.3086249828338623
529 2.3086249828338623
530 2.299750566482544
531 2.307997465133667
532 2.296043872833252
533 2.296043872833252
534 2.296043872833252
535 2.296043872833252
536 2.2931203842163086
537 2.29016375541687
538 2.2969703674316406
539 2.309260129928589
540 2.2977988719940186
541 2.2985663414001465
542 2.2974908351898193
543 2.3007118701934814
544 2.296766996383667
545 2.296766996383667
546 2.2948970794677734
547 2.2948970794677734
548 2.294981002807617
549 2.294981002807617
550 2.294981002807617
551 2.3028974533081055
552 2.3028974533081055
553 2.3028974533081055
554 2.303196668624878
555 2.302276849746704
556 2.3047428131103516
557 2.2890419960021973
558 2.2968151569366455
559 2.30741810798645
560 2.30741810798645
561 2.3031113147735596
562 2.299287796020508
563 2.3006246089935303
564 2.2975239753723145
565 2.300356149673462
566 2.310995578765869
567 2.310995578765869
568 2.3015291690826416
569 2.3015291690826416
570 2.298288345336914
571 2.310089111328125
572 2.310089111328125
573 2.2962100505828857
574 2.2864320278167725
575 2.303560972213745
576 2.2975804805755615
577 2.306353807449341
578 2.2919883728027344
579 2.2919883728027344
580 2.2970876693725586
581 2.2970876693725586
582 2.2970876693725586
583 2.2970876693725586
584 2.2970876693725586
585 2.302896022796631
586 2.295667886734009
587 2.3006160259246826
588 2.287961483001709
589 2.2981135845184326
590 2.3030149936676025
591 2.2962148189544678
592 2.301652193069458
593 2.301652193069458
594 2.301652193069458
595 2.294149398803711
596 2.3007960319519043
597 2.305861473083496
598 2.294069528579712
599 2.2918760776519775
600 2.308361768722534
601 2.3061094284057617
602 2.3075344562530518
603 2.297286033630371
604 2.2959344387054443
605 2.293853759765625
606 2.293853759765625
607 2.293853759765625
608 2.305431842803955
609 2.2910120487213135
610 2.3040387630462646
611 2.2982707023620605
612 2.3009860515594482
613 2.3009860515594482
614 2.30403995513916
615 2.2973477840423584
616 2.2973477840423584
617 2.302809000015259
618 2.302809000015259
619 2.302809000015259
620 2.2985782623291016
621 2.299088954925537
622 2.302569627761841
623 2.3029356002807617
624 2.3029356002807617
625 2.3029356002807617
626 2.3029356002807617
627 2.3029356002807617
628 2.2969298362731934
629 2.296116352081299
630 2.2891592979431152
631 2.286433696746826
632 2.3025848865509033
633 2.296616554260254
634 2.296616554260254
635 2.3001277446746826
636 2.3026938438415527
637 2.305093288421631
638 2.294410467147827
639 2.294555187225342
640 2.294555187225342
641 2.294555187225342
642 2.3046345710754395
643 2.3046345710754395
644 2.291985511779785
645 2.291985511779785
646 2.291985511779785
647 2.291494846343994
648 2.291494846343994
649 2.295173406600952
650 2.290717124938965
651 2.2979812622070312
652 2.2978005409240723
653 2.2974562644958496
654 2.2974562644958496
655 2.2974562644958496
656 2.302039861679077
657 2.2949955463409424
658 2.2949955463409424
659 2.2938072681427
660 2.2938072681427
661 2.2938072681427
662 2.2938072681427
663 2.2938072681427
664 2.290996789932251
665 2.2834737300872803
666 2.2834737300872803
667 2.2834737300872803
668 2.2905683517456055
669 2.29409122467041
670 2.297382354736328
671 2.295358896255493
672 2.295358896255493
673 2.296002149581909
674 2.293487787246704
675 2.300747871398926
676 2.293323040008545
677 2.309335708618164
678 2.309335708618164
679 2.304196357727051
680 2.302903652191162
681 2.2998130321502686
682 2.293755292892456
683 2.2998127937316895
684 2.2998127937316895
685 2.3005073070526123
686 2.3029212951660156
687 2.294459581375122
688 2.294459581375122
689 2.294459581375122
690 2.291411876678467
691 2.2922542095184326
692 2.2989115715026855
693 2.2989115715026855
694 2.2989115715026855
695 2.2982921600341797
696 2.292736768722534
697 2.2983245849609375
698 2.2983245849609375
699 2.3030505180358887
700 2.2937159538269043
701 2.2937159538269043
702 2.2937159538269043
703 2.2937159538269043
704 2.2937159538269043
705 2.2937159538269043
706 2.2931268215179443
707 2.291887044906616
708 2.291887044906616
709 2.292907238006592
710 2.299010992050171
711 2.2968881130218506
712 2.2916626930236816
713 2.2916626930236816
714 2.2916626930236816
715 2.298699140548706
716 2.2924611568450928
717 2.3085153102874756
718 2.3066322803497314
719 2.3066322803497314
720 2.3104629516601562
721 2.3104629516601562
722 2.3046231269836426
723 2.3046231269836426
724 2.294396162033081
725 2.2964794635772705
726 2.2994751930236816
727 2.2994751930236816
728 2.3011372089385986
729 2.2907114028930664
730 2.302835702896118
731 2.2953860759735107
732 2.3034982681274414
733 2.3034982681274414
734 2.3045814037323
735 2.2997570037841797
736 2.2997570037841797
737 2.2997570037841797
738 2.2916572093963623
739 2.289736747741699
740 2.2908637523651123
741 2.2948861122131348
742 2.2948861122131348
743 2.293968915939331
744 2.293968915939331
745 2.2984073162078857
746 2.2984073162078857
747 2.290342092514038
748 2.3007278442382812
749 2.29611873626709
750 2.294753313064575
751 2.287384271621704
752 2.2897555828094482
753 2.289973258972168
754 2.3064894676208496
755 2.2844502925872803
756 2.2844502925872803
757 2.3022122383117676
758 2.302351474761963
759 2.302351474761963
760 2.2910470962524414
761 2.290027379989624
762 2.30108380317688
763 2.2981276512145996
764 2.3042619228363037
765 2.3026371002197266
766 2.299802541732788
767 2.2943882942199707
768 2.2943882942199707
769 2.298844814300537
770 2.290879011154175
771 2.298210859298706
772 2.298210859298706
773 2.296175241470337
774 2.2960243225097656
775 2.2958738803863525
776 2.300574779510498
777 2.300574779510498
778 2.298382043838501
779 2.298382043838501
780 2.298382043838501
781 2.298382043838501
782 2.3039231300354004
783 2.305671215057373
784 2.301145315170288
785 2.293292760848999
786 2.293292760848999
787 2.2959909439086914
788 2.2985267639160156
789 2.2985267639160156
790 2.2985267639160156
791 2.293860673904419
792 2.293860673904419
793 2.306685447692871
794 2.2960000038146973
795 2.296383857727051
796 2.2880868911743164
797 2.2975032329559326
798 2.2975032329559326
799 2.2975032329559326
800 2.2925972938537598
801 2.3008503913879395
802 2.2964329719543457
803 2.2858011722564697
804 2.2858011722564697
805 2.3031816482543945
806 2.3031816482543945
807 2.3031816482543945
808 2.3009939193725586
809 2.3054378032684326
810 2.2964634895324707
811 2.2917611598968506
812 2.2958242893218994
813 2.3055617809295654
814 2.305231809616089
815 2.293503522872925
816 2.3040688037872314
817 2.3040688037872314
818 2.290567398071289
819 2.294426679611206
820 2.2955780029296875
821 2.2955780029296875
822 2.293172836303711
823 2.288459300994873
824 2.288459300994873
825 2.30074143409729
826 2.2961087226867676
827 2.2961087226867676
828 2.298851251602173
829 2.298851251602173
830 2.298851251602173
831 2.295395851135254
832 2.2960851192474365
833 2.292539358139038
834 2.3005306720733643
835 2.305602550506592
836 2.305602550506592
837 2.3068177700042725
838 2.3068177700042725
839 2.293752670288086
840 2.2900664806365967
841 2.294100284576416
842 2.294100284576416
843 2.287123680114746
844 2.287123680114746
845 2.2959179878234863
846 2.29917049407959
847 2.297853708267212
848 2.297853708267212
849 2.297853708267212
850 2.297853708267212
851 2.297853708267212
852 2.297853708267212
853 2.3032822608947754
854 2.2956809997558594
855 2.290227174758911
856 2.290227174758911
857 2.296535015106201
858 2.296535015106201
859 2.296535015106201
860 2.2976691722869873
861 2.297457218170166
862 2.305081605911255
863 2.305201292037964
864 2.294222831726074
865 2.3018853664398193
866 2.292954444885254
867 2.292954444885254
868 2.2979748249053955
869 2.293264389038086
870 2.298459529876709
871 2.297144651412964
872 2.3042373657226562
873 2.2917327880859375
874 2.2917327880859375
875 2.290192127227783
876 2.2947802543640137
877 2.2947802543640137
878 2.2947802543640137
879 2.298856496810913
880 2.298856496810913
881 2.299285411834717
882 2.3029110431671143
883 2.292335033416748
884 2.292335033416748
885 2.292335033416748
886 2.300973653793335
887 2.3038082122802734
888 2.3038082122802734
889 2.3038082122802734
890 2.2940287590026855
891 2.293741226196289
892 2.293741226196289
893 2.290179967880249
894 2.290179967880249
895 2.290179967880249
896 2.290179967880249
897 2.2947254180908203
898 2.2947254180908203
899 2.2911603450775146
900 2.291273355484009
901 2.296572685241699
902 2.2979443073272705
903 2.2979443073272705
904 2.293076753616333
905 2.2847540378570557
906 2.2847540378570557
907 2.298236846923828
908 2.2944514751434326
909 2.2970035076141357
910 2.296034574508667
911 2.3014047145843506
912 2.296065092086792
913 2.2994041442871094
914 2.2994041442871094
915 2.2925140857696533
916 2.2896525859832764
917 2.2896525859832764
918 2.2896525859832764
919 2.2896525859832764
920 2.3015546798706055
921 2.2923595905303955
922 2.2923595905303955
923 2.2923595905303955
924 2.2931389808654785
925 2.2927603721618652
926 2.2927603721618652
927 2.2945306301116943
928 2.2945306301116943
929 2.2974038124084473
930 2.2974038124084473
931 2.2974038124084473
932 2.2974038124084473
933 2.297053813934326
934 2.300107717514038
935 2.290430784225464
936 2.2888166904449463
937 2.3078994750976562
938 2.3078994750976562
939 2.2893364429473877
940 2.2893364429473877
941 2.2921600341796875
942 2.290231704711914
943 2.290231704711914
944 2.290231704711914
945 2.290231704711914
946 2.2941291332244873
947 2.291151523590088
948 2.304936170578003
949 2.304936170578003
950 2.2944822311401367
951 2.2930238246917725
952 2.301767349243164
953 2.2882351875305176
954 2.2882351875305176
955 2.2882351875305176
956 2.2882351875305176
957 2.2923696041107178
958 2.2800846099853516
959 2.2800846099853516
960 2.2883989810943604
961 2.2883989810943604
962 2.295041799545288
963 2.298037528991699
964 2.2996394634246826
965 2.2996394634246826
966 2.292158365249634
967 2.2893922328948975
968 2.3038835525512695
969 2.2919631004333496
970 2.290950059890747
971 2.2999157905578613
972 2.291499376296997
973 2.291499376296997
974 2.291499376296997
975 2.298264265060425
976 2.298264265060425
977 2.298264265060425
978 2.2897658348083496
979 2.2897658348083496
980 2.285897970199585
981 2.285897970199585
982 2.294119119644165
983 2.294119119644165
984 2.283642530441284
985 2.283642530441284
986 2.296677350997925
987 2.301607608795166
988 2.301607608795166
989 2.2979955673217773
990 2.287691593170166
991 2.2920072078704834
992 2.2930831909179688
993 2.298736572265625
994 2.298736572265625
995 2.298736572265625
996 2.290461540222168
997 2.2896738052368164
998 2.294783592224121
999 2.290184736251831
1000 2.285676956176758
1001 2.3035449981689453
1002 2.3035449981689453
1003 2.299661159515381
1004 2.295706033706665
1005 2.295706033706665
1006 2.295706033706665
