0 2.3010640144348145
1 2.306182861328125
2 2.2972357273101807
3 2.30120849609375
4 2.294576644897461
5 2.294576644897461
6 2.294576644897461
7 2.294576644897461
8 2.3030807971954346
9 2.3022608757019043
10 2.30448842048645
11 2.30610990524292
12 2.304192066192627
13 2.304192066192627
14 2.299086093902588
15 2.299086093902588
16 2.299086093902588
17 2.31113338470459
18 2.2978923320770264
19 2.2978923320770264
20 2.2953836917877197
21 2.29329776763916
22 2.29329776763916
23 2.305051803588867
24 2.305051803588867
25 2.3089687824249268
26 2.3089687824249268
27 2.3031115531921387
28 2.3125007152557373
29 2.3125007152557373
30 2.305110454559326
31 2.2898190021514893
32 2.2931153774261475
33 2.2931153774261475
34 2.3002116680145264
35 2.306814432144165
36 2.2932422161102295
37 2.2941198348999023
38 2.3016252517700195
39 2.296286106109619
40 2.296286106109619
41 2.296286106109619
42 2.303657293319702
43 2.303657293319702
44 2.303657293319702
45 2.3043296337127686
46 2.2963855266571045
47 2.2963855266571045
48 2.2973294258117676
49 2.300150156021118
50 2.300150156021118
51 2.3109865188598633
52 2.298017978668213
53 2.298017978668213
54 2.30409574508667
55 2.3012795448303223
56 2.3060948848724365
57 2.3060948848724365
58 2.302201747894287
59 2.3037285804748535
60 2.3037285804748535
61 2.3037285804748535
62 2.3047468662261963
63 2.301952838897705
64 2.3049943447113037
65 2.2988345623016357
66 2.296316385269165
67 2.296316385269165
68 2.296316385269165
69 2.299689769744873
70 2.308912754058838
71 2.2985148429870605
72 2.298088788986206
73 2.3023884296417236
74 2.2920916080474854
75 2.299262523651123
76 2.299262523651123
77 2.301241874694824
78 2.2964580059051514
79 2.3034398555755615
80 2.303065061569214
81 2.303065061569214
82 2.303065061569214
83 2.305009365081787
84 2.305009365081787
85 2.305009365081787
86 2.3074557781219482
87 2.3032913208007812
88 2.3032913208007812
89 2.294774055480957
90 2.294774055480957
91 2.30033278465271
92 2.3085083961486816
93 2.3085083961486816
94 2.3085083961486816
95 2.29856014251709
96 2.29856014251709
97 2.305734872817993
98 2.305734872817993
99 2.305734872817993
100 2.302917242050171
101 2.2990658283233643
102 2.2976560592651367
103 2.3055336475372314
104 2.3007888793945312
105 2.3020308017730713
106 2.3020308017730713
107 2.3048272132873535
108 2.3036463260650635
109 2.30033802986145
110 2.30033802986145
111 2.307206392288208
112 2.3018486499786377
113 2.307446002960205
114 2.300668954849243
115 2.3033740520477295
116 2.3033740520477295
117 2.3033740520477295
118 2.2915775775909424
119 2.3036506175994873
120 2.3036506175994873
121 2.299342155456543
122 2.299342155456543
123 2.299342155456543
124 2.299342155456543
125 2.2971012592315674
126 2.299346685409546
127 2.296133041381836
128 2.296133041381836
129 2.3060266971588135
130 2.3060266971588135
131 2.3060266971588135
132 2.3068954944610596
133 2.3068954944610596
134 2.299844741821289
135 2.3075859546661377
136 2.307398557662964
137 2.307398557662964
138 2.2984702587127686
139 2.2927134037017822
140 2.3000736236572266
141 2.30631422996521
142 2.2979979515075684
143 2.2979979515075684
144 2.293457508087158
145 2.3031327724456787
146 2.3031327724456787
147 2.3084981441497803
148 2.3022704124450684
149 2.3022704124450684
150 2.3043839931488037
151 2.306056022644043
152 2.3082656860351562
153 2.303727865219116
154 2.298227310180664
155 2.301037073135376
156 2.2959282398223877
157 2.2959282398223877
158 2.3031702041625977
159 2.306178092956543
160 2.2986807823181152
161 2.304940938949585
162 2.3015081882476807
163 2.304147243499756
164 2.3028810024261475
165 2.2999978065490723
166 2.3016886711120605
167 2.303250312805176
168 2.302395820617676
169 2.2904465198516846
170 2.305253744125366
171 2.305253744125366
172 2.3022680282592773
173 2.3022680282592773
174 2.2990496158599854
175 2.2990496158599854
176 2.2990496158599854
177 2.2990190982818604
178 2.2990190982818604
179 2.2970705032348633
180 2.302898406982422
181 2.306363821029663
182 2.3000755310058594
183 2.3000755310058594
184 2.301104784011841
185 2.301104784011841
186 2.3091752529144287
187 2.3091752529144287
188 2.299161911010742
189 2.303896903991699
190 2.2995612621307373
191 2.3004136085510254
192 2.3004136085510254
193 2.294694185256958
194 2.3015851974487305
195 2.303445339202881
196 2.305644989013672
197 2.299004316329956
198 2.291463613510132
199 2.3038785457611084
200 2.3031089305877686
201 2.3015573024749756
202 2.2982704639434814
203 2.2963452339172363
204 2.298112154006958
205 2.304260015487671
206 2.304260015487671
207 2.304260015487671
208 2.2988595962524414
209 2.3078372478485107
210 2.305638551712036
211 2.298517942428589
212 2.305816650390625
213 2.307875871658325
214 2.307875871658325
215 2.307875871658325
216 2.2946693897247314
217 2.3025951385498047
218 2.294282913208008
219 2.3016912937164307
220 2.3016912937164307
221 2.2981839179992676
222 2.2981839179992676
223 2.2981839179992676
224 2.294048309326172
225 2.305143356323242
226 2.300734758377075
227 2.300734758377075
228 2.303359031677246
229 2.303992986679077
230 2.2948191165924072
231 2.297376871109009
232 2.297376871109009
233 2.2990787029266357
234 2.296222686767578
235 2.3014683723449707
236 2.29226016998291
237 2.297492742538452
238 2.297492742538452
239 2.297611713409424
240 2.294888973236084
241 2.294888973236084
242 2.30094051361084
243 2.302206516265869
244 2.302206516265869
245 2.30352783203125
246 2.30352783203125
247 2.3017730712890625
248 2.3086330890655518
249 2.304497480392456
250 2.3109211921691895
251 2.301253318786621
252 2.297537326812744
253 2.3033852577209473
254 2.3016912937164307
255 2.292080879211426
256 2.300424098968506
257 2.300424098968506
258 2.305128574371338
259 2.3074851036071777
260 2.2988436222076416
261 2.2988436222076416
262 2.3034462928771973
263 2.3034462928771973
264 2.3034462928771973
265 2.2956533432006836
266 2.2989654541015625
267 2.2961349487304688
268 2.284604549407959
269 2.284604549407959
270 2.3094258308410645
271 2.3094258308410645
272 2.3008551597595215
273 2.3087942600250244
274 2.302055835723877
275 2.302055835723877
276 2.3023204803466797
277 2.3024351596832275
278 2.3024351596832275
279 2.3024351596832275
280 2.3014848232269287
281 2.3108856678009033
282 2.296360731124878
283 2.2969610691070557
284 2.2969610691070557
285 2.299968719482422
286 2.299968719482422
287 2.299968719482422
288 2.299968719482422
289 2.299968719482422
290 2.3017280101776123
291 2.2979660034179688
292 2.3011069297790527
293 2.3025875091552734
294 2.3025875091552734
295 2.299745559692383
296 2.301753282546997
297 2.303313970565796
298 2.2990317344665527
299 2.3007283210754395
300 2.303586721420288
301 2.298072576522827
302 2.3008012771606445
303 2.292264938354492
304 2.3005316257476807
305 2.294297456741333
306 2.294297456741333
307 2.2997474670410156
308 2.2997474670410156
309 2.303663492202759
310 2.3063507080078125
311 2.3028440475463867
312 2.298356533050537
313 2.298356533050537
314 2.3042123317718506
315 2.3042123317718506
316 2.300248622894287
317 2.301640033721924
318 2.2973175048828125
319 2.2973175048828125
320 2.2973175048828125
321 2.296346426010132
322 2.3014938831329346
323 2.3017427921295166
324 2.3009679317474365
325 2.3025412559509277
326 2.306206226348877
327 2.306206226348877
328 2.302988290786743
329 2.3005731105804443
330 2.3005731105804443
331 2.304344415664673
332 2.304344415664673
333 2.3015310764312744
334 2.3000056743621826
335 2.3000056743621826
336 2.3000056743621826
337 2.2951431274414062
338 2.2951431274414062
339 2.2951431274414062
340 2.300635576248169
341 2.300635576248169
342 2.299307346343994
343 2.3024253845214844
344 2.2950873374938965
345 2.3000199794769287
346 2.298582077026367
347 2.29614520072937
348 2.302027463912964
349 2.302027463912964
350 2.3004539012908936
351 2.3004539012908936
352 2.3002099990844727
353 2.3000974655151367
354 2.3000974655151367
355 2.299675941467285
356 2.299675941467285
357 2.299675941467285
358 2.3010365962982178
359 2.299009323120117
360 2.299009323120117
361 2.2948641777038574
362 2.2948641777038574
363 2.2936689853668213
364 2.2936689853668213
365 2.295006513595581
366 2.297819137573242
367 2.297819137573242
368 2.311662197113037
369 2.301995277404785
370 2.304201126098633
371 2.2978994846343994
372 2.299100399017334
373 2.3024203777313232
374 2.3017423152923584
375 2.2927956581115723
376 2.3028478622436523
377 2.3000576496124268
378 2.3042659759521484
379 2.3042659759521484
380 2.3027942180633545
381 2.298813819885254
382 2.3071279525756836
383 2.3071279525756836
384 2.3059303760528564
385 2.3059303760528564
386 2.3059303760528564
387 2.3002564907073975
388 2.3021328449249268
389 2.3099265098571777
390 2.304295778274536
391 2.3051953315734863
392 2.296694278717041
393 2.3100130558013916
394 2.3053369522094727
395 2.3000175952911377
396 2.3000175952911377
397 2.3034417629241943
398 2.2916853427886963
399 2.2916853427886963
400 2.2916853427886963
401 2.300485372543335
402 2.2957024574279785
403 2.3023619651794434
404 2.2996182441711426
405 2.2996182441711426
406 2.2961642742156982
407 2.2999985218048096
408 2.3009233474731445
409 2.3053576946258545
410 2.3053576946258545
411 2.3053576946258545
412 2.3053576946258545
413 2.3017842769622803
414 2.2963430881500244
415 2.2936108112335205
416 2.2998275756835938
417 2.2998275756835938
418 2.2962217330932617
419 2.300973415374756
420 2.3002285957336426
421 2.3009989261627197
422 2.3041038513183594
423 2.3041038513183594
424 2.2990431785583496
425 2.2990431785583496
426 2.2990431785583496
427 2.298637866973877
428 2.298637866973877
429 2.298583984375
430 2.3020899295806885
431 2.29935359954834
432 2.2968013286590576
433 2.307359457015991
434 2.3025758266448975
435 2.300666570663452
436 2.3047332763671875
437 2.3047332763671875
438 2.3054232597351074
439 2.3054232597351074
440 2.3054232597351074
441 2.303375244140625
442 2.2903783321380615
443 2.2903783321380615
444 2.300421714782715
445 2.300421714782715
446 2.300436496734619
447 2.294121265411377
448 2.30755352973938
449 2.30755352973938
450 2.301919460296631
451 2.301919460296631
452 2.301919460296631
453 2.301919460296631
454 2.2994396686553955
455 2.2994396686553955
456 2.287700653076172
457 2.287700653076172
458 2.287700653076172
459 2.305938243865967
460 2.305938243865967
461 2.305938243865967
462 2.2953014373779297
463 2.2952160835266113
464 2.29416823387146
465 2.2899837493896484
466 2.3008742332458496
467 2.3008742332458496
468 2.3008742332458496
469 2.2955353260040283
470 2.2985105514526367
471 2.2971513271331787
472 2.2918035984039307
473 2.3031930923461914
474 2.304034471511841
475 2.304034471511841
476 2.2987544536590576
477 2.303464651107788
478 2.304532766342163
479 2.3012003898620605
480 2.302755832672119
481 2.309283494949341
482 2.298973798751831
483 2.296140670776367
484 2.3032703399658203
485 2.3032703399658203
486 2.2964015007019043
487 2.2964015007019043
488 2.29417085647583
489 2.301187515258789
490 2.302232265472412
491 2.300008535385132
492 2.300008535385132
493 2.2987895011901855
494 2.3022549152374268
495 2.3022549152374268
496 2.3117523193359375
497 2.3008296489715576
498 2.3008296489715576
499 2.3008296489715576
500 2.3008296489715576
501 2.3008296489715576
502 2.3122265338897705
503 2.3122265338897705
504 2.3122265338897705
505 2.296560049057007
506 2.296560049057007
507 2.3008131980895996
508 2.297666072845459
509 2.3008503913879395
510 2.3038556575775146
511 2.301544427871704
512 2.299116849899292
513 2.2981197834014893
514 2.304619073867798
515 2.2987117767333984
516 2.302338123321533
517 2.2919392585754395
518 2.2919392585754395
519 2.2921085357666016
520 2.2865397930145264
521 2.2865397930145264
522 2.2865397930145264
523 2.2992143630981445
524 2.2944271564483643
525 2.2972025871276855
526 2.2972025871276855
527 2.2948737144470215
528 2.301349401473999
529 2.3026480674743652
530 2.3026480674743652
531 2.303176164627075
532 2.303176164627075
533 2.2963967323303223
534 2.2963967323303223
535 2.29742693901062
536 2.29742693901062
537 2.306485176086426
538 2.306485176086426
539 2.306485176086426
540 2.291388988494873
541 2.303741455078125
542 2.298548698425293
543 2.302248954772949
544 2.3061492443084717
545 2.300882339477539
546 2.300882339477539
547 2.3032753467559814
548 2.3032753467559814
549 2.3032753467559814
550 2.2943050861358643
551 2.3052902221679688
552 2.302293062210083
553 2.2934951782226562
554 2.2934951782226562
555 2.300590753555298
556 2.300590753555298
557 2.300590753555298
558 2.302433967590332
559 2.302433967590332
560 2.296590566635132
561 2.293022394180298
562 2.29499888420105
563 2.29499888420105
564 2.29499888420105
565 2.29499888420105
566 2.3018271923065186
567 2.297654151916504
568 2.297654151916504
569 2.3052785396575928
570 2.3008522987365723
571 2.2928593158721924
572 2.304231643676758
573 2.306940793991089
574 2.306940793991089
575 2.300276041030884
576 2.3003525733947754
577 2.298825263977051
578 2.298825263977051
579 2.301142930984497
580 2.294504165649414
581 2.2934200763702393
582 2.2938640117645264
583 2.2938640117645264
584 2.2988617420196533
585 2.2988617420196533
586 2.300532579421997
587 2.2945079803466797
588 2.2945079803466797
589 2.3020060062408447
590 2.3010103702545166
591 2.2988083362579346
592 2.2988083362579346
593 2.2983710765838623
594 2.2977795600891113
595 2.2977795600891113
596 2.2967166900634766
597 2.295602560043335
598 2.303738594055176
599 2.2957863807678223
600 2.3019115924835205
601 2.305805206298828
602 2.2931315898895264
603 2.299767017364502
604 2.305026054382324
605 2.298144578933716
606 2.298144578933716
607 2.298144578933716
608 2.298144578933716
609 2.298144578933716
610 2.2969324588775635
611 2.301492214202881
612 2.2970211505889893
613 2.2902610301971436
614 2.2902610301971436
615 2.3098833560943604
616 2.3098833560943604
617 2.3018200397491455
618 2.3014681339263916
619 2.3071234226226807
620 2.2973251342773438
621 2.2973251342773438
622 2.3017594814300537
623 2.308732509613037
624 2.2986435890197754
625 2.3014392852783203
626 2.298677921295166
627 2.282787799835205
628 2.299884080886841
629 2.299884080886841
630 2.310093402862549
631 2.310093402862549
632 2.301361083984375
633 2.298182964324951
634 2.309067726135254
635 2.305402994155884
636 2.296942710876465
637 2.2970004081726074
638 2.2986373901367188
639 2.303281307220459
640 2.293313503265381
641 2.2990193367004395
642 2.2963578701019287
643 2.3083770275115967
644 2.3083770275115967
645 2.3083770275115967
646 2.297565460205078
647 2.2921109199523926
648 2.2921109199523926
649 2.310413360595703
650 2.310413360595703
651 2.2968909740448
652 2.301619052886963
653 2.301619052886963
654 2.301619052886963
655 2.301619052886963
656 2.301619052886963
657 2.295116901397705
658 2.295116901397705
659 2.2962608337402344
660 2.3038485050201416
661 2.2946043014526367
662 2.2946043014526367
663 2.3001067638397217
664 2.295779228210449
665 2.297609567642212
666 2.295834541320801
667 2.3011672496795654
668 2.3012421131134033
669 2.295189619064331
670 2.2989420890808105
671 2.2989420890808105
672 2.300358295440674
673 2.301506757736206
674 2.301506757736206
675 2.301506757736206
676 2.301506757736206
677 2.301506757736206
678 2.302471160888672
679 2.296776533126831
680 2.296776533126831
681 2.293609142303467
682 2.2982213497161865
683 2.3005871772766113
684 2.3005871772766113
685 2.3005871772766113
686 2.299010992050171
687 2.292112350463867
688 2.303480625152588
689 2.295365810394287
690 2.295365810394287
691 2.294994831085205
692 2.294994831085205
693 2.2957727909088135
694 2.293238401412964
695 2.2962193489074707
696 2.293605089187622
697 2.293605089187622
698 2.307229995727539
699 2.2982258796691895
700 2.295222520828247
701 2.303676128387451
702 2.303676128387451
703 2.2972123622894287
704 2.3036983013153076
705 2.3036983013153076
706 2.300154685974121
707 2.300154685974121
708 2.292365550994873
709 2.292365550994873
710 2.2948520183563232
711 2.2948520183563232
712 2.2858121395111084
713 2.29581618309021
714 2.3036327362060547
715 2.3036327362060547
716 2.2972066402435303
717 2.2972066402435303
718 2.3005573749542236
719 2.2991158962249756
720 2.2991158962249756
721 2.2967119216918945
722 2.2967119216918945
723 2.3012824058532715
724 2.3081698417663574
725 2.3081698417663574
726 2.3081698417663574
727 2.307817220687866
728 2.307817220687866
729 2.307817220687866
730 2.2924208641052246
731 2.2924208641052246
732 2.2931435108184814
733 2.297666549682617
734 2.297666549682617
735 2.2997965812683105
736 2.291468381881714
737 2.291468381881714
738 2.2911407947540283
739 2.3024778366088867
740 2.3025856018066406
741 2.303258180618286
742 2.303258180618286
743 2.2947490215301514
744 2.294671058654785
745 2.294671058654785
746 2.2945847511291504
747 2.2937405109405518
748 2.2937405109405518
749 2.2964794635772705
750 2.2964794635772705
751 2.296562671661377
752 2.281080722808838
753 2.3021445274353027
754 2.300617218017578
755 2.2868964672088623
756 2.3074419498443604
757 2.2982494831085205
758 2.2982494831085205
759 2.2888686656951904
760 2.2964484691619873
761 2.2964484691619873
762 2.2964484691619873
763 2.2964484691619873
764 2.2937276363372803
765 2.29345440864563
766 2.29345440864563
767 2.29345440864563
768 2.29345440864563
769 2.2955000400543213
770 2.2973756790161133
771 2.2968034744262695
772 2.2968034744262695
773 2.286555528640747
774 2.3036842346191406
775 2.2859795093536377
776 2.2957603931427
777 2.297438859939575
778 2.299469470977783
779 2.2941415309906006
780 2.3047585487365723
781 2.2992944717407227
782 2.304081916809082
783 2.298816204071045
784 2.298816204071045
785 2.2961220741271973
786 2.2961819171905518
787 2.294142723083496
788 2.294142723083496
789 2.294142723083496
790 2.294142723083496
791 2.2973477840423584
792 2.293344736099243
793 2.293344736099243
794 2.292131185531616
795 2.292131185531616
796 2.3016319274902344
797 2.2985241413116455
798 2.2958755493164062
799 2.2958755493164062
800 2.298661470413208
801 2.298661470413208
802 2.3059115409851074
803 2.3059115409851074
804 2.2928054332733154
805 2.298234224319458
806 2.288454532623291
807 2.299799919128418
808 2.3008134365081787
809 2.294419765472412
810 2.3001036643981934
811 2.3001036643981934
812 2.3001036643981934
813 2.3001036643981934
814 2.293120861053467
815 2.293120861053467
816 2.304353713989258
817 2.2933566570281982
818 2.2966561317443848
819 2.298454999923706
820 2.2954025268554688
821 2.2859668731689453
822 2.294503927230835
823 2.2834906578063965
824 2.294184923171997
825 2.290902614593506
826 2.2898833751678467
827 2.2997961044311523
828 2.290144681930542
829 2.302612781524658
830 2.302612781524658
831 2.302612781524658
832 2.3067970275878906
833 2.2873878479003906
834 2.286017656326294
835 2.301339626312256
836 2.2961809635162354
837 2.2997052669525146
838 2.288907766342163
839 2.3020119667053223
840 2.3054423332214355
841 2.304384469985962
842 2.297820568084717
843 2.291546583175659
844 2.291546583175659
845 2.291546583175659
846 2.2939858436584473
847 2.2939858436584473
848 2.2939858436584473
849 2.3021047115325928
850 2.2992396354675293
851 2.306797981262207
852 2.306797981262207
853 2.2833356857299805
854 2.2943646907806396
855 2.2943646907806396
856 2.299635887145996
857 2.2993578910827637
858 2.2944581508636475
859 2.296743631362915
860 2.29762601852417
861 2.2942392826080322
862 2.292562484741211
863 2.2881650924682617
864 2.298001289367676
865 2.298001289367676
866 2.282560110092163
867 2.282560110092163
868 2.282560110092163
869 2.282560110092163
870 2.2950069904327393
871 2.2950069904327393
872 2.2950069904327393
873 2.2950069904327393
874 2.2983522415161133
875 2.2983522415161133
876 2.2955050468444824
877 2.2950618267059326
878 2.290433883666992
879 2.290433883666992
880 2.2929587364196777
881 2.2929587364196777
882 2.2929587364196777
883 2.2946929931640625
884 2.2946929931640625
885 2.2946929931640625
886 2.2965078353881836
887 2.2965078353881836
888 2.2965078353881836
889 2.2965078353881836
890 2.3004965782165527
891 2.2996561527252197
892 2.295823097229004
893 2.3032917976379395
894 2.3032917976379395
895 2.300722599029541
896 2.300722599029541
897 2.300722599029541
898 2.300722599029541
899 2.2967052459716797
900 2.2967052459716797
901 2.289226531982422
902 2.2961461544036865
903 2.2897186279296875
904 2.295927047729492
905 2.291064739227295
906 2.2990198135375977
907 2.298022747039795
908 2.2983131408691406
909 2.2966055870056152
910 2.3013226985931396
911 2.3013226985931396
912 2.3056256771087646
913 2.3056256771087646
914 2.291841506958008
915 2.2959301471710205
916 2.2959301471710205
917 2.292567014694214
918 2.3009021282196045
919 2.283714771270752
920 2.2975661754608154
921 2.292480230331421
922 2.2867417335510254
923 2.2867417335510254
924 2.2938740253448486
925 2.2938740253448486
926 2.2925519943237305
927 2.298948049545288
928 2.2927658557891846
929 2.2927658557891846
930 2.2916011810302734
931 2.3003666400909424
932 2.2897515296936035
933 2.3011317253112793
934 2.2930219173431396
935 2.2966182231903076
936 2.3030173778533936
937 2.299443483352661
938 2.2867534160614014
939 2.3017139434814453
940 2.2896857261657715
941 2.28933048248291
942 2.2977242469787598
943 2.3002283573150635
944 2.289565086364746
945 2.3004074096679688
946 2.302431583404541
947 2.2858452796936035
948 2.2858452796936035
949 2.283074378967285
950 2.302713632583618
951 2.299752712249756
952 2.299703598022461
953 2.299703598022461
954 2.296318531036377
955 2.2898590564727783
956 2.28739857673645
957 2.29058575630188
958 2.29058575630188
959 2.29058575630188
960 2.285065174102783
961 2.2936229705810547
962 2.2881202697753906
963 2.2907915115356445
964 2.304253578186035
965 2.294543743133545
966 2.2999720573425293
967 2.2999720573425293
968 2.287654399871826
969 2.3079938888549805
970 2.3079938888549805
971 2.29756236076355
972 2.2911972999572754
973 2.2986292839050293
974 2.2844302654266357
975 2.2940304279327393
976 2.2892441749572754
977 2.297290325164795
978 2.297290325164795
979 2.29247784614563
980 2.2886569499969482
981 2.2869503498077393
982 2.2869503498077393
983 2.2869503498077393
984 2.2869503498077393
985 2.2869503498077393
986 2.2869503498077393
987 2.288889169692993
988 2.286425828933716
989 2.286425828933716
990 2.2891793251037598
991 2.290398597717285
992 2.285282850265503
993 2.285282850265503
994 2.3067338466644287
995 2.2855403423309326
996 2.2908473014831543
997 2.2908473014831543
998 2.291825532913208
999 2.291825532913208
1000 2.2853660583496094
1001 2.2870945930480957
1002 2.2850258350372314
1003 2.2974493503570557
1004 2.2974493503570557
1005 2.2974493503570557
1006 2.2974493503570557
