0 2.298098087310791
1 2.3035473823547363
2 2.3070037364959717
3 2.3070037364959717
4 2.3070037364959717
5 2.29409122467041
6 2.29409122467041
7 2.304708242416382
8 2.30122971534729
9 2.2976136207580566
10 2.302642345428467
11 2.3028626441955566
12 2.3028626441955566
13 2.306094169616699
14 2.306094169616699
15 2.2975094318389893
16 2.305083751678467
17 2.3000595569610596
18 2.3000595569610596
19 2.3124828338623047
20 2.3029654026031494
21 2.3072032928466797
22 2.3074002265930176
23 2.3074002265930176
24 2.3090085983276367
25 2.288483142852783
26 2.2930617332458496
27 2.3025479316711426
28 2.3046271800994873
29 2.2961010932922363
30 2.2961010932922363
31 2.311627149581909
32 2.308227062225342
33 2.3031539916992188
34 2.3031539916992188
35 2.2987399101257324
36 2.3132574558258057
37 2.311279058456421
38 2.3032143115997314
39 2.3032143115997314
40 2.302913188934326
41 2.302913188934326
42 2.302913188934326
43 2.307537078857422
44 2.3026766777038574
45 2.3026766777038574
46 2.299287796020508
47 2.2959330081939697
48 2.3008174896240234
49 2.302489757537842
50 2.301722764968872
51 2.302623748779297
52 2.302623748779297
53 2.295203685760498
54 2.295203685760498
55 2.308255195617676
56 2.299795627593994
57 2.299679756164551
58 2.299679756164551
59 2.3040549755096436
60 2.2977468967437744
61 2.2948110103607178
62 2.2948110103607178
63 2.3056585788726807
64 2.2940664291381836
65 2.2998857498168945
66 2.2975807189941406
67 2.2994561195373535
68 2.3066887855529785
69 2.2977356910705566
70 2.2977356910705566
71 2.2977356910705566
72 2.299264907836914
73 2.30440354347229
74 2.304980516433716
75 2.304980516433716
76 2.2981560230255127
77 2.2922399044036865
78 2.3011221885681152
79 2.3053627014160156
80 2.2972147464752197
81 2.303306818008423
82 2.303306818008423
83 2.303306818008423
84 2.300971508026123
85 2.2960073947906494
86 2.2978804111480713
87 2.3029894828796387
88 2.2912256717681885
89 2.2912256717681885
90 2.3026366233825684
91 2.3026366233825684
92 2.3026366233825684
93 2.2977194786071777
94 2.3012657165527344
95 2.301053047180176
96 2.3034415245056152
97 2.3049604892730713
98 2.3049604892730713
99 2.3036134243011475
100 2.3010218143463135
101 2.308866024017334
102 2.3007054328918457
103 2.3007054328918457
104 2.3007054328918457
105 2.3007054328918457
106 2.2987234592437744
107 2.2987234592437744
108 2.307447671890259
109 2.2969119548797607
110 2.3037350177764893
111 2.2989821434020996
112 2.3013341426849365
113 2.301015615463257
114 2.295462131500244
115 2.295462131500244
116 2.295462131500244
117 2.295462131500244
118 2.298440933227539
119 2.300971031188965
120 2.300971031188965
121 2.303480625152588
122 2.294654130935669
123 2.299762725830078
124 2.3008222579956055
125 2.2997612953186035
126 2.2953004837036133
127 2.2953004837036133
128 2.3023364543914795
129 2.3023364543914795
130 2.30273175239563
131 2.3009262084960938
132 2.3051645755767822
133 2.297142505645752
134 2.3069591522216797
135 2.3069591522216797
136 2.3032989501953125
137 2.301198720932007
138 2.2954695224761963
139 2.3064393997192383
140 2.302415132522583
141 2.309156656265259
142 2.309156656265259
143 2.3016839027404785
144 2.2981317043304443
145 2.2981317043304443
146 2.300480842590332
147 2.294293165206909
148 2.294293165206909
149 2.297609806060791
150 2.2988860607147217
151 2.3002734184265137
152 2.29909610748291
153 2.3105318546295166
154 2.2928786277770996
155 2.3013150691986084
156 2.3052620887756348
157 2.3017942905426025
158 2.3054935932159424
159 2.307948112487793
160 2.3000049591064453
161 2.306509494781494
162 2.2984354496002197
163 2.3026857376098633
164 2.3010659217834473
165 2.301579713821411
166 2.301579713821411
167 2.3013699054718018
168 2.3024792671203613
169 2.306241035461426
170 2.306241035461426
171 2.306299924850464
172 2.296868085861206
173 2.302182912826538
174 2.2950801849365234
175 2.300713539123535
176 2.312074661254883
177 2.312074661254883
178 2.308307647705078
179 2.308307647705078
180 2.3036980628967285
181 2.2971744537353516
182 2.2971744537353516
183 2.2971744537353516
184 2.2971744537353516
185 2.3031842708587646
186 2.3031842708587646
187 2.3069095611572266
188 2.303607702255249
189 2.303607702255249
190 2.303607702255249
191 2.3062355518341064
192 2.295990467071533
193 2.2972843647003174
194 2.2944908142089844
195 2.3025994300842285
196 2.300377607345581
197 2.300377607345581
198 2.3095967769622803
199 2.2971384525299072
200 2.2971384525299072
201 2.2968227863311768
202 2.2968227863311768
203 2.304116725921631
204 2.303358793258667
205 2.303358793258667
206 2.2990994453430176
207 2.301415205001831
208 2.301415205001831
209 2.292691946029663
210 2.3059191703796387
211 2.296858549118042
212 2.302595615386963
213 2.302595615386963
214 2.2958364486694336
215 2.3020241260528564
216 2.2990496158599854
217 2.302215576171875
218 2.3033504486083984
219 2.3033504486083984
220 2.3015637397766113
221 2.3048887252807617
222 2.3032994270324707
223 2.304736852645874
224 2.304736852645874
225 2.304736852645874
226 2.304736852645874
227 2.3045806884765625
228 2.2973685264587402
229 2.3032524585723877
230 2.303483009338379
231 2.2982683181762695
232 2.2982683181762695
233 2.2935922145843506
234 2.294630765914917
235 2.3039281368255615
236 2.3039281368255615
237 2.3039281368255615
238 2.306380271911621
239 2.306380271911621
240 2.306380271911621
241 2.301725387573242
242 2.3021750450134277
243 2.3023226261138916
244 2.2988932132720947
245 2.298987865447998
246 2.3053455352783203
247 2.3053455352783203
248 2.3053455352783203
249 2.3053455352783203
250 2.301032781600952
251 2.301032781600952
252 2.301032781600952
253 2.294830322265625
254 2.297755479812622
255 2.297755479812622
256 2.307020664215088
257 2.3026561737060547
258 2.3022003173828125
259 2.3022003173828125
260 2.3042190074920654
261 2.3008084297180176
262 2.3056371212005615
263 2.2983388900756836
264 2.3049025535583496
265 2.3049025535583496
266 2.303318500518799
267 2.3035054206848145
268 2.2986063957214355
269 2.2946724891662598
270 2.304513454437256
271 2.3042898178100586
272 2.2955992221832275
273 2.2983756065368652
274 2.2983756065368652
275 2.3022890090942383
276 2.2990219593048096
277 2.301238775253296
278 2.301238775253296
279 2.2975082397460938
280 2.306018352508545
281 2.3053855895996094
282 2.3053855895996094
283 2.3053855895996094
284 2.3053855895996094
285 2.2982020378112793
286 2.3013062477111816
287 2.305349826812744
288 2.2944774627685547
289 2.3031044006347656
290 2.2970845699310303
291 2.2966928482055664
292 2.2966928482055664
293 2.2966928482055664
294 2.305488348007202
295 2.306462287902832
296 2.3004517555236816
297 2.3048081398010254
298 2.301999807357788
299 2.301999807357788
300 2.3060836791992188
301 2.3060836791992188
302 2.3060836791992188
303 2.294135332107544
304 2.294135332107544
305 2.310228109359741
306 2.300058603286743
307 2.300058603286743
308 2.300058603286743
309 2.300058603286743
310 2.2975380420684814
311 2.302028179168701
312 2.291900634765625
313 2.299239158630371
314 2.299239158630371
315 2.296576499938965
316 2.296576499938965
317 2.298701524734497
318 2.298701524734497
319 2.2994637489318848
320 2.297309398651123
321 2.2998697757720947
322 2.2998697757720947
323 2.2998697757720947
324 2.2998697757720947
325 2.295557975769043
326 2.297506093978882
327 2.3122739791870117
328 2.2991011142730713
329 2.3014986515045166
330 2.303413152694702
331 2.303413152694702
332 2.303413152694702
333 2.299955129623413
334 2.299955129623413
335 2.3053672313690186
336 2.2991127967834473
337 2.3034298419952393
338 2.3020708560943604
339 2.3053224086761475
340 2.3006978034973145
341 2.3063008785247803
342 2.299762725830078
343 2.300455331802368
344 2.3082275390625
345 2.2990806102752686
346 2.3044304847717285
347 2.3044304847717285
348 2.3046343326568604
349 2.30564546585083
350 2.3034403324127197
351 2.3034403324127197
352 2.2906181812286377
353 2.2906181812286377
354 2.2906181812286377
355 2.304034948348999
356 2.302633285522461
357 2.3080215454101562
358 2.3080215454101562
359 2.303912401199341
360 2.2896714210510254
361 2.2896714210510254
362 2.2908356189727783
363 2.2950026988983154
364 2.2997219562530518
365 2.2997219562530518
366 2.2997219562530518
367 2.2951059341430664
368 2.3027682304382324
369 2.3027682304382324
370 2.3027682304382324
371 2.3029134273529053
372 2.3029134273529053
373 2.3029134273529053
374 2.3000195026397705
375 2.2943172454833984
376 2.3016088008880615
377 2.2934374809265137
378 2.3012166023254395
379 2.300840377807617
380 2.298860549926758
381 2.294426679611206
382 2.29771089553833
383 2.2950656414031982
384 2.3034114837646484
385 2.30606746673584
386 2.298628091812134
387 2.291959047317505
388 2.3072168827056885
389 2.295356035232544
390 2.295356035232544
391 2.2966132164001465
392 2.2922956943511963
393 2.296477794647217
394 2.3008296489715576
395 2.29207444190979
396 2.3040263652801514
397 2.3011813163757324
398 2.2955827713012695
399 2.292736053466797
400 2.292736053466797
401 2.3054800033569336
402 2.3013436794281006
403 2.3013436794281006
404 2.2938640117645264
405 2.2938640117645264
406 2.3015456199645996
407 2.3015456199645996
408 2.3015456199645996
409 2.3015456199645996
410 2.3015456199645996
411 2.3021135330200195
412 2.294877767562866
413 2.302305221557617
414 2.302305221557617
415 2.309363842010498
416 2.300652503967285
417 2.304600715637207
418 2.2951531410217285
419 2.2951531410217285
420 2.308852434158325
421 2.2921338081359863
422 2.29706072807312
423 2.29706072807312
424 2.29706072807312
425 2.29706072807312
426 2.29706072807312
427 2.2993900775909424
428 2.3016273975372314
429 2.3016273975372314
430 2.293431282043457
431 2.3010053634643555
432 2.3010053634643555
433 2.3010053634643555
434 2.3017828464508057
435 2.3017828464508057
436 2.291748046875
437 2.302525520324707
438 2.302525520324707
439 2.302525520324707
440 2.2939743995666504
441 2.304887294769287
442 2.298419713973999
443 2.2987422943115234
444 2.2987422943115234
445 2.3010520935058594
446 2.305175542831421
447 2.3001937866210938
448 2.3001937866210938
449 2.2979843616485596
450 2.298572063446045
451 2.2999393939971924
452 2.2964394092559814
453 2.299208402633667
454 2.299208402633667
455 2.304810047149658
456 2.304810047149658
457 2.2971630096435547
458 2.3085241317749023
459 2.3085241317749023
460 2.300673246383667
461 2.302778482437134
462 2.302778482437134
463 2.302778482437134
464 2.3069329261779785
465 2.3014495372772217
466 2.300832748413086
467 2.300832748413086
468 2.3153109550476074
469 2.2954375743865967
470 2.297076940536499
471 2.297076940536499
472 2.297076940536499
473 2.290771722793579
474 2.308048725128174
475 2.300429344177246
476 2.2937889099121094
477 2.2986860275268555
478 2.3032760620117188
479 2.300037384033203
480 2.300037384033203
481 2.3037493228912354
482 2.2998433113098145
483 2.2968127727508545
484 2.298957347869873
485 2.30582857131958
486 2.3072688579559326
487 2.2975246906280518
488 2.2975246906280518
489 2.3036444187164307
490 2.2986907958984375
491 2.298525094985962
492 2.2994322776794434
493 2.2913548946380615
494 2.3045034408569336
495 2.301290512084961
496 2.3053295612335205
497 2.3005096912384033
498 2.308112621307373
499 2.3043110370635986
500 2.3018879890441895
501 2.2998106479644775
502 2.2965030670166016
503 2.298356771469116
504 2.2915542125701904
505 2.2915542125701904
506 2.296173334121704
507 2.2995221614837646
508 2.2995221614837646
509 2.30696439743042
510 2.300706386566162
511 2.2999584674835205
512 2.290290117263794
513 2.290290117263794
514 2.290290117263794
515 2.2931740283966064
516 2.2931740283966064
517 2.2931740283966064
518 2.2931740283966064
519 2.2931740283966064
520 2.2931740283966064
521 2.308785915374756
522 2.3002867698669434
523 2.303215265274048
524 2.294330358505249
525 2.294330358505249
526 2.2927439212799072
527 2.2940475940704346
528 2.2967119216918945
529 2.2949109077453613
530 2.292705774307251
531 2.305467367172241
532 2.292412042617798
533 2.292412042617798
534 2.298978328704834
535 2.3001890182495117
536 2.3046271800994873
537 2.303129196166992
538 2.300299882888794
539 2.293628454208374
540 2.2967164516448975
541 2.2967164516448975
542 2.293630599975586
543 2.30222749710083
544 2.2996137142181396
545 2.309843063354492
546 2.2965078353881836
547 2.296617269515991
548 2.296617269515991
549 2.2989883422851562
550 2.297504186630249
551 2.297504186630249
552 2.297504186630249
553 2.293553113937378
554 2.2993953227996826
555 2.292983055114746
556 2.3036611080169678
557 2.2903857231140137
558 2.289236307144165
559 2.289236307144165
560 2.295170783996582
561 2.303577423095703
562 2.2990729808807373
563 2.2915897369384766
564 2.3032753467559814
565 2.3017570972442627
566 2.3017570972442627
567 2.3022561073303223
568 2.3022561073303223
569 2.3022561073303223
570 2.3022561073303223
571 2.3022561073303223
572 2.3022561073303223
573 2.2998669147491455
574 2.3062427043914795
575 2.3115835189819336
576 2.2985477447509766
577 2.303776502609253
578 2.2923638820648193
579 2.2923638820648193
580 2.313946008682251
581 2.2995011806488037
582 2.295689105987549
583 2.2979376316070557
584 2.2979376316070557
585 2.2979376316070557
586 2.2979376316070557
587 2.2979376316070557
588 2.2979376316070557
589 2.2979376316070557
590 2.3024091720581055
591 2.296032428741455
592 2.296032428741455
593 2.303170919418335
594 2.3004024028778076
595 2.3004024028778076
596 2.2987589836120605
597 2.2987589836120605
598 2.2987589836120605
599 2.2987589836120605
600 2.2924857139587402
601 2.2924857139587402
602 2.3020710945129395
603 2.3058998584747314
604 2.306729793548584
605 2.3009908199310303
606 2.2986204624176025
607 2.3003523349761963
608 2.3002185821533203
609 2.3044114112854004
610 2.291501998901367
611 2.3014698028564453
612 2.3014698028564453
613 2.296171188354492
614 2.2941818237304688
615 2.2941818237304688
616 2.2941818237304688
617 2.300311326980591
618 2.297549247741699
619 2.2911343574523926
620 2.2911343574523926
621 2.2927780151367188
622 2.2927780151367188
623 2.2927780151367188
624 2.290855646133423
625 2.305504560470581
626 2.3023111820220947
627 2.2949483394622803
628 2.2969987392425537
629 2.306884765625
630 2.302777051925659
631 2.3052897453308105
632 2.3052897453308105
633 2.3052897453308105
634 2.294973373413086
635 2.302032709121704
636 2.302032709121704
637 2.2998437881469727
638 2.2998437881469727
639 2.2998437881469727
640 2.2928247451782227
641 2.306833267211914
642 2.2971580028533936
643 2.2971580028533936
644 2.2992398738861084
645 2.3046722412109375
646 2.2997493743896484
647 2.2996304035186768
648 2.2996304035186768
649 2.3055708408355713
650 2.3055708408355713
651 2.2988574504852295
652 2.3038806915283203
653 2.30163311958313
654 2.295020580291748
655 2.2976863384246826
656 2.3011393547058105
657 2.2938003540039062
658 2.2965598106384277
659 2.302523136138916
660 2.3000149726867676
661 2.297518014907837
662 2.305030584335327
663 2.301771640777588
664 2.2965331077575684
665 2.2965331077575684
666 2.2973134517669678
667 2.3058037757873535
668 2.3058037757873535
669 2.308380365371704
670 2.3027336597442627
671 2.2922253608703613
672 2.2976343631744385
673 2.2976343631744385
674 2.296635627746582
675 2.308262825012207
676 2.2960495948791504
677 2.304053544998169
678 2.3028814792633057
679 2.3028814792633057
680 2.301159620285034
681 2.2962963581085205
682 2.2957770824432373
683 2.2998218536376953
684 2.2997729778289795
685 2.3058178424835205
686 2.3077449798583984
687 2.3084568977355957
688 2.2923831939697266
689 2.291486978530884
690 2.291486978530884
691 2.304417848587036
692 2.3071746826171875
693 2.2940292358398438
694 2.2948923110961914
695 2.2948923110961914
696 2.296372890472412
697 2.3003575801849365
698 2.3003575801849365
699 2.2971320152282715
700 2.2971320152282715
701 2.2941839694976807
702 2.3027753829956055
703 2.2945404052734375
704 2.2943508625030518
705 2.3058621883392334
706 2.3058621883392334
707 2.2960948944091797
708 2.2960948944091797
709 2.2982118129730225
710 2.2982118129730225
711 2.294123649597168
712 2.295746326446533
713 2.2998740673065186
714 2.299107789993286
715 2.299107789993286
716 2.300935983657837
717 2.303938865661621
718 2.303938865661621
719 2.2964205741882324
720 2.2964205741882324
721 2.295933485031128
722 2.292734384536743
723 2.2977280616760254
724 2.3010010719299316
725 2.304795980453491
726 2.297900676727295
727 2.3005530834198
728 2.2978100776672363
729 2.289914131164551
730 2.3017635345458984
731 2.295161008834839
732 2.295520305633545
733 2.305746078491211
734 2.305746078491211
735 2.305746078491211
736 2.305746078491211
737 2.285409688949585
738 2.30275297164917
739 2.30275297164917
740 2.2988131046295166
741 2.2986793518066406
742 2.2948970794677734
743 2.2948970794677734
744 2.3007571697235107
745 2.298240900039673
746 2.298240900039673
747 2.302356243133545
748 2.2977073192596436
749 2.2977073192596436
750 2.2977073192596436
751 2.299755811691284
752 2.298171043395996
753 2.2918388843536377
754 2.2918388843536377
755 2.2942006587982178
756 2.2942006587982178
757 2.2961573600769043
758 2.2961573600769043
759 2.2961573600769043
760 2.3025944232940674
761 2.300398588180542
762 2.297887086868286
763 2.300506114959717
764 2.3020358085632324
765 2.2976186275482178
766 2.301854133605957
767 2.301854133605957
768 2.302983283996582
769 2.2908403873443604
770 2.2903714179992676
771 2.2903714179992676
772 2.2911174297332764
773 2.291926860809326
774 2.299044132232666
775 2.2883262634277344
776 2.2883262634277344
777 2.2884864807128906
778 2.3039660453796387
779 2.29099702835083
780 2.2852556705474854
781 2.3043837547302246
782 2.3094072341918945
783 2.3094072341918945
784 2.3094072341918945
785 2.3094072341918945
786 2.3094072341918945
787 2.3094072341918945
788 2.2920994758605957
789 2.29366135597229
790 2.2898809909820557
791 2.2898809909820557
792 2.2898809909820557
793 2.29268741607666
794 2.293503761291504
795 2.302250862121582
796 2.300389051437378
797 2.300389051437378
798 2.292203903198242
799 2.2893600463867188
800 2.29885196685791
801 2.29885196685791
802 2.2984814643859863
803 2.294647693634033
804 2.294647693634033
805 2.294647693634033
806 2.3022067546844482
807 2.2992212772369385
808 2.297130584716797
809 2.297130584716797
810 2.29785418510437
811 2.296492338180542
812 2.2949209213256836
813 2.30230975151062
814 2.295928478240967
815 2.300018787384033
816 2.287318468093872
817 2.2935590744018555
818 2.2987167835235596
819 2.298830270767212
820 2.297027111053467
821 2.2873172760009766
822 2.2873172760009766
823 2.3026232719421387
824 2.291670799255371
825 2.291670799255371
826 2.291670799255371
827 2.2883644104003906
828 2.306976795196533
829 2.2913711071014404
830 2.2972373962402344
831 2.2883048057556152
832 2.2883048057556152
833 2.2970147132873535
834 2.2970147132873535
835 2.294706344604492
836 2.2981765270233154
837 2.3034236431121826
838 2.2957570552825928
839 2.287050247192383
840 2.294893741607666
841 2.3042116165161133
842 2.302788019180298
843 2.302788019180298
844 2.293757677078247
845 2.2894845008850098
846 2.2894845008850098
847 2.297715425491333
848 2.2991676330566406
849 2.291029930114746
850 2.289412260055542
851 2.289412260055542
852 2.297358751296997
853 2.297358751296997
854 2.290447950363159
855 2.29801344871521
856 2.3054938316345215
857 2.2959234714508057
858 2.295194387435913
859 2.298595428466797
860 2.298595428466797
861 2.298595428466797
862 2.298595428466797
863 2.298595428466797
864 2.284571647644043
865 2.294503688812256
866 2.294503688812256
867 2.2902612686157227
868 2.292238235473633
869 2.2897589206695557
870 2.2897589206695557
871 2.2993903160095215
872 2.286741256713867
873 2.2918004989624023
874 2.2918004989624023
875 2.29878568649292
876 2.294856071472168
877 2.294856071472168
878 2.294022560119629
879 2.301981210708618
880 2.295480489730835
881 2.282947540283203
882 2.2923779487609863
883 2.2923779487609863
884 2.2982635498046875
885 2.30348539352417
886 2.2988669872283936
887 2.2971606254577637
888 2.2868540287017822
889 2.3068125247955322
890 2.3068125247955322
891 2.297443151473999
892 2.297443151473999
893 2.297443151473999
894 2.3030142784118652
895 2.2979488372802734
896 2.2966461181640625
897 2.2966461181640625
898 2.294405937194824
899 2.29927396774292
900 2.29927396774292
901 2.299314260482788
902 2.299314260482788
903 2.3041203022003174
904 2.2953121662139893
905 2.2953121662139893
906 2.29252028465271
907 2.293198347091675
908 2.293198347091675
909 2.2929229736328125
910 2.2929229736328125
911 2.2929229736328125
912 2.2929229736328125
913 2.2884960174560547
914 2.280993700027466
915 2.291826009750366
916 2.295964002609253
917 2.306131362915039
918 2.2945504188537598
919 2.2945504188537598
920 2.303490161895752
921 2.303490161895752
922 2.3026251792907715
923 2.2928872108459473
924 2.293261766433716
925 2.307818651199341
926 2.294774055480957
927 2.3001551628112793
928 2.2924411296844482
929 2.296856641769409
930 2.2941269874572754
931 2.2941269874572754
932 2.2978973388671875
933 2.2978973388671875
934 2.2925052642822266
935 2.2926456928253174
936 2.295909881591797
937 2.295909881591797
938 2.292865514755249
939 2.292276382446289
940 2.2939212322235107
941 2.302935838699341
942 2.30063533782959
943 2.2944600582122803
944 2.2954769134521484
945 2.294478178024292
946 2.294478178024292
947 2.294478178024292
948 2.2889599800109863
949 2.2985661029815674
950 2.300680160522461
951 2.300680160522461
952 2.2997875213623047
953 2.3004543781280518
954 2.2806010246276855
955 2.3038406372070312
956 2.3038406372070312
957 2.3038406372070312
958 2.29826021194458
959 2.291440486907959
960 2.290987968444824
961 2.297245740890503
962 2.295658826828003
963 2.2913684844970703
964 2.2913684844970703
965 2.2992825508117676
966 2.2943954467773438
967 2.3005242347717285
968 2.3005242347717285
969 2.3005242347717285
970 2.2894513607025146
971 2.2894513607025146
972 2.3048930168151855
973 2.289361000061035
974 2.289361000061035
975 2.289361000061035
976 2.289361000061035
977 2.2908270359039307
978 2.3038344383239746
979 2.2918622493743896
980 2.2869386672973633
981 2.2869386672973633
982 2.293776750564575
983 2.2860820293426514
984 2.2943637371063232
985 2.3061368465423584
986 2.3013272285461426
987 2.2934041023254395
988 2.2934041023254395
989 2.2934041023254395
990 2.285921096801758
991 2.2988388538360596
992 2.297302722930908
993 2.2922415733337402
994 2.2866134643554688
995 2.295543909072876
996 2.295543909072876
997 2.294424295425415
998 2.302929162979126
999 2.2863810062408447
1000 2.2927145957946777
1001 2.2952046394348145
1002 2.2952046394348145
1003 2.2933170795440674
1004 2.2903010845184326
1005 2.2980635166168213
