0 2.2945709228515625
1 2.298478126525879
2 2.3016176223754883
3 2.3046317100524902
4 2.3046317100524902
5 2.3046317100524902
6 2.2965140342712402
7 2.301623582839966
8 2.301623582839966
9 2.3058481216430664
10 2.296290874481201
11 2.2981886863708496
12 2.3030197620391846
13 2.3030197620391846
14 2.316786289215088
15 2.316786289215088
16 2.301708459854126
17 2.3081743717193604
18 2.3069186210632324
19 2.29672908782959
20 2.29726505279541
21 2.29726505279541
22 2.3009326457977295
23 2.3071351051330566
24 2.3071351051330566
25 2.3071351051330566
26 2.3049509525299072
27 2.303332805633545
28 2.2949414253234863
29 2.2949414253234863
30 2.3046977519989014
31 2.3046977519989014
32 2.300415515899658
33 2.300354480743408
34 2.300354480743408
35 2.300354480743408
36 2.300354480743408
37 2.300354480743408
38 2.3019158840179443
39 2.3019158840179443
40 2.3045902252197266
41 2.305346727371216
42 2.3019161224365234
43 2.3053903579711914
44 2.3053903579711914
45 2.3053903579711914
46 2.3040339946746826
47 2.2995355129241943
48 2.3041603565216064
49 2.3041603565216064
50 2.3041603565216064
51 2.301905632019043
52 2.301905632019043
53 2.301905632019043
54 2.3092293739318848
55 2.299189567565918
56 2.3073482513427734
57 2.3022797107696533
58 2.3022797107696533
59 2.3022797107696533
60 2.301638603210449
61 2.301638603210449
62 2.301638603210449
63 2.301638603210449
64 2.301638603210449
65 2.300997734069824
66 2.300997734069824
67 2.300997734069824
68 2.300997734069824
69 2.300997734069824
70 2.300997734069824
71 2.300997734069824
72 2.3066959381103516
73 2.3014626502990723
74 2.302583694458008
75 2.2969491481781006
76 2.298654556274414
77 2.298654556274414
78 2.3000423908233643
79 2.3000423908233643
80 2.308319091796875
81 2.302665948867798
82 2.2979586124420166
83 2.3055059909820557
84 2.306314468383789
85 2.29565167427063
86 2.29761004447937
87 2.2952091693878174
88 2.3006787300109863
89 2.299238443374634
90 2.299238443374634
91 2.30167293548584
92 2.301637887954712
93 2.301637887954712
94 2.303528070449829
95 2.3033792972564697
96 2.3051974773406982
97 2.304166316986084
98 2.304166316986084
99 2.3040618896484375
100 2.3054018020629883
101 2.2957570552825928
102 2.2959847450256348
103 2.3023335933685303
104 2.30275821685791
105 2.302950620651245
106 2.29888653755188
107 2.30501651763916
108 2.30501651763916
109 2.30501651763916
110 2.3014731407165527
111 2.300140619277954
112 2.300140619277954
113 2.301156520843506
114 2.301156520843506
115 2.3066751956939697
116 2.307873249053955
117 2.3036019802093506
118 2.3020687103271484
119 2.3020687103271484
120 2.3091635704040527
121 2.3091635704040527
122 2.3091635704040527
123 2.303088665008545
124 2.3132526874542236
125 2.3132526874542236
126 2.29695463180542
127 2.29695463180542
128 2.3032641410827637
129 2.3032641410827637
130 2.3032641410827637
131 2.3032641410827637
132 2.3032641410827637
133 2.299532175064087
134 2.297900915145874
135 2.297900915145874
136 2.2941298484802246
137 2.2999844551086426
138 2.2999844551086426
139 2.2999844551086426
140 2.2999844551086426
141 2.2999844551086426
142 2.293360948562622
143 2.3039259910583496
144 2.3039259910583496
145 2.3039259910583496
146 2.301637887954712
147 2.294748067855835
148 2.3048622608184814
149 2.2981598377227783
150 2.3065030574798584
151 2.3065030574798584
152 2.302948236465454
153 2.2954440116882324
154 2.2954440116882324
155 2.2954440116882324
156 2.3045520782470703
157 2.3097984790802
158 2.3097984790802
159 2.3020498752593994
160 2.296931743621826
161 2.296027183532715
162 2.303446054458618
163 2.303446054458618
164 2.3027896881103516
165 2.3027896881103516
166 2.3027896881103516
167 2.3005948066711426
168 2.3005948066711426
169 2.3005948066711426
170 2.299798011779785
171 2.299798011779785
172 2.3074193000793457
173 2.3050074577331543
174 2.3050074577331543
175 2.2998156547546387
176 2.297330141067505
177 2.2923803329467773
178 2.2972214221954346
179 2.3032500743865967
180 2.3069963455200195
181 2.3036413192749023
182 2.3036413192749023
183 2.3009934425354004
184 2.3009934425354004
185 2.3009934425354004
186 2.3115415573120117
187 2.3055102825164795
188 2.3055102825164795
189 2.3055102825164795
190 2.3055102825164795
191 2.2982068061828613
192 2.2982068061828613
193 2.3017373085021973
194 2.306415319442749
195 2.306856632232666
196 2.29758620262146
197 2.304563283920288
198 2.304563283920288
199 2.303983211517334
200 2.300520181655884
201 2.2993106842041016
202 2.2993106842041016
203 2.304198980331421
204 2.2935268878936768
205 2.299180507659912
206 2.296823263168335
207 2.2989096641540527
208 2.3032166957855225
209 2.298250913619995
210 2.298250913619995
211 2.298250913619995
212 2.298250913619995
213 2.300706386566162
214 2.300706386566162
215 2.3024277687072754
216 2.310147523880005
217 2.3002138137817383
218 2.2977654933929443
219 2.303708553314209
220 2.303708553314209
221 2.303708553314209
222 2.299621343612671
223 2.299445390701294
224 2.2910313606262207
225 2.305020809173584
226 2.302874803543091
227 2.306745767593384
228 2.304381847381592
229 2.304837703704834
230 2.306102752685547
231 2.297898769378662
232 2.300835609436035
233 2.300835609436035
234 2.301039934158325
235 2.301039934158325
236 2.2929372787475586
237 2.3044376373291016
238 2.3052048683166504
239 2.3056957721710205
240 2.299008369445801
241 2.3090145587921143
242 2.3068501949310303
243 2.2950685024261475
244 2.2950685024261475
245 2.293604850769043
246 2.3010730743408203
247 2.3006277084350586
248 2.302417039871216
249 2.302417039871216
250 2.302417039871216
251 2.293396472930908
252 2.3081459999084473
253 2.307037830352783
254 2.307037830352783
255 2.307037830352783
256 2.300325393676758
257 2.2929537296295166
258 2.3063666820526123
259 2.3057634830474854
260 2.295689582824707
261 2.3101072311401367
262 2.3101072311401367
263 2.3021154403686523
264 2.3021154403686523
265 2.3021154403686523
266 2.300222635269165
267 2.298618793487549
268 2.298618793487549
269 2.2976129055023193
270 2.2976129055023193
271 2.301715850830078
272 2.301715850830078
273 2.301715850830078
274 2.2948789596557617
275 2.3021674156188965
276 2.3043131828308105
277 2.3043131828308105
278 2.297224521636963
279 2.3007187843322754
280 2.3007187843322754
281 2.3043973445892334
282 2.3068463802337646
283 2.296157121658325
284 2.2994723320007324
285 2.3054158687591553
286 2.296773910522461
287 2.294365167617798
288 2.301635265350342
289 2.308565139770508
290 2.3078646659851074
291 2.3078646659851074
292 2.3078646659851074
293 2.3078646659851074
294 2.303398370742798
295 2.3076694011688232
296 2.3076694011688232
297 2.3028290271759033
298 2.3028290271759033
299 2.308588981628418
300 2.308588981628418
301 2.2994039058685303
302 2.2994039058685303
303 2.301532030105591
304 2.2977356910705566
305 2.299572229385376
306 2.299428939819336
307 2.299428939819336
308 2.3101747035980225
309 2.300685167312622
310 2.310389518737793
311 2.303180694580078
312 2.3099400997161865
313 2.302164316177368
314 2.295954704284668
315 2.3023688793182373
316 2.30411434173584
317 2.30411434173584
318 2.3025074005126953
319 2.306021213531494
320 2.3078372478485107
321 2.3033692836761475
322 2.310011625289917
323 2.2982356548309326
324 2.313138723373413
325 2.3009631633758545
326 2.2941553592681885
327 2.303318977355957
328 2.303318977355957
329 2.294942855834961
330 2.297515392303467
331 2.2964870929718018
332 2.295743942260742
333 2.295743942260742
334 2.295743942260742
335 2.300259828567505
336 2.300259828567505
337 2.297593116760254
338 2.297661781311035
339 2.298508644104004
340 2.298508644104004
341 2.2942519187927246
342 2.3043220043182373
343 2.3077139854431152
344 2.304001808166504
345 2.304001808166504
346 2.303314208984375
347 2.290925979614258
348 2.301999807357788
349 2.3017125129699707
350 2.3048200607299805
351 2.300617218017578
352 2.2976937294006348
353 2.2961151599884033
354 2.2997593879699707
355 2.3025622367858887
356 2.3032281398773193
357 2.3032281398773193
358 2.2944257259368896
359 2.3056182861328125
360 2.3027424812316895
361 2.3027424812316895
362 2.296082019805908
363 2.2970616817474365
364 2.3085269927978516
365 2.2962758541107178
366 2.2950387001037598
367 2.2950387001037598
368 2.303905725479126
369 2.2999205589294434
370 2.2999205589294434
371 2.293447732925415
372 2.2915873527526855
373 2.300300121307373
374 2.2932839393615723
375 2.2932839393615723
376 2.2948808670043945
377 2.3038036823272705
378 2.3038036823272705
379 2.2978734970092773
380 2.2978734970092773
381 2.303619623184204
382 2.303619623184204
383 2.303619623184204
384 2.303619623184204
385 2.2951009273529053
386 2.306349277496338
387 2.306492805480957
388 2.306492805480957
389 2.3015966415405273
390 2.302987575531006
391 2.302987575531006
392 2.3050663471221924
393 2.3050663471221924
394 2.3050663471221924
395 2.295011043548584
396 2.295011043548584
397 2.3104710578918457
398 2.3104710578918457
399 2.2965667247772217
400 2.302687644958496
401 2.302687644958496
402 2.302687644958496
403 2.292083501815796
404 2.3003320693969727
405 2.28934907913208
406 2.28934907913208
407 2.2992072105407715
408 2.302185535430908
409 2.302185535430908
410 2.3074228763580322
411 2.3074228763580322
412 2.2911078929901123
413 2.2911078929901123
414 2.3015966415405273
415 2.3015966415405273
416 2.2948718070983887
417 2.2997024059295654
418 2.2997024059295654
419 2.2948403358459473
420 2.3043925762176514
421 2.29814076423645
422 2.29814076423645
423 2.2983460426330566
424 2.2948663234710693
425 2.2997305393218994
426 2.2951691150665283
427 2.3072774410247803
428 2.301950693130493
429 2.3018059730529785
430 2.3018059730529785
431 2.3018059730529785
432 2.2968759536743164
433 2.29742169380188
434 2.3021304607391357
435 2.3021304607391357
436 2.3021304607391357
437 2.289778709411621
438 2.301687717437744
439 2.2972965240478516
440 2.2996859550476074
441 2.305690050125122
442 2.305690050125122
443 2.305690050125122
444 2.299760580062866
445 2.300839900970459
446 2.3019537925720215
447 2.297564744949341
448 2.2993061542510986
449 2.298462390899658
450 2.2938215732574463
451 2.2921411991119385
452 2.2936110496520996
453 2.2936110496520996
454 2.2958106994628906
455 2.2958106994628906
456 2.2993321418762207
457 2.308293342590332
458 2.3050878047943115
459 2.3005707263946533
460 2.3004214763641357
461 2.3017122745513916
462 2.2984189987182617
463 2.3069376945495605
464 2.3069376945495605
465 2.3009588718414307
466 2.3035295009613037
467 2.299090623855591
468 2.2973790168762207
469 2.3019309043884277
470 2.3019309043884277
471 2.2927029132843018
472 2.30226469039917
473 2.30226469039917
474 2.2970564365386963
475 2.2970564365386963
476 2.293893575668335
477 2.2911813259124756
478 2.3017594814300537
479 2.3002922534942627
480 2.3040642738342285
481 2.3040642738342285
482 2.3040642738342285
483 2.2979605197906494
484 2.2979605197906494
485 2.298341989517212
486 2.298710346221924
487 2.305002450942993
488 2.2947423458099365
489 2.2947423458099365
490 2.2962982654571533
491 2.299968719482422
492 2.292949676513672
493 2.292949676513672
494 2.292949676513672
495 2.298837184906006
496 2.298837184906006
497 2.297234058380127
498 2.3019111156463623
499 2.3073723316192627
500 2.3007187843322754
501 2.312358856201172
502 2.3037874698638916
503 2.296862840652466
504 2.3030858039855957
505 2.298304557800293
506 2.2991445064544678
507 2.295032501220703
508 2.2951269149780273
509 2.3023786544799805
510 2.2955000400543213
511 2.2955000400543213
512 2.2955000400543213
513 2.2901530265808105
514 2.3068127632141113
515 2.3028249740600586
516 2.301779270172119
517 2.301809549331665
518 2.2860982418060303
519 2.2977969646453857
520 2.309652805328369
521 2.3084378242492676
522 2.3009331226348877
523 2.2860281467437744
524 2.2860281467437744
525 2.296137571334839
526 2.3022878170013428
527 2.299250841140747
528 2.2937772274017334
529 2.2890238761901855
530 2.293959617614746
531 2.293959617614746
532 2.3026576042175293
533 2.292166233062744
534 2.292166233062744
535 2.292166233062744
536 2.306864023208618
537 2.307016372680664
538 2.294473648071289
539 2.299771308898926
540 2.2986035346984863
541 2.3075673580169678
542 2.3075673580169678
543 2.2930996417999268
544 2.298581123352051
545 2.2930405139923096
546 2.305817127227783
547 2.3053927421569824
548 2.3051977157592773
549 2.296525478363037
550 2.302278518676758
551 2.302278518676758
552 2.2974672317504883
553 2.2974672317504883
554 2.2974672317504883
555 2.2981128692626953
556 2.290113687515259
557 2.308119773864746
558 2.3096189498901367
559 2.3025448322296143
560 2.299571990966797
561 2.299571990966797
562 2.2984607219696045
563 2.2972545623779297
564 2.2972545623779297
565 2.2972545623779297
566 2.2972545623779297
567 2.2972545623779297
568 2.3058955669403076
569 2.281646251678467
570 2.281646251678467
571 2.299543857574463
572 2.295103073120117
573 2.295103073120117
574 2.300151824951172
575 2.300151824951172
576 2.2953147888183594
577 2.2979180812835693
578 2.292477607727051
579 2.301872730255127
580 2.301872730255127
581 2.301872730255127
582 2.303927421569824
583 2.293750047683716
584 2.3004181385040283
585 2.3004181385040283
586 2.300152540206909
587 2.2911319732666016
588 2.298152446746826
589 2.2906973361968994
590 2.2906973361968994
591 2.2906973361968994
592 2.2906973361968994
593 2.2906973361968994
594 2.3007748126983643
595 2.294299602508545
596 2.294299602508545
597 2.301661729812622
598 2.3117189407348633
599 2.2949793338775635
600 2.2949793338775635
601 2.2949793338775635
602 2.2949793338775635
603 2.2962028980255127
604 2.3023781776428223
605 2.2878143787384033
606 2.2938525676727295
607 2.3088996410369873
608 2.305518388748169
609 2.3083581924438477
610 2.285984992980957
611 2.285984992980957
612 2.285984992980957
613 2.288482189178467
614 2.306605100631714
615 2.303696870803833
616 2.2976932525634766
617 2.2976932525634766
618 2.2978897094726562
619 2.2978897094726562
620 2.294233798980713
621 2.3074119091033936
622 2.3020315170288086
623 2.301865816116333
624 2.299367904663086
625 2.3033878803253174
626 2.2964580059051514
627 2.2964580059051514
628 2.2958569526672363
629 2.2891361713409424
630 2.2891361713409424
631 2.300069570541382
632 2.300069570541382
633 2.305668354034424
634 2.3026273250579834
635 2.2953009605407715
636 2.295753240585327
637 2.295753240585327
638 2.2949917316436768
639 2.3039238452911377
640 2.3039238452911377
641 2.2916276454925537
642 2.3083934783935547
643 2.296198606491089
644 2.3048274517059326
645 2.29569935798645
646 2.29569935798645
647 2.303738594055176
648 2.2978265285491943
649 2.2978265285491943
650 2.308218479156494
651 2.297630548477173
652 2.297630548477173
653 2.297630548477173
654 2.2893197536468506
655 2.2976436614990234
656 2.2976436614990234
657 2.310823917388916
658 2.3041718006134033
659 2.3160462379455566
660 2.2985031604766846
661 2.301083564758301
662 2.303760290145874
663 2.300804853439331
664 2.300804853439331
665 2.298346996307373
666 2.296731472015381
667 2.296731472015381
668 2.2993340492248535
669 2.2993340492248535
670 2.2993340492248535
671 2.2993340492248535
672 2.29939866065979
673 2.29939866065979
674 2.29626727104187
675 2.29626727104187
676 2.3071064949035645
677 2.2993860244750977
678 2.3018577098846436
679 2.3085837364196777
680 2.3037185668945312
681 2.3011527061462402
682 2.3011527061462402
683 2.29797101020813
684 2.30871844291687
685 2.30871844291687
686 2.295135736465454
687 2.295135736465454
688 2.306872606277466
689 2.306872606277466
690 2.2999420166015625
691 2.301377296447754
692 2.3042664527893066
693 2.30000376701355
694 2.2935631275177
695 2.2935631275177
696 2.2935631275177
697 2.294072151184082
698 2.2991161346435547
699 2.300189256668091
700 2.2991509437561035
701 2.2991509437561035
702 2.2972412109375
703 2.2992992401123047
704 2.299856424331665
705 2.290895700454712
706 2.29998779296875
707 2.301683187484741
708 2.2961206436157227
709 2.3068528175354004
710 2.3003435134887695
711 2.3003435134887695
712 2.3003435134887695
713 2.3003435134887695
714 2.292915105819702
715 2.3006532192230225
716 2.3019843101501465
717 2.2935025691986084
718 2.2935025691986084
719 2.2970516681671143
720 2.3032615184783936
721 2.3032615184783936
722 2.2838339805603027
723 2.29685378074646
724 2.297327756881714
725 2.299434185028076
726 2.2956109046936035
727 2.2956109046936035
728 2.3020122051239014
729 2.2991535663604736
730 2.302210807800293
731 2.302210807800293
732 2.302210807800293
733 2.302210807800293
734 2.295339584350586
735 2.2976489067077637
736 2.308177947998047
737 2.308177947998047
738 2.300784111022949
739 2.300784111022949
740 2.2944653034210205
741 2.299555778503418
742 2.3048908710479736
743 2.299912452697754
744 2.2809019088745117
745 2.2809019088745117
746 2.2809019088745117
747 2.2809019088745117
748 2.2921252250671387
749 2.299024820327759
750 2.295330047607422
751 2.295330047607422
752 2.295330047607422
753 2.295330047607422
754 2.299936532974243
755 2.3004395961761475
756 2.2950527667999268
757 2.2923214435577393
758 2.2985711097717285
759 2.2999820709228516
760 2.295423746109009
761 2.295423746109009
762 2.302175998687744
763 2.3050594329833984
764 2.298022747039795
765 2.298022747039795
766 2.298022747039795
767 2.296529769897461
768 2.298109769821167
769 2.2960946559906006
770 2.294578790664673
771 2.2932698726654053
772 2.2981247901916504
773 2.292412519454956
774 2.292412519454956
775 2.292412519454956
776 2.290788412094116
777 2.303004264831543
778 2.303004264831543
779 2.303004264831543
780 2.288048267364502
781 2.2881522178649902
782 2.3052024841308594
783 2.2932519912719727
784 2.2971134185791016
785 2.2971134185791016
786 2.3006467819213867
787 2.3006467819213867
788 2.2995235919952393
789 2.2983241081237793
790 2.2977819442749023
791 2.29257869720459
792 2.300294876098633
793 2.299231767654419
794 2.299231767654419
795 2.2945563793182373
796 2.300708770751953
797 2.305144786834717
798 2.2950563430786133
799 2.297588348388672
800 2.297588348388672
801 2.3038361072540283
802 2.3038361072540283
803 2.2969717979431152
804 2.2915425300598145
805 2.298781394958496
806 2.2993626594543457
807 2.3013057708740234
808 2.3044025897979736
809 2.3044025897979736
810 2.296149730682373
811 2.3055601119995117
812 2.288682460784912
813 2.2971670627593994
814 2.2971670627593994
815 2.2836883068084717
816 2.2998342514038086
817 2.2998342514038086
818 2.29048752784729
819 2.294757843017578
820 2.294757843017578
821 2.294757843017578
822 2.294757843017578
823 2.294757843017578
824 2.3040030002593994
825 2.2970359325408936
826 2.286677598953247
827 2.300900936126709
828 2.300900936126709
829 2.300900936126709
830 2.300900936126709
831 2.296333074569702
832 2.2858903408050537
833 2.296374559402466
834 2.290879249572754
835 2.290879249572754
836 2.3018505573272705
837 2.3018505573272705
838 2.289032220840454
839 2.289032220840454
840 2.29481840133667
841 2.298457622528076
842 2.3017849922180176
843 2.3017849922180176
844 2.2890141010284424
845 2.2890141010284424
846 2.291417360305786
847 2.291417360305786
848 2.291417360305786
849 2.2897331714630127
850 2.2897987365722656
851 2.2897987365722656
852 2.3029329776763916
853 2.287827968597412
854 2.287827968597412
855 2.287827968597412
856 2.289945363998413
857 2.289945363998413
858 2.291693687438965
859 2.293452739715576
860 2.293452739715576
861 2.286517381668091
862 2.2949764728546143
863 2.293898105621338
864 2.293830156326294
865 2.3019533157348633
866 2.29677677154541
867 2.29677677154541
868 2.2896177768707275
869 2.2896177768707275
870 2.294508695602417
871 2.286750555038452
872 2.294408082962036
873 2.294408082962036
874 2.285215139389038
875 2.3074004650115967
876 2.2943904399871826
877 2.2943904399871826
878 2.2965457439422607
879 2.2965457439422607
880 2.293646812438965
881 2.298977851867676
882 2.298977851867676
883 2.2933666706085205
884 2.287544012069702
885 2.295376777648926
886 2.295376777648926
887 2.296943187713623
888 2.2911834716796875
889 2.2854197025299072
890 2.2914462089538574
891 2.2899394035339355
892 2.2899394035339355
893 2.2899394035339355
894 2.2979133129119873
895 2.3022029399871826
896 2.2924387454986572
897 2.291393280029297
898 2.296769380569458
899 2.296769380569458
900 2.2921957969665527
901 2.301551580429077
902 2.2947583198547363
903 2.2947583198547363
904 2.2949819564819336
905 2.2995967864990234
906 2.2995967864990234
907 2.298964500427246
908 2.3051419258117676
909 2.297767400741577
910 2.297767400741577
911 2.297767400741577
912 2.2985517978668213
913 2.294950485229492
914 2.2870590686798096
915 2.2870590686798096
916 2.290428876876831
917 2.290428876876831
918 2.299833297729492
919 2.2971484661102295
920 2.291776418685913
921 2.286410331726074
922 2.2896840572357178
923 2.2896840572357178
924 2.291379451751709
925 2.2918567657470703
926 2.2896673679351807
927 2.2896673679351807
928 2.3011510372161865
929 2.300668239593506
930 2.291802406311035
931 2.2898569107055664
932 2.2930245399475098
933 2.2972874641418457
934 2.298572063446045
935 2.298572063446045
936 2.296085834503174
937 2.2929980754852295
938 2.2929980754852295
939 2.293164014816284
940 2.296032667160034
941 2.294147491455078
942 2.294147491455078
943 2.2841947078704834
944 2.299513339996338
945 2.283989191055298
946 2.2871463298797607
947 2.289189577102661
948 2.2914505004882812
949 2.2914505004882812
950 2.298746109008789
951 2.303030014038086
952 2.3034987449645996
953 2.2813408374786377
954 2.2813408374786377
955 2.300255298614502
956 2.3004634380340576
957 2.2968459129333496
958 2.2968459129333496
959 2.296098232269287
960 2.2987124919891357
961 2.2996435165405273
962 2.2996435165405273
963 2.292351007461548
964 2.292351007461548
965 2.3006513118743896
966 2.2915115356445312
967 2.2909228801727295
968 2.2965445518493652
969 2.293368339538574
970 2.293368339538574
971 2.284026861190796
972 2.2917215824127197
973 2.2917215824127197
974 2.2882156372070312
975 2.2814741134643555
976 2.2951629161834717
977 2.2951629161834717
978 2.2921648025512695
979 2.286210775375366
980 2.2917087078094482
981 2.2920546531677246
982 2.2990550994873047
983 2.296025037765503
984 2.300103187561035
985 2.2966108322143555
986 2.2966108322143555
987 2.2993202209472656
988 2.2930684089660645
989 2.2930684089660645
990 2.2930684089660645
991 2.2930684089660645
992 2.304591417312622
993 2.2813780307769775
994 2.3023788928985596
995 2.285822868347168
996 2.305529832839966
997 2.305529832839966
998 2.305529832839966
999 2.2913458347320557
1000 2.2817676067352295
1001 2.2817676067352295
1002 2.2817676067352295
1003 2.2817676067352295
1004 2.287356376647949
1005 2.293200969696045
1006 2.2929718494415283
