0 0.00037166122374140655
1 0.0
2 -9.756635809168918e-05
3 -0.00034724856996631723
4 0.0
5 0.0001827807940814572
6 0.0
7 0.0003732223401929039
8 -0.0003410615946497532
9 -9.105084148650307e-05
10 0.0001476115786260375
11 -0.0001151645362486915
12 0.0007871100122665632
13 -5.147722852611212e-06
14 0.00048478168024873065
15 0.0
16 0.0008837490618704899
17 0.0005464812766771542
18 0.00011993740769350481
19 -0.0002017167009413565
20 0.0
21 0.0005292210481443612
22 0.0
23 0.0012415629167264618
24 0.0
25 0.002033357810282744
26 0.0012414190005148725
27 0.0
28 0.0002659464183961076
29 0.0014407856458088324
30 0.0003643176046760552
31 -9.146111880600595e-05
32 0.0011691803904076105
33 0.0006326915236872791
34 -6.791839576949166e-05
35 0.0011806646980830485
36 0.0
37 0.0
38 0.0
39 0.0021923426064305966
40 0.0017438289085594234
41 0.0002825897257766057
42 0.0
43 0.00023591420589370518
44 0.0022551292144155953
45 0.0
46 0.0018756305165514634
47 0.0014047369789931844
48 0.002866098255997454
49 -0.0014008047291709006
