1 1.000000
2 1.126780
3 1.228521
4 1.322555
5 1.411909
6 1.497938
7 1.581406
8 1.662802
9 1.742467
10 1.820648
11 1.897533
12 1.973272
13 2.047984
14 2.121767
15 2.194702
16 2.266859
17 2.338297
18 2.409069
19 2.479218
20 2.548785
21 2.617805
22 2.686309
23 2.754324
24 2.821878
25 2.888992
26 2.955688
27 3.021985
28 3.087901
29 3.153451
30 3.218651
31 3.283514
32 3.348054
33 3.412282
34 3.476210
35 3.539848
36 3.603206
37 3.666292
38 3.729117
39 3.791687
40 3.854010
41 3.916095
42 3.977947
43 4.039573
44 4.100979
45 4.162171
46 4.223156
47 4.283937
48 4.344520
49 4.404910
50 4.465112
51 4.525130
52 4.584968
53 4.644630
54 4.704121
55 4.763443
56 4.822601
57 4.881597
58 4.940436
59 4.999120
60 5.057652
61 5.116036
62 5.174274
63 5.232369
64 5.290324
65 5.348141
66 5.405822
67 5.463371
68 5.520789
69 5.578078
70 5.635241
71 5.692281
72 5.749197
73 5.805994
74 5.862673
75 5.919235
76 5.975683
77 6.032018
78 6.088242
79 6.144356
80 6.200363
81 6.256263
82 6.312059
83 6.367752
84 6.423342
85 6.478833
86 6.534224
87 6.589517
88 6.644715
89 6.699817
90 6.754825
91 6.809741
92 6.864565
93 6.919299
94 6.973944
95 7.028501
96 7.082970
97 7.137354
98 7.191653
99 7.245868
100 7.300000
