1 1.000000
2 1.041858
3 1.075448
4 1.106494
5 1.135995
6 1.164399
7 1.191956
8 1.218830
9 1.245132
10 1.270944
11 1.296328
12 1.321334
13 1.346001
14 1.370361
15 1.394441
16 1.418264
17 1.441851
18 1.465216
19 1.488377
20 1.511345
21 1.534132
22 1.556749
23 1.579206
24 1.601509
25 1.623667
26 1.645688
27 1.667576
28 1.689339
29 1.710981
30 1.732507
31 1.753922
32 1.775231
33 1.796436
34 1.817542
35 1.838553
36 1.859471
37 1.880300
38 1.901042
39 1.921700
40 1.942276
41 1.962774
42 1.983195
43 2.003541
44 2.023815
45 2.044019
46 2.064153
47 2.084220
48 2.104223
49 2.124161
50 2.144037
51 2.163852
52 2.183608
53 2.203306
54 2.222948
55 2.242534
56 2.262065
57 2.281543
58 2.300969
59 2.320344
60 2.339669
61 2.358945
62 2.378173
63 2.397354
64 2.416488
65 2.435577
66 2.454621
67 2.473621
68 2.492578
69 2.511492
70 2.530365
71 2.549197
72 2.567989
73 2.586741
74 2.605454
75 2.624128
76 2.642765
77 2.661365
78 2.679927
79 2.698454
80 2.716945
81 2.735401
82 2.753823
83 2.772210
84 2.790564
85 2.808884
86 2.827172
87 2.845428
88 2.863652
89 2.881844
90 2.900006
91 2.918137
92 2.936237
93 2.954308
94 2.972350
95 2.990362
96 3.008346
97 3.026301
98 3.044228
99 3.062128
100 3.080000
