1 1.000000
2 1.128792
3 1.232148
4 1.327675
5 1.418448
6 1.505842
7 1.590634
8 1.673323
9 1.754252
10 1.833674
11 1.911780
12 1.988721
13 2.064619
14 2.139572
15 2.213665
16 2.286968
17 2.359540
18 2.431435
19 2.502698
20 2.573369
21 2.643484
22 2.713075
23 2.782171
24 2.850797
25 2.918976
26 2.986731
27 3.054080
28 3.121042
29 3.187633
30 3.253867
31 3.319760
32 3.385325
33 3.450572
34 3.515515
35 3.580163
36 3.644526
37 3.708614
38 3.772436
39 3.835999
40 3.899312
41 3.962382
42 4.025216
43 4.087820
44 4.150201
45 4.212365
46 4.274317
47 4.336063
48 4.397608
49 4.458957
50 4.520114
51 4.581084
52 4.641872
53 4.702482
54 4.762916
55 4.823180
56 4.883277
57 4.943210
58 5.002982
59 5.062598
60 5.122060
61 5.181370
62 5.240533
63 5.299550
64 5.358424
65 5.417159
66 5.475756
67 5.534218
68 5.592547
69 5.650746
70 5.708817
71 5.766761
72 5.824582
73 5.882280
74 5.939858
75 5.997318
76 6.054662
77 6.111891
78 6.169008
79 6.226013
80 6.282908
81 6.339696
82 6.396378
83 6.452954
84 6.509427
85 6.565798
86 6.622069
87 6.678240
88 6.734313
89 6.790290
90 6.846172
91 6.901959
92 6.957654
93 7.013256
94 7.068768
95 7.124191
96 7.179525
97 7.234772
98 7.289933
99 7.345009
100 7.400000
