0 2.2909958362579346
1 2.2909958362579346
2 2.281099796295166
3 2.2542788982391357
4 2.2590460777282715
5 2.2311055660247803
6 2.1972928047180176
7 2.1654582023620605
8 2.1654582023620605
9 2.1654582023620605
10 2.1654582023620605
11 1.9831972122192383
12 1.9482375383377075
13 1.860446810722351
14 1.7241227626800537
15 1.7241227626800537
16 1.561591625213623
17 1.561591625213623
18 1.2317085266113281
19 1.1345674991607666
20 1.022670865058899
21 1.022670865058899
22 0.7526765465736389
23 0.7066358327865601
24 0.6401452422142029
25 0.6401452422142029
26 0.6872174739837646
27 0.6248315572738647
28 0.5656953454017639
29 0.5656953454017639
30 0.40088173747062683
31 0.3921348750591278
32 0.6530977487564087
33 0.4295797348022461
34 0.5373980402946472
35 0.5569799542427063
36 0.5569799542427063
37 0.5569799542427063
38 0.3676234781742096
39 0.3676234781742096
40 0.3676234781742096
41 0.5628326535224915
42 0.5498241186141968
43 0.42351481318473816
44 0.358158677816391
45 0.3631591796875
46 0.27894338965415955
47 0.32885321974754333
48 0.3218104839324951
49 0.27454355359077454
50 0.1928398460149765
51 0.1928398460149765
52 0.29301801323890686
53 0.34762558341026306
54 0.16828057169914246
55 0.29781731963157654
56 0.4534963369369507
57 0.33251768350601196
58 0.32658347487449646
59 0.32658347487449646
60 0.26118186116218567
61 0.29708927869796753
62 0.25568678975105286
63 0.27618715167045593
64 0.27618715167045593
65 0.24223950505256653
66 0.24223950505256653
67 0.23902729153633118
68 0.2211170196533203
69 0.3955187499523163
70 0.4186619520187378
71 0.1883479803800583
72 0.18860481679439545
73 0.18641693890094757
74 0.20365376770496368
75 0.20365376770496368
76 0.20365376770496368
77 0.1920001357793808
78 0.30865880846977234
79 0.2168787717819214
80 0.2168787717819214
81 0.21346287429332733
82 0.20671407878398895
83 0.16383685171604156
84 0.2050492763519287
85 0.3025473952293396
86 0.3025473952293396
87 0.3025473952293396
88 0.11020971089601517
89 0.11020971089601517
90 0.11020971089601517
91 0.11020971089601517
92 0.1866222620010376
93 0.1866222620010376
94 0.1866222620010376
95 0.1866222620010376
96 0.21360021829605103
97 0.21360021829605103
98 0.20726928114891052
99 0.12829628586769104
100 0.24797803163528442
101 0.19627569615840912
102 0.19627569615840912
103 0.2247101068496704
104 0.20691148936748505
105 0.20691148936748505
106 0.20691148936748505
107 0.20691148936748505
108 0.20691148936748505
109 0.14294612407684326
110 0.14294612407684326
111 0.18421213328838348
112 0.10500142723321915
113 0.10500142723321915
114 0.10500142723321915
115 0.10500142723321915
116 0.10500142723321915
117 0.10500142723321915
118 0.10500142723321915
119 0.1493147611618042
120 0.07489300519227982
121 0.1301542967557907
122 0.1301542967557907
123 0.1301542967557907
124 0.1301542967557907
125 0.12171128392219543
126 0.13602624833583832
127 0.18644829094409943
128 0.18644829094409943
129 0.1121639683842659
130 0.11695800721645355
131 0.11695800721645355
132 0.08552423119544983
133 0.08295794576406479
134 0.18218594789505005
135 0.12386211007833481
136 0.1527189016342163
137 0.20850493013858795
138 0.20850493013858795
139 0.11378323286771774
140 0.12541401386260986
141 0.12541401386260986
142 0.09779561311006546
143 0.09779561311006546
144 0.09779561311006546
145 0.09779561311006546
146 0.20799347758293152
147 0.06982829421758652
148 0.0800464004278183
149 0.08655378222465515
150 0.08655378222465515
151 0.07246647030115128
152 0.14551624655723572
153 0.13992151618003845
154 0.1038212701678276
155 0.07106371223926544
156 0.16234181821346283
157 0.11397396773099899
158 0.11397396773099899
159 0.1109202653169632
160 0.12740541994571686
161 0.14717407524585724
162 0.07316522300243378
163 0.15468667447566986
164 0.06369316577911377
165 0.06369316577911377
166 0.06369316577911377
167 0.09952445328235626
168 0.14545276761054993
169 0.07952041923999786
170 0.11923866719007492
171 0.11099819839000702
172 0.11099819839000702
173 0.11099819839000702
174 0.08454746752977371
175 0.06382974237203598
176 0.17516380548477173
177 0.17516380548477173
178 0.02841665782034397
179 0.07804454118013382
180 0.12263515591621399
181 0.12263515591621399
182 0.08933638036251068
183 0.0761585682630539
184 0.05137154087424278
185 0.05137154087424278
186 0.05137154087424278
187 0.05137154087424278
188 0.08326394855976105
189 0.07958388328552246
190 0.07958388328552246
191 0.11581888794898987
192 0.11581888794898987
193 0.039479393512010574
194 0.09326528757810593
195 0.15630850195884705
196 0.098446786403656
197 0.098446786403656
198 0.08157732337713242
199 0.15944454073905945
200 0.08474249392747879
201 0.0742582380771637
202 0.06841836124658585
203 0.06841836124658585
204 0.05033388361334801
205 0.05033388361334801
206 0.06337474286556244
207 0.06545810401439667
208 0.06545810401439667
209 0.12380020320415497
210 0.07938485592603683
211 0.07938485592603683
212 0.07938485592603683
213 0.08449354022741318
214 0.08449354022741318
215 0.10115087032318115
216 0.07382560521364212
217 0.08386078476905823
218 0.08386078476905823
219 0.06215778365731239
220 0.1384599655866623
221 0.1384599655866623
222 0.05373730510473251
223 0.05373730510473251
224 0.0836855098605156
225 0.0836855098605156
226 0.05845490097999573
227 0.08696728199720383
228 0.08696728199720383
229 0.08746583014726639
230 0.1508464366197586
231 0.032169025391340256
232 0.04847731441259384
233 0.051102932542562485
234 0.04110535606741905
235 0.04677976667881012
236 0.14007902145385742
237 0.1119522750377655
238 0.04706675186753273
239 0.06232807785272598
240 0.06232807785272598
241 0.10080504417419434
242 0.04699575528502464
243 0.0785217210650444
244 0.05389819294214249
245 0.16222086548805237
246 0.0856148898601532
247 0.14338719844818115
248 0.07055474072694778
249 0.10081224143505096
250 0.05951829254627228
251 0.09738742560148239
252 0.06422969698905945
253 0.05321548879146576
254 0.06195487454533577
255 0.06195487454533577
256 0.06195487454533577
257 0.06195487454533577
258 0.06195487454533577
259 0.06195487454533577
260 0.06195487454533577
261 0.057598087936639786
262 0.057598087936639786
263 0.04373364895582199
264 0.04813500866293907
265 0.04813500866293907
266 0.06299847364425659
267 0.03700340539216995
268 0.03700340539216995
269 0.03700340539216995
270 0.03700340539216995
271 0.03792385011911392
272 0.11005678027868271
273 0.07499837130308151
274 0.07499837130308151
275 0.09926319122314453
276 0.023230453953146935
277 0.05898280441761017
278 0.07046718150377274
279 0.07046718150377274
280 0.07046718150377274
281 0.06943831592798233
282 0.06943831592798233
283 0.036509353667497635
284 0.13091745972633362
285 0.05404508486390114
286 0.05404508486390114
287 0.02016117423772812
288 0.027420083060860634
289 0.027420083060860634
290 0.06322473287582397
291 0.047812119126319885
292 0.05046599358320236
293 0.09013883769512177
294 0.05344712361693382
295 0.036312587559223175
296 0.0753336027264595
297 0.04044290632009506
298 0.04044290632009506
299 0.11773116141557693
300 0.09939655661582947
301 0.09939655661582947
302 0.046376001089811325
303 0.0967952087521553
304 0.0967952087521553
305 0.0967952087521553
306 0.0967952087521553
307 0.04493357986211777
308 0.04493357986211777
309 0.04493357986211777
310 0.07435658574104309
311 0.02255968749523163
312 0.05925147607922554
313 0.06148746237158775
314 0.06148746237158775
315 0.05421224981546402
316 0.0760822668671608
317 0.0760822668671608
318 0.10931741446256638
319 0.04956592246890068
320 0.06769146770238876
321 0.06769146770238876
322 0.0473017580807209
323 0.0473017580807209
324 0.045849356800317764
325 0.045849356800317764
326 0.04682500287890434
327 0.04680195450782776
328 0.06364525109529495
329 0.06364525109529495
330 0.04501759260892868
331 0.04501759260892868
332 0.04501759260892868
333 0.02477615885436535
334 0.03744548559188843
335 0.03744548559188843
336 0.03744548559188843
337 0.03744548559188843
338 0.03744548559188843
339 0.05463980883359909
340 0.06791337579488754
341 0.06791337579488754
342 0.045655593276023865
343 0.045655593276023865
344 0.045655593276023865
345 0.045655593276023865
346 0.023929644376039505
347 0.06431163847446442
348 0.06431163847446442
349 0.06431163847446442
350 0.07605614513158798
351 0.04843207448720932
352 0.04843207448720932
353 0.04843207448720932
354 0.07106655836105347
355 0.04127223417162895
356 0.09775764495134354
357 0.07922816276550293
358 0.032145168632268906
359 0.023686042055487633
360 0.11189579218626022
361 0.018024522811174393
362 0.009869948960840702
363 0.009869948960840702
364 0.06677960604429245
365 0.027124062180519104
366 0.027124062180519104
367 0.027124062180519104
368 0.027124062180519104
369 0.027124062180519104
370 0.03633016720414162
371 0.03633016720414162
372 0.03138083964586258
373 0.04604824632406235
374 0.05882793664932251
375 0.05882793664932251
376 0.05882793664932251
377 0.05882793664932251
378 0.07815514504909515
379 0.023799069225788116
380 0.031755272299051285
381 0.08406493067741394
382 0.08406493067741394
383 0.08406493067741394
384 0.08406493067741394
385 0.03206208348274231
386 0.03206208348274231
387 0.03436468914151192
388 0.03074733540415764
389 0.03074733540415764
390 0.06408298015594482
391 0.06408298015594482
392 0.043801646679639816
393 0.19679683446884155
394 0.04948451370000839
395 0.04948451370000839
396 0.04948451370000839
397 0.04948451370000839
398 0.08169952780008316
399 0.08169952780008316
400 0.050390977412462234
401 0.08146972954273224
402 0.06451242417097092
403 0.057602740824222565
404 0.057602740824222565
405 0.14849182963371277
406 0.06416650861501694
407 0.05359158292412758
408 0.05359158292412758
409 0.05359158292412758
410 0.05359158292412758
411 0.029006022959947586
412 0.08183177560567856
413 0.03631018474698067
414 0.08980326354503632
415 0.08556957542896271
416 0.0316288024187088
417 0.09200268238782883
418 0.044243406504392624
419 0.18736302852630615
420 0.06327491253614426
421 0.024421827867627144
422 0.04714450240135193
423 0.04714450240135193
424 0.09037459641695023
425 0.06074843928217888
426 0.02404281497001648
427 0.02404281497001648
428 0.018862877041101456
429 0.018862877041101456
430 0.018862877041101456
431 0.02330522984266281
432 0.04853413626551628
433 0.024373825639486313
434 0.018873430788517
435 0.05732955038547516
436 0.05732955038547516
437 0.07547523081302643
438 0.024799302220344543
439 0.07522589713335037
440 0.12746325135231018
441 0.06522417068481445
442 0.06522417068481445
443 0.0661066472530365
444 0.018091900274157524
445 0.018091900274157524
446 0.079082190990448
447 0.05201186612248421
448 0.02876097336411476
449 0.06979748606681824
450 0.06979748606681824
451 0.006483134813606739
452 0.04027986526489258
453 0.04027986526489258
454 0.04027986526489258
455 0.0385972261428833
456 0.03331464156508446
457 0.03331464156508446
458 0.03766339644789696
459 0.03766339644789696
460 0.0604972168803215
461 0.0604972168803215
462 0.019321026280522346
463 0.026215137913823128
464 0.05541541427373886
465 0.023592565208673477
466 0.019124798476696014
467 0.019124798476696014
468 0.019124798476696014
469 0.1122237965464592
470 0.1122237965464592
471 0.1122237965464592
472 0.04657770320773125
473 0.04657770320773125
474 0.05317043513059616
475 0.07837582379579544
476 0.057098500430583954
477 0.035598933696746826
478 0.023120786994695663
479 0.023120786994695663
480 0.023120786994695663
481 0.05821070075035095
482 0.05821070075035095
483 0.04139997437596321
484 0.026041565462946892
485 0.08124663680791855
486 0.08124663680791855
487 0.028662430122494698
488 0.02805371768772602
489 0.133177250623703
490 0.04863489419221878
491 0.023497670888900757
492 0.047837063670158386
493 0.047837063670158386
494 0.06777091324329376
495 0.05550388619303703
496 0.044769495725631714
497 0.03186210244894028
498 0.03294535353779793
499 0.04020467773079872
