0 2.315826177597046
1 2.295632839202881
2 2.272528648376465
3 2.2722702026367188
4 2.2722702026367188
5 2.226546287536621
6 2.18436336517334
7 2.1681556701660156
8 2.131101369857788
9 2.131101369857788
10 2.131101369857788
11 1.9980499744415283
12 1.9980499744415283
13 1.8415651321411133
14 1.8415651321411133
15 1.8415651321411133
16 1.539392352104187
17 1.3262320756912231
18 1.3262320756912231
19 1.1779975891113281
20 1.1779975891113281
21 1.1779975891113281
22 0.7235956788063049
23 0.7235956788063049
24 0.7235956788063049
25 0.7235956788063049
26 0.5574169158935547
27 0.583086371421814
28 0.3856692612171173
29 0.6594561338424683
30 0.6594561338424683
31 0.6594561338424683
32 0.5283544063568115
33 0.5130305290222168
34 0.40782567858695984
35 0.4153551757335663
36 0.2731988728046417
37 0.3672565519809723
38 0.3672565519809723
39 0.3450353741645813
40 0.5233627557754517
41 0.40273094177246094
42 0.41928356885910034
43 0.46202224493026733
44 0.46202224493026733
45 0.33657148480415344
46 0.30589425563812256
47 0.32260915637016296
48 0.1824939250946045
49 0.1824939250946045
50 0.1824939250946045
51 0.1824939250946045
52 0.1824939250946045
53 0.1824939250946045
54 0.29034700989723206
55 0.286548376083374
56 0.286548376083374
57 0.3354608714580536
58 0.30330923199653625
59 0.2902297079563141
60 0.2902297079563141
61 0.26685214042663574
62 0.3034597933292389
63 0.35995280742645264
64 0.2147398442029953
65 0.18098562955856323
66 0.27093538641929626
67 0.31167304515838623
68 0.31167304515838623
69 0.38163965940475464
70 0.34084486961364746
71 0.28380876779556274
72 0.30949392914772034
73 0.2134777456521988
74 0.27094972133636475
75 0.27094972133636475
76 0.3044220805168152
77 0.3044220805168152
78 0.18552272021770477
79 0.1636177897453308
80 0.2650197744369507
81 0.2650197744369507
82 0.2650197744369507
83 0.26666849851608276
84 0.26666849851608276
85 0.26666849851608276
86 0.2264520823955536
87 0.26650360226631165
88 0.26650360226631165
89 0.13212934136390686
90 0.12884770333766937
91 0.2329724133014679
92 0.17126339673995972
93 0.2415589690208435
94 0.1435675472021103
95 0.11871276795864105
96 0.11871276795864105
97 0.22915546596050262
98 0.21528546512126923
99 0.21350912749767303
100 0.1353251188993454
101 0.1353251188993454
102 0.1385616958141327
103 0.1385616958141327
104 0.16148291528224945
105 0.19421863555908203
106 0.15919212996959686
107 0.17945386469364166
108 0.1547423005104065
109 0.15881362557411194
110 0.1452561616897583
111 0.1452561616897583
112 0.17724746465682983
113 0.1900382936000824
114 0.1900382936000824
115 0.1900382936000824
116 0.1900382936000824
117 0.1602100133895874
118 0.21746528148651123
119 0.12649855017662048
120 0.1272633820772171
121 0.1272633820772171
122 0.10210501402616501
123 0.10210501402616501
124 0.10210501402616501
125 0.12055370956659317
126 0.16020342707633972
127 0.17707520723342896
128 0.2177106887102127
129 0.2177106887102127
130 0.11371394246816635
131 0.11371394246816635
132 0.11371394246816635
133 0.11371394246816635
134 0.10129330307245255
135 0.06179557740688324
136 0.14955765008926392
137 0.2198038250207901
138 0.13134430348873138
139 0.13134430348873138
140 0.1470285952091217
141 0.13129964470863342
142 0.09254031628370285
143 0.09254031628370285
144 0.22643417119979858
145 0.22643417119979858
146 0.13229618966579437
147 0.13229618966579437
148 0.1561919003725052
149 0.2187943309545517
150 0.11022035032510757
151 0.11022035032510757
152 0.11336948722600937
153 0.09664308279752731
154 0.09948268532752991
155 0.11090033501386642
156 0.14691436290740967
157 0.06212037056684494
158 0.14563143253326416
159 0.14563143253326416
160 0.14563143253326416
161 0.11446964740753174
162 0.11446964740753174
163 0.11446964740753174
164 0.23198620975017548
165 0.12812748551368713
166 0.1463712453842163
167 0.1463712453842163
168 0.1463712453842163
169 0.08995190262794495
170 0.08995190262794495
171 0.08604159951210022
172 0.029599132016301155
173 0.07798048108816147
174 0.11083643138408661
175 0.06265410780906677
176 0.10660010576248169
177 0.0988258644938469
178 0.07268214970827103
179 0.07072138786315918
180 0.07072138786315918
181 0.07072138786315918
182 0.091382697224617
183 0.091382697224617
184 0.091382697224617
185 0.214126855134964
186 0.08992909640073776
187 0.06534681469202042
188 0.027577081695199013
189 0.027577081695199013
190 0.0746251568198204
191 0.06338166445493698
192 0.06721267104148865
193 0.06202404573559761
194 0.08467120677232742
195 0.08467120677232742
196 0.15091575682163239
197 0.08108773827552795
198 0.1472543179988861
199 0.07350737601518631
200 0.07350737601518631
201 0.19282668828964233
202 0.052501216530799866
203 0.17957240343093872
204 0.0941050723195076
205 0.0941050723195076
206 0.0941050723195076
207 0.0941050723195076
208 0.06035814434289932
209 0.08402019739151001
210 0.1304442137479782
211 0.1304442137479782
212 0.06408622860908508
213 0.06408622860908508
214 0.09152887016534805
215 0.08838784694671631
216 0.08838784694671631
217 0.14413240551948547
218 0.07287462055683136
219 0.059413082897663116
220 0.14106866717338562
221 0.1633477807044983
222 0.1633477807044983
223 0.05399852991104126
224 0.042259909212589264
225 0.09186559915542603
226 0.09186559915542603
227 0.09122022241353989
228 0.06025975942611694
229 0.03968273103237152
230 0.08453364670276642
231 0.08453364670276642
232 0.0456564836204052
233 0.0456564836204052
234 0.0456564836204052
235 0.06527354568243027
236 0.06527354568243027
237 0.03348167985677719
238 0.03815694898366928
239 0.07888300716876984
240 0.07888300716876984
241 0.09874732792377472
242 0.053678933531045914
243 0.03309505060315132
244 0.06841661781072617
245 0.08490845561027527
246 0.08490845561027527
247 0.2015881985425949
248 0.1241816058754921
249 0.042994704097509384
250 0.08921720087528229
251 0.06208591163158417
252 0.06570611894130707
253 0.07067621499300003
254 0.13978543877601624
255 0.08693735301494598
256 0.07237808406352997
257 0.10863734036684036
258 0.10863734036684036
259 0.10863734036684036
260 0.10231538116931915
261 0.07002390921115875
262 0.0658348798751831
263 0.07459720969200134
264 0.07703067362308502
265 0.07934137433767319
266 0.17499879002571106
267 0.17499879002571106
268 0.03846782073378563
269 0.04818413034081459
270 0.0787598043680191
271 0.0787598043680191
272 0.07428199797868729
273 0.10296323895454407
274 0.06836390495300293
275 0.0393378920853138
276 0.0393378920853138
277 0.04832326993346214
278 0.04832326993346214
279 0.04832326993346214
280 0.03656009957194328
281 0.11224270612001419
282 0.06950247287750244
283 0.09580640494823456
284 0.09468065202236176
285 0.09468065202236176
286 0.09468065202236176
287 0.15143278241157532
288 0.15143278241157532
289 0.03527585789561272
290 0.12076732516288757
291 0.12076732516288757
292 0.043165940791368484
293 0.04405105859041214
294 0.11106880754232407
295 0.03740925341844559
296 0.048406943678855896
297 0.06817509979009628
298 0.0735333189368248
299 0.10034635663032532
300 0.15685392916202545
301 0.055195536464452744
302 0.025094449520111084
303 0.11363432556390762
304 0.1471998691558838
305 0.029113752767443657
306 0.06800048053264618
307 0.06800048053264618
308 0.07593706995248795
309 0.07593706995248795
310 0.07593706995248795
311 0.07593706995248795
312 0.20025824010372162
313 0.20025824010372162
314 0.1571437120437622
315 0.03925078734755516
316 0.03925078734755516
317 0.03925078734755516
318 0.08447687327861786
319 0.022155068814754486
320 0.022155068814754486
321 0.0728570967912674
322 0.04156827926635742
323 0.04156827926635742
324 0.083199143409729
325 0.050292883068323135
326 0.015651511028409004
327 0.04558872804045677
328 0.08271532505750656
329 0.0921960398554802
330 0.0921960398554802
331 0.039488114416599274
332 0.013505501672625542
333 0.013505501672625542
334 0.013505501672625542
335 0.07035370916128159
336 0.07035370916128159
337 0.07035370916128159
338 0.061167411506175995
339 0.08716551214456558
340 0.10830029100179672
341 0.10830029100179672
342 0.04611743986606598
343 0.04611743986606598
344 0.049956873059272766
345 0.11855611205101013
346 0.07558852434158325
347 0.059996098279953
348 0.059996098279953
349 0.04202735424041748
350 0.09847208857536316
351 0.09847208857536316
352 0.07699481397867203
353 0.04715917631983757
354 0.04715917631983757
355 0.04715917631983757
356 0.016696278005838394
357 0.016696278005838394
358 0.07466425746679306
359 0.07466425746679306
360 0.07737596333026886
361 0.07576894015073776
362 0.07576894015073776
363 0.05522812157869339
364 0.11585035175085068
365 0.11585035175085068
366 0.054542578756809235
367 0.08674129843711853
368 0.08674129843711853
369 0.02445899322628975
370 0.04698140174150467
371 0.01030032616108656
372 0.01030032616108656
373 0.06084176152944565
374 0.02759120799601078
375 0.037873245775699615
376 0.049803826957941055
377 0.049803826957941055
378 0.049803826957941055
379 0.049803826957941055
380 0.052749309688806534
381 0.018167905509471893
382 0.018167905509471893
383 0.0745621919631958
384 0.04825713112950325
385 0.038155168294906616
386 0.06319519877433777
387 0.007560827769339085
388 0.007560827769339085
389 0.011409957893192768
390 0.011409957893192768
391 0.07123284786939621
392 0.043627459555864334
393 0.05365072935819626
394 0.0435776561498642
395 0.0435776561498642
396 0.05860278755426407
397 0.09094798564910889
398 0.09094798564910889
399 0.0279359333217144
400 0.0279359333217144
401 0.04359642043709755
402 0.04267922788858414
403 0.040116067975759506
404 0.040116067975759506
405 0.040116067975759506
406 0.06733393669128418
407 0.05575571581721306
408 0.07386569678783417
409 0.09562830626964569
410 0.04975039139389992
411 0.04975039139389992
412 0.03556379675865173
413 0.03778235614299774
414 0.03778235614299774
415 0.0504138246178627
416 0.0504138246178627
417 0.02941351942718029
418 0.08613002300262451
419 0.08613002300262451
420 0.040491268038749695
421 0.018223805353045464
422 0.05592456832528114
423 0.022738944739103317
424 0.022738944739103317
425 0.0886075496673584
426 0.037696126848459244
427 0.040852438658475876
428 0.039729755371809006
429 0.04614334926009178
430 0.06862739473581314
431 0.029495960101485252
432 0.04316914454102516
433 0.04316914454102516
434 0.04316914454102516
435 0.026314036920666695
436 0.07480742782354355
437 0.04843717813491821
438 0.03160358592867851
439 0.03160358592867851
440 0.03160358592867851
441 0.03160358592867851
442 0.024731295183300972
443 0.021838754415512085
444 0.021838754415512085
445 0.10072484612464905
446 0.04148311913013458
447 0.059095583856105804
448 0.057114433497190475
449 0.057114433497190475
450 0.03141733631491661
451 0.047843512147665024
452 0.047843512147665024
453 0.04404722899198532
454 0.07385935634374619
455 0.07385935634374619
456 0.07385935634374619
457 0.026911001652479172
458 0.11149542033672333
459 0.03378996253013611
460 0.042351871728897095
461 0.04611216112971306
462 0.04611216112971306
463 0.08719833195209503
464 0.03748827427625656
465 0.03748827427625656
466 0.03748827427625656
467 0.0209285169839859
468 0.036027610301971436
469 0.009687171317636967
470 0.06719942390918732
471 0.02185332402586937
472 0.04130278900265694
473 0.023025188595056534
474 0.09290926903486252
475 0.09290926903486252
476 0.04589173197746277
477 0.04589173197746277
478 0.02769698016345501
479 0.019620610401034355
480 0.09116686880588531
481 0.009468009695410728
482 0.05236518383026123
483 0.05236518383026123
484 0.05236518383026123
485 0.04668238386511803
486 0.04668238386511803
487 0.04668238386511803
488 0.05848244950175285
489 0.06874984502792358
490 0.06874984502792358
491 0.06874984502792358
492 0.0526910200715065
493 0.036429714411497116
494 0.06830702722072601
495 0.026578709483146667
496 0.026578709483146667
497 0.050733376294374466
498 0.009434490464627743
499 0.09050565958023071
