0 2.310682535171509
1 2.2949841022491455
2 2.284825563430786
3 2.284825563430786
4 2.2583112716674805
5 2.2107298374176025
6 2.191303014755249
7 2.1758410930633545
8 2.1758410930633545
9 2.1758410930633545
10 2.036073923110962
11 1.9773932695388794
12 1.9139739274978638
13 1.8353196382522583
14 1.690139651298523
15 1.6227105855941772
16 1.4981286525726318
17 1.4609824419021606
18 1.4609824419021606
19 1.1554925441741943
20 1.072400450706482
21 1.072400450706482
22 0.8074941635131836
23 0.5432147979736328
24 0.7003928422927856
25 0.6044095754623413
26 0.6044095754623413
27 0.6044095754623413
28 0.6284171938896179
29 0.5606029033660889
30 0.5606029033660889
31 0.7127108573913574
32 0.44566810131073
33 0.44566810131073
34 0.5677182674407959
35 0.5677182674407959
36 0.5677182674407959
37 0.5240597724914551
38 0.38572004437446594
39 0.38572004437446594
40 0.38038015365600586
41 0.38038015365600586
42 0.24736995995044708
43 0.24736995995044708
44 0.3827255368232727
45 0.5789902806282043
46 0.5789902806282043
47 0.2953149974346161
48 0.35176482796669006
49 0.33894264698028564
50 0.33894264698028564
51 0.33894264698028564
52 0.29456859827041626
53 0.44804105162620544
54 0.44804105162620544
55 0.44804105162620544
56 0.44804105162620544
57 0.35488343238830566
58 0.20733673870563507
59 0.23651430010795593
60 0.2543199360370636
61 0.1961544007062912
62 0.25694042444229126
63 0.30547353625297546
64 0.3303616940975189
65 0.3303616940975189
66 0.21307167410850525
67 0.25957342982292175
68 0.18188165128231049
69 0.29853469133377075
70 0.22535106539726257
71 0.20934726297855377
72 0.20934726297855377
73 0.25070980191230774
74 0.330574631690979
75 0.1954919397830963
76 0.1813025027513504
77 0.1813025027513504
78 0.1813025027513504
79 0.18418407440185547
80 0.17506201565265656
81 0.17506201565265656
82 0.2894195020198822
83 0.2894195020198822
84 0.2894195020198822
85 0.20994442701339722
86 0.22872379422187805
87 0.22872379422187805
88 0.1895388662815094
89 0.3201286196708679
90 0.18394027650356293
91 0.27818015217781067
92 0.27818015217781067
93 0.27136385440826416
94 0.19670012593269348
95 0.19670012593269348
96 0.19605307281017303
97 0.1890600025653839
98 0.08257303386926651
99 0.1984347254037857
100 0.20948626101016998
101 0.20948626101016998
102 0.20948626101016998
103 0.1648944765329361
104 0.1648944765329361
105 0.15822753310203552
106 0.1801512986421585
107 0.20105525851249695
108 0.20105525851249695
109 0.17751023173332214
110 0.292057603597641
111 0.19885239005088806
112 0.19885239005088806
113 0.126811683177948
114 0.16596950590610504
115 0.10646972805261612
116 0.17989684641361237
117 0.13504692912101746
118 0.1917182058095932
119 0.12638019025325775
120 0.12638019025325775
121 0.2008274495601654
122 0.1475829929113388
123 0.22023923695087433
124 0.22023923695087433
125 0.1277969628572464
126 0.19458788633346558
127 0.20589037239551544
128 0.13795775175094604
129 0.13589680194854736
130 0.16845861077308655
131 0.16845861077308655
132 0.16845861077308655
133 0.16845861077308655
134 0.16845861077308655
135 0.13621202111244202
136 0.13621202111244202
137 0.09676375985145569
138 0.11831875890493393
139 0.11385579407215118
140 0.12829580903053284
141 0.12829580903053284
142 0.12829580903053284
143 0.1838258057832718
144 0.1838258057832718
145 0.1838258057832718
146 0.1838258057832718
147 0.141771137714386
148 0.16067762672901154
149 0.16067762672901154
150 0.21147464215755463
151 0.21147464215755463
152 0.09659664332866669
153 0.09659664332866669
154 0.19010619819164276
155 0.17671197652816772
156 0.17671197652816772
157 0.17671197652816772
158 0.10377746820449829
159 0.10377746820449829
160 0.10110534727573395
161 0.12703192234039307
162 0.12703192234039307
163 0.12703192234039307
164 0.14578455686569214
165 0.14578455686569214
166 0.15045711398124695
167 0.15045711398124695
168 0.122111976146698
169 0.12120995670557022
170 0.07743565738201141
171 0.16170746088027954
172 0.05871989205479622
173 0.14571458101272583
174 0.06767825037240982
175 0.06767825037240982
176 0.09776613116264343
177 0.09776613116264343
178 0.09776613116264343
179 0.09776613116264343
180 0.09776613116264343
181 0.08266360312700272
182 0.0934600681066513
183 0.15047681331634521
184 0.08870089799165726
185 0.03693770244717598
186 0.11086209118366241
187 0.047504544258117676
188 0.04400200396776199
189 0.04400200396776199
190 0.10927882790565491
191 0.12412647157907486
192 0.12412647157907486
193 0.1059061661362648
194 0.08354706317186356
195 0.06108974665403366
196 0.06108974665403366
197 0.08934611827135086
198 0.1275048404932022
199 0.15273597836494446
200 0.07917273789644241
201 0.0911053791642189
202 0.11717414110898972
203 0.12539905309677124
204 0.12539905309677124
205 0.07548965513706207
206 0.02470581792294979
207 0.06582500785589218
208 0.06478044390678406
209 0.08918051421642303
210 0.08918051421642303
211 0.10195975005626678
212 0.11420533061027527
213 0.11420533061027527
214 0.11420533061027527
215 0.10175743699073792
216 0.07188092172145844
217 0.10507259517908096
218 0.09523520618677139
219 0.09523520618677139
220 0.09523520618677139
221 0.06578867882490158
222 0.12880048155784607
223 0.11897832155227661
224 0.11897832155227661
225 0.08346719294786453
226 0.09168948233127594
227 0.09168948233127594
228 0.07626432925462723
229 0.07562863081693649
230 0.05646761506795883
231 0.07740109413862228
232 0.07016649842262268
233 0.04601973667740822
234 0.10681677609682083
235 0.08828224986791611
236 0.08828224986791611
237 0.09847825020551682
238 0.09847825020551682
239 0.11528035253286362
240 0.1075272187590599
241 0.1075272187590599
242 0.1075272187590599
243 0.11869989335536957
244 0.03868913650512695
245 0.10161097347736359
246 0.10473401099443436
247 0.06186554953455925
248 0.06186554953455925
249 0.07097460329532623
250 0.04140705615282059
251 0.12083318084478378
252 0.12083318084478378
253 0.12083318084478378
254 0.12083318084478378
255 0.12083318084478378
256 0.0727369412779808
257 0.10481537133455276
258 0.03356333449482918
259 0.04881192743778229
260 0.12264101207256317
261 0.12264101207256317
262 0.05530332773923874
263 0.05530332773923874
264 0.07665634155273438
265 0.06830693781375885
266 0.08172145485877991
267 0.03488203138113022
268 0.05053221061825752
269 0.05053221061825752
270 0.08493049442768097
271 0.08494535833597183
272 0.12156752496957779
273 0.12156752496957779
274 0.07341904938220978
275 0.07341904938220978
276 0.0995456650853157
277 0.024154910817742348
278 0.07300293445587158
279 0.07300293445587158
280 0.07053529471158981
281 0.08800730854272842
282 0.06484394520521164
283 0.06484394520521164
284 0.07564163208007812
285 0.04155540466308594
286 0.08165308088064194
287 0.08165308088064194
288 0.047948598861694336
289 0.047948598861694336
290 0.047948598861694336
291 0.06916514039039612
292 0.061827726662158966
293 0.061827726662158966
294 0.036303017288446426
295 0.036303017288446426
296 0.05483226105570793
297 0.053286220878362656
298 0.042663175612688065
299 0.029857095330953598
300 0.0837673768401146
301 0.059193335473537445
302 0.059193335473537445
303 0.10567441582679749
304 0.10567441582679749
305 0.04096024110913277
306 0.058784015476703644
307 0.07250197231769562
308 0.03186799958348274
309 0.0639483854174614
310 0.0639483854174614
311 0.0841292068362236
312 0.028178956359624863
313 0.028178956359624863
314 0.07442054897546768
315 0.07442054897546768
316 0.037777263671159744
317 0.05590013414621353
318 0.048866454511880875
319 0.05159015581011772
320 0.11535497009754181
321 0.03548435494303703
322 0.03548435494303703
323 0.05638374760746956
324 0.06435513496398926
325 0.0411980003118515
326 0.028879962861537933
327 0.028879962861537933
328 0.10619975626468658
329 0.13870331645011902
330 0.040516674518585205
331 0.040516674518585205
332 0.07781215757131577
333 0.07781215757131577
334 0.07830403745174408
335 0.07830403745174408
336 0.062034156173467636
337 0.05219598859548569
338 0.01784484088420868
339 0.01784484088420868
340 0.021952763199806213
341 0.05199192091822624
342 0.028970979154109955
343 0.030312253162264824
344 0.030312253162264824
345 0.04317701607942581
346 0.04317701607942581
347 0.01496169250458479
348 0.07299096137285233
349 0.10970523953437805
350 0.05698559805750847
351 0.04246637970209122
352 0.03953098505735397
353 0.026389213278889656
354 0.0871095210313797
355 0.05545048415660858
356 0.05545048415660858
357 0.042424753308296204
358 0.026831435039639473
359 0.026831435039639473
360 0.026831435039639473
361 0.0466499850153923
362 0.0466499850153923
363 0.0246898140758276
364 0.0246898140758276
365 0.027235709130764008
366 0.06555920094251633
367 0.01568423956632614
368 0.039842452853918076
369 0.16686011850833893
370 0.06763993203639984
371 0.05711447820067406
372 0.022565435618162155
373 0.0570656917989254
374 0.07474600523710251
375 0.044864777475595474
376 0.0924302488565445
377 0.02431304194033146
378 0.04829922690987587
379 0.054361436516046524
380 0.02570825070142746
381 0.012651421129703522
382 0.018375428393483162
383 0.05295797437429428
384 0.05295797437429428
385 0.03358164429664612
386 0.03358164429664612
387 0.03358164429664612
388 0.03358164429664612
389 0.09490425884723663
390 0.11947385966777802
391 0.03574191406369209
392 0.017278457060456276
393 0.0810028463602066
394 0.0810028463602066
395 0.04420869052410126
396 0.06347328424453735
397 0.056189633905887604
398 0.048075903207063675
399 0.048788346350193024
400 0.048788346350193024
401 0.09193950891494751
402 0.05526646599173546
403 0.06349775195121765
404 0.03240717202425003
405 0.045302797108888626
406 0.06154917925596237
407 0.06154917925596237
408 0.03700597584247589
409 0.0342661589384079
410 0.025216933339834213
411 0.025216933339834213
412 0.025216933339834213
413 0.023569682613015175
414 0.02812257967889309
415 0.02812257967889309
416 0.0380844883620739
417 0.0380844883620739
418 0.048609763383865356
419 0.02181658148765564
420 0.02181658148765564
421 0.03352940455079079
422 0.03352940455079079
423 0.04321104660630226
424 0.04335808381438255
425 0.04335808381438255
426 0.04335808381438255
427 0.047710347920656204
428 0.05074965953826904
429 0.05074965953826904
430 0.06134273484349251
431 0.06134273484349251
432 0.06134273484349251
433 0.05338871479034424
434 0.032624125480651855
435 0.038048408925533295
436 0.049308307468891144
437 0.031315889209508896
438 0.07124470919370651
439 0.03790777921676636
440 0.044646795839071274
441 0.010559405200183392
442 0.010559405200183392
443 0.0964832529425621
444 0.0964832529425621
445 0.02942776121199131
446 0.02942776121199131
447 0.02942776121199131
448 0.02942776121199131
449 0.01015925407409668
450 0.04648216813802719
451 0.031194990500807762
452 0.09651399403810501
453 0.09651399403810501
454 0.042426783591508865
455 0.01623505912721157
456 0.01623505912721157
457 0.01623505912721157
458 0.01623505912721157
459 0.08519215136766434
460 0.08519215136766434
461 0.03342314064502716
462 0.030342957004904747
463 0.06641007959842682
464 0.06641007959842682
465 0.025600437074899673
466 0.04530739411711693
467 0.046013206243515015
468 0.046013206243515015
469 0.046013206243515015
470 0.046013206243515015
471 0.03135012835264206
472 0.03135012835264206
473 0.03135012835264206
474 0.03135012835264206
475 0.03135012835264206
476 0.010938192717730999
477 0.05012551695108414
478 0.012875122018158436
479 0.028079384937882423
480 0.011007217690348625
481 0.10494894534349442
482 0.034957192838191986
483 0.030449172481894493
484 0.010560750961303711
485 0.010560750961303711
486 0.029561858624219894
487 0.02384031191468239
488 0.026575103402137756
489 0.01687156781554222
490 0.03779159113764763
491 0.03779159113764763
492 0.03422211483120918
493 0.03176024928689003
494 0.016102846711874008
495 0.016102846711874008
496 0.0382058322429657
497 0.036129094660282135
498 0.019987838342785835
499 0.018962550908327103
