0 0.0
1 0.0
2 2.299206495285034
3 2.299206495285034
4 2.244868755340576
5 2.244868755340576
6 2.1820154190063477
7 2.1820154190063477
8 2.132388114929199
9 2.102461099624634
10 2.102461099624634
11 1.99309241771698
12 1.99309241771698
13 1.99309241771698
14 1.76759934425354
15 1.6168895959854126
16 1.6178629398345947
17 1.3718262910842896
18 1.2820731401443481
19 1.0843006372451782
20 1.0843006372451782
21 0.8269007205963135
22 0.8307141065597534
23 0.6478641629219055
24 0.6478641629219055
25 0.7585693597793579
26 0.7000054121017456
27 0.40305089950561523
28 0.5898162126541138
29 0.5192604064941406
30 0.5885839462280273
31 0.5885839462280273
32 0.47560808062553406
33 0.37890949845314026
34 0.4679269790649414
35 0.5090284943580627
36 0.5386310815811157
37 0.5184939503669739
38 0.2892560660839081
39 0.5406646728515625
40 0.5406646728515625
41 0.31307151913642883
42 0.31307151913642883
43 0.17178183794021606
44 0.4938195049762726
45 0.3453127145767212
46 0.39266788959503174
47 0.39266788959503174
48 0.39266788959503174
49 0.39266788959503174
50 0.3288991153240204
51 0.3108383119106293
52 0.30606919527053833
53 0.40427231788635254
54 0.27558547258377075
55 0.2850806415081024
56 0.20144766569137573
57 0.31264135241508484
58 0.26824235916137695
59 0.25412365794181824
60 0.25412365794181824
61 0.3959927558898926
62 0.3959927558898926
63 0.2558842599391937
64 0.2558842599391937
65 0.3899784982204437
66 0.3899784982204437
67 0.3899784982204437
68 0.29701367020606995
69 0.29701367020606995
70 0.34220045804977417
71 0.34220045804977417
72 0.31440266966819763
73 0.1994335800409317
74 0.2684786319732666
75 0.23272842168807983
76 0.18267469108104706
77 0.29813018441200256
78 0.29813018441200256
79 0.2936898171901703
80 0.23002760112285614
81 0.25020474195480347
82 0.24093598127365112
83 0.23452572524547577
84 0.2734508514404297
85 0.11687818169593811
86 0.2924385070800781
87 0.1811569631099701
88 0.23969979584217072
89 0.23969979584217072
90 0.16277752816677094
91 0.2154283970594406
92 0.2154283970594406
93 0.1564657837152481
94 0.1564657837152481
95 0.30036893486976624
96 0.1637144535779953
97 0.1637144535779953
98 0.2635186016559601
99 0.2777479887008667
100 0.1257362812757492
101 0.1257362812757492
102 0.14094899594783783
103 0.16744796931743622
104 0.08544915169477463
105 0.2657696306705475
106 0.19581332802772522
107 0.19581332802772522
108 0.16272827982902527
109 0.16272827982902527
110 0.11013291776180267
111 0.11013291776180267
112 0.1907755732536316
113 0.1907755732536316
114 0.11329685896635056
115 0.3437690734863281
116 0.13421224057674408
117 0.13421224057674408
118 0.13421224057674408
119 0.13421224057674408
120 0.1468714475631714
121 0.1468714475631714
122 0.06330730766057968
123 0.18108636140823364
124 0.0829826220870018
125 0.11599823832511902
126 0.11599823832511902
127 0.25286757946014404
128 0.13790549337863922
129 0.13790549337863922
130 0.14781661331653595
131 0.1185709536075592
132 0.09358765184879303
133 0.11365681886672974
134 0.13697302341461182
135 0.13697302341461182
136 0.17138797044754028
137 0.2255190759897232
138 0.14429780840873718
139 0.07460230588912964
140 0.22642195224761963
141 0.12301481515169144
142 0.1685844361782074
143 0.18268999457359314
144 0.09884021431207657
145 0.14784254133701324
146 0.12419171631336212
147 0.11803307384252548
148 0.10340725630521774
149 0.15082089602947235
150 0.1281626671552658
151 0.12787191569805145
152 0.12787191569805145
153 0.12787191569805145
154 0.12787191569805145
155 0.12787191569805145
156 0.13155043125152588
157 0.13155043125152588
158 0.21099980175495148
159 0.21099980175495148
160 0.06860146671533585
161 0.09949351847171783
162 0.09949351847171783
163 0.09195724874734879
164 0.09195724874734879
165 0.09195724874734879
166 0.15138830244541168
167 0.05705332010984421
168 0.1951563060283661
169 0.1951563060283661
170 0.1951563060283661
171 0.1951563060283661
172 0.1951563060283661
173 0.05617533624172211
174 0.05617533624172211
175 0.0722787082195282
176 0.0722787082195282
177 0.09106458723545074
178 0.09503782540559769
179 0.11646100133657455
180 0.11646100133657455
181 0.10791994631290436
182 0.07193950563669205
183 0.06546258926391602
184 0.07383909821510315
185 0.07383909821510315
186 0.06880257278680801
187 0.13984613120555878
188 0.17557956278324127
189 0.11359402537345886
190 0.11558077484369278
191 0.057258229702711105
192 0.0599113292992115
193 0.0599113292992115
194 0.10674494504928589
195 0.10674494504928589
196 0.0946999043226242
197 0.13843457400798798
198 0.10178963094949722
199 0.09872441738843918
200 0.11462768912315369
201 0.09301657229661942
202 0.09301657229661942
203 0.06280560046434402
204 0.06280560046434402
205 0.08446809649467468
206 0.06709148734807968
207 0.12024456262588501
208 0.06637854874134064
209 0.12185191363096237
210 0.09584794193506241
211 0.09584794193506241
212 0.09584794193506241
213 0.06667891889810562
214 0.11646389961242676
215 0.11646389961242676
216 0.09233726561069489
217 0.1296413689851761
218 0.1296413689851761
219 0.05349116772413254
220 0.04148149862885475
221 0.127547949552536
222 0.10358616709709167
223 0.10358616709709167
224 0.10358616709709167
225 0.08092059940099716
226 0.06606048345565796
227 0.06606048345565796
228 0.19199581444263458
229 0.19199581444263458
230 0.19199581444263458
231 0.19199581444263458
232 0.19199581444263458
233 0.13172459602355957
234 0.09259289503097534
235 0.03355296701192856
236 0.03355296701192856
237 0.15599891543388367
238 0.15599891543388367
239 0.042520128190517426
240 0.12326867878437042
241 0.07089342176914215
242 0.07491833716630936
243 0.09123077988624573
244 0.09123077988624573
245 0.09746140986680984
246 0.1440621316432953
247 0.1440621316432953
248 0.12310678511857986
249 0.12310678511857986
250 0.12310678511857986
251 0.12310678511857986
252 0.0410480760037899
253 0.06585103273391724
254 0.09950993955135345
255 0.08166295289993286
256 0.0660671666264534
257 0.0660671666264534
258 0.03458842635154724
259 0.05546526238322258
260 0.04561050236225128
261 0.03130881488323212
262 0.03130881488323212
263 0.08388719707727432
264 0.022946687415242195
265 0.022946687415242195
266 0.09358680248260498
267 0.07962007075548172
268 0.07771533727645874
269 0.038784533739089966
270 0.038784533739089966
271 0.04648361727595329
272 0.12123309075832367
273 0.0568111278116703
274 0.05825486034154892
275 0.0913066491484642
276 0.05082264170050621
277 0.05082264170050621
278 0.05082264170050621
279 0.03595789521932602
280 0.040121063590049744
281 0.05476094037294388
282 0.05476094037294388
283 0.04599582403898239
284 0.04599582403898239
285 0.05162975937128067
286 0.04833756387233734
287 0.04833756387233734
288 0.04691971093416214
289 0.06618086993694305
290 0.17811189591884613
291 0.057132136076688766
292 0.08582811802625656
293 0.06547287106513977
294 0.06547287106513977
295 0.06627371162176132
296 0.05233614146709442
297 0.015571510419249535
298 0.1011849120259285
299 0.04588364437222481
300 0.10936996340751648
301 0.02710634656250477
302 0.04717579483985901
303 0.04717579483985901
304 0.06322608143091202
305 0.06322608143091202
306 0.03535149246454239
307 0.038145773112773895
308 0.10028472542762756
309 0.09608462452888489
310 0.12916570901870728
311 0.061637476086616516
312 0.047458745539188385
313 0.09957277774810791
314 0.0680295005440712
315 0.08211799710988998
316 0.06476910412311554
317 0.07400587201118469
318 0.07400587201118469
319 0.0959787517786026
320 0.0959787517786026
321 0.07748743891716003
322 0.07748743891716003
323 0.07748743891716003
324 0.07748743891716003
325 0.0731547474861145
326 0.0731547474861145
327 0.0731547474861145
328 0.0731547474861145
329 0.03635308891534805
330 0.03181347995996475
331 0.041315075010061264
332 0.10053522884845734
333 0.06402401626110077
334 0.04864797368645668
335 0.04443981871008873
336 0.05375410243868828
337 0.03243254870176315
338 0.035332854837179184
339 0.025260109454393387
340 0.025260109454393387
341 0.042979564517736435
342 0.038241881877183914
343 0.02865522727370262
344 0.02865522727370262
345 0.02865522727370262
346 0.03752151131629944
347 0.03752151131629944
348 0.03739706799387932
349 0.11690445989370346
350 0.11690445989370346
351 0.07134417444467545
352 0.07171351462602615
353 0.06576163321733475
354 0.06576163321733475
355 0.03820880129933357
356 0.03820880129933357
357 0.06046472489833832
358 0.07190531492233276
359 0.060913752764463425
360 0.060913752764463425
361 0.026661116629838943
362 0.05043957009911537
363 0.05473586916923523
364 0.06622103601694107
365 0.05413617566227913
366 0.05413617566227913
367 0.02369614876806736
368 0.02369614876806736
369 0.09308227896690369
370 0.09308227896690369
371 0.09308227896690369
372 0.04810536280274391
373 0.04810536280274391
374 0.04810536280274391
375 0.03362996131181717
376 0.03362996131181717
377 0.04182330146431923
378 0.019516922533512115
379 0.019516922533512115
380 0.030490929260849953
381 0.038587529212236404
382 0.02011529542505741
383 0.02011529542505741
384 0.05448852851986885
385 0.05448852851986885
386 0.031970568001270294
387 0.0622246116399765
388 0.040350571274757385
389 0.040350571274757385
390 0.040350571274757385
391 0.054134294390678406
392 0.03000703640282154
393 0.03000703640282154
394 0.03000703640282154
395 0.03000703640282154
396 0.04270152747631073
397 0.07651154696941376
398 0.029293110594153404
399 0.039360541850328445
400 0.039360541850328445
401 0.02551788091659546
402 0.02551788091659546
403 0.02551788091659546
404 0.036810293793678284
405 0.019432729110121727
406 0.02805992402136326
407 0.019422059878706932
408 0.07778686285018921
409 0.018292322754859924
410 0.018292322754859924
411 0.018292322754859924
412 0.04170412942767143
413 0.04170412942767143
414 0.04170412942767143
415 0.04727013781666756
416 0.039758820086717606
417 0.039758820086717606
418 0.05465058609843254
419 0.03986043483018875
420 0.06946751475334167
421 0.052135806530714035
422 0.062158066779375076
423 0.019910749047994614
424 0.0530523955821991
425 0.041877709329128265
426 0.041877709329128265
427 0.040627624839544296
428 0.040627624839544296
429 0.049043696373701096
430 0.049043696373701096
431 0.03650670871138573
432 0.026030996814370155
433 0.05563086271286011
434 0.05563086271286011
435 0.034622929990291595
436 0.03395113721489906
437 0.03395113721489906
438 0.03395113721489906
439 0.023421185091137886
440 0.032297663390636444
441 0.032297663390636444
442 0.07065030932426453
443 0.07065030932426453
444 0.07065030932426453
445 0.07065030932426453
446 0.05192605033516884
447 0.10245846211910248
448 0.07366149872541428
449 0.07366149872541428
450 0.06593962013721466
451 0.06593962013721466
452 0.06593962013721466
453 0.05544141307473183
454 0.029233219102025032
455 0.029233219102025032
456 0.039724450558423996
457 0.11748740822076797
458 0.05041015148162842
459 0.03889576345682144
460 0.03889576345682144
461 0.07255160063505173
462 0.07109925150871277
463 0.07875966280698776
464 0.03581677004694939
465 0.012375853024423122
466 0.10699481517076492
467 0.030368508771061897
468 0.029449474066495895
469 0.029449474066495895
470 0.02617553435266018
471 0.02617553435266018
472 0.04616709426045418
473 0.026650408282876015
474 0.03739878535270691
475 0.061397917568683624
476 0.061397917568683624
477 0.030298562720417976
478 0.07222332805395126
479 0.035906627774238586
480 0.02347402088344097
481 0.029396481812000275
482 0.032417796552181244
483 0.032417796552181244
484 0.02644466981291771
485 0.05197007209062576
486 0.05197007209062576
487 0.05195717513561249
488 0.057833485305309296
489 0.057833485305309296
490 0.016925068572163582
491 0.039662498980760574
492 0.039662498980760574
493 0.039662498980760574
494 0.023090479895472527
495 0.023090479895472527
496 0.023090479895472527
497 0.020065780729055405
498 0.055863745510578156
499 0.03686665743589401
