0 2.308328866958618
1 2.2795073986053467
2 2.2838170528411865
3 2.258669137954712
4 2.258669137954712
5 2.2183315753936768
6 2.2183315753936768
7 2.1761739253997803
8 2.141141414642334
9 2.0764694213867188
10 2.049858570098877
11 2.049858570098877
12 1.9126605987548828
13 1.812862515449524
14 1.812862515449524
15 1.6553059816360474
16 1.558793306350708
17 1.3807873725891113
18 1.2129484415054321
19 1.1671130657196045
20 1.0116974115371704
21 0.8762521743774414
22 0.8762521743774414
23 0.8330402970314026
24 0.7152894735336304
25 0.6917744278907776
26 0.47025781869888306
27 0.47025781869888306
28 0.47025781869888306
29 0.5695483088493347
30 0.3189941346645355
31 0.5513461232185364
32 0.5513461232185364
33 0.5260027050971985
34 0.476852148771286
35 0.5128193497657776
36 0.43948861956596375
37 0.34673619270324707
38 0.4231715500354767
39 0.6083526611328125
40 0.3243761956691742
41 0.3243761956691742
42 0.3243761956691742
43 0.47779589891433716
44 0.47779589891433716
45 0.39233314990997314
46 0.32482510805130005
47 0.3280878961086273
48 0.3364748954772949
49 0.3249748647212982
50 0.27683025598526
51 0.1923786699771881
52 0.3334439992904663
53 0.3334439992904663
54 0.43339425325393677
55 0.3582013249397278
56 0.43926507234573364
57 0.5630195140838623
58 0.38088172674179077
59 0.24867002665996552
60 0.3175978362560272
61 0.3175978362560272
62 0.3175978362560272
63 0.49784737825393677
64 0.2200016975402832
65 0.2200016975402832
66 0.26045939326286316
67 0.29463693499565125
68 0.24546238780021667
69 0.2737579345703125
70 0.25104573369026184
71 0.3288748562335968
72 0.13911022245883942
73 0.20693978667259216
74 0.3849944770336151
75 0.18968310952186584
76 0.22533182799816132
77 0.22533182799816132
78 0.2005586475133896
79 0.2005586475133896
80 0.2565368115901947
81 0.15052050352096558
82 0.24170613288879395
83 0.15462806820869446
84 0.15462806820869446
85 0.22491849958896637
86 0.22491849958896637
87 0.2662005126476288
88 0.23712484538555145
89 0.25868457555770874
90 0.13353709876537323
91 0.13353709876537323
92 0.2849052846431732
93 0.2849052846431732
94 0.2849052846431732
95 0.1961863487958908
96 0.17660748958587646
97 0.2031717747449875
98 0.18087971210479736
99 0.2668072581291199
100 0.2668072581291199
101 0.25163471698760986
102 0.2063991278409958
103 0.18668624758720398
104 0.18668624758720398
105 0.1787726879119873
106 0.1787726879119873
107 0.21927356719970703
108 0.15282337367534637
109 0.15282337367534637
110 0.1894538402557373
111 0.149727925658226
112 0.149727925658226
113 0.149727925658226
114 0.23141992092132568
115 0.12807533144950867
116 0.19830019772052765
117 0.14100602269172668
118 0.13308902084827423
119 0.12627185881137848
120 0.21932341158390045
121 0.16727089881896973
122 0.08758199959993362
123 0.08758199959993362
124 0.07117363810539246
125 0.18847054243087769
126 0.18098701536655426
127 0.13188308477401733
128 0.1606007218360901
129 0.1606007218360901
130 0.16136963665485382
131 0.18987783789634705
132 0.18987783789634705
133 0.13857513666152954
134 0.1372060775756836
135 0.11665880680084229
136 0.11665880680084229
137 0.1575832962989807
138 0.06358964741230011
139 0.06358964741230011
140 0.06358964741230011
141 0.11942347884178162
142 0.1645626723766327
143 0.25534430146217346
144 0.25534430146217346
145 0.11638222634792328
146 0.11638222634792328
147 0.08151976764202118
148 0.1177196279168129
149 0.18445485830307007
150 0.12704332172870636
151 0.08200056105852127
152 0.08200056105852127
153 0.17192009091377258
154 0.14589624106884003
155 0.14589624106884003
156 0.22051449120044708
157 0.17059677839279175
158 0.20796576142311096
159 0.16165859997272491
160 0.11426061391830444
161 0.11426061391830444
162 0.0859697163105011
163 0.06761077046394348
164 0.1808752566576004
165 0.07627733796834946
166 0.17778776586055756
167 0.06588190793991089
168 0.1237485408782959
169 0.1237485408782959
170 0.1488696038722992
171 0.1488696038722992
172 0.10553443431854248
173 0.0996827632188797
174 0.22385118901729584
175 0.10325935482978821
176 0.1562630981206894
177 0.10324756801128387
178 0.10324756801128387
179 0.14332939684391022
180 0.10732328146696091
181 0.21443495154380798
182 0.21443495154380798
183 0.06779183447360992
184 0.10612188279628754
185 0.08795501291751862
186 0.1512261927127838
187 0.08899280428886414
188 0.1177295595407486
189 0.18861722946166992
190 0.18861722946166992
191 0.18861722946166992
192 0.04039334878325462
193 0.13499309122562408
194 0.0646483302116394
195 0.08071242272853851
196 0.08071242272853851
197 0.14657841622829437
198 0.14657841622829437
199 0.14657841622829437
200 0.1567835956811905
201 0.1567835956811905
202 0.04986214265227318
203 0.08610720187425613
204 0.1090109571814537
205 0.11926895380020142
206 0.11926895380020142
207 0.11926895380020142
208 0.1189124807715416
209 0.19912077486515045
210 0.10246678441762924
211 0.10679465532302856
212 0.12054470926523209
213 0.06951182335615158
214 0.16649867594242096
215 0.0948062539100647
216 0.0948062539100647
217 0.0948062539100647
218 0.0948062539100647
219 0.11444773524999619
220 0.11444773524999619
221 0.11444773524999619
222 0.06160205602645874
223 0.05851123854517937
224 0.059376396238803864
225 0.062262363731861115
226 0.062262363731861115
227 0.08847310394048691
228 0.1307176798582077
229 0.1307176798582077
230 0.13063077628612518
231 0.1113092377781868
232 0.14210431277751923
233 0.1337471902370453
234 0.035659171640872955
235 0.035659171640872955
236 0.12392253428697586
237 0.12392253428697586
238 0.06660459190607071
239 0.14908897876739502
240 0.07390416413545609
241 0.15692055225372314
242 0.11736693233251572
243 0.04994962736964226
244 0.04280945658683777
245 0.04280945658683777
246 0.08982376009225845
247 0.08982376009225845
248 0.08982376009225845
249 0.08982376009225845
250 0.09705991297960281
251 0.09446597099304199
252 0.09446597099304199
253 0.09446597099304199
254 0.09446597099304199
255 0.028058001771569252
256 0.028058001771569252
257 0.11498431116342545
258 0.13790877163410187
259 0.055092260241508484
260 0.055092260241508484
261 0.0482897013425827
262 0.1433224081993103
263 0.09251752495765686
264 0.08461207896471024
265 0.06124182790517807
266 0.06124182790517807
267 0.0698559582233429
268 0.07492644339799881
269 0.14961183071136475
270 0.21023058891296387
271 0.09199236333370209
272 0.055386174470186234
273 0.03312816843390465
274 0.03312816843390465
275 0.04984746128320694
276 0.04984746128320694
277 0.05026939511299133
278 0.06866692006587982
279 0.025021685287356377
280 0.09394437074661255
281 0.07113243639469147
282 0.08634605258703232
283 0.05199868977069855
284 0.05199868977069855
285 0.06083612143993378
286 0.06083612143993378
287 0.040364015847444534
288 0.06346222013235092
289 0.11314292997121811
290 0.11314292997121811
291 0.12736167013645172
292 0.043418873101472855
293 0.07320141792297363
294 0.056426506489515305
295 0.06574546545743942
296 0.05759524181485176
297 0.05759524181485176
298 0.05759524181485176
299 0.09705552458763123
300 0.05907878652215004
301 0.12821239233016968
302 0.0708034560084343
303 0.08376005291938782
304 0.05873933807015419
305 0.11426016688346863
306 0.06795013695955276
307 0.06445050239562988
308 0.06445050239562988
309 0.041475992649793625
310 0.0821763277053833
311 0.08201228082180023
312 0.038179412484169006
313 0.06627363711595535
314 0.021879585459828377
315 0.021879585459828377
316 0.021879585459828377
317 0.03433007746934891
318 0.08204963058233261
319 0.08204963058233261
320 0.06776700168848038
321 0.06776700168848038
322 0.026780249550938606
323 0.07396340370178223
324 0.07396340370178223
325 0.0931348130106926
326 0.0931348130106926
327 0.0931348130106926
328 0.07247652113437653
329 0.07247652113437653
330 0.051012128591537476
331 0.03328800946474075
332 0.033135656267404556
333 0.045671042054891586
334 0.05008167400956154
335 0.05008167400956154
336 0.062097832560539246
337 0.029851283878087997
338 0.029851283878087997
339 0.09018214046955109
340 0.10105528682470322
341 0.10190399736166
342 0.05190172418951988
343 0.04062563180923462
344 0.03921061381697655
345 0.10994910448789597
346 0.029749061912298203
347 0.029749061912298203
348 0.04343348741531372
349 0.030747955664992332
350 0.017406098544597626
351 0.017408426851034164
352 0.017408426851034164
353 0.05646488815546036
354 0.09056571125984192
355 0.09056571125984192
356 0.1018894836306572
357 0.03952425718307495
358 0.04852535203099251
359 0.06190023571252823
360 0.06948740035295486
361 0.023272020742297173
362 0.09079588204622269
363 0.09079588204622269
364 0.09079588204622269
365 0.12352465838193893
366 0.04926704242825508
367 0.03877369314432144
368 0.05281949043273926
369 0.05613617226481438
370 0.05867491662502289
371 0.05704038217663765
372 0.06006230041384697
373 0.022914212197065353
374 0.037124861031770706
375 0.11119869351387024
376 0.02479604072868824
377 0.07052235305309296
378 0.07052235305309296
379 0.06325587630271912
380 0.08314620703458786
381 0.04020169749855995
382 0.025460772216320038
383 0.045498915016651154
384 0.04722650721669197
385 0.03462447598576546
386 0.03462447598576546
387 0.03462447598576546
388 0.05863931402564049
389 0.07527346163988113
390 0.10146436840295792
391 0.10146436840295792
392 0.030232146382331848
393 0.030232146382331848
394 0.07209833711385727
395 0.035990070551633835
396 0.01588311791419983
397 0.01588311791419983
398 0.056782450526952744
399 0.03869276121258736
400 0.08731988817453384
401 0.08731988817453384
402 0.08731988817453384
403 0.10319051146507263
404 0.032120998948812485
405 0.04847084358334541
406 0.04847084358334541
407 0.04847084358334541
408 0.04847084358334541
409 0.09917131066322327
410 0.09917131066322327
411 0.03228382393717766
412 0.04160057380795479
413 0.02958754636347294
414 0.030826397240161896
415 0.03642317280173302
416 0.047048382461071014
417 0.03262520581483841
418 0.032499466091394424
419 0.06049204245209694
420 0.06049204245209694
421 0.039344422519207
422 0.039344422519207
423 0.048227548599243164
424 0.021498801186680794
425 0.07013595849275589
426 0.04838676005601883
427 0.04838676005601883
428 0.04752180725336075
429 0.04752180725336075
430 0.06232411041855812
431 0.07139787822961807
432 0.07139787822961807
433 0.017840391024947166
434 0.027497252449393272
435 0.027497252449393272
436 0.02657313458621502
437 0.06834222376346588
438 0.04241812229156494
439 0.022219032049179077
440 0.031445808708667755
441 0.04524611681699753
442 0.09086896479129791
443 0.03055221028625965
444 0.021997198462486267
445 0.021997198462486267
446 0.0620400495827198
447 0.08523989468812943
448 0.06807012856006622
449 0.04061032831668854
450 0.07894723117351532
451 0.07894723117351532
452 0.08478891104459763
453 0.06135251000523567
454 0.03875727206468582
455 0.014467219822108746
456 0.10962522774934769
457 0.12016046792268753
458 0.12016046792268753
459 0.12016046792268753
460 0.03607771918177605
461 0.03607771918177605
462 0.10403947532176971
463 0.02673257887363434
464 0.02673257887363434
465 0.04882853850722313
466 0.04043005034327507
467 0.05368926003575325
468 0.05368926003575325
469 0.037950098514556885
470 0.03551289811730385
471 0.08522443473339081
472 0.03457685187458992
473 0.07869204878807068
474 0.10911905765533447
475 0.012096775695681572
476 0.06511983275413513
477 0.07731146365404129
478 0.07731146365404129
479 0.05712353065609932
480 0.0701531320810318
481 0.024057963863015175
482 0.024057963863015175
483 0.03914182633161545
484 0.02426556497812271
485 0.03347131609916687
486 0.06436185538768768
487 0.06436185538768768
488 0.06436185538768768
489 0.09345907717943192
490 0.14947493374347687
491 0.02247888594865799
492 0.02247888594865799
493 0.02247888594865799
494 0.043352704495191574
495 0.11925438791513443
496 0.06053060293197632
497 0.009902294725179672
498 0.009902294725179672
499 0.009902294725179672
