0 0.0
1 2.296952247619629
2 2.2857823371887207
3 2.2857823371887207
4 2.234665632247925
5 2.234665632247925
6 2.234665632247925
7 2.1668169498443604
8 2.1668169498443604
9 2.100708246231079
10 2.024177074432373
11 2.024177074432373
12 1.89309561252594
13 1.89309561252594
14 1.7475863695144653
15 1.696770191192627
16 1.696770191192627
17 1.3623557090759277
18 1.3163951635360718
19 1.0964182615280151
20 1.0581181049346924
21 0.9382668137550354
22 0.9382668137550354
23 0.9382668137550354
24 0.9382668137550354
25 0.9186170101165771
26 0.9186170101165771
27 0.9186170101165771
28 0.9186170101165771
29 0.38094720244407654
30 0.38094720244407654
31 0.38094720244407654
32 0.38094720244407654
33 0.3700101971626282
34 0.3700101971626282
35 0.3700101971626282
36 0.3700101971626282
37 0.2921258807182312
38 0.43005114793777466
39 0.38802284002304077
40 0.38802284002304077
41 0.47709739208221436
42 0.46188274025917053
43 0.46188274025917053
44 0.3359200656414032
45 0.34584933519363403
46 0.34584933519363403
47 0.34584933519363403
48 0.4149422347545624
49 0.6069256663322449
50 0.24901559948921204
51 0.3224446773529053
52 0.3488677442073822
53 0.29298093914985657
54 0.3327350914478302
55 0.3327350914478302
56 0.3401774764060974
57 0.3527701497077942
58 0.3527701497077942
59 0.3527701497077942
60 0.30444982647895813
61 0.3767222464084625
62 0.3292052745819092
63 0.2097289264202118
64 0.26697298884391785
65 0.3545674681663513
66 0.44933316111564636
67 0.44933316111564636
68 0.3201831877231598
69 0.3100302517414093
70 0.3100302517414093
71 0.2436973601579666
72 0.2712583839893341
73 0.2712583839893341
74 0.22142501175403595
75 0.2790885865688324
76 0.18327656388282776
77 0.32431432604789734
78 0.17651675641536713
79 0.17651675641536713
80 0.17651675641536713
81 0.17651675641536713
82 0.1820627748966217
83 0.1820627748966217
84 0.21922484040260315
85 0.2072477489709854
86 0.2072477489709854
87 0.2072477489709854
88 0.3211473226547241
89 0.19581852853298187
90 0.19581852853298187
91 0.2575262784957886
92 0.18667595088481903
93 0.3361097574234009
94 0.18454834818840027
95 0.18454834818840027
96 0.18454834818840027
97 0.2860834300518036
98 0.2860834300518036
99 0.2860834300518036
100 0.2860834300518036
101 0.19559741020202637
102 0.22053778171539307
103 0.23001305758953094
104 0.23001305758953094
105 0.23001305758953094
106 0.29462873935699463
107 0.12214421480894089
108 0.17184095084667206
109 0.2183949500322342
110 0.1667652726173401
111 0.18166252970695496
112 0.15004844963550568
113 0.2849408686161041
114 0.12385183572769165
115 0.16640031337738037
116 0.12861837446689606
117 0.1707451343536377
118 0.14607171714305878
119 0.14607171714305878
120 0.20781463384628296
121 0.15473826229572296
122 0.11565904319286346
123 0.12123383581638336
124 0.07955984026193619
125 0.07955984026193619
126 0.07955984026193619
127 0.19234253466129303
128 0.09796078503131866
129 0.22198380529880524
130 0.22198380529880524
131 0.11146218329668045
132 0.191953644156456
133 0.21085946261882782
134 0.21085946261882782
135 0.1509893536567688
136 0.3429023027420044
137 0.09962020814418793
138 0.2993229329586029
139 0.1921636313199997
140 0.1921636313199997
141 0.2251558005809784
142 0.1092359870672226
143 0.1579960435628891
144 0.09480846673250198
145 0.22918763756752014
146 0.08520495891571045
147 0.19354639947414398
148 0.10544707626104355
149 0.10544707626104355
150 0.06976274400949478
151 0.11260243505239487
152 0.18445876240730286
153 0.09354343265295029
154 0.09354343265295029
155 0.18855662643909454
156 0.18855662643909454
157 0.04943990334868431
158 0.1459609717130661
159 0.12795032560825348
160 0.12795032560825348
161 0.12795032560825348
162 0.20279137790203094
163 0.20279137790203094
164 0.038886457681655884
165 0.0837533175945282
166 0.0837533175945282
167 0.16201260685920715
168 0.12830409407615662
169 0.1873513013124466
170 0.08808713406324387
171 0.08808713406324387
172 0.03967485949397087
173 0.10213647782802582
174 0.07702725380659103
175 0.13454551994800568
176 0.16561275720596313
177 0.07723977416753769
178 0.1804898977279663
179 0.11772670596837997
180 0.15292371809482574
181 0.11063754558563232
182 0.11063754558563232
183 0.04973994940519333
184 0.06349900364875793
185 0.11302642524242401
186 0.13964885473251343
187 0.13073329627513885
188 0.13073329627513885
189 0.13073329627513885
190 0.10753782838582993
191 0.16986262798309326
192 0.04358962923288345
193 0.04358962923288345
194 0.04358962923288345
195 0.06112632527947426
196 0.11679353564977646
197 0.09346402436494827
198 0.08220165222883224
199 0.08220165222883224
200 0.08220165222883224
201 0.08220165222883224
202 0.12207216024398804
203 0.08020790666341782
204 0.1215936616063118
205 0.09103578329086304
206 0.09974873065948486
207 0.1760326623916626
208 0.1760326623916626
209 0.26006296277046204
210 0.08982877433300018
211 0.06671638041734695
212 0.11135189235210419
213 0.11306451261043549
214 0.07273968309164047
215 0.12665395438671112
216 0.11425763368606567
217 0.08094878494739532
218 0.1088591143488884
219 0.1377803087234497
220 0.07272333651781082
221 0.08770032972097397
222 0.08770032972097397
223 0.08770032972097397
224 0.08472052216529846
225 0.09835518151521683
226 0.11062146723270416
227 0.07894971966743469
228 0.07894971966743469
229 0.11703222990036011
230 0.11703222990036011
231 0.053140267729759216
232 0.06742832809686661
233 0.13624264299869537
234 0.13624264299869537
235 0.13624264299869537
236 0.06819655001163483
237 0.06819655001163483
238 0.059892915189266205
239 0.0959465280175209
240 0.08232872933149338
241 0.15659064054489136
242 0.136445090174675
243 0.06948070973157883
244 0.06948070973157883
245 0.06948070973157883
246 0.033166736364364624
247 0.06365840882062912
248 0.06365840882062912
249 0.11671630293130875
250 0.06920263171195984
251 0.04964136704802513
252 0.03940495848655701
253 0.03940495848655701
254 0.08369576185941696
255 0.10988517850637436
256 0.04420323297381401
257 0.05524442344903946
258 0.043449126183986664
259 0.03743112459778786
260 0.06345683336257935
261 0.06345683336257935
262 0.13342325389385223
263 0.13342325389385223
264 0.13342325389385223
265 0.061240922659635544
266 0.03532225266098976
267 0.03532225266098976
268 0.03532225266098976
269 0.09300447255373001
270 0.09581426531076431
271 0.09581426531076431
272 0.09581426531076431
273 0.11007977277040482
274 0.11007977277040482
275 0.10561778396368027
276 0.04856456443667412
277 0.09964167326688766
278 0.1163400262594223
279 0.03975670784711838
280 0.03975670784711838
281 0.1095675602555275
282 0.08581399917602539
283 0.08581399917602539
284 0.05536273866891861
285 0.13841651380062103
286 0.057263053953647614
287 0.057263053953647614
288 0.03393768519163132
289 0.03387843817472458
290 0.0730537548661232
291 0.0830831229686737
292 0.10107637196779251
293 0.10107637196779251
294 0.10107637196779251
295 0.09000930190086365
296 0.09000930190086365
297 0.09000930190086365
298 0.06424585729837418
299 0.06424585729837418
300 0.06424585729837418
301 0.07125231623649597
302 0.07125231623649597
303 0.11513480544090271
304 0.12615033984184265
305 0.07234201580286026
306 0.07679730653762817
307 0.07679730653762817
308 0.0314672626554966
309 0.1019177958369255
310 0.08801059424877167
311 0.043073561042547226
312 0.07503741979598999
313 0.06539306789636612
314 0.08243399113416672
315 0.08243399113416672
316 0.12444456666707993
317 0.05826197564601898
318 0.05826197564601898
319 0.07286607474088669
320 0.04624047130346298
321 0.05560069903731346
322 0.05996154248714447
323 0.07830864936113358
324 0.0947594940662384
325 0.0947594940662384
326 0.0809425488114357
327 0.05772285535931587
328 0.034491006284952164
329 0.046005263924598694
330 0.046005263924598694
331 0.046005263924598694
332 0.12028249353170395
333 0.08214890211820602
334 0.05118418484926224
335 0.051488928496837616
336 0.044913168996572495
337 0.060139767825603485
338 0.07785388827323914
339 0.03532695397734642
340 0.03532695397734642
341 0.025945130735635757
342 0.025945130735635757
343 0.051901817321777344
344 0.08152588456869125
345 0.06155267730355263
346 0.06155267730355263
347 0.11227050423622131
348 0.07121902704238892
349 0.04000728204846382
350 0.04000728204846382
351 0.05178690329194069
352 0.03807752579450607
353 0.03807752579450607
354 0.042331449687480927
355 0.042331449687480927
356 0.042331449687480927
357 0.052013494074344635
358 0.052013494074344635
359 0.07428627461194992
360 0.07428627461194992
361 0.07428627461194992
362 0.07428627461194992
363 0.05144738405942917
364 0.05144738405942917
365 0.036898624151945114
366 0.07325560599565506
367 0.04302559047937393
368 0.07957097142934799
369 0.022815464064478874
370 0.05920007824897766
371 0.04830443486571312
372 0.05305512621998787
373 0.05305512621998787
374 0.04147746413946152
375 0.05769047513604164
376 0.1445874273777008
377 0.026533575728535652
378 0.050175655633211136
379 0.07970361411571503
380 0.07970361411571503
381 0.07970361411571503
382 0.05577462166547775
383 0.07209014147520065
384 0.07209014147520065
385 0.07209014147520065
386 0.09071285277605057
387 0.09071285277605057
388 0.07594683021306992
389 0.02847469039261341
390 0.0795569121837616
391 0.02833443507552147
392 0.02833443507552147
393 0.029203446581959724
394 0.023457132279872894
395 0.0393126904964447
396 0.0439130924642086
397 0.0439130924642086
398 0.0439130924642086
399 0.0439130924642086
400 0.06372632086277008
401 0.06530168652534485
402 0.082608662545681
403 0.03782428428530693
404 0.09509829431772232
405 0.08764122426509857
406 0.08764122426509857
407 0.030590582638978958
408 0.08215250819921494
409 0.08215250819921494
410 0.027647804468870163
411 0.048855092376470566
412 0.048855092376470566
413 0.029799766838550568
414 0.05056954175233841
415 0.047666437923908234
416 0.02725285477936268
417 0.06515507400035858
418 0.06515507400035858
419 0.04474235698580742
420 0.05604171007871628
421 0.05604171007871628
422 0.11139875650405884
423 0.017006129026412964
424 0.017006129026412964
425 0.04537356272339821
426 0.04537356272339821
427 0.027607537806034088
428 0.027607537806034088
429 0.07211200892925262
430 0.0888214036822319
431 0.02188006415963173
432 0.0687473863363266
433 0.030833622440695763
434 0.0781576856970787
435 0.08987443894147873
436 0.08987443894147873
437 0.08987443894147873
438 0.062278054654598236
439 0.021476559340953827
440 0.07811259478330612
441 0.05790731683373451
442 0.05790731683373451
443 0.05790731683373451
444 0.029278183355927467
445 0.08561073988676071
446 0.04382781684398651
447 0.04382781684398651
448 0.14302390813827515
449 0.0494425892829895
450 0.023924758657813072
451 0.035973548889160156
452 0.06336665898561478
453 0.02643425017595291
454 0.025713782757520676
455 0.05466181039810181
456 0.05466181039810181
457 0.029920004308223724
458 0.055344127118587494
459 0.055344127118587494
460 0.04919586703181267
461 0.04919586703181267
462 0.04919586703181267
463 0.04919586703181267
464 0.06423629075288773
465 0.06918802112340927
466 0.06918802112340927
467 0.06279004365205765
468 0.04821683093905449
469 0.07818353921175003
470 0.08798999339342117
471 0.06706530600786209
472 0.08279925584793091
473 0.02043258026242256
474 0.05175982788205147
475 0.03435271233320236
476 0.033337365835905075
477 0.04274829104542732
478 0.06351044028997421
479 0.06351044028997421
480 0.024934394285082817
481 0.027225308120250702
482 0.04751364141702652
483 0.028900355100631714
484 0.028900355100631714
485 0.028900355100631714
486 0.11419677734375
487 0.06348802149295807
488 0.01901676505804062
489 0.01901676505804062
490 0.01901676505804062
491 0.043375153094530106
492 0.01652919314801693
493 0.03757651150226593
494 0.03757651150226593
495 0.021527672186493874
496 0.02791382186114788
497 0.030549492686986923
498 0.030549492686986923
499 0.028545686975121498
