0 1.0450671672832919
1 1.0886082049472914
2 1.1386082049472914
3 1.1868439018160488
4 1.2346318148542978
5 1.2826901432791151
6 1.2826901432791151
7 1.3310759784769999
8 1.3310759784769999
9 1.381075978477
10 1.430095253554154
11 1.477877032699929
12 1.477877032699929
13 1.477877032699929
14 1.5278447263729682
15 1.577138521906341
16 1.62470346585061
17 1.6740437771752772
18 1.7233679120765153
19 1.7708832951628128
20 1.8198954055919228
21 1.8695202280563041
22 1.9179871336784715
23 1.9676762274318944
24 2.017194309403338
25 2.017194309403338
26 2.0663294097757947
27 2.1163294097757945
28 2.1637329646338737
29 2.2137329646338735
30 2.2634769390255767
31 2.3129850604254814
32 2.3614428400644187
33 2.4110752792110546
34 2.4110752792110546
35 2.460626845272519
36 2.509729241971003
37 2.5584517987369724
38 2.608440931925274
39 2.657345479369271
40 2.7073454793692706
41 2.7073454793692706
42 2.7573454793653913
43 2.7858163468677746
44 2.8358163468677744
45 2.885816346867774
46 2.935816346867774
47 2.985816346867774
48 3.0358163468677737
49 3.0358163468677737
50 3.0358163468677737
51 3.0358163468677737
52 3.0358163468677737
53 3.0779842072756405
54 3.1279842072756403
55 3.1279842072756403
56 3.1721420529616458
57 3.1721420529616458
58 3.2008581464578483
59 3.2361278659923567
60 3.2361278659923567
61 3.2584148498168015
62 3.2584148498168015
63 3.2584148498168015
64 3.2584148498168015
65 3.278166122608102
66 3.278166122608102
67 3.278166122608102
68 3.327897899166984
69 3.355337629944778
70 3.399775917277509
71 3.399775917277509
72 3.399775917277509
73 3.399775917277509
74 3.4017278580672237
75 3.4365659666225135
76 3.4365659666225135
77 3.4365659666225135
78 3.4365659666225135
79 3.4365659666225135
80 3.436565998030925
81 3.436565998030925
82 3.436565998030925
83 3.436565998030925
84 3.436565998030925
85 3.436565998030925
86 3.436565998030925
87 3.436565998030925
