0 1.0453582392674923
1 1.0453582392674923
2 1.0911715759232152
3 1.1382946451244138
4 1.1840390950091262
5 1.2322551235471741
6 1.2822551235471742
7 1.2822551235471742
8 1.2822551235471742
9 1.2822551235471742
10 1.2822551235471742
11 1.3322551235471742
12 1.3819560703064608
13 1.3819560703064608
14 1.3819560703064608
15 1.4319560703064609
16 1.4797942330910254
17 1.5281912663216346
18 1.5770353270429733
19 1.5770353270429733
20 1.5770353270429733
21 1.6266994592272652
22 1.6266994592272652
23 1.675636673708284
24 1.7238801136888338
25 1.7728967348089402
26 1.7728967348089402
27 1.7728967348089402
28 1.7728967348089402
29 1.8207984905477703
30 1.8681384295015124
31 1.9181384295015125
32 1.9181384295015125
33 1.9649026083394183
34 2.012003888111194
35 2.0620038881111937
36 2.1120038881111936
37 2.160448093012242
38 2.2089525794494955
39 2.2089525794494955
40 2.2548281877678984
41 2.2548281877678984
42 2.3046532411092135
43 2.3546532411092134
44 2.3837935102610595
45 2.410686519982483
46 2.410686519982483
47 2.4344747716828636
48 2.4344747716828636
49 2.458058250393317
50 2.474207275310073
51 2.494353566691597
52 2.5141131624568893
53 2.5141131624568893
54 2.5312126506795116
55 2.555909635011621
56 2.5785103503124107
57 2.594963221474485
58 2.6025829037778823
59 2.606816186336817
60 2.6104893549054795
61 2.6104893549054795
62 2.6125572949629445
63 2.6131591589539642
64 2.6131664763671822
65 2.6138773160365507
66 2.613878502738971
67 2.613878507951615
68 2.663878507951615
69 2.663878507951615
70 2.663878507951615
71 2.663878507951615
72 2.663878507951615
73 2.663878507951615
74 2.6638896613127496
75 2.6987277698680394
76 2.6987277698680394
77 2.6987277698680394
78 2.6987277698694525
79 2.6987277698694525
80 2.6987277698694525
81 2.6987277698694525
82 2.698728045588841
83 2.698728045588841
84 2.698728045588841
85 2.698728045588841
86 2.698728045588841
87 2.698728045588841
