0 9.955264190272883e-08
1 1.2318152657221194e-07
2 0.00017899252171361228
3 0.0
4 4.640996753196542e-06
5 4.162456115865602e-08
6 1.2889645439374895e-07
7 0.0
8 0.00014514437377474983
9 0.0
10 0.0
11 7.613555147644298e-05
12 5.687611689963007e-09
13 8.630721234232312e-08
14 0.00021323114806438777
15 1.7892601867914652e-05
16 8.628714842570023e-08
17 5.270329424850821e-05
18 0.0
19 0.0
20 5.4788565487318204e-05
21 0.0
22 0.00021094066537171417
23 3.895184871206095e-06
24 1.9747106662542347e-05
25 0.0
26 5.133681601403364e-08
27 8.69030052057017e-05
28 1.0618131662728657e-07
29 1.612663683721637e-05
30 1.7071004934036137e-05
31 8.664713429147713e-08
32 9.66565744187524e-05
33 8.104580547668863e-08
34 1.3777528890938634e-05
35 7.07117047235687e-08
36 0.0
37 0.0
38 3.494165283712615e-05
39 0.0
40 0.0
41 1.6498184083765803e-07
42 0.00022106754843105345
43 3.3553517448769213e-06
44 1.348859007825604e-07
45 1.0496602171879142e-07
46 9.594601414995036e-08
47 0.0
48 1.2409106015154418e-07
49 1.924839914396191e-07
50 9.736714754110969e-08
51 0.0
52 1.0801108319260043e-07
53 8.507719849985139e-08
54 9.419407897269155e-08
55 0.0
56 9.047928215428041e-08
57 1.0405625228512246e-07
58 2.005494662705453e-08
59 9.399133084351009e-08
60 -1.2982637658768747e-08
61 6.117411177613157e-08
62 -1.2826219591260538e-08
63 0.0
64 0.0
65 3.1303224901998346e-07
66 0.0
67 0.0
68 2.456716136744057e-07
69 1.2659729214838033e-07
70 2.1930123673110793e-07
71 0.0
72 1.3892534694431314e-07
73 0.0
74 0.0
75 0.0
76 3.9715651277248366e-07
77 2.402170546000383e-07
78 2.2242215501866777e-07
79 0.0
80 0.0
81 7.039961586909865e-06
82 0.0
83 2.7814271606681224e-07
84 6.089305806584395e-08
85 1.7050634100867084e-05
86 2.458535074488357e-07
87 1.24526708364124e-07
88 3.441663187822823e-08
89 5.929342296525864e-09
90 1.4847203401095314e-08
91 0.0
92 9.200893710652986e-08
93 0.0
94 3.226204203452654e-05
95 2.8271332766773756e-05
96 -1.1794049923967851e-07
97 -1.1641006570986903e-07
98 -6.196044679291107e-08
99 -2.795258581856578e-05
