0 0.0
1 0.0
2 0.0
3 3.792191576322942e-05
4 -4.453697481412979e-05
5 -2.658829360661376e-07
6 -3.384841373480521e-07
7 1.0359548686098739e-07
8 -0.0004919449951046294
9 0.0
10 -1.5370807704278274e-05
11 -0.00016413564949966386
12 0.0
13 0.0
14 -0.00034234814018940086
15 -0.00013589989963115205
16 -2.74874635798175e-07
17 -0.00010892959623422669
18 -2.9252749279222255e-07
19 -0.0008026767551154482
20 0.0
21 -1.7429267557433754e-05
22 0.0
23 0.0
24 -3.198336379682575e-05
25 -2.8909204689897673e-07
26 0.0
27 -0.00021920274253819173
28 0.0
29 -3.2467231123408605e-05
30 0.0
31 -2.1178889877079876e-07
32 -0.00030326300497555736
33 -2.731147363995452e-07
34 -3.6909342467673694e-05
35 0.0
36 -8.169951172272976e-05
37 -3.07205473884817e-07
38 0.0
39 -2.739654340831498e-07
40 -2.77889593016996e-07
41 0.0
42 0.0
43 0.0
44 -2.716586395335392e-07
45 0.0
46 0.0
47 -2.4268996397290144e-07
48 0.0
49 -2.2531134237957264e-07
50 -3.0310318914371574e-07
51 -2.7217393786556234e-07
52 -2.8733835019948015e-07
53 -2.806641013534225e-07
54 -2.8856207699177515e-07
55 -2.8472476721751346e-07
56 0.0
57 0.0
58 -2.670254535814863e-07
59 -2.92759433640917e-07
60 -2.707157138011785e-07
61 -2.7887947686773583e-07
62 0.0
63 0.0
64 -2.512320488946244e-07
65 -2.93169759934819e-07
66 -2.6938741707596547e-07
67 -2.8708595403767454e-07
68 -2.8281060015002455e-07
69 0.0
70 0.0
71 -2.392988459710334e-07
72 -2.9113082384159236e-07
73 -2.693039148441929e-07
74 -2.760329345239258e-07
75 -2.8676444675538667e-07
76 -2.6520023630902936e-07
77 -2.9156809522439674e-07
78 -2.760498547059942e-07
79 -2.848881187911305e-07
80 0.0
81 -7.1484559987449994e-06
82 0.0
83 -1.6643345041421214e-07
84 0.0
85 -2.029147898376024e-05
86 -2.8503466110830674e-07
87 -2.7275354166173283e-07
88 0.0
89 0.0
90 -2.0956274842444934e-07
91 -2.786629937662869e-07
92 -2.4246378783555426e-07
93 -1.891324818954008e-05
94 -5.946965543494987e-05
95 -4.6515781563572376e-05
96 -8.4545356896834e-05
97 0.0
98 0.0
99 -9.432761881021212e-05
