0 0.0
1 0.0
2 0.00016633623660191357
3 -1.1391015738940724e-05
4 5.631316407942619e-06
5 0.0
6 0.0
7 7.740782793069038e-08
8 0.0001646084860786895
9 0.0001374218422246995
10 5.873355706916255e-06
11 6.585338571111979e-05
12 8.605833886837832e-09
13 7.103821823457069e-08
14 0.0
15 2.789463473622441e-05
16 0.0
17 0.0
18 1.0059665160278167e-07
19 0.00023717667781996129
20 3.444608842936603e-05
21 1.2557854910380412e-05
22 0.0
23 1.4651190260636498e-06
24 0.0
25 2.3969778084223657e-07
26 4.625730953544606e-08
27 0.0
28 1.1182071447104165e-07
29 0.0
30 2.3650533206229883e-05
31 1.2131179156121277e-07
32 0.00010962281548950356
33 0.0
34 1.5659538189042245e-05
35 1.1906834268050767e-07
36 3.3273058851619865e-05
37 1.256725260518553e-07
38 1.3947606972691682e-05
39 1.7094054095672474e-07
40 1.784425178231118e-07
41 0.0
42 0.0
43 3.453436022760735e-06
44 0.0
45 1.346519662535803e-07
46 0.0
47 1.549976533643893e-07
48 0.0
49 0.0
50 0.0
51 1.9060667675060867e-07
52 1.3865493308801428e-07
53 9.953445357491121e-08
54 0.0
55 1.6722527860374276e-07
56 9.187929355701715e-08
57 1.175580522645301e-07
58 4.509846739564425e-08
59 1.0893248215820224e-07
60 9.203723956127009e-08
61 1.3736956029029475e-07
62 4.130777983723804e-09
63 1.0996632480729857e-07
64 0.0
65 1.9722853806596692e-07
66 1.458648098087049e-07
67 1.2271429081430237e-07
68 5.2149813778344263e-08
69 -2.3313262605583545e-08
70 -4.08366246327814e-09
71 -7.296441816903182e-08
72 -9.158304627178177e-09
73 0.0
74 1.3620112755117652e-07
75 0.0
76 0.0
77 0.0
78 0.0
79 3.333208605683374e-07
80 2.235084112399479e-07
81 4.848431653820935e-06
82 1.8793767232284322e-07
83 0.0
84 3.750416286034815e-08
85 -1.135658898219636e-06
86 5.583774509753882e-08
87 1.9386555889870584e-08
88 -1.0040543258821103e-07
89 -2.7844520368965492e-08
90 5.47826319250824e-08
91 1.8153080994150212e-09
92 0.0
93 1.5219203133755501e-06
94 2.273369586699073e-07
95 0.0
96 0.0
97 1.0025682796235224e-07
98 2.2242252314527493e-07
99 6.456103129819556e-05
