0 0.0
1 0.0
2 0.0
3 -4.980511282194186e-06
4 4.216620402651019e-06
5 6.718504431288709e-08
6 0.0
7 4.523499071815079e-08
8 0.0
9 0.0002495057488307532
10 6.344126257515552e-06
11 0.0
12 4.544056954569232e-08
13 9.012155151042936e-08
14 0.0001815113972837738
15 2.0881446001366612e-05
16 0.0
17 4.466385630499086e-05
18 1.1179917295797134e-07
19 0.00017490784948748917
20 3.2206221767499e-05
21 1.5115185245998058e-05
22 0.00011721225171965388
23 -1.415782509527402e-06
24 0.0
25 0.0
26 6.839795030593993e-08
27 8.79326205891667e-05
28 8.87535489186673e-08
29 1.4074246120545512e-05
30 0.0
31 1.0632195760654018e-07
32 0.0
33 1.1893236560772242e-07
34 0.0
35 1.4023692082035915e-07
36 3.4170313779155375e-05
37 8.16119697431922e-08
38 1.0863613139247683e-05
39 0.0
40 0.0
41 1.595302844290332e-07
42 0.00015239920282279987
43 -1.6081049077723336e-07
44 1.0420728887215793e-07
45 7.340938460984311e-08
46 7.627102694532246e-08
47 4.463853176966771e-08
48 7.466913026424739e-08
49 1.34687516737979e-07
50 2.6951834066791544e-08
51 1.3334055815822403e-08
52 0.0
53 7.472496929659114e-08
54 7.307729354444386e-08
55 3.342116412416987e-08
56 -2.8415930449643713e-08
57 -5.274251143658101e-09
58 -4.591394938636571e-08
59 7.35590348406639e-08
60 1.4374858642114206e-08
61 3.517417243196156e-08
62 -6.382785476552811e-08
63 -3.320644529020119e-08
64 8.781048806138162e-09
65 7.987324828446195e-08
66 9.583896091827398e-08
67 -3.3684440761116033e-08
68 -1.1713250805568186e-07
69 -1.3173847947293105e-07
70 -1.3024421737602212e-07
71 -1.0457040774807622e-07
72 0.0
73 8.779546016140635e-08
74 1.3412795843414774e-07
75 3.881863234408925e-08
76 0.0
77 0.0
78 1.0250605035226463e-07
79 1.1177823458609209e-07
80 0.0
81 0.0
82 0.0
83 0.0
84 1.051244851303607e-07
85 1.9321293577402345e-05
86 0.0
87 3.812416414065164e-07
88 2.2267460210121553e-07
89 1.500050445892745e-07
90 0.0
91 3.705484772386484e-07
92 2.2156814562818294e-07
93 1.0067483501704543e-05
94 0.0
95 0.0
96 0.0
97 1.0545909680035567e-07
98 2.0737406326109458e-07
99 5.403335256021866e-05
