0 -2.4557899671482944e-07
1 -3.417341317635281e-07
2 -0.0004546007736140451
3 -6.911799497374681e-05
4 0.0
5 0.0
6 -7.079199254229471e-08
7 -3.429824879617907e-07
8 -0.00016528880654867307
9 -0.0012381587484745894
10 0.0
11 3.301456218607333e-05
12 0.0
13 -9.40622892829852e-08
14 -0.0007156235410148958
15 0.0
16 0.0
17 0.0
18 0.0
19 -0.0003354973099978239
20 -0.0002481009317690042
21 -2.291618811491915e-05
22 0.0
23 0.0
24 -2.3151453106369545e-05
25 -3.1076076631180996e-07
26 0.0
27 -0.0001596141449574054
28 -3.1102798324431293e-07
29 0.0
30 0.0
31 0.0
32 0.0
33 -2.3214966075480136e-07
34 -3.805714928659261e-05
35 -2.8494673576206483e-07
36 0.0
37 0.0
38 0.0
39 -2.1423213422266296e-07
40 -3.175546567838265e-07
41 -2.469542167715743e-07
42 -0.0004321769928180349
43 0.0
44 -2.365467039523757e-07
45 -3.0038049906790923e-07
46 -2.59958145600051e-07
47 -2.965040703794861e-07
48 -2.6184680421464713e-07
49 -2.859593297344817e-07
50 0.0
51 -2.2422014585702376e-07
52 0.0
53 -1.8064197632471903e-07
54 -3.0190932426398895e-07
55 0.0
56 0.0
57 -2.396898351113561e-07
58 0.0
59 0.0
60 -1.799052011355136e-07
61 -2.9636697710946174e-07
62 -2.7756709191392663e-07
63 -2.804863755312452e-07
64 -2.6638611123701625e-07
65 -2.902286631597868e-07
66 -2.511447914077629e-07
67 -2.814614616161111e-07
68 -2.816804841153792e-07
69 -2.719689392866998e-07
70 -2.893156517852718e-07
71 -2.2527295418789954e-07
72 0.0
73 -1.6683219229137325e-07
74 -2.976760046808974e-07
75 -2.5959141069161086e-07
76 -2.6152872800271085e-07
77 0.0
78 0.0
79 0.0
80 -1.786342852492145e-07
81 0.0
82 -7.659949307744515e-08
83 -3.065218395812533e-07
84 -2.3127981751200168e-07
85 0.0
86 0.0
87 0.0
88 -1.6441337794318497e-07
89 0.0
90 -9.625063728750245e-08
91 -3.0675196329837635e-07
92 -1.4797125563930438e-07
93 -1.9986551984562203e-05
94 0.0
95 -2.512016072942493e-05
96 0.0
97 0.0
98 -2.6954320947015708e-08
99 -0.0001540275542218453
