0 9.440122510587374e-08
1 1.2528410896348359e-07
2 0.00015785812055284907
3 0.0
4 8.892197076735553e-06
5 3.140225246122822e-08
6 1.2895600896579918e-07
7 4.3517822767556166e-08
8 0.0
9 0.00018185181408529878
10 0.0
11 0.0
12 2.936239028989683e-08
13 0.0
14 0.00023403569669833865
15 2.8414198277875045e-05
16 8.688645463271972e-08
17 0.0
18 1.1329690649717135e-07
19 0.00025006549533893203
20 4.156472639918714e-05
21 0.0
22 0.00015648678815228777
23 -1.0749245379606326e-06
24 0.0
25 2.0743517934363731e-07
26 5.333661588731085e-08
27 7.174078592392264e-05
28 7.219506999451286e-08
29 1.2714886403694133e-05
30 1.063420542727178e-05
31 9.47726924930321e-08
32 0.0
33 1.1055127335898394e-07
34 1.2975681927365206e-05
35 8.179873995446674e-08
36 0.0
37 1.286338901528598e-07
38 1.2065346508508902e-05
39 1.375551006863451e-07
40 2.1003957656800012e-07
41 4.658819190028154e-08
42 0.00010495047149611414
43 -8.550497669039882e-06
44 5.058108848484162e-08
45 0.0
46 0.0
47 1.3544734255132345e-07
48 1.0650836128838796e-07
49 0.0
50 1.5127284538783384e-07
51 8.70019550692736e-08
52 4.9394984631120445e-08
53 0.0
54 0.0
55 0.0
56 1.065419812762451e-07
57 1.5749701954614648e-07
58 5.443270917641383e-08
59 1.2885377948633933e-07
60 0.0
61 1.4161096572944653e-07
62 9.490148231989932e-08
63 9.208054428133394e-08
64 7.208932335794802e-08
65 0.0
66 2.6705341885031383e-07
67 1.0747102367081349e-07
68 0.0
69 8.398532223470741e-08
70 0.0
71 0.0
72 2.1606016638769215e-07
73 2.3826070817710606e-07
74 1.2665298929395635e-07
75 2.3685182850350245e-07
76 5.4113915921370564e-08
77 -2.697899079174057e-08
78 0.0
79 7.97156912250239e-08
80 9.19245511174954e-08
81 3.101055781448046e-06
82 3.1886101694144864e-08
83 -4.093866005148507e-08
84 0.0
85 -7.544504841298458e-07
86 4.002069660231559e-08
87 -7.489504564931254e-08
88 -1.1042536710010211e-07
89 -7.20240439604935e-08
90 0.0
91 1.226592087165853e-07
92 1.1986029612503334e-07
93 0.0
94 4.144816419446559e-05
95 2.4360430832977618e-05
96 1.3580994739404504e-05
97 -1.042493650292905e-07
98 -1.5834312827375593e-07
99 0.0
