0 1.1
1 1.1863825902551923
2 1.2783723298401903
3 1.37689127218824
4 1.471015646540511
5 1.5708807515142078
6 1.5708807515142078
7 1.6444956566185887
8 1.736835125273352
9 1.7980599858490443
10 1.896520842132082
11 1.955609721641761
12 2.008306663491968
13 2.053909867094459
14 2.153909867094459
15 2.1964695361660307
16 2.243733721793562
17 2.28986984863312
18 2.3898698486331202
19 2.3898698486331202
20 2.4320716620880956
21 2.4320716620880956
22 2.467196693596358
23 2.467196693596358
24 2.50447819925563
25 2.50447819925563
26 2.50447819925563
27 2.537977140578234
28 2.537977140578234
29 2.571901111491719
30 2.571901111491719
31 2.658247231688459
32 2.679257262167952
33 2.7160908682925164
34 2.8160908682925165
35 2.9160908682925166
36 3.0160908682925167
37 3.0362925883757472
38 3.082192769900074
39 3.182192769900074
40 3.215992653716914
41 3.215992653716914
42 3.248784134335234
43 3.248784134335234
44 3.248784134335234
45 3.248784134335234
46 3.248784134335234
47 3.2786126115097383
48 3.3786126115097384
49 3.423708634169307
