0 1.095277855651834
1 1.095277855651834
2 1.095277855651834
3 1.1331081775267047
4 1.1331081775267047
5 1.1331081775267047
6 1.2096938068049492
7 1.283737068953119
8 1.283737068953119
9 1.283737068953119
10 1.283737068953119
11 1.3337594385985787
12 1.384565084727379
13 1.4202796449053565
14 1.5015660433284341
15 1.5015660433284341
16 1.5442058768411027
17 1.5442058768411027
18 1.5442058768411027
19 1.5762665228589416
20 1.6108942712380656
21 1.7108942712380657
22 1.7418370064541733
23 1.8362408245039337
24 1.8724635611536435
25 1.9027883274068649
26 1.9291648932677083
27 1.9291648932677083
28 1.9593084565827932
29 1.9593084565827932
30 1.997656933340869
31 2.097656933340869
32 2.1347476990428853
33 2.1347476990428853
34 2.225726731111996
35 2.316633089516905
36 2.316633089516905
37 2.3382820667719995
38 2.3694362683984513
39 2.450132892718462
40 2.4850372317544376
41 2.582749421970191
42 2.611755864737185
43 2.655701914904293
44 2.696744279620495
45 2.7425093155379363
46 2.7844386019299834
47 2.821373653345961
48 2.9196700575907726
49 2.9617981009750975
