0 1.0
1 1.0857240469383742
2 1.0857240469383742
3 1.168533073173249
4 1.2631763673544083
5 1.3578516548888586
6 1.3578516548888586
7 1.434917040498382
8 1.5290683854444547
9 1.5792759645789327
10 1.6764354498205412
11 1.6764354498205412
12 1.6764354498205412
13 1.7143809858021417
14 1.7935029310246533
15 1.7935029310246533
16 1.834568968637629
17 1.8715511444721018
18 1.951410163699935
19 1.9837556456124454
20 2.018465968732077
21 2.1078768590901285
22 2.1078768590901285
23 2.207808788631957
24 2.207808788631957
25 2.207808788631957
26 2.207808788631957
27 2.207808788631957
28 2.235481237168618
29 2.2747760698326416
30 2.3010061781012228
31 2.3010061781012228
32 2.3010061781012228
33 2.3258587185457937
34 2.409468723495636
35 2.498838520561158
36 2.5743086624513984
37 2.5743086624513984
38 2.5743086624513984
39 2.5743086624513984
40 2.5997307519490485
41 2.6796830783089387
42 2.6796830783089387
43 2.700004324687694
44 2.7280081476082225
45 2.7622949004436226
46 2.77817505095185
47 2.77817505095185
48 2.8672825382827294
49 2.8672825382827294
