0 2.2379458582832954
1 2.2379458582832954
2 6.136704851591487
3 2.1077599299651335
4 3.6274977838096514
5 1.4819721964408428
6 3.3203128490607385
7 1.3376617598998513
8 4.00983851307946
9 1.142718143184205
10 1.816659982091537
11 1.744959051562551
12 1.4746775544121404
13 1.6320445206171954
14 1.3407004213598777
15 1.978433628135405
16 1.3195417827218356
17 1.4788644076721913
18 1.1409379206660066
19 1.1633383257475405
20 1.4219405583352431
21 0.9065567104929337
22 0.9952514860955454
23 0.8296679096301618
24 0.8349963873541787
25 0.9266802941192159
26 0.8679518849072683
27 0.7636835313441029
28 0.7397010014581813
29 0.8960310536174722
30 0.8924288629489356
31 0.9216231141581841
32 0.859031724730574
33 0.8279608817485714
34 0.8181363210040546
35 0.682774835077833
36 0.7709611258798987
37 0.8836754309433749
38 0.7215981653141776
39 0.5821070771695511
40 0.6923656477237479
41 0.7247615391497493
42 0.7798485078519434
43 0.7071519207157464
44 0.781190775961597
45 0.6495721142604158
46 0.7889176448075552
47 0.7944240825089903
48 0.6897437280267062
49 0.8238346876872283
50 0.8321063195098409
51 0.7040839911835439
52 0.5719233352493774
53 0.6846112996754872
54 0.7703628457024236
55 0.7826182101762394
56 0.6024437359448594
57 0.6063357564898254
58 0.6357657822559803
59 0.5256930764339096
60 0.5979661090958417
61 0.7158032363171697
62 0.6922918433930548
63 0.8714278286878113
64 0.6848852927638296
65 0.773857228902057
66 0.6266742071899531
67 0.8181272294860032
68 0.8289111809478165
69 0.7135690740888165
70 0.8191705367691338
71 0.589052639050736
72 0.6655618082514049
73 0.8881871570119618
74 0.6813185082172617
75 0.8588445811882657
76 0.7493364695386966
77 0.7914259775767419
78 0.7001843005833852
79 0.7135419162535069
80 0.6759828746318817
81 0.7363833273353683
82 0.610982590697934
83 0.5865644093509504
84 0.5935391941608493
85 0.6258187668569241
86 0.6066828653506914
87 0.7461891435979137
88 0.5569997317570166
89 0.9627369099008671
90 0.7359316056153237
91 0.5690035195237747
92 0.8381520692684524
93 0.6280507781296387
94 0.5857523301932805
95 0.6332695626697833
96 0.6686955198147503
97 0.6957754320586956
98 0.593990960239866
99 0.6126916195854836
