0 2.2379458582832954
1 2.237945875550379
2 6.1367047968681145
3 2.1077599279727774
4 3.6274977646830355
5 1.481972188338596
6 3.3203129967607166
7 1.3376617490083063
8 4.00983855770823
9 1.1427181504895096
10 1.8166600575354106
11 1.744959078193707
12 1.4746775725425785
13 1.632044462307582
14 1.3407004330483652
15 1.9784335554808294
16 1.3195418009186854
17 1.478864608700893
18 1.1409379626383025
19 1.1633383897685738
20 1.4219405506978793
21 0.9065567239081295
22 0.9952515106015218
23 0.8296679098958093
24 0.8349964251425273
25 0.9266802799070778
26 0.8679518511700431
27 0.7636835987189354
28 0.7397009478970158
29 0.8960310431243982
30 0.892428849932211
31 0.921623133749683
32 0.8590318856465119
33 0.8279609046606632
34 0.8181362464235353
35 0.682774833185095
36 0.7709611708407282
37 0.8836755494221339
38 0.7215981548543096
39 0.5821070666100654
40 0.6923656818594441
41 0.7247615483809978
42 0.7798485728691548
43 0.7071517787936006
44 0.7811907234962272
45 0.6495721833951627
46 0.7889176707745926
47 0.7944239971697497
48 0.6897437611662246
49 0.8238347135878539
50 0.8321062930779205
51 0.7040838717750189
52 0.5719233094317667
53 0.6846112759332471
54 0.7703629735452551
55 0.7826181232431141
56 0.6024437815366017
57 0.6063357223375262
58 0.6357658339576137
59 0.5256931134253159
60 0.5979660816013315
61 0.7158032298420133
62 0.6922915471961572
63 0.8714279010103273
64 0.6848853026924027
65 0.7738573123153538
66 0.6266741323769923
67 0.8181271000824931
68 0.8289113633811972
69 0.7135690412149456
70 0.819170578077311
71 0.5890527117717232
72 0.6655619245053666
73 0.8881872278070051
74 0.6813186124838826
75 0.8588446783820235
76 0.7493363866234888
77 0.7914260264558712
78 0.7001842318139037
79 0.71354173966437
80 0.6759829728882293
81 0.736383271316964
82 0.6109827564785407
83 0.5865643873022127
84 0.593539345388957
85 0.6258188095597503
86 0.6066828149274863
87 0.7461889586408822
88 0.5569998267923889
89 0.9627370121087204
90 0.7359317110109462
91 0.56900328661738
92 0.8381516460588716
93 0.6280508104722148
94 0.5857522663797841
95 0.6332696144046226
96 0.6686957777999237
97 0.6957755025797899
98 0.5939906887730848
99 0.6126916735451201
