0 9.452471895830678e-08
1 1.2693148211444417e-07
2 2.4971560491474095e-08
3 0.00024566676717524566
4 0.00015271403485423075
5 6.789482729145016e-05
6 3.96018154396901e-08
7 6.619909983980732e-08
8 9.488513458703894e-08
9 3.156987911832899e-06
10 9.371156862872731e-08
11 0.0
12 8.604740121851923e-08
13 6.184350207094919e-08
14 2.9447877239296182e-08
15 0.0
16 4.8406685270070175e-08
17 9.387125234107971e-08
18 8.499649454668416e-05
19 3.7464331397204945e-05
20 0.0
21 0.0
22 9.566101877836285e-08
23 6.943741320593586e-05
24 0.0
25 0.00013717243393328248
26 0.0
27 1.2585592326303629e-07
28 1.4739548637916063e-07
29 5.220631250341955e-08
30 1.0146058252176337e-07
31 0.0
32 5.7607725119803556e-08
33 6.689275730397196e-08
34 0.0
35 1.426187215622749e-07
36 5.5583146768375915e-08
37 0.0
38 2.1969668089057975e-07
39 3.925441605872311e-08
40 0.0
41 0.0
42 1.2462594691482942e-07
43 1.8972822826562928e-05
44 0.0
45 6.618663614482208e-06
46 2.1407992674382436e-07
47 5.983194191977099e-05
48 5.088913512478672e-08
49 7.52688744367718e-05
50 0.0
51 5.2059076372241895e-05
52 1.2651770450156398e-07
53 -4.58501277788969e-05
54 1.5007996075987068e-07
55 0.0
56 6.629015510074018e-08
57 4.819383660416878e-06
58 0.0
59 4.9582948477042866e-08
60 5.8061345697855953e-08
61 0.0
62 2.3955965198616013e-07
63 0.00033416923227525924
64 0.00013630392661133099
65 3.408602224951746e-05
66 -9.907597843903809e-07
67 0.0
68 1.9952964449978257e-07
69 0.0
70 8.544407639233009e-06
71 0.0003572867789159315
72 -0.00010368103922011419
73 7.405604662668202e-08
74 0.0
75 0.0
76 2.3540846070817856e-07
77 -8.217461076885825e-07
78 4.727032899080536e-08
79 0.0001702904761679149
80 0.0
81 2.0373212400999177e-07
82 8.939333561215339e-05
83 0.0
84 0.0001229120483470018
85 0.0001033612142799184
86 0.00011368086836515085
87 0.00013120884784433414
88 0.0
89 0.0
90 0.0
91 0.000645078955726931
92 0.0001733210420208126
93 0.00027143777847676674
94 0.0008969438289229809
95 0.00021074183211952153
96 -0.00015874943565270084
97 -0.0006408695349401631
98 -0.0002939150426982045
99 0.0
