0 9.843502868635387e-08
1 1.0853737757051242e-07
2 3.3515362081372565e-08
3 0.0003294755593879403
4 0.0002685796687562716
5 0.0
6 5.265882631046043e-08
7 0.0
8 8.600069533845607e-08
9 2.7500050981635984e-05
10 0.0
11 0.0
12 1.1387072895746304e-07
13 0.0
14 4.82942440722449e-08
15 0.0
16 6.138286223150393e-08
17 1.1453974656361002e-07
18 8.359189865836493e-05
19 4.049513097320015e-05
20 1.828727356506214e-07
21 1.3254574268085897e-07
22 1.0800877063155228e-07
23 6.029052399443011e-05
24 0.0
25 0.0
26 0.0
27 0.0
28 0.0
29 9.166978527407935e-08
30 1.2498294234167038e-07
31 0.0
32 8.137647677422002e-08
33 0.0
34 2.4396760431480935e-07
35 0.0
36 7.871699413201594e-08
37 6.237264257292898e-05
38 2.2033240822320093e-07
39 2.2461064942481433e-08
40 9.887039454099579e-08
41 0.00017885463511849075
42 9.056543596517764e-08
43 1.0936789470910594e-05
44 8.994014745877729e-08
45 4.008336785675662e-06
46 1.146058612238829e-07
47 0.0
48 1.2870873396125066e-07
49 9.683513310576665e-05
50 0.0
51 0.0
52 0.0
53 0.00028779153000363996
54 2.5855267180432676e-07
55 0.00028649357589697157
56 9.541500719249265e-08
57 4.37115173901292e-06
58 1.72908219102627e-05
59 -1.0969843999000911e-08
60 4.974726527502608e-08
61 -4.997503745245197e-06
62 0.0
63 0.0
64 0.0
65 0.00040303137865111256
66 9.466156140775006e-06
67 5.2162137420879095e-06
68 0.0
69 0.00043006960957407117
70 5.4241819277523345e-06
71 -5.125756651721565e-05
72 -8.517012842850683e-05
73 2.111353446627051e-07
74 2.6682794217057694e-07
75 0.0
76 2.0358379813440543e-07
77 -0.0002661827971693236
78 0.0
79 7.829101003869604e-05
80 1.020798721335011e-05
81 0.0
82 0.00032084484896275104
83 1.1676562073375566e-07
84 -7.667458864594712e-05
85 -9.770947747067945e-06
86 0.0
87 0.0005778784496702093
88 7.3210112055583e-05
89 6.305852689302456e-05
90 -0.0002769354775477704
91 0.0
92 -0.0001721233356621539
93 -0.000282978308425906
94 0.0
95 0.0
96 0.0001074296165775701
97 0.0
98 0.0008836378346065009
99 0.00038984423009743744
