0 1.0064643153690297e-07
1 0.0
2 0.0
3 0.00030424250467952986
4 0.0002663366231185374
5 4.1404709434757615e-05
6 0.0
7 1.1018676060543037e-07
8 7.31847360490817e-08
9 0.0
10 6.919037226509315e-08
11 1.7077580159747683e-07
12 0.0
13 6.976049533810503e-08
14 0.0
15 1.4978759099254417e-07
16 3.521969791006884e-08
17 8.051547573790116e-08
18 4.7569137588379036e-05
19 3.6000831239235695e-05
20 1.6481647690213796e-07
21 9.985666001203422e-08
22 1.1271131838908996e-07
23 7.30444333167152e-05
24 8.793002449930104e-08
25 0.0
26 1.2314501740341203e-07
27 9.667747403980376e-08
28 1.0283404284238419e-07
29 0.0
30 1.103095190895839e-07
31 2.117663948749884e-07
32 3.668301316840908e-08
33 3.2506117036888167e-08
34 1.5125135550769982e-07
35 9.1799986592292e-08
36 0.0
37 0.0
38 0.0
39 8.597299584169833e-08
40 0.0
41 0.0
42 1.4799978930592064e-07
43 0.0
44 1.8180507950450995e-07
45 0.0
46 2.583224920550461e-07
47 7.976733825872344e-05
48 1.1210759854770299e-07
49 0.0001264658160483936
50 1.9957777946333378e-07
51 2.8926011634047438e-05
52 0.0
53 9.154564358946569e-05
54 2.0942220336858787e-07
55 9.800575328381147e-05
56 0.0
57 6.287493850701572e-06
58 0.0
59 8.449875796863928e-08
60 1.368511453283631e-07
61 3.7504450393120157e-06
62 7.536541864022245e-08
63 0.000333272199477117
64 0.0
65 0.00023740741461839804
66 2.969453401108925e-06
67 2.3043150723472494e-06
68 4.8775988162016494e-08
69 -0.00010351034005127807
70 0.0
71 3.1753492547854376e-05
72 -3.7203692281034204e-05
73 1.1749739174889194e-07
74 0.0
75 4.250468070449392e-05
76 0.0
77 0.00035316029999910063
78 1.7066559091816505e-07
79 0.0
80 7.04959819112767e-05
81 8.567246167802698e-08
82 9.491887311527613e-05
83 2.6936805555967445e-08
84 0.0
85 -0.0001615510706773514
86 5.2017805562338013e-05
87 0.0
88 0.0
89 0.00039650774586013975
90 0.0011769902012651518
91 0.0001626072754164235
92 -0.0001481782097393269
93 0.0
94 0.0
95 0.0008560325925839381
96 0.0001301819415534012
97 0.0001646853153797879
98 0.0
99 0.00023906900102118076
