0 -2.450118095815036e-07
1 -3.3882054201266623e-07
2 0.0
3 -0.00029949322960859235
4 -0.0014228568577998163
5 -0.000151942350071181
6 0.0
7 -1.0107970019604211e-08
8 -3.976923049214721e-07
9 0.0
10 0.0
11 -1.1991496446083211e-07
12 0.0
13 -4.1249863690903726e-08
14 0.0
15 -8.729189659680572e-08
16 0.0
17 0.0
18 -0.00045876921890309507
19 -0.00014301724471869678
20 -1.5556115245985045e-07
21 -2.9836436084300607e-07
22 -3.064033572257346e-07
23 0.0
24 0.0
25 -0.00022504883094956053
26 -3.260306747595197e-07
27 -2.0613791077264864e-07
28 -3.1471185084080824e-07
29 -2.858712761313435e-07
30 -2.941478657101741e-07
31 -2.681607365292846e-07
32 -2.880817415953555e-07
33 -2.964072913252969e-07
34 -2.9744761537324516e-07
35 0.0
36 0.0
37 -0.00011849273451716064
38 -3.001574502267826e-07
39 0.0
40 -2.3746216658225802e-07
41 -0.0005116282133144776
42 0.0
43 -8.499711492476133e-05
44 -3.0045809561884984e-07
45 0.0
46 -2.2663693832296274e-07
47 -0.00018664288926385973
48 -2.5181733428811805e-07
49 -0.00027643361849157005
50 -3.030679026633869e-07
51 0.0
52 -2.4471703637700376e-07
53 0.0
54 -2.3424093176064782e-07
55 -0.0006954281271014776
56 -2.799576990793164e-07
57 -7.344015110871302e-06
58 0.0
59 0.0
60 -2.1732644577474977e-07
61 -4.1503463647621604e-05
62 -2.800259614403338e-07
63 0.0
64 -0.0004616556971983726
65 0.0
66 -9.742626575985315e-06
67 -5.668579856734402e-06
68 -2.6997710864914983e-07
69 -0.0006304170149050779
70 -1.4901543623028315e-05
71 -0.0009298010536516125
72 0.0
73 -2.247292313788285e-07
74 -2.888514494505618e-07
75 0.0
76 -1.9592186902298633e-07
77 0.0
78 -2.1603787816626463e-07
79 0.0
80 -4.4285322255769785e-05
81 -3.0832515072076754e-07
82 0.0
83 -1.7482470711101937e-07
84 -0.001043180522904191
85 -0.0006647683102282358
86 -0.00077303680709526
87 -0.0004023915541294436
88 -0.0011339147554824405
89 -0.0005234452004130969
90 -0.0009854909596046272
91 -0.000504555793562029
92 0.0
93 -0.0005483405973073596
94 -0.0011096365560531241
95 -7.992477361433777e-05
96 0.0
97 0.00010855701137401909
98 -0.0009979916246454074
99 -0.00025420266767464455
