0 0.0
1 0.0
2 -1.908617059546756e-07
3 -0.0010699194446141134
4 9.649434947463485e-06
5 0.0
6 6.747779808283991e-08
7 -3.748966000886268e-07
8 0.0
9 -8.399512073747107e-05
10 -3.2141123471180207e-07
11 -1.7580259555463444e-07
12 -3.1847509873137423e-07
13 -2.69930894469032e-07
14 -2.391196469066519e-07
15 -3.282618592950389e-07
16 -1.472596162565497e-07
17 -3.139793650180663e-07
18 0.0
19 0.0
20 -2.142474203610688e-07
21 -3.07463006547957e-07
22 0.0
23 0.0
24 -2.480962900479949e-07
25 0.0
26 0.0
27 0.0
28 -2.6052947152605935e-07
29 0.0
30 0.0
31 -2.4244862450662786e-07
32 0.0
33 0.0
34 -2.410913499977431e-07
35 -2.9636713668861993e-07
36 0.0
37 0.0
38 -2.3160630533356106e-07
39 -2.9773866732585765e-07
40 -2.9399640765785815e-07
41 0.0
42 -2.3897091953970544e-07
43 0.0
44 0.0
45 -1.0083796412812426e-05
46 -3.016119579863638e-07
47 0.0
48 -2.506888492959901e-07
49 -0.0002863624550941354
50 -2.8369459606714834e-07
51 -0.00010456357596128119
52 -2.8843776997631433e-07
53 -0.0006476176399574313
54 -2.895340403352032e-07
55 0.0
56 0.0
57 -6.7946817915408806e-06
58 -0.0002484817648029203
59 0.0
60 0.0
61 0.0
62 -2.5716162402819256e-07
63 -0.0009887475539622026
64 -0.0006869356903245645
65 -0.0009488868554125144
66 -1.1837850134760091e-05
67 -5.4501497117429954e-06
68 -2.834361081614346e-07
69 0.0
70 0.0
71 0.0
72 0.0
73 0.0
74 -2.3189222741150293e-07
75 -9.387730475361599e-05
76 -2.7144602129130975e-07
77 0.0
78 -2.427216678969938e-07
79 -0.00023417722216655473
80 -7.913180421590108e-05
81 -2.7299669915153844e-07
82 -0.0005807065057801939
83 -2.687028856571861e-07
84 0.0
85 -0.000625826294316188
86 -0.0008156138156721666
87 -0.0006818670406116704
88 -0.0011511094428113806
89 0.0
90 0.0
91 0.0
92 -0.0003619913654821203
93 -0.0010650960696661485
94 -0.0008784171981617825
95 -0.0006054218325401212
96 0.0
97 0.0
98 0.0
99 0.0
