0 0.0
1 1.5326119991810424e-07
2 2.7396269216936936e-08
3 0.000255395039301531
4 0.00036298058427514974
5 0.0
6 2.9170328120863073e-08
7 7.623584924238284e-08
8 0.0
9 9.791489529095111e-06
10 0.0
11 1.5731490308802543e-07
12 8.865898477004307e-08
13 6.517989640286545e-08
14 2.843825647398729e-08
15 1.355294023576377e-07
16 -4.405402136428996e-09
17 0.0
18 0.00012163689818933974
19 3.6785145137479584e-05
20 0.0
21 0.0
22 1.1231614456122915e-07
23 0.0
24 1.402991229806219e-07
25 0.00013137331995487385
26 1.381322194055093e-07
27 1.131894911047732e-07
28 0.0
29 5.861943030847336e-08
30 0.0
31 2.3342640299368542e-07
32 5.1198464222243746e-08
33 4.856434517697497e-08
34 2.0705254646615533e-07
35 1.0712518854638103e-07
36 2.521759717535571e-09
37 4.127543337313482e-05
38 2.035758338976839e-07
39 0.0
40 1.295045535547966e-07
41 0.00020798708825831252
42 0.0
43 2.2633828006471454e-05
44 1.095435906493653e-07
45 5.082340193714397e-06
46 0.0
47 7.594595122924861e-05
48 8.811645176706935e-08
49 8.652492788114155e-05
50 1.2679522469955973e-07
51 1.9968708128557205e-05
52 0.0
53 6.176735753549843e-06
54 0.0
55 0.000291885660455716
56 9.425802408087e-08
57 0.0
58 0.00011999941703703613
59 5.259882349235973e-08
60 1.0127571794751314e-07
61 5.318166689483362e-06
62 0.0
63 0.0
64 0.0004072276194115951
65 0.00029371089927209215
66 0.0
67 0.0
68 3.5288188046701946e-07
69 0.0
70 9.166825764254344e-06
71 0.0
72 0.0001766899109437337
73 0.0
74 3.556364101160837e-07
75 6.0696922232571095e-05
76 2.2046074127017952e-07
77 -5.9197641345528317e-05
78 1.3463487919159455e-09
79 -3.853578493010403e-05
80 -6.092827666245147e-06
81 0.0
82 0.0002874900989145315
83 1.8349476665734194e-07
84 5.434965822322952e-05
85 0.0
86 0.0
87 0.0
88 0.0009841052709466456
89 0.0
90 0.0
91 0.001128785989350363
92 0.0006586234804242091
93 0.002516714648741524
94 0.0017378936568398667
95 0.00045628256598102417
96 0.0
97 -0.0001260932721823275
98 -0.0002167204505406566
99 -0.00024686691773268915
