0 2.300688256262234
1 2.300688256262234
2 4.108999948601055
3 1.585094218118512
4 3.4364306333661507
5 0.7280885834730698
6 0.607886746349054
7 0.5241550767927583
8 0.3986521199960882
9 0.31293208887533114
10 0.272411017758384
11 0.2814319771938723
12 0.2353573886538969
13 0.16390330430238922
14 0.1755085099306996
15 0.16580749125700114
16 0.16382911903425734
17 0.12504764032808435
18 0.1377370574324365
19 0.1354319291118256
20 0.13752911460510978
21 0.11991410669227305
22 0.12313238060726474
23 0.10446114829500704
24 0.11275215041153702
25 0.11302408604700491
26 0.1103869578103169
27 0.1174401754284777
28 0.12469794061782744
29 0.10854571885245028
30 0.10107076487017327
31 0.1047251118584703
32 0.09002559914333891
33 0.0918804291503485
34 0.08817393961186229
35 0.09340204776998315
36 0.0930332120623456
37 0.09541850591452047
38 0.08104978126047517
39 0.08555760641959816
40 0.08558276746592908
41 0.08377403480944624
42 0.08439734049598087
43 0.08105683395236407
44 0.08428414176565645
45 0.08261818948866761
46 0.08002629702493488
47 0.0733273698697363
48 0.07326902652467777
49 0.07354432681390723
