0 1.0
1 1.046862212449603
2 1.046862212449603
3 1.046862212449603
4 1.046862212449603
5 1.046862212449603
6 1.046862212449603
7 1.046862212449603
8 1.046862212449603
9 1.0754336410210315
10 1.0754336410210315
11 1.10400506959246
12 1.10400506959246
13 1.1325764981638884
14 1.1325764981638884
15 1.1325764981638884
16 1.1325764981638884
17 1.1611479267353169
18 1.1611479267353169
19 1.1897193553067453
20 1.1897193553067453
21 1.1897193553067453
22 1.1897193553067453
23 1.1897193553067453
24 1.2182907838781738
25 1.2468622124496023
26 1.2468622124496023
27 1.2468622124496023
28 1.2468622124496023
29 1.2468622124496023
30 1.2468622124496023
31 1.2468622124496023
32 1.2468622124496023
33 1.2754336410210307
34 1.2754336410210307
35 1.2754336410210307
36 1.2754336410210307
37 1.2754336410210307
38 1.2754336410210307
39 1.3040050695924592
40 1.3040050695924592
41 1.3040050695924592
42 1.3040050695924592
43 1.3040050695924592
44 1.3040050695924592
45 1.3040050695924592
46 1.3040050695924592
47 1.3040050695924592
48 1.3040050695924592
49 1.3040050695924592
50 1.3040050695924592
51 1.3040050695924592
52 1.3040050695924592
53 1.3040050695924592
54 1.3040050695924592
55 1.3040050695924592
56 1.3040050695924592
57 1.3325764981638877
58 1.3611479267353161
59 1.3611479267353161
60 1.3897193553067446
61 1.3897193553067446
62 1.418290783878173
63 1.4468622124496016
64 1.4468622124496016
65 1.4468622124496016
66 1.4468622124496016
67 1.4468622124496016
68 1.4468622124496016
69 1.4468622124496016
70 1.4468622124496016
71 1.47543364102103
72 1.47543364102103
73 1.47543364102103
74 1.47543364102103
75 1.47543364102103
76 1.5040050695924585
77 1.5040050695924585
78 1.532576498163887
79 1.532576498163887
80 1.532576498163887
81 1.532576498163887
82 1.532576498163887
83 1.532576498163887
84 1.532576498163887
85 1.532576498163887
86 1.532576498163887
87 1.532576498163887
88 1.532576498163887
89 1.532576498163887
90 1.532576498163887
91 1.532576498163887
92 1.532576498163887
93 1.532576498163887
94 1.532576498163887
95 1.5611479267353154
96 1.5611479267353154
97 1.589719355306744
98 1.589719355306744
99 1.6182907838781724
