0 1.0056126172689484
1 1.0524748297185513
2 1.0810462582899798
3 1.0810462582899798
4 1.0810462582899798
5 1.0810462582899798
6 1.0810462582899798
7 1.0810462582899798
8 1.0810462582899798
9 1.1096176868614083
10 1.1402064356822172
11 1.1402064356822172
12 1.1402064356822172
13 1.1687778642536457
14 1.1687778642536457
15 1.1687778642536457
16 1.1973492928250742
17 1.1973492928250742
18 1.1973492928250742
19 1.1973492928250742
20 1.1973492928250742
21 1.1973492928250742
22 1.1973492928250742
23 1.1973492928250742
24 1.2259207213965027
25 1.2259207213965027
26 1.2259207213965027
27 1.2259207213965027
28 1.2259207213965027
29 1.2259207213965027
30 1.2259207213965027
31 1.2259207213965027
32 1.2259207213965027
33 1.2259207213965027
34 1.2259207213965027
35 1.2544921499679311
36 1.2544921499679311
37 1.2544921499679311
38 1.2544921499679311
39 1.2544921499679311
40 1.2544921499679311
41 1.2544921499679311
42 1.2544921499679311
43 1.2544921499679311
44 1.2544921499679311
45 1.2544921499679311
46 1.2544921499679311
47 1.2544921499679311
48 1.2830635785393596
49 1.311635007110788
50 1.311635007110788
51 1.311635007110788
52 1.311635007110788
53 1.311635007110788
54 1.311635007110788
55 1.311635007110788
56 1.3402064356822165
57 1.3402064356822165
58 1.3402064356822165
59 1.3402064356822165
60 1.3402064356822165
61 1.3717841884218844
62 1.3717841884218844
63 1.3717841884218844
64 1.3717841884218844
65 1.3717841884218844
66 1.3717841884218844
67 1.3717841884218844
68 1.3717841884218844
69 1.400355616993313
70 1.400355616993313
71 1.400355616993313
72 1.400355616993313
73 1.400355616993313
74 1.4289270455647414
75 1.4289270455647414
76 1.4289270455647414
77 1.4289270455647414
78 1.4289270455647414
79 1.4289270455647414
80 1.4289270455647414
81 1.4289270455647414
82 1.4289270455647414
83 1.4289270455647414
84 1.4289270455647414
85 1.4574984741361698
86 1.4574984741361698
87 1.4860699027075983
88 1.4860699027075983
89 1.4860699027075983
90 1.4860699027075983
91 1.5146413312790268
92 1.5146413312790268
93 1.5432127598504553
94 1.5432127598504553
95 1.5432127598504553
96 1.5432127598504553
97 1.5432127598504553
98 1.5432127598504553
99 1.5432127598504553
