0 1.109895725532896
1 1.1619331507408825
2 1.1619331507408825
3 1.190504579312311
4 1.190504579312311
5 1.190504579312311
6 1.248571501272942
7 1.248571501272942
8 1.362493884928355
9 1.3910653134997835
10 1.4051865552454468
11 1.4051865552454468
12 1.4051865552454468
13 1.4051865552454468
14 1.4051865552454468
15 1.6051865552454467
16 1.6337579838168752
17 1.6337579838168752
18 1.6337579838168752
19 1.6623294123883037
20 1.6623294123883037
21 1.6623294123883037
22 1.6623294123883037
23 1.6623294123883037
24 1.6623294123883037
25 1.6909008409597321
26 1.7194722695311606
27 1.7194722695311606
28 1.7194722695311606
29 1.7194722695311606
30 1.7194722695311606
31 1.7194722695311606
32 1.7194722695311606
33 1.7194722695311606
34 1.7194722695311606
35 1.7194722695311606
36 1.748043698102589
37 1.748043698102589
38 1.748043698102589
39 1.748043698102589
40 1.7766151266740176
41 1.805186555245446
42 1.805186555245446
43 1.805186555245446
44 1.805186555245446
45 1.805186555245446
46 1.805186555245446
47 1.805186555245446
48 1.805186555245446
49 1.805186555245446
50 1.805186555245446
51 1.805186555245446
52 1.805186555245446
53 1.805186555245446
54 1.8337579838168745
55 1.8337579838168745
56 1.8337579838168745
57 1.8337579838168745
58 1.862329412388303
59 1.862329412388303
60 1.8909008409597314
61 1.9224785936993993
62 1.9224785936993993
63 1.9510500222708278
64 1.9510500222708278
65 1.9796214508422563
66 1.9796214508422563
67 2.0081928794136847
68 2.0081928794136847
69 2.0081928794136847
70 2.0081928794136847
71 2.0081928794136847
72 2.0081928794136847
73 2.0081928794136847
74 2.0081928794136847
75 2.0081928794136847
76 2.0081928794136847
77 2.0081928794136847
78 2.0081928794136847
79 2.0081928794136847
80 2.036764307985113
81 2.051971431114338
82 2.051971431114338
83 2.051971431114338
84 2.051971431114338
85 2.051971431114338
86 2.051971431114338
87 2.051971431114338
88 2.051971431114338
89 2.051971431114338
90 2.0805428596857665
91 2.0805428596857665
92 2.109114288257195
93 2.109114288257195
94 2.109114288257195
95 2.109114288257195
96 2.1376857168286234
97 2.1376857168286234
98 2.166257145400052
99 2.166257145400052
