0 2.3096396975543514
1 2.3096396975543514
2 6.306560264699992
3 2.141883980220052
4 3.418298698175305
5 2.0310230301641834
6 3.0381312089421977
7 2.721236828328849
8 2.6717583677540904
9 2.8216006536970384
10 1.652603995328906
11 8.250594392187779
12 2.0068035408996114
13 5.711896870480948
14 2.2440752463080753
15 2.0711519922120027
16 1.717399116394936
17 3.7362376524842698
18 1.9690560620686244
19 1.56283012278501
20 1.9071953402214374
21 1.52568355394996
22 3.3857383324302037
23 1.6165775835305347
24 3.5434051114598057
25 1.942892223790385
26 1.7016700377996234
27 1.3761551144005002
28 2.1376599083547894
29 1.752635116455494
30 1.4233817272987765
31 2.5614619494796456
32 1.4390226124882282
33 1.7976550874023094
34 1.436989809823907
35 1.2780409993202224
36 1.9915785505033363
37 1.4676015097359052
38 1.4948276571180297
39 1.5515985907525525
40 1.4510814989728293
41 1.6622554776428817
42 1.3460168139585083
43 1.9442472189530664
44 1.843450103598037
45 1.3346023643654903
46 1.2200891945945316
47 1.4214231683469642
48 1.3637118144832057
49 2.0364979543704997
50 1.6360846965416722
51 1.271347382087717
52 1.441664774337967
53 1.6130432663946643
54 1.9739961281843696
55 1.374401131142611
56 1.3275396265108148
57 1.2804474371442085
58 1.7535139357465217
59 1.323238412131662
60 1.2087905184515362
61 1.3625583599185038
62 1.5747368844107665
63 1.3387960208660963
64 1.366418193941894
65 1.1890703338333939
66 1.385023806380176
67 1.2265062753172622
68 1.2600984748391404
69 1.4864629873518589
70 1.6197930710085515
71 1.4565174509549867
72 1.4291244472725024
73 1.239548783322583
74 1.4844845599565224
75 1.4662354031224558
76 1.2620982497915618
77 1.3741116849943182
78 1.2949049491891866
79 1.5512750603485965
80 1.3138053075202172
81 1.3431613675172833
82 1.2283492205201416
83 1.412531388438064
84 1.2846241521501374
85 1.3665016551444744
86 1.1186377237951117
87 1.3896423631933346
88 1.3739756138220973
89 1.2787338432041986
90 1.076760323987477
91 1.0972161734921149
92 1.2549438211487316
93 1.2714849106367376
94 1.3950493442767735
95 1.3494609086259477
96 1.1661984970296484
97 1.3957357453131092
98 1.224006263627715
99 1.1959149738798862
