0 2.301478556479854
1 2.301478556479854
2 4.848437401579284
3 1.564165401482594
4 3.8871176722289444
5 1.2911263533745365
6 0.9816071700012166
7 0.5474043091187899
8 0.42056320572626954
9 0.26451440217376887
10 0.1648603637720001
11 0.20530863854663262
12 0.18292837055878022
13 0.24803080106747633
14 0.16625330222955997
15 0.1279705953656166
16 0.12342378233986655
17 0.11314562720066312
18 0.10477371704673814
19 0.09078348806503417
20 0.07177799140448389
21 0.0657948254364887
22 0.0965125640596134
23 0.06898471846218673
24 0.08362055865823179
25 0.06420217683653405
26 0.07238302929974486
27 0.05594755624005829
28 0.05594331012007265
29 0.05603540932159571
30 0.06397233606633423
31 0.0651866447491727
32 0.05824965489385328
33 0.053180159999988506
34 0.05171594117512333
35 0.05246842623673838
36 0.04818165541699659
37 0.04900463297194417
38 0.04732866181301073
39 0.04706144498394669
40 0.051550844138448106
41 0.04480497242245504
42 0.04872660851478763
43 0.05028993429046771
44 0.0512560006713736
45 0.04757080703909477
46 0.047084455412363876
47 0.04985166630805985
48 0.04117838085012668
49 0.04520371378962698
