0 0.0
1 0.0
2 0.0005582436468746828
3 0.0
4 0.0007892998265023864
5 0.0005038682806360298
6 0.00027642690356090353
7 0.0009539917477342326
8 0.0
9 0.001272377692401639
10 0.0
11 -7.563584905188386e-05
12 -1.2955946701018065e-05
13 0.0008455187319117855
14 0.0007084787085694287
15 0.0002149269999734611
16 0.0
17 0.0
18 -0.00016766139020943732
19 0.0
20 0.001764360892758804
21 0.0
22 0.0002745108132648443
23 -0.0022387293049069105
24 -0.0023435600636127836
25 -0.002196581055413534
26 0.007290088447382914
27 0.00011152087681794939
28 0.0008300466741872553
29 0.0
30 0.0
31 0.003524632897666497
32 -0.0012192580424177887
33 0.0
34 0.0012591202346812522
35 0.0
36 0.0012061877342698767
37 0.001703203618631512
38 0.0
39 0.0006017941981412249
40 0.000418319492949229
41 -0.0019842901404174985
42 0.0016230309005153512
43 0.0011373136245216996
44 -6.507388748619771e-08
45 0.0030575366979002845
46 0.0008013565296283747
47 0.0036147259553798755
48 0.0004921980773552563
49 0.0002777596084345684
