0 1.123037
1 1.123037
2 1.544126
3 1.582094
4 1.846602
5 1.846602
6 1.846602
7 1.975771
8 1.975771
9 1.975771
10 2.215578
11 2.243611
12 2.605526
13 2.605526
14 2.605526
15 2.694989
16 2.694989
17 2.850450
18 2.850450
19 2.850450
20 2.884085
21 2.884085
22 2.884085
23 2.926919
24 2.926919
25 3.034285
26 3.034285
27 3.034285
28 3.034285
29 3.034285
30 3.034285
31 3.034285
32 3.034285
33 3.085204
34 3.085204
35 3.085204
36 3.085204
37 3.085204
38 3.159514
39 3.159514
40 3.159514
41 3.159514
42 3.159514
43 3.159514
44 3.159514
45 3.159514
46 3.228350
47 3.228350
48 3.228350
49 3.228350
50 3.228350
51 3.228350
52 3.228350
53 3.228350
54 3.274980
55 3.274980
56 3.274980
57 3.274980
58 3.274980
59 3.311048
60 3.311048
61 3.311048
62 3.311048
63 3.311048
64 3.311048
65 3.311048
66 3.311048
67 3.311048
68 3.311048
69 3.311048
70 3.311048
71 3.311048
72 3.332144
73 3.332144
74 3.332144
75 3.332144
76 3.332144
77 3.332144
78 3.332144
79 3.332144
80 3.332144
81 3.332144
82 3.332144
83 3.332144
84 3.332144
85 3.332144
86 3.332144
87 3.332144
88 3.332144
89 3.332144
90 3.332144
91 3.332144
92 3.332144
93 3.365700
94 3.365700
95 3.365700
96 3.365700
97 3.365700
98 3.365700
99 3.365700
