0 1.018336
1 1.327865
2 1.374257
3 1.374257
4 1.618897
5 1.618897
6 1.804269
7 1.804269
8 1.804269
9 1.923957
10 1.923957
11 1.973872
12 2.241728
13 2.241728
14 2.382032
15 2.382032
16 2.382032
17 2.417835
18 2.417835
19 2.583465
20 2.583465
21 2.583465
22 2.657897
23 2.657897
24 2.657897
25 2.657897
26 2.657897
27 2.706979
28 2.706979
29 2.706979
30 2.706979
31 2.706979
32 2.768926
33 2.768926
34 2.768926
35 2.768926
36 2.768926
37 2.768926
38 2.768926
39 2.768926
40 2.811198
41 2.811198
42 2.811198
43 2.811198
44 2.811198
45 2.811198
46 2.820554
47 2.820554
48 2.930429
49 2.930429
50 2.930429
51 2.930429
52 2.930429
53 2.978709
54 2.978709
55 2.978709
56 2.978709
57 2.978709
58 2.978709
59 2.978709
60 2.978709
61 2.978709
62 2.978709
63 2.978709
64 2.978709
65 2.978709
66 3.005573
67 3.005573
68 3.005573
69 3.005573
70 3.005573
71 3.005573
72 3.005573
73 3.005573
74 3.005573
75 3.005573
76 3.005573
77 3.005573
78 3.005573
79 3.005573
80 3.005573
81 3.005573
82 3.062381
83 3.062381
84 3.062381
85 3.062381
86 3.062381
87 3.260151
88 3.260151
89 3.260151
90 3.299667
91 3.299667
92 3.299667
93 3.483476
94 3.483476
95 3.801281
96 3.801281
97 3.801281
98 3.886580
99 3.886580
