0 1.052697
1 1.052697
2 1.522363
3 1.579229
4 2.030397
5 2.030397
6 2.058254
7 2.336316
8 2.336316
9 2.586362
10 2.586362
11 2.603412
12 3.062421
13 3.062421
14 3.062421
15 3.127946
16 3.127946
17 3.452959
18 3.452959
19 3.452959
20 3.505776
21 3.505776
22 3.505776
23 3.556374
24 3.556374
25 3.650801
26 3.650801
27 3.650801
28 3.650801
29 3.650801
30 3.709495
31 3.709495
32 3.709495
33 3.709495
34 3.709495
35 3.709495
36 3.709495
37 3.709495
38 3.851439
39 3.851439
40 3.851439
41 3.851439
42 3.851439
43 3.931728
44 3.931728
45 3.931728
46 3.951788
47 3.951788
48 3.951788
49 3.951788
50 3.951788
51 4.011911
52 4.011911
53 4.011911
54 4.011911
55 4.011911
56 4.011911
57 4.011911
58 4.011911
59 4.011911
60 4.011911
61 4.011911
62 4.011911
63 4.011911
64 4.025688
65 4.025688
66 4.025688
67 4.025688
68 4.025688
69 4.025688
70 4.025688
71 4.025688
72 4.025688
73 4.025688
74 4.025688
75 4.025688
76 4.025688
77 4.041481
78 4.041481
79 4.041481
80 4.041481
81 4.041481
82 4.041481
83 4.041481
84 4.041481
85 4.041481
86 4.041481
87 4.041481
88 4.041481
89 4.041481
90 4.041481
91 4.041481
92 4.041481
93 4.041481
94 4.041481
95 4.041481
96 4.041481
97 4.041481
98 4.042491
99 4.042491
