0 1.132753
1 1.132753
2 1.202285
3 1.760778
4 1.760778
5 1.760778
6 1.891055
7 1.891055
8 2.043292
9 2.043292
10 2.043292
11 2.289799
12 2.289799
13 2.629666
14 2.629666
15 2.629666
16 2.817715
17 2.817715
18 2.817715
19 2.866243
20 2.866243
21 3.039802
22 3.039802
23 3.039802
24 3.039802
25 3.039802
26 3.039802
27 3.039802
28 3.039802
29 3.088581
30 3.088581
31 3.088581
32 3.088581
33 3.088581
34 3.129248
35 3.129248
36 3.129248
37 3.129248
38 3.129248
39 3.129248
40 3.129248
41 3.129248
42 3.150218
43 3.150218
44 3.150218
45 3.150218
46 3.150218
47 3.150218
48 3.155068
49 3.155068
50 3.249495
51 3.249495
52 3.249495
53 3.249495
54 3.249495
55 3.328149
56 3.328149
57 3.328149
58 3.328149
59 3.328149
60 3.328149
61 3.328149
62 3.328149
63 3.328149
64 3.328149
65 3.328149
66 3.328149
67 3.328149
68 3.341926
69 3.341926
70 3.341926
71 3.341926
72 3.341926
73 3.341926
74 3.341926
75 3.341926
76 3.341926
77 3.341926
78 3.341926
79 3.341926
80 3.341926
81 3.341926
82 3.341926
83 3.341926
84 3.341926
85 3.341926
86 3.341926
87 3.341926
88 3.341926
89 3.341926
90 3.341926
91 3.341926
92 3.341926
93 3.341926
94 3.341926
95 3.341926
96 3.341926
97 3.341926
98 3.341926
99 3.341926
