0 0.842038
1 1.148128
2 1.148128
3 1.558647
4 1.558647
5 1.558647
6 1.655842
7 1.655842
8 1.655842
9 2.034051
10 2.034051
11 2.343977
12 2.515496
13 2.515496
14 2.797916
15 2.812962
16 3.098473
17 3.098473
18 3.098473
19 3.241473
20 3.435084
21 3.435084
22 3.714235
23 3.778294
24 4.025508
25 4.027901
26 4.027901
27 4.309159
28 4.309159
29 4.454290
30 4.454290
31 4.454290
32 4.738220
33 4.738220
34 4.738220
35 4.878631
36 4.878631
37 5.178688
38 5.279795
39 5.279795
40 5.577938
41 5.637865
42 5.637865
43 5.732292
44 5.732292
45 6.189309
46 6.337133
47 6.337133
48 6.578057
49 6.578057
50 6.672484
51 6.672484
52 6.672484
53 6.759952
54 6.759952
55 6.759952
56 6.898003
57 6.898003
58 7.070140
59 7.070140
60 7.070140
61 7.070140
62 7.070140
63 7.070140
64 7.160213
65 7.160213
66 7.256496
67 7.256496
68 7.256496
69 7.256496
70 7.256496
71 7.314806
72 7.314806
73 7.314806
74 7.314806
75 7.314806
76 7.314806
77 7.314806
78 7.314806
79 7.314806
80 7.314806
81 7.314806
82 7.314806
83 7.314806
84 7.339044
85 7.339044
86 7.339044
87 7.339044
88 7.339044
89 7.339044
90 7.339044
91 7.339044
92 7.349687
93 7.349687
94 7.349687
95 7.405336
96 7.405336
97 7.405336
98 7.405336
99 7.405336
