0 0.960790
1 0.960790
2 1.345352
3 1.420780
4 1.706525
5 1.706525
6 1.706525
7 1.894979
8 1.894979
9 1.894979
10 1.998020
11 1.998020
12 2.293545
13 2.293545
14 2.293545
15 2.393620
16 2.393620
17 2.534805
18 2.534805
19 2.534805
20 2.605155
21 2.605155
22 2.605155
23 2.679053
24 2.679053
25 2.773480
26 2.773480
27 2.773480
28 2.773480
29 2.773480
30 2.773480
31 2.773480
32 2.773480
33 2.831418
34 2.831418
35 2.831418
36 2.831418
37 2.831418
38 2.898531
39 2.898531
40 2.898531
41 2.898531
42 2.898531
43 2.898531
44 2.898531
45 2.898531
46 2.917602
47 2.917602
48 2.917602
49 2.917602
50 2.917602
51 2.968397
52 2.968397
53 2.968397
54 2.968397
55 2.968397
56 2.968397
57 2.968397
58 2.968397
59 2.968397
60 2.968397
61 2.968397
62 2.968397
63 2.968397
64 2.968397
65 2.968397
66 2.968397
67 2.968397
68 2.968397
69 2.968397
70 2.968397
71 2.968397
72 2.969407
73 2.969407
74 2.969407
75 2.969407
76 2.969407
77 2.969407
78 2.969407
79 2.969407
80 2.969407
81 2.969407
82 2.969407
83 2.969407
84 2.969407
85 2.969407
86 2.969407
87 2.969407
88 2.972737
89 2.972737
90 2.972737
91 2.972737
92 2.972737
93 3.030674
94 3.030674
95 3.030674
96 3.030674
97 3.030674
98 3.030674
99 3.030674
