0 0.843356
1 1.114337
2 1.204373
3 1.204373
4 1.451285
5 1.451285
6 1.451285
7 1.451285
8 1.451285
9 1.499850
10 1.499850
11 1.499850
12 1.499850
13 1.499850
14 1.499850
15 1.499850
16 1.499850
17 1.591569
18 1.591569
19 1.591569
20 1.613031
21 1.613031
22 1.729515
23 1.729515
24 1.729515
25 1.729515
26 1.729515
27 1.729515
28 1.729515
29 1.729515
30 1.788869
31 1.788869
32 1.788869
33 1.788869
34 1.788869
35 1.788869
36 1.788869
37 1.788869
38 1.788869
39 1.788869
40 1.788869
41 1.788869
42 1.788869
43 1.865635
44 1.865635
45 1.865635
46 1.865635
47 1.865635
48 1.865635
49 1.865635
50 1.865635
51 1.881732
52 1.881732
53 1.881732
54 1.881732
55 1.881732
56 1.978333
57 1.978333
58 1.978333
59 1.978333
60 1.978333
61 1.978333
62 1.978333
63 1.978333
64 1.983394
65 1.983394
66 1.983394
67 1.983394
68 1.983394
69 1.983394
70 1.983394
71 1.983394
72 1.983394
73 1.983394
74 1.983394
75 1.983394
76 1.983394
77 1.999026
78 1.999026
79 1.999026
80 1.999026
81 1.999026
82 1.999026
83 1.999026
84 1.999026
85 1.999026
86 1.999026
87 1.999026
88 1.999026
89 1.999026
90 2.056609
91 2.056609
92 2.056609
93 2.056609
94 2.056609
95 2.056609
96 2.056609
97 2.056609
98 2.086559
99 2.086559
