0 1.1287302648315454
1 1.2013980180654749
2 1.275523601085362
3 1.4403293255091825
4 1.6403293255091824
5 1.7311209035077701
6 1.8675597650376004
7 2.0675597650376005
8 2.116053281602109
9 2.1862528108826242
10 2.1862528108826242
11 2.255685517960227
12 2.3865409820538557
13 2.442875815926423
14 2.5321594254786906
15 2.5321594254786906
16 2.616326582400644
17 2.8097580205190726
18 2.8590781252351527
19 2.923358455124264
20 2.998434436019357
21 3.074336619444421
22 3.1678853344453755
23 3.2304407982990546
24 3.3125117042522714
25 3.3585236302088433
26 3.437974489022658
27 3.474896561618243
28 3.474896561618243
29 3.608801375644409
30 3.8088013756444092
31 3.8088013756444092
32 4.008801375644409
33 4.008801375644409
34 4.104948969526264
35 4.104948969526264
36 4.172890242515863
37 4.229073764922115
38 4.265418517476311
39 4.2939899460477395
40 4.2939899460477395
41 4.370276954879049
42 4.370276954879049
43 4.370276954879049
44 4.570276954879049
45 4.570276954879049
46 4.614720208775875
47 4.614720208775875
48 4.614720208775875
49 4.614720208775875
50 4.643291637347303
51 4.671863065918732
52 4.742041933332361
53 4.742041933332361
54 4.77061336190379
55 4.808033238619911
56 4.83660466719134
57 4.83660466719134
58 4.8696888298644145
59 4.8696888298644145
60 4.8696888298644145
61 4.887834794520241
62 4.9412898876411395
63 4.9412898876411395
64 4.97209182219614
65 5.046202262547987
66 5.0747736911194155
67 5.0747736911194155
68 5.0747736911194155
69 5.0747736911194155
70 5.0747736911194155
71 5.0747736911194155
72 5.0747736911194155
73 5.0747736911194155
74 5.1464756299034295
75 5.313207365433664
76 5.313207365433664
77 5.313207365433664
78 5.313207365433664
79 5.313207365433664
80 5.313207365433664
81 5.318681171348763
82 5.318681171348763
83 5.318681171348763
84 5.318681171348763
85 5.318681171348763
86 5.347252599920192
87 5.347252599920192
88 5.347252599920192
89 5.347252599920192
90 5.3910095178654736
91 5.3910095178654736
92 5.3910095178654736
93 5.3910095178654736
94 5.3910095178654736
95 5.3910095178654736
96 5.3910095178654736
97 5.419580946436902
98 5.419580946436902
99 5.4481523750083305
