0 1.1681856471797887
1 1.1681856471797887
2 1.286631956547159
3 1.3662983837081137
4 1.4216136216772255
5 1.486322223595069
6 1.5953853773300566
7 1.6900150836050447
8 1.6900150836050447
9 1.6900150836050447
10 1.6900150836050447
11 1.7684405263872391
12 1.7982466278021294
13 1.8545814616746972
14 1.9438650712269645
15 1.9438650712269645
16 2.028032228148918
17 2.028032228148918
18 2.028032228148918
19 2.0923125580380293
20 2.0985426663492386
21 2.1779752649637802
22 2.306769328923452
23 2.306769328923452
24 2.306769328923452
25 2.3327485094439
26 2.4204672171992296
27 2.5125068694009802
28 2.551248003773578
29 2.604180543647611
30 2.604180543647611
31 2.6501313113368017
32 2.6501313113368017
33 2.6501313113368017
34 2.7658128984415433
35 2.794384327012972
36 2.8063474121339924
37 2.8063474121339924
38 2.8063474121339924
39 2.8063474121339924
40 2.8063474121339924
41 3.0063474121339926
42 3.0063474121339926
43 3.2063474121339928
44 3.2698636254932416
45 3.299575930488181
46 3.299575930488181
47 3.299575930488181
48 3.299575930488181
49 3.299575930488181
50 3.299575930488181
51 3.4995759304881813
52 3.4995759304881813
53 3.4995759304881813
54 3.5281473590596097
55 3.565567235775731
56 3.565567235775731
57 3.565567235775731
58 3.565567235775731
59 3.565567235775731
60 3.6021547775478058
61 3.65064863295755
62 3.85064863295755
63 3.8792200615289785
64 3.9360658225675147
65 4.029920746068265
66 4.029920746068265
67 4.029920746068265
68 4.029920746068265
69 4.079866659358963
70 4.279866659358963
71 4.279866659358963
72 4.318820470080097
73 4.347678734037092
74 4.391761060178158
75 4.391761060178158
76 4.434404113521846
77 4.434404113521846
78 4.434404113521846
79 4.434404113521846
80 4.463092053311113
81 4.497757229002727
82 4.697757229002727
83 4.697757229002727
84 4.897757229002727
85 4.955311801375068
86 4.955311801375068
87 5.019158728456226
88 5.019158728456226
89 5.019158728456226
90 5.062915646401508
91 5.062915646401508
92 5.062915646401508
93 5.262915646401508
94 5.262915646401508
95 5.314339950623452
96 5.314339950623452
97 5.314339950623452
98 5.342911379194881
99 5.342911379194881
