0 1.121968377916579
1 1.203977975494653
2 1.3927180254476748
3 1.5064701732073613
4 1.561785411176473
5 1.6264940130943166
6 1.8040970252480737
7 1.8987267315230618
8 2.0987267315230618
9 2.1198179418174217
10 2.260901398733893
11 2.350597692327577
12 2.535721215150171
13 2.5947727952402055
14 2.724672317790514
15 2.7790773114309775
16 2.937048670975213
17 2.9932531621349887
18 2.9932531621349887
19 3.153869022829516
20 3.3302960226270995
21 3.437027193742515
22 3.4587331541189617
23 3.601908972505321
24 3.642966551882523
25 3.701568541317995
26 3.8204655438330346
27 3.905827690156468
28 3.9144507649731466
29 3.9673833048471794
30 3.995954733418608
31 4.065029221783282
32 4.15028925582751
33 4.178860684398939
34 4.3116839780696745
35 4.340255406641103
36 4.402667913605419
37 4.402667913605419
38 4.402667913605419
39 4.402667913605419
40 4.402667913605419
41 4.461231594619648
42 4.461231594619648
43 4.461231594619648
44 4.461231594619648
45 4.558905435726291
46 4.603348689623116
47 4.674542859024848
48 4.7074511079651895
49 4.7074511079651895
50 4.7074511079651895
51 4.736022536536618
52 4.8290015777291195
53 4.8290015777291195
54 4.8290015777291195
55 4.866421454445241
56 4.866421454445241
57 4.866421454445241
58 4.899505617118316
59 4.899505617118316
60 4.955618409522838
61 5.004112264932582
62 5.004112264932582
63 5.004112264932582
64 5.044708652744395
65 5.086462912374672
66 5.086462912374672
67 5.086462912374672
68 5.125833901452475
69 5.175779814743174
70 5.204351243314602
71 5.204351243314602
72 5.243305054035736
73 5.243305054035736
74 5.27346609736535
75 5.27346609736535
76 5.316109150709038
77 5.367043234555729
78 5.367043234555729
79 5.367043234555729
80 5.395731174344997
81 5.402615520901654
82 5.438092706372292
83 5.438092706372292
84 5.438092706372292
85 5.4884675181918166
86 5.517038946763245
87 5.517038946763245
88 5.517038946763245
89 5.517038946763245
90 5.517038946763245
91 5.5456103753346735
92 5.5456103753346735
93 5.5456103753346735
94 5.654212544479642
95 5.814182674033251
96 5.814182674033251
97 5.84275410260468
98 5.871325531176108
99 5.871325531176108
