0 1.2
1 1.309148705069372
2 1.5071865322131222
3 1.707186532213122
4 1.7625017701822339
5 1.924670405608551
6 2.0852395208615166
7 2.268311449431617
8 2.4077660653831785
9 2.5037445585681892
10 2.7037445585681894
11 2.8935936573722643
12 2.989843825143921
13 3.115062348323706
14 3.315062348323706
15 3.5150623483237062
16 3.5992295052456598
17 3.6554339964054354
18 3.751445444905967
19 3.8157257747950784
20 3.9235450901003697
21 4.0157926070178736
22 4.093183503429618
23 4.293183503429618
24 4.293183503429618
25 4.33919542938619
26 4.421590132424027
27 4.60754755510631
28 4.670112420897817
29 4.670112420897817
30 4.698683849469245
31 4.898683849469245
32 5.051220387779969
33 5.079791816351397
34 5.2797918163513975
35 5.308363244922826
36 5.370775751887142
37 5.570775751887142
38 5.62518901976652
39 5.653760448337948
40 5.6963932698090005
41 5.857637971078451
42 5.857637971078451
43 5.909166915661194
44 5.996553199520429
45 5.996553199520429
46 6.040996453417255
47 6.091991573359257
48 6.091991573359257
49 6.120563001930686
50 6.120563001930686
51 6.120563001930686
52 6.120563001930686
53 6.149134430502114
54 6.149134430502114
55 6.149134430502114
56 6.149134430502114
57 6.149134430502114
58 6.149134430502114
59 6.149134430502114
60 6.185721972274188
61 6.234215827683932
62 6.234215827683932
63 6.234215827683932
64 6.291061588722468
65 6.3563732058660944
66 6.3563732058660944
67 6.3563732058660944
68 6.395744194943898
69 6.395744194943898
70 6.395744194943898
71 6.4243156235153265
72 6.4243156235153265
73 6.4243156235153265
74 6.429162130568444
75 6.429162130568444
76 6.429162130568444
77 6.429162130568444
78 6.429162130568444
79 6.429162130568444
80 6.429162130568444
81 6.429162130568444
82 6.429162130568444
83 6.457733559139872
84 6.457733559139872
85 6.5081083709593965
86 6.5081083709593965
87 6.5081083709593965
88 6.5081083709593965
89 6.554471429441301
90 6.554471429441301
91 6.583042858012729
92 6.583042858012729
93 6.629539862724264
94 6.629539862724264
95 6.629539862724264
96 6.629539862724264
97 6.629539862724264
98 6.629539862724264
99 6.629539862724264
