0 1.0
1 1.0298715212873055
2 1.0298715212873055
3 1.0298715212873055
4 1.0516300755456283
5 1.081239089752242
6 1.106914849160627
7 1.1311092171706458
8 1.1630056610515336
9 1.1859902966146916
10 1.1859902966146916
11 1.2123733227995857
12 1.2123733227995857
13 1.2378238995601505
14 1.2606671510518235
15 1.2923467821279233
16 1.3189828550310476
17 1.3406190889382035
18 1.3716447390836142
19 1.3716447390836142
20 1.3716447390836142
21 1.4005304837163257
22 1.427664213027921
23 1.4607197482796923
24 1.4882860935713553
25 1.515883512668352
26 1.515883512668352
27 1.5376718426735918
28 1.5642252303343618
29 1.590815297413452
30 1.6171720690402842
31 1.6171720690402842
32 1.6171720690402842
33 1.6539024203362658
34 1.6539024203362658
35 1.6800455651668242
36 1.7138393526358033
37 1.7463048718419625
38 1.7675101152203585
39 1.7876156874961324
40 1.7876156874961324
41 1.8205577575759575
42 1.8205577575759575
43 1.8512410881165469
44 1.8881350209446022
45 1.918335993762535
46 1.9453314275230937
47 1.970124331387069
48 1.9929805356401604
49 2.016051483411002
50 2.0387942154193257
51 2.0387942154193257
52 2.0635516924055013
53 2.0967035709760435
54 2.122066473736835
55 2.1523141898386915
56 2.1523141898386915
57 2.1523141898386915
58 2.192954349542551
59 2.2185169699751834
60 2.2337313978394286
61 2.2337313978394286
62 2.26922815539779
63 2.2923643568121985
64 2.316868215842126
65 2.331552583385286
66 2.331552583385286
67 2.3580509458045555
68 2.3795394004604824
69 2.3795394004604824
70 2.3795394004604824
71 2.415958900986712
72 2.450286848385867
73 2.4867332453464464
74 2.505092249222925
75 2.5208344540438445
76 2.539855317265584
77 2.5473842381169507
78 2.5473842381169507
79 2.5748258688521
80 2.5921592897339356
81 2.6061292280993444
82 2.6061292280993444
83 2.638006648883645
84 2.6537311535900785
85 2.6537311535900785
86 2.6700936286261205
87 2.6805423009833746
88 2.69992953899163
89 2.7240363801677714
90 2.73366416364292
91 2.7533416418011027
92 2.7577240302258397
93 2.7577240302258397
94 2.763937620548216
95 2.7808521825675427
96 2.8015635595173825
97 2.8015635595173825
98 2.8015635595173825
99 2.81360239201801
