0 2.3041706761018492
1 2.3041706761018492
2 2.371565916176247
3 2.1567445797642653
4 2.0199144683520442
5 1.9950763613587739
6 1.6916151326712334
7 1.5678774759897736
8 1.7393656050259887
9 1.5086693508335531
10 2.125592450805606
11 1.611732600187869
12 1.4964749697662159
13 1.5045107815069636
14 1.35323956874066
15 1.5310192868504007
16 1.2981326439590972
17 1.509817243099308
18 1.3261296193727041
19 1.3604230179407997
20 1.32515056782137
21 1.3156851682216555
22 1.211827061740988
23 1.2953961759382402
24 1.2056593228445265
25 1.3672731087359935
26 1.228348972344785
27 1.2563359725353693
28 1.2085615627811919
29 1.152253579809609
30 1.4239812290151015
31 1.2450115830928332
32 1.2175708579931241
33 1.4079246718803866
34 1.1838583950878119
35 1.3437911969205096
36 1.1763015280701823
37 1.254913241499828
38 1.2774915713313866
39 1.2362979449708835
40 1.1844562612597669
41 1.1809518204424043
42 1.3971039158603051
43 1.2372632238072714
44 1.2303900464722384
45 1.2716446732683024
46 1.2182751238691876
47 1.3674376299319733
48 1.2435623097715438
49 1.2407109854721645
50 1.3603663461450148
51 1.253769571458275
52 1.3912134088261363
53 1.3107883350971723
54 1.3087014323664943
55 1.2762862020884782
56 1.3652357300130529
57 1.4583428584949854
58 1.406845181566354
59 1.3318906078745922
60 1.3553117135449109
61 1.4016975337778432
62 1.370533289468677
63 1.5091719678769853
64 1.4808566623281112
65 1.429582918780068
66 1.3866200954181047
67 1.4462035098870436
68 1.568241839886761
69 1.3832023515716079
70 1.412265672936967
71 1.4865335735780618
72 1.4903322285856098
73 1.4607523725757268
74 1.4721658190182862
75 1.5344740836637978
76 1.631485832467225
77 1.4867097522216122
78 1.5112972073398558
79 1.5679026910914828
80 1.4981035757932837
81 1.7567449538057673
82 1.6128240789168118
83 1.731715698818322
84 1.6051065526644834
85 1.55906605119585
86 1.6473814540206015
87 1.668925014060124
88 1.6208184850671383
89 1.6253677785968894
90 1.4761584235575467
91 1.5780887228890785
92 1.544950651440484
93 1.7418880305735678
94 1.7440341208118944
95 1.7539733937559758
96 1.6513142622716668
97 1.7878793579479484
98 1.7520899065591546
99 1.7629815700603118
