0 0.00029813521460421503
1 0.0006320097969818769
2 0.0
3 0.0003448797654462329
4 0.00036804804324821815
5 0.0005439318777456549
6 0.0009722536829687223
7 0.000524062531651228
8 0.00024726357435774285
9 0.0
10 0.0005283808538148502
11 0.0002432646878870217
12 0.000771819190811028
13 0.00042705643450553847
14 0.0
15 0.0005871571890162925
16 0.00021199583560640905
17 0.0008735525520982925
18 8.732655240723748e-05
19 6.758316162308986e-05
20 0.001510956459116961
21 0.0005743876974594721
22 -0.0009224884662884926
23 0.0007995637616294661
24 0.0006210289410949363
25 0.00015110089126858345
26 0.00037880484826736455
27 0.0
28 0.0
29 0.0005006606795927392
30 0.0
31 0.0002469115330224576
32 0.0
33 0.0005592808405090826
34 1.1329998435970946e-05
35 0.0
36 0.0006800364246915714
37 -0.0002860341190971036
38 0.00014920498234351372
39 0.0004607864562384409
40 0.0
41 0.0004883874475800908
42 -0.0002975998358250206
43 0.0
44 0.0001576274303737724
45 0.0
46 -0.000821754177660701
47 0.0006676288956714799
48 0.0002442731336277713
49 0.0
