0 -0.0017117937219521748
1 -0.002720713800569561
2 0.0
3 -0.0028953056316822767
4 0.0
5 -0.0025329706938161203
6 0.0
7 -0.0025160797425390533
8 -0.002430080702955214
9 -0.0017274560634567226
10 -0.0010279554400225148
11 0.0
12 -0.0028953056316822767
13 0.0
14 -0.0028845340479165316
15 0.0005140334747489818
16 -0.0008212556905721979
17 -0.0026357448659837246
18 0.0
19 -0.0007094240978441727
20 0.0
21 -0.000993095446820765
22 0.007410121552950918
23 -0.0012968048442725869
24 0.0
25 0.00046911194752038683
26 -0.002504053397569805
27 0.0
28 -0.000624060911111524
29 0.0
30 -0.0004424903076056144
31 0.0
32 0.0021139560227317715
33 -0.002138727161079053
34 -0.0007201523790670895
35 -0.0011053580623667702
36 0.0
37 0.001076629246418857
38 0.0
39 -0.001125312534525491
40 0.00079665990812914
41 -0.0016792757469914028
42 -0.0027773103211075068
43 -0.0016923221985510016
44 -0.0009883477146151575
45 0.0005139466531766351
46 0.0
47 -0.000487497076222231
48 -6.146713016209834e-05
49 0.0003519139343101646
