0 0.0
1 0.0
2 -0.0020208411694117106
3 0.0
4 -0.0018336628860086128
5 0.0
6 -0.0026077734655700624
7 0.0
8 0.0
9 -0.0024948454132148377
10 0.0
11 0.0
12 -0.0028953056316822767
13 -0.0021038441385220117
14 0.0
15 -0.0010549414290567433
16 0.0
17 0.0
18 -0.002557679731398821
19 0.0
20 -0.0026186029659584164
21 0.0
22 -0.002523743425263092
23 -0.0010559104732237757
24 0.0
25 0.0
26 -0.002504053397569805
27 -0.0006266449139765916
28 -3.402758690859704e-05
29 -0.0010819740847372976
30 -0.001695095647937299
31 -0.002356841551954858
32 -0.0012062980193165219
33 -0.000746005497919979
34 -0.0005985777803698061
35 0.0
36 -0.0028953056316822767
37 0.00021737983089090924
38 -0.0002517788663736723
39 0.0
40 -0.00023309610159888248
41 -0.0009700825544139549
42 -0.0027773103211075068
43 -0.0012446483559058067
44 -0.00097172305193498
45 8.19321982232404e-05
46 -0.002799027250148356
47 0.0
48 -0.0004355011848057681
49 0.0006371654830671931
