0 0.00026232378425543405
1 0.0007314589598970128
2 0.0006257233913712718
3 0.0
4 0.000611349797331954
5 0.0
6 0.0
7 0.0014695136398512308
8 0.0006808559608534374
9 0.0
10 -0.00015892853252292085
11 -0.00042810747257026276
12 0.0
13 -0.0018958597173384293
14 0.0015308216916617352
15 0.0
16 0.00023277691377664598
17 0.0
18 -0.002557679731398821
19 0.0
20 -0.0026186029659584164
21 0.0
22 -0.0025736200830404664
23 0.0
24 -0.0028408685233443976
25 -0.0005294148449479508
26 -3.620485222656762e-05
27 4.877147818940116e-05
28 0.00035979536500649914
29 0.0
30 0.0
31 -0.0018276141799859604
32 -0.00040317460163545046
33 0.00035239355852044343
34 0.0
35 -0.00037340349411585946
36 0.0
37 -0.0001487362936456838
38 0.0
39 0.0
40 5.524101670856808e-05
41 0.0002619370626471427
42 -0.0027773103211075068
43 -0.0018796162020296963
44 0.0
45 -0.0005970652253399372
46 -0.002799027250148356
47 -0.001912078780480897
48 0.0
49 -0.0006733744033281001
