0 2.2379458582832954
1 2.2379458582832954
2 2.017975187700107
3 1.3007895137606225
4 1.6889054596590132
5 1.200240354152775
6 1.3057943646290175
7 1.219228550252144
8 1.1992059451955939
9 1.0472278167278322
10 1.1691372348073465
11 1.3231424710876762
12 1.0022617343076425
13 1.1260644833689613
14 0.9737711402699144
15 0.8790229106679932
16 0.9376773729629836
17 1.0052991175053843
18 0.8339389779773595
19 0.9481944353799634
20 0.9465980811371445
21 0.9030707802945193
22 0.8733007650521473
23 1.0578440379963612
24 0.90013392323571
25 0.9140294923423724
26 0.7415308912816486
27 0.8286623856483396
28 0.9506150960258123
29 0.7848118984931691
30 0.7570143470525077
31 0.8542320404212123
32 0.8836227559445629
33 0.8388796214273713
34 0.7533949550811959
35 1.0511819342716822
36 0.7931623269920561
37 0.7741969937733622
38 0.7930770962683271
39 0.8039792884027062
40 0.8797492283300437
41 0.7598635167796631
42 0.7286179090608793
43 0.7073395230643928
44 0.9832710011755855
45 0.8182019781933522
46 0.685200326920884
47 0.7872297796034216
48 0.7784489493184102
49 1.0338743410402687
50 0.9879921428340391
51 0.7882456080495149
52 0.9224814870895449
53 0.7163231074311939
54 0.8154670400871872
55 0.7962470013119052
56 1.0054629654273348
57 0.6615171074535189
58 0.739188701362663
59 0.9500508326009788
60 0.8058098317188804
61 0.8962004329168697
62 0.7978589581579884
63 0.7049442683753862
64 0.7638515922020405
65 0.7553613239012057
66 0.8397234924988495
67 0.8344746760007067
68 0.8868667638069407
69 0.8935629470766753
70 0.8225843794498603
71 1.001277127405395
72 0.7052322310325495
73 0.7211190533505176
74 0.6481678665348414
75 0.8900287044081515
76 0.7062134044416104
77 0.9131427381032025
78 0.944056775078468
79 0.8825273813975555
80 0.76131982009723
81 0.7337811493607949
82 0.873531971004348
83 0.766091386056544
84 0.7794162313918217
85 0.961622422219651
86 0.9079497357264866
87 0.8299742560200705
88 0.7809085745333297
89 0.698429863349973
90 0.7096606246276154
91 0.8706648707389831
92 0.8822887327345633
93 0.7567565744965854
94 0.9782359791001237
95 0.7519792563071822
96 0.7146565530293499
97 0.8676100626297316
98 0.7461660942659405
99 0.7799572526578452
