0 2.2379458582832954
1 2.2379458776755587
2 2.017975177738328
3 1.3007894928408865
4 1.688905451623178
5 1.2002403809831668
6 1.3057944108516726
7 1.2192285566276826
8 1.1992059359643452
9 1.0472278042424024
10 1.1691372418470036
11 1.3231424604617785
12 1.002261742642331
13 1.1260644941940945
14 0.9737712444369175
15 0.8790228601617733
16 0.937677402250614
17 1.0052991226855095
18 0.8339390006902158
19 0.9481944389994098
20 0.9465980997324654
21 0.9030708207061364
22 0.8733006891433908
23 1.0578439970202433
24 0.9001338942801388
25 0.9140294861660694
26 0.7415309013762514
27 0.8286623923227315
28 0.9506150835735884
29 0.7848118400507319
30 0.7570143286232165
31 0.8542320131923495
32 0.8836227002582178
33 0.8388796195678392
34 0.7533949893497159
35 1.0511819717943833
36 0.7931623006265476
37 0.7741970338197139
38 0.7930771297399049
39 0.8039793230032855
40 0.8797491668658668
41 0.7598635582206641
42 0.7286178778473049
43 0.7073395454451898
44 0.9832712882076465
45 0.8182018520772291
46 0.6852002565907237
47 0.7872298466461947
48 0.7784489501153526
49 1.0338742912977852
50 0.9879921735163186
51 0.7882456182769414
52 0.9224814255921622
53 0.7163229894837297
54 0.81546706160463
55 0.7962469048154719
56 1.0054630084622205
57 0.6615170601682743
58 0.7391886367439228
59 0.9500507435758798
60 0.8058098232513683
61 0.8962005971534006
62 0.7978590183271339
63 0.7049442219202897
64 0.7638516350044846
65 0.7553612312898662
66 0.8397236385385306
67 0.8344744843360773
68 0.8868667985071379
69 0.8935629525888598
70 0.8225843074261976
71 1.0012767021702524
72 0.7052322696178405
73 0.7211189549945524
74 0.6481679396542999
75 0.8900285239671266
76 0.7062134889174969
77 0.9131426464880409
78 0.9440565621952492
79 0.8825273319871313
80 0.7613197576700811
81 0.7337811858541122
82 0.8735319170779172
83 0.7660914617992709
84 0.7794161386476586
85 0.961622400303737
86 0.9079498230912891
87 0.8299743573977755
88 0.7809084719602112
89 0.6984298407865434
90 0.7096604136039287
91 0.8706647920077225
92 0.8822885416676407
93 0.7567564857039278
94 0.97823581048041
95 0.7519790297099143
96 0.7146565183291528
97 0.8676099288098327
98 0.7461660648786922
99 0.7799573200990895
