0 2.2379458582832954
1 2.2379458582832954
2 2.0179751669796064
3 1.3007894991500133
4 1.6889054443842852
5 1.2002403206147856
6 1.3057943741923255
7 1.2192285638665754
8 1.1992058982424085
9 1.0472278156652424
10 1.1691372010037095
11 1.3231424801196892
12 1.002261717837501
13 1.1260644665667605
14 0.9737712502479553
15 0.8790228962898254
16 0.9376773690778897
17 1.0052990816097738
18 0.8339389647281934
19 0.9481944164857891
20 0.9465980548380477
21 0.9030707394180192
22 0.873300706576504
23 1.0578440199323351
24 0.9001338795367058
25 0.9140294695298984
26 0.7415309226944586
27 0.8286623727644387
28 0.9506151340466024
29 0.7848118765440492
30 0.7570143164034341
31 0.8542319692941097
32 0.8836226871086694
33 0.8388796441070216
34 0.7533949536865469
35 1.051182155755237
36 0.7931622591855466
37 0.7741969968947195
38 0.7930771027102775
39 0.8039792831229632
40 0.879749142990803
41 0.7598635127285397
42 0.728617845471523
43 0.707339484877573
44 0.9832709924756319
45 0.818201898299884
46 0.6852002952092205
47 0.7872297940480012
48 0.7784489246464041
49 1.0338743477478665
50 0.9879920076526971
51 0.788245615587261
52 0.9224814648415717
53 0.7163230822610988
54 0.8154670351062977
55 0.7962469291222128
56 1.0054629690799872
57 0.6615171461218247
58 0.7391886765246272
59 0.9500506537870445
60 0.8058098089064064
61 0.8962004432771199
62 0.7978589232917616
63 0.7049442423751427
64 0.7638515127734553
65 0.755359687280522
66 0.8397233859078134
67 0.8344744585682755
68 0.8868666610677927
69 0.8935629451507313
70 0.8225841994073065
71 1.0012766395438681
72 0.7052321233457177
73 0.7211190081904526
74 0.6481679902269316
75 0.890028579952325
76 0.7062134144698012
77 0.9131427482310112
78 0.9440565007310724
79 0.8825274312396567
80 0.7613199183535775
81 0.7337811951517726
82 0.8735319235530736
83 0.7660909495313851
84 0.7794162361402698
85 0.9616222638273637
86 0.9079497898853589
87 0.8299743028072262
88 0.7809082908550676
89 0.6984297339464629
90 0.7096606737723922
91 0.8706648802358792
92 0.8822887280857331
93 0.7567565152572058
94 0.978235930387024
95 0.7519790756005098
96 0.7146565149753539
97 0.8676099732725733
98 0.7461659974374479
99 0.779957360311471
