0 2.2379458582832954
1 2.2379458582832954
2 2.017975187700107
3 1.3007895137606225
4 1.6889054319652674
5 1.2002403557466597
6 1.3057943921235278
7 1.219228556428447
8 1.1992058805104417
9 1.0472278302758518
10 1.169137205054833
11 1.3231424919410004
12 1.0022617279321038
13 1.126064505351287
14 0.9737712298263083
15 0.8790228969539441
16 0.9376773624699096
17 1.005299146195308
18 0.8339389529068822
19 0.948194396064142
20 0.9465980680540079
21 0.9030707841132013
22 0.8733006711457765
23 1.0578440186040978
24 0.9001338637306829
25 0.9140294351617606
26 0.7415309139945049
27 0.8286623840876608
28 0.9506150726156315
29 0.784811849016333
30 0.7570143076702744
31 0.8542319878894307
32 0.8836227035456049
33 0.8388796477264681
34 0.7533949500671004
35 1.0511818968818047
36 0.7931622429810526
37 0.7741969320767437
38 0.7930770322472936
39 0.8039792569566901
40 0.8797492474898655
41 0.7598635402230499
42 0.7286178041301398
43 0.7073395298051967
44 0.9832710315922176
45 0.8182017149035313
46 0.6852003099194476
47 0.7872297932510588
48 0.7784488925030637
49 1.0338744102414272
50 0.9879920004470103
51 0.7882454942859979
52 0.9224814647087479
53 0.716323058884124
54 0.8154670834541321
55 0.7962468183472295
56 1.0054629509163435
57 0.6615170085496557
58 0.7391886702819123
59 0.9500506313066297
60 0.8058115467387653
61 0.8962005515948643
62 0.797858991197889
63 0.7049443144320113
64 0.7638514889648034
65 0.7553610664888345
66 0.8397235026266582
67 0.8344745053222252
68 0.8868666613002342
69 0.8935628863430289
70 0.8225838580503437
71 1.0012766883565856
72 0.7052321063774873
73 0.7211191726926309
74 0.6481679696060488
75 0.8900285158980855
76 0.7062134021171952
77 0.9131426252030397
78 0.9440566734019096
79 0.8825271282687492
80 0.7613198293948904
81 0.7337810320774493
82 0.8735324023825877
83 0.7660912367626818
84 0.7794161397434543
85 0.9616224464599801
86 0.9079496514166298
87 0.8299743112747384
88 0.780908501546695
89 0.6984297326680345
90 0.709660504853825
91 0.8706646866453059
92 0.8822887434932847
93 0.7567565017091863
94 0.9782358793827153
95 0.7519789886341786
96 0.7146565000658912
97 0.8676099732061615
98 0.7461660791240363
99 0.7799572407701222
