0 2.2379458582832954
1 2.2379458776755587
2 2.01797517494903
3 1.3007894908485307
4 1.688905465104786
5 1.2002403400070487
6 1.3057943506161152
7 1.2192285635345161
8 1.1992059008324711
9 1.0472278383116869
10 1.1691372262402164
11 1.3231425085439656
12 1.0022617213905356
13 1.1260645125901798
14 0.9737712681127458
15 0.8790229087752552
16 0.9376774178241953
17 1.0052991278324286
18 0.8339392438904488
19 0.9481944290044247
20 0.9465980717730721
21 0.9030708007493723
22 0.8733007307504213
23 1.0578440511459095
24 0.9001338987629394
25 0.9140294353609961
26 0.7415309421531338
27 0.8286624532224076
28 0.9506150660076513
29 0.7848118605055849
30 0.7570143616299111
31 0.8542320179075916
32 0.8836226556294475
33 0.8388796123289465
34 0.7533949291805703
35 1.0511818738368892
36 0.79316231088718
37 0.7741970360445113
38 0.7930770969656517
39 0.8039793413993708
40 0.8797492096683109
41 0.7598635760854546
42 0.7286179461519035
43 0.7073394531991156
44 0.9832710315922176
45 0.8182019354573199
46 0.6852002502815969
47 0.7872297475596989
48 0.7784489434741666
49 1.033874413694844
50 0.9879920702790815
51 0.7882455384498851
52 0.9224814464454864
53 0.7163230127278809
54 0.8154670581844192
55 0.7962468902712745
56 1.0054630810835898
57 0.661517193539893
58 0.7391886536457413
59 0.9500505499188946
60 0.8058116766403645
61 0.8962004954104305
62 0.797858976354838
63 0.7049442881993264
64 0.7638515605567889
65 0.7553611313400163
66 0.8397236608197098
67 0.8344746700236392
68 0.8868667072572416
69 0.8935630027630203
70 0.8225839343575714
71 1.0012767765515362
72 0.7052321614993315
73 0.7211189707341632
74 0.6481679981465459
75 0.890028641814973
76 0.706213407430144
77 0.9131426847412726
78 0.9440565787982144
79 0.8825273578545509
80 0.7613198648588239
81 0.7337813015103672
82 0.8735320615569198
83 0.7660910416446356
84 0.7794162664240781
85 0.9616223623161528
86 0.9079496812355552
87 0.8299740812572596
88 0.7809084197936947
89 0.6984297769149366
90 0.7096605077759469
91 0.8706648294972178
92 0.8822886468308218
93 0.7567564926107614
94 0.9782357463929646
95 0.7519790037428769
96 0.7146565818853033
97 0.867609863460562
98 0.746166135441294
99 0.779957669691123
