0 0.0
1 -0.000362473142006271
2 -0.0001881419372355535
3 -0.00019515687813337067
4 -0.0001262660015852682
5 -7.220917298173389e-05
6 -4.335214707065994e-05
7 0.0
8 -9.910119656790246e-05
9 0.0
10 3.03041653541906e-05
11 0.0
12 -7.298333096157286e-05
13 0.00010063279111636698
14 0.0
15 -9.539364433229733e-05
16 -1.985105647647696e-05
17 0.0
18 3.169701657162447e-05
19 5.0118605190813164e-05
20 3.132467318676452e-05
21 0.0
22 2.037818571197243e-05
23 0.0
24 3.9612786313910224e-05
25 8.578834118009592e-05
26 3.2559837517592514e-05
27 -4.002509832250516e-06
28 4.445429097356766e-06
29 0.00011545932017865267
30 2.697025913197939e-05
31 2.5884039197657308e-05
32 4.270980295825217e-05
33 0.0
34 0.0
35 0.0001948863774674776
36 8.878426816763611e-05
37 6.858315177846721e-05
38 6.626467391055009e-05
39 6.796240557155709e-05
40 2.0215968776842105e-05
41 0.0
42 0.00010267006590459349
43 0.0
44 2.295673849914208e-05
45 0.00011601194724043518
46 0.0
47 9.767585366234935e-05
48 0.00012013306113712089
49 0.0
50 6.606662944232941e-05
51 0.0
52 0.00010093850477266032
53 3.24808706748442e-05
54 1.6487945125067533e-06
55 0.000151869499090637
56 0.00012829606098905616
57 8.286631347798557e-05
58 0.0
59 0.00020798950770209294
60 0.00013757300229623275
61 0.00014432238274274107
62 0.0
63 8.122950611084502e-05
64 7.209778630848238e-05
65 0.0
66 6.338359668100835e-05
67 8.585799306504205e-05
68 0.0
69 7.970744023135407e-05
70 3.957509550105038e-05
71 9.716722824796819e-05
72 9.932562631548496e-05
73 6.886115381504354e-05
74 0.0
75 0.0
76 0.0
77 0.0
78 7.970744023135426e-05
79 1.6084183356294534e-05
80 0.0
81 3.7378435426174006e-05
82 0.0001489986476533871
83 0.0
84 3.8432950377810446e-05
85 6.585435282000591e-05
86 0.0
87 8.145751146719744e-05
88 0.00014762362935165566
89 2.3171771138285713e-05
90 9.745316273872022e-05
91 8.145751146719727e-05
92 0.0
93 3.7715691039440365e-05
94 9.856013915450463e-05
95 0.0
96 0.00010330194477989183
97 -3.6869115930400916e-06
98 9.494300535972257e-05
99 7.888342241896276e-05
