0 -0.00023174192871584293
1 0.0
2 0.0
3 -0.0002799388517924611
4 -0.00020462121075871004
5 0.0
6 0.0
7 -0.00021740209392427922
8 -0.00023135741760183125
9 -0.00026225476290575237
10 -0.0001033616310253396
11 -0.00010728336704234133
12 0.0
13 -1.8260999001703313e-05
14 -0.0002521361087603504
15 0.0
16 0.0
17 -0.0002311866309461037
18 0.0
19 -0.00013109212983906487
20 0.0
21 -0.00013599107858254132
22 -0.0001460398582805056
23 -0.00012498611185725092
24 -0.00013620545860370774
25 -9.926595881960594e-05
26 -0.0001823900895868269
27 -0.00012542268247536513
28 0.0
29 -5.139243609641162e-06
30 0.0
31 0.0
32 -9.977044705950437e-05
33 2.6887252843354742e-05
34 0.0
35 2.4776604987421997e-05
36 -4.006237645681219e-05
37 0.0
38 0.0
39 -5.530782134412977e-05
40 -0.00011763260809596924
41 -1.2882343983062415e-05
42 -6.714290459842361e-05
43 0.0
44 -0.00011961322867664324
45 -4.09745101672628e-05
46 -2.0443958189411643e-06
47 -2.972612833422184e-05
48 -4.347354103469236e-05
49 0.0
50 0.0
51 2.794748476485698e-05
52 -3.0691248173910406e-05
53 -0.0001213589339667601
54 0.0
55 -1.2142138478792931e-05
56 0.0
57 0.0
58 -7.748095133517532e-05
59 3.469236242394564e-05
60 -1.1822351138607746e-07
61 -1.8440523602997084e-05
62 -2.70617571586679e-07
63 -9.504911646470716e-05
64 -6.434201515802081e-05
65 -0.00016459183295486075
66 -6.203239405822667e-05
67 0.0
68 0.0
69 -7.236440312931246e-05
70 -0.0001058565279882658
71 0.0
72 -8.952912301244615e-05
73 -6.704312072066051e-05
74 -0.00017010047797177754
75 0.0
76 0.0
77 -2.5506179909797332e-05
78 -7.236440312931246e-05
79 -0.00013504265722381198
80 -7.401528292968646e-05
81 0.0
82 -1.453798440890287e-05
83 0.0
84 0.0
85 -5.9970444434813696e-05
86 -1.0321540591744981e-05
87 -4.694895413521522e-05
88 8.269446297420798e-06
89 0.0
90 -3.3599912279168544e-05
91 -4.694895413521521e-05
92 -6.0509434518138226e-05
93 -0.00012230788759150623
94 0.0
95 -4.632825450038818e-05
96 -6.794641075819203e-05
97 -0.0001814029631951271
98 -9.965308971222691e-05
99 -5.349615174520351e-05
