0 -0.00023174192871584293
1 -0.00034304649392137625
2 -0.00011485863164635251
3 -0.0001286301999158878
4 0.0
5 0.0
6 -4.183821182150729e-05
7 -0.00010453851682962243
8 -4.0730934338246466e-05
9 1.3992018052631351e-05
10 0.00013730867258647845
11 0.00012414097231357467
12 7.37353847152101e-05
13 0.0002550846220492189
14 0.0
15 4.641059497848844e-05
16 0.00010097918375488194
17 0.0
18 0.00020800787845420864
19 0.00022413615616393343
20 0.0002826417479622046
21 0.0003432407411362378
22 0.00029913235362453663
23 0.00035145761788825354
24 0.00033275595176967355
25 0.0
26 0.0
27 0.0003325626933563342
28 0.00040274380983919045
29 0.0
30 0.0003187943861045214
31 0.0003661097925170019
32 0.00034471543846366565
33 0.0004099718919667242
34 0.00039409710257294476
35 0.0
36 0.0003130492085713969
37 0.0003285116237268606
38 0.00032552942650521176
39 0.0003028452280025589
40 0.0002828768205827583
41 0.0
42 0.0
43 0.00045366341325485724
44 0.00029032587802567357
45 0.0
46 0.0003630244162302446
47 0.0003207509235447133
48 0.0
49 0.00037935906029812485
50 0.0003129887523677765
51 0.0
52 0.0003163996574236172
53 0.0002842970512091378
54 0.0002843257970137721
55 0.0
56 0.0003903777539686887
57 0.00033264409600570317
58 0.00035111409179646054
59 0.0
60 0.000368666052741936
61 0.0
62 0.0
63 0.0
64 0.00031240680150721893
65 0.00031579579521677655
66 0.00028427656853217807
67 0.0003133004166668847
68 0.00037608446322848503
69 0.00034754889503169827
70 0.00029572124819133487
71 0.0
72 0.0
73 0.0003082269548785385
74 0.0003072714000131871
75 0.0
76 0.0003847165384893328
77 0.0003407993402366496
78 0.00034754889503169827
79 0.0002822612214313459
80 0.00034499422835617376
81 0.0003097610095305455
82 0.0
83 0.0003847165384893329
84 0.00029424626100866424
85 0.0002874673483747505
86 0.0
87 0.00030761755393575707
88 0.0
89 0.00033360567764801973
90 0.00032827463167824214
91 0.000307617553935757
92 0.00036589395761196244
93 0.00030196773888510777
94 0.0003227237466375877
95 0.00038783873396863754
96 0.0
97 0.00028978128211110956
98 0.0
99 0.0002974860425146825
