0 0.0
1 0.0
2 0.0007679373307835292
3 0.0006954632915352244
4 0.0005301362598723889
5 0.0004171836604447821
6 0.0
7 0.0005574497399087226
8 0.0005420642287953984
9 0.0005488132867003236
10 0.00041587803153366994
11 0.0
12 0.0005763881530467075
13 0.0004866190144535174
14 0.00046684381687759046
15 0.0
16 0.0004913956990155756
17 0.0004307679426358523
18 0.0
19 0.0004644905457240885
20 0.0004824686177964544
21 0.0005998659329918404
22 0.0005063533456452271
23 0.00045600080334834463
24 0.0
25 0.0
26 0.0005590587085957129
27 0.0005741806887406913
28 0.0005966294092948933
29 0.00048661901445351736
30 0.000572543865300667
31 0.0
32 0.00043350930664908443
33 0.0004055353771770819
34 0.0005638674695181041
35 0.0
36 0.0
37 0.0004364052704878118
38 0.0003352305240489115
39 0.00031546846539448506
40 0.000392423724548228
41 0.00043111358968386885
42 0.0004813904828901939
43 0.0005095703226801625
44 0.0003267054388729672
45 0.0004849219637625919
46 0.0
47 0.00042400161374407934
48 0.0
49 0.00037928308715175
