0 -0.00023174192871584293
1 -8.372723931858044e-05
2 -0.0001631094675304638
3 -0.00010118817692916824
4 -0.00012581111680683716
5 0.0
6 -7.678215849024195e-05
7 0.0
8 -4.649427838471884e-05
9 -8.230630640315275e-05
10 -0.0002469548486220375
11 -3.396207974686379e-05
12 -1.446564329375868e-06
13 -0.00011622513485307847
14 -0.0001928311793204016
15 3.6328660252111903e-05
16 0.0
17 -0.00023883435260103138
18 -0.00015242570014266238
19 0.0
20 -0.00018430989717036544
21 0.0
22 -0.00010546264226197032
23 0.0
24 -0.00013418457000833833
25 -9.83312068401335e-05
26 -7.671877084541207e-05
27 -6.847171156115395e-05
28 -5.622887514083694e-05
29 -0.00011622513485307847
30 -6.936438433405305e-05
31 -9.040470911258214e-05
32 0.0
33 0.0
34 -7.409622167985505e-05
35 -0.00012113569422708493
36 -2.470748497497528e-05
37 -0.00018589770978701028
38 -0.00030741831774998507
39 -0.00031795946037759963
40 -0.00018233612197678247
41 -0.00018872030853897166
42 -0.00013488098052626813
43 -0.00011984976765296505
44 -0.00021739045688485471
45 0.0
46 -0.00018264217993394137
47 -0.00019251385829289325
48 -0.00026797990836220837
49 -0.00021636685737307386
