0 1.0
1 1.0107641443023845
2 1.0080128879580297
3 1.018740619112902
4 1.018740619112902
5 1.03429144867196
6 1.0291688263869292
7 1.0343881296089723
8 1.0343881296089723
9 1.0397540333865545
10 1.0407023905162713
11 1.0414592053774856
12 1.0402109732408034
13 1.044546882347597
14 1.0438436389218393
15 1.0459092797121659
16 1.045242251619648
17 1.0472667137062175
18 1.0472667137062175
19 1.0524243375026854
20 1.0517132573245704
21 1.0517214305615452
22 1.051885283898189
23 1.051885283898189
24 1.0540414774639872
25 1.0540414774639872
26 1.0578887797824423
27 1.057132542965621
28 1.0584951541657794
29 1.0580683837224891
30 1.0584026717656385
31 1.0584026717656385
32 1.059855624264953
33 1.0600052922029943
34 1.0600052922029943
35 1.0624154473983665
36 1.0619597299090837
37 1.0619597299090837
38 1.0619597299090837
39 1.0619597299090837
40 1.0619597299090837
41 1.0644575738441475
42 1.064210791824016
43 1.06550713137834
44 1.06550713137834
45 1.06550713137834
46 1.0671208505444543
47 1.0672284887132804
48 1.0672284887132804
49 1.0691979882682636
50 1.069538544855362
51 1.069689220025889
52 1.0703663908875445
53 1.070630634994129
54 1.0710837292652153
55 1.0721464890555066
56 1.072122296020949
57 1.0735850648927172
58 1.073933668962947
59 1.073933668962947
60 1.074638563544225
61 1.0752243382260862
62 1.0763331715074205
63 1.076611441848724
64 1.0773310814912267
65 1.0778045266946528
66 1.0786970512367262
67 1.0802562106235294
68 1.0808495773497584
69 1.08128045063346
70 1.0824329444594765
71 1.083092208377253
72 1.0836944027666187
73 1.0850108261815241
74 1.085347885806481
75 1.085347885806481
76 1.0878620933716117
77 1.0878620933716117
78 1.0913691359284012
79 1.0913691359284012
80 1.0913691359284012
81 1.0959858507935256
82 1.0971045470762555
83 1.10288879270368
84 1.1035226120903059
85 1.1065687759381664
86 1.1065687759381664
87 1.1141561764948005
88 1.1141561764948005
89 1.1230593471985633
90 1.124004895431992
91 1.1264951658354962
92 1.1272597451036748
93 1.1314668872898366
94 1.1328153038570734
95 1.1359661287976188
96 1.1359661287976188
97 1.146488415001189
98 1.1476266076750445
99 1.1476266076750445
