0 1.0244572559222105
1 1.0510691116168935
2 1.0772242199145527
3 1.098991266080645
4 1.121699077655481
5 1.1415309201498736
6 1.165991936307873
7 1.1873118351290628
8 1.2071669472357922
9 1.2324671294591913
10 1.2324671294591913
11 1.2561649838186657
12 1.2826511223291897
13 1.30407222404806
14 1.30407222404806
15 1.3269906022448377
16 1.3269906022448377
17 1.3269906022448377
18 1.350868434562647
19 1.3779261672212588
20 1.4017137301928146
21 1.4017137301928146
22 1.429630803318108
23 1.429630803318108
24 1.4588590089344757
25 1.481390589361138
26 1.50863167845013
27 1.5360764748590816
28 1.5360764748590816
29 1.5360764748590816
30 1.5360764748590816
31 1.5584600720923383
32 1.5813007931889975
33 1.6049356800826435
34 1.628309674872458
35 1.628309674872458
36 1.628309674872458
37 1.628309674872458
38 1.655143511228023
39 1.655143511228023
40 1.68151720825346
41 1.68151720825346
42 1.7124951458220992
43 1.7124951458220992
44 1.7391627206378968
45 1.7612444868640988
46 1.7912464350428896
47 1.7912464350428896
48 1.8133074805247127
49 1.8133074805247127
50 1.8472674582108046
51 1.876992771285582
52 1.876992771285582
53 1.876992771285582
54 1.9154621615660556
55 1.9154621615660556
56 1.9154621615660556
57 1.9487237621149058
58 1.9836358509009182
59 1.9836358509009182
60 2.0156669736734516
61 2.050077341623756
62 2.080670870102053
63 2.080670870102053
64 2.110408747185729
65 2.1396295265610434
66 2.1396295265610434
67 2.169141474971468
68 2.196841204356686
69 2.2221789831308008
70 2.24394517371237
71 2.24394517371237
72 2.24394517371237
73 2.2767779063892353
74 2.312516417536683
75 2.341654669060275
76 2.341654669060275
77 2.368338368902128
78 2.368338368902128
79 2.4023862898456825
80 2.4293419167528483
81 2.4293419167528483
82 2.4293419167528483
83 2.4818027116505266
84 2.4818027116505266
85 2.519509364999373
86 2.5702544585310565
87 2.5702544585310565
88 2.605200965182703
89 2.6343499862309003
90 2.6526154226867167
91 2.661974763259906
92 2.6674529197458035
93 2.6674529197458035
94 2.6874163493749017
95 2.714744791255649
96 2.730898179950871
97 2.740971843702771
98 2.740971843702771
99 2.754544011335163
