0 1.0009114194983921
1 0.998401344779765
2 0.998401344779765
3 0.998401344779765
4 1.0098633241855273
5 1.0098633241855273
6 1.0098633241855273
7 1.0098633241855273
8 1.0098633241855273
9 1.016498386647929
10 1.0134570052685041
11 1.0134570052685041
12 1.0224005763481472
13 1.0224005763481472
14 1.033153430001564
15 1.033153430001564
16 1.0397579016628231
17 1.0377921930324538
18 1.039908735021295
19 1.0390289183105257
20 1.0390289183105257
21 1.042352336509331
22 1.0413605107543906
23 1.0418636720746401
24 1.0421583946285564
25 1.0431930313760218
26 1.0427640251922994
27 1.044705859327103
28 1.0439671847666798
29 1.0439671847666798
30 1.046919528550074
31 1.046919528550074
32 1.046919528550074
33 1.046919528550074
34 1.0495269700187608
35 1.0495269700187608
36 1.0495269700187608
37 1.0517072995188717
38 1.051255355641431
39 1.0520911659309489
40 1.0523432567031765
41 1.0523432567031765
42 1.0556077190419195
43 1.0554890391501166
44 1.056830201177463
45 1.056830201177463
46 1.0588299489258735
47 1.0588299489258735
48 1.0588299489258735
49 1.0620548174862843
50 1.061917215299023
51 1.0624546575578617
52 1.0637576546925982
53 1.0637576546925982
54 1.0666480780031524
55 1.0667680371053048
56 1.067861080654334
57 1.067861080654334
58 1.0710096303269305
59 1.0709388261603083
60 1.0709388261603083
61 1.0748550205259708
62 1.0752397001697023
63 1.0761762558402554
64 1.0761762558402554
65 1.0761762558402554
66 1.080197999847746
67 1.0812049285071634
68 1.0812049285071634
69 1.0812049285071634
70 1.084671801830588
71 1.0851371712754638
72 1.086232092037183
73 1.0870826099763602
74 1.0883813619194809
75 1.089710186186404
76 1.0908865091317692
77 1.09204997868316
78 1.09204997868316
79 1.09204997868316
80 1.09204997868316
81 1.09204997868316
82 1.1021926719407662
83 1.103967139747466
84 1.1074666075473583
85 1.1074666075473583
86 1.1170286815732016
87 1.1193687957341993
88 1.1215834306095052
89 1.1215834306095052
90 1.1215834306095052
91 1.1215834306095052
92 1.1317313635191617
93 1.1317199262635804
94 1.1393196960128453
95 1.1393196960128453
96 1.1504219734520529
97 1.1504219734520529
98 1.1645635988139649
99 1.1645635988139649
