0 1.0167932433074283
1 1.0380147010578824
2 1.0503891630173374
3 1.0503891630173374
4 1.0503891630173374
5 1.0503891630173374
6 1.0721706901177184
7 1.1712511196171684
8 1.2712511196171685
9 1.2712511196171685
10 1.3441499102049566
11 1.4098964751625833
12 1.5098964751625834
13 1.5098964751625834
14 1.6098964751625835
15 1.7098964751625836
16 1.8098964751625837
17 1.8189620852177222
18 1.842943065822095
19 1.8853169441269362
20 1.8853169441269362
21 1.9853169441269363
22 2.0439854618450175
23 2.089872268598562
24 2.1468553115492637
25 2.1468553115492637
26 2.1468553115492637
27 2.1831875303073125
28 2.1831875303073125
29 2.233892243792266
30 2.277766245028982
31 2.302383829890828
32 2.3545723061232673
33 2.4050224011497434
34 2.4050224011497434
35 2.5050224011497435
36 2.6050224011497436
37 2.613383833677363
38 2.662883406931941
39 2.7028645701241056
40 2.7287581908865013
41 2.7287581908865013
42 2.752947469671105
43 2.852947469671105
44 2.9334457135894407
45 2.9858696448600965
46 3.0858696448600966
47 3.159959232298026
48 3.162935031159037
49 3.2629350311632384
