0 1.0983354439831348
1 1.0983354439831348
2 1.1903858245752172
3 1.2870668766674984
4 1.370220432924536
5 1.46551705121951
6 1.5426362618819427
7 1.5426362618680485
8 1.5426362618680485
9 1.6126058991268934
10 1.6126058991268934
11 1.6126058991268934
12 1.6775715221300431
13 1.6775715221300431
14 1.7350137514991497
15 1.7935439436918776
16 1.8615979237019025
17 1.8615979237019025
18 1.8615979237019025
19 1.9394751541789528
20 2.027348097270743
21 2.027348097270743
22 2.027348097270743
23 2.127348097270743
24 2.222849462504612
25 2.222849462504612
26 2.322849462504612
27 2.322849462504612
28 2.420667672559189
29 2.520667672559189
30 2.6206676725591893
31 2.7089999977319996
32 2.7717068496326513
33 2.8221697895773112
34 2.856494053099783
35 2.895488301899808
36 2.9093472543518666
37 2.9093472543518666
38 2.9093472543518666
39 2.9587576468940844
40 3.0122281861466242
41 3.1122281861466243
42 3.1923575047479797
43 3.1923575047479797
44 3.265912798175047
45 3.2929924127496233
46 3.338353117915567
47 3.338353117915567
48 3.338353117915567
49 3.338353117915567
