0 1.0936566379119252
1 1.0936566379119252
2 1.1936566379119253
3 1.2936566379119254
4 1.3796146115637833
5 1.4743242907819998
6 1.5609599952292883
7 1.6592668218088638
8 1.7375841799763834
9 1.7375841799763834
10 1.8201782720655113
11 1.9043640833137856
12 1.9625433859413302
13 2.015079845998038
14 2.0634605741128342
15 2.0988439543861714
16 2.141709288259904
17 2.1943210201361305
18 2.1943210201361305
19 2.2601157901127618
20 2.341320526235172
21 2.386422121958947
22 2.386422121958947
23 2.386422121958947
24 2.4758259325483873
25 2.4758259325483873
26 2.530851588767191
27 2.588798256912915
28 2.6781040463170562
29 2.6781040463170562
30 2.74901127873149
31 2.8490112787314903
32 2.9313613413037847
33 3.010344333097006
34 3.010344333097006
35 3.010344333097006
36 3.058361853327257
37 3.119261719922756
38 3.1818732343976275
39 3.1818732343976275
40 3.27912070695677
41 3.319902845236423
42 3.38453875061432
43 3.440566612341322
44 3.540566612341322
45 3.592929342305836
46 3.592929342305836
47 3.623324873661991
48 3.623324873661991
49 3.67713190538564
