0 1.0969093495909081
1 1.1618940099655197
2 1.1618940099655197
3 1.2280305652303452
4 1.3280305652303452
5 1.4237948780141891
6 1.4237948780141891
7 1.5168893557178031
8 1.6036932137492512
9 1.6818000555945094
10 1.7746473825896418
11 1.8666278745599674
12 1.9123069983859198
13 1.9123069983859198
14 1.968316653550902
15 2.010656521695183
16 2.05515742883979
17 2.05515742883979
18 2.05515742883979
19 2.1220558083800656
20 2.1868163598117594
21 2.2355711803743943
22 2.330322719451965
23 2.330322719451965
24 2.430322719451965
25 2.5232775677630643
26 2.563809225769033
27 2.5980044635314385
28 2.5980044635314385
29 2.6942638524217086
30 2.776455711313654
31 2.776455711313654
32 2.876455711313654
33 2.9764557113136543
34 3.0431061635163967
35 3.1138609714785996
36 3.179437797616365
37 3.179437797616365
38 3.2722159766389676
39 3.3722159766389677
40 3.4722159766389677
41 3.531438976937342
42 3.6314389769373423
43 3.7019562604238696
44 3.7019562604238696
45 3.7679592701763926
46 3.8447669714981982
47 3.898800686824875
48 3.998800686824875
49 4.077572779715622
