0 1.0
1 1.1
2 1.1901538201189896
3 1.2851607414172046
4 1.2851607414172046
5 1.3717842113698462
6 1.464356234120298
7 1.5643562341076442
8 1.6406410533244196
9 1.7209997283770357
10 1.7209997283770357
11 1.8209997283770358
12 1.8712598914931857
13 1.9300241815276566
14 1.9847864945767286
15 2.026250819413387
16 2.0813625792891943
17 2.1349359768521414
18 2.1899926806224825
19 2.2610823754755205
20 2.3359126172965023
21 2.3804362369640466
22 2.47344307656977
23 2.5697177006496066
24 2.5697177006496066
25 2.6697177006496067
26 2.6697177006496067
27 2.6697177006496067
28 2.6697177006496067
29 2.6697177006496067
30 2.737205483674745
31 2.835304838445538
32 2.835304838445538
33 2.835304838445538
34 2.882657794945217
35 2.882657794945217
36 2.9178958028831596
37 2.9178958028831596
38 2.9659135722263503
39 3.02205519816749
40 3.02205519816749
41 3.0543118625684893
42 3.1220725539607184
43 3.1220725539607184
44 3.2041124102543703
45 3.2472366875803855
46 3.2979234012816536
47 3.329054335565154
48 3.3871293043763795
49 3.434269633095646
