0 1.0178997262440996
1 1.047070225429919
2 1.047070225429919
3 1.0516417537078844
4 1.0856898138920124
5 1.0856898138920124
6 1.0856898138920124
7 1.1847702433848404
8 1.1847702433848404
9 1.2847702433848405
10 1.3777359481103844
11 1.3777359481103844
12 1.4777359481103844
13 1.5777359481103845
14 1.6777359481103846
15 1.6777359481103846
16 1.7777359481103847
17 1.8777359481103848
18 1.908273438037703
19 1.9431676345599511
20 2.000028870991835
21 2.000028870991835
22 2.03396360247193
23 2.0937811315386043
24 2.0937811315386043
25 2.1518231272633197
26 2.1518231272755015
27 2.1518231272755015
28 2.1851763753268036
29 2.2606222865245806
30 2.2606222865245806
31 2.323676237099568
32 2.396263667240036
33 2.4569907233021775
34 2.5569907233021776
35 2.6569907233021777
36 2.6569907233021777
37 2.6758396592337514
38 2.6758396592337514
39 2.7258051256105866
40 2.7541255242723035
41 2.8541255242723036
42 2.933560930065053
43 3.033560930065053
44 3.1138080683612976
45 3.1528042465871238
46 3.1528042465871238
47 3.1528042465871238
48 3.1599462297213186
49 3.259946229729186
