0 1.0910039159082827
1 1.1910039159082828
2 1.2838555832152334
3 1.2838555832152334
4 1.380426462602415
5 1.47672755591187
6 1.571665322518158
7 1.6455719901629662
8 1.7304984949147044
9 1.7869446262611666
10 1.878840997699306
11 1.9279321149414104
12 1.9766600157058252
13 1.9766600157058252
14 2.046862198450431
15 2.078257598450987
16 2.1095637063740016
17 2.14591682084921
18 2.21945579634488
19 2.2479553332365745
20 2.2782819946702055
21 2.2782819946702055
22 2.305941235314841
23 2.305941235314841
24 2.330379383288683
25 2.3574733348424664
26 2.3787156888779357
27 2.406268110834324
28 2.431548383513233
29 2.431548383513233
30 2.431548383513233
31 2.5195618061511924
32 2.541649209833815
33 2.57282208766122
34 2.57282208766122
35 2.645754403659688
36 2.712787784333176
37 2.738602838305077
38 2.7386028422670896
39 2.8143536008636785
40 2.8143536008636785
41 2.9039457414577154
42 2.9039457414577154
43 2.9215653034252806
44 2.9467853330154776
45 2.969201598865476
46 2.9877650781892746
47 3.0093202491326023
48 3.091288347188955
49 3.1168974912979084
