0 0.0005061323224238718
1 8.324139304660579e-05
2 0.0
3 0.00021842738453979585
4 -0.000130441832764548
5 0.0
6 -0.0014148221726621923
7 -2.1716362739103034e-05
8 0.000579616042315782
9 0.0
10 0.0008566527903944676
11 0.0010471724137541933
12 0.0003048360273547653
13 0.0
14 0.001229891244383383
15 0.0013607372804001721
16 0.0011767608687246807
17 0.00016635116640023652
18 0.0011693148489546946
19 0.0
20 0.0013399164360438237
21 0.0002714881413754763
22 0.0
23 0.0
24 0.000880409489848288
25 7.443799323392449e-05
26 0.0015007181484430413
27 -0.0001723493400963172
28 -0.00012902823164147816
29 0.0
30 0.0017470948332507495
31 0.000463404938897403
32 0.0
33 0.00010114384925209817
34 0.00012444024515842207
35 0.0
36 0.0033724539421372095
37 0.0
38 0.0006866425706566345
39 0.0
40 4.7514135186644925e-05
41 -0.0001945325303871649
42 -0.0001034014424540928
43 0.0
44 0.0
45 -0.00010113524594076444
46 -3.8324811465427575e-05
47 -2.471459265448588e-05
48 -0.0001289644425638792
49 0.0
