0 0.0005177920041029723
1 0.00043190241167349744
2 0.00042351187702893575
3 0.0003461633108707226
4 -0.00015325115825076874
5 0.0
6 -0.001547073749891837
7 0.00010610556880219351
8 0.00044668039409055785
9 0.000780074317657864
10 0.0
11 0.0014088719092470745
12 0.0
13 0.0017110795888573202
14 0.0
15 0.0
16 0.0018394274096260156
17 0.0
18 0.0024858729076545575
19 0.0009259983901015672
20 0.0007781365253039036
21 0.0003349160410602558
22 0.0012734333610255706
23 -0.00010838744523059892
24 0.0
25 0.0
26 0.001471340430922262
27 0.0
28 4.9792445857370494e-05
29 0.005275922823591
30 0.0
31 0.0006586127255626157
32 0.0002449893683302371
33 -6.645091992317663e-05
34 0.0005792217548244988
35 -7.288991328121525e-05
36 -0.00047753971157767484
37 0.0003859865269023597
38 0.0
39 0.00035636122927724316
40 0.0
41 0.0
42 0.0
43 0.0005436243549767964
44 0.0002195496623813082
45 0.0
46 0.0
47 0.0
48 0.0002531432596409647
49 8.258418771152136e-05
