0 -0.0013759113207843785
1 0.0
2 0.002410754668361906
3 -0.002881752529909872
4 0.0022433805121927558
5 -0.00460854629201661
6 0.0
7 0.001636547845353984
8 -0.0023938565436171003
9 -0.0028953056316822767
10 0.0
11 0.0
12 -0.0010273599433598217
13 -0.0026819584891200066
14 0.0
15 -0.0027454298455268145
16 -0.0025257124099880455
17 0.0
18 0.0
19 0.0
20 0.0
21 0.0
22 -0.00170097409042952
23 -0.0026216143742203712
24 -0.0027765863575041293
25 -0.0001266381476625611
26 -0.00261200099484995
27 0.0002573987831174617
28 -0.0017115994788765862
29 -0.0030784517293795943
30 0.0
31 -0.0007391328457742929
32 0.0
33 0.0
34 0.0
35 0.00011400204731920705
36 -0.0028953056316822767
37 0.0
38 0.0
39 -0.0003754195699803138
40 0.0
41 0.0011712425487167804
42 -0.0003676509870414297
43 -0.0021060375861721155
44 0.0
45 0.0002767775422158369
46 -0.00020675916838042445
47 2.4227968704802863e-05
48 -0.0008127129457367546
49 0.0003277247514094803
