0 0.914430956308
1 1.020381117025
2 1.081304316136
3 1.155728941109
4 1.255809631697
5 1.391770024818
6 1.391770024818
7 1.391770024818
8 1.466254321795
9 1.466254321795
10 1.499748973920
11 1.499748973920
12 1.499748973920
13 1.499748973920
14 1.499748973920
15 1.530021985526
16 1.623646086066
17 1.623646086066
18 1.623646086066
19 1.623646086066
20 1.623646086066
21 1.684055196821
22 1.684055196821
23 1.684055196821
24 1.684055196821
25 1.684055196821
26 1.684055196821
27 1.684055196821
28 1.684055196821
29 1.684055196821
30 1.684055196821
31 1.684055196821
32 1.684055196821
33 1.713103543913
34 1.713103543913
35 1.713103543913
36 1.713103543913
37 1.728918660481
38 1.728918660481
39 1.728918660481
40 1.728918660481
41 1.728918660481
42 1.728918660481
43 1.728918660481
44 1.737028917241
45 1.737028917241
46 1.737028917241
47 1.737028917241
48 1.737028917241
49 1.737028917241
50 1.737028917241
51 1.737028917241
52 1.737028917241
53 1.790557073116
54 1.873115065402
55 1.873115065402
56 1.873115065402
57 1.873115065402
58 1.873115065402
59 1.873115065402
60 1.873115065402
61 1.873115065402
62 1.873115065402
63 1.876801990706
64 1.876801990706
65 1.876801990706
66 1.876801990706
67 1.876801990706
68 1.876801990706
69 1.885259325555
70 1.885259325555
71 1.885259325555
72 1.891333855350
73 1.891333855350
74 1.891333855350
75 1.891333855350
76 1.894063304080
77 1.894063304080
78 1.894063304080
79 1.894063304080
80 1.894063304080
81 1.894063304080
82 1.894063304080
83 1.894063304080
84 1.894063304080
85 1.894063304080
86 1.894063304080
87 1.903804485717
88 1.903804485717
89 1.903804485717
90 1.903804485717
91 1.903804485717
92 1.908826388143
93 1.908826388143
94 1.908826388143
95 1.908826388143
96 1.908826388143
97 1.908826388143
98 1.932280099689
99 1.932280099689
