0 0.961679806324
1 1.052771570548
2 1.356678962636
3 1.622372652985
4 1.622372652985
5 1.762042114117
6 1.877262363710
7 1.877262363710
8 2.033191455849
9 2.035613309175
10 2.114121227712
11 2.163303603755
12 2.235758165176
13 2.565325537137
14 2.565325537137
15 2.565325537137
16 2.676730896038
17 2.768075195692
18 2.880985134216
19 2.880985134216
20 2.880985134216
21 2.880985134216
22 2.908471847488
23 2.908471847488
24 2.908471847488
25 2.908471847488
26 2.908471847488
27 2.908471847488
28 2.931062892205
29 3.075423391818
30 3.075423391818
31 3.089716312921
32 3.089716312921
33 3.089716312921
34 3.089716312921
35 3.089716312921
36 3.089716312921
37 3.089716312921
38 3.093357528772
39 3.093357528772
40 3.093357528772
41 3.093357528772
42 3.093357528772
43 3.130108322930
44 3.130108322930
45 3.130108322930
46 3.166707929677
47 3.166707929677
48 3.166707929677
49 3.166707929677
50 3.168466593470
51 3.212125741212
52 3.212125741212
53 3.212125741212
54 3.268065486065
55 3.268065486065
56 3.268065486065
57 3.268065486065
58 3.268065486065
59 3.298519420544
60 3.298519420544
61 3.298519420544
62 3.298519420544
63 3.298519420544
64 3.298519420544
65 3.298519420544
66 3.298519420544
67 3.298519420544
68 3.298519420544
69 3.298519420544
70 3.298519420544
71 3.298519420544
72 3.298519420544
73 3.298519420544
74 3.298519420544
75 3.298519420544
76 3.302366223458
77 3.302366223458
78 3.302366223458
79 3.302366223458
80 3.302366223458
81 3.302366223458
82 3.302366223458
83 3.302366223458
84 3.302366223458
85 3.302366223458
86 3.304629019753
87 3.304629019753
88 3.304629019753
89 3.304629019753
90 3.304629019753
91 3.304629019753
92 3.304629019753
93 3.308695764961
94 3.328456373266
95 3.328456373266
96 3.328456373266
97 3.328456373266
98 3.328456373266
99 3.328456373266
