0 1.104490745690
1 1.110921541605
2 1.415018545675
3 1.583926227967
4 1.938067557334
5 2.068533698830
6 2.242461085274
7 2.242461085274
8 2.309248840342
9 2.363509774708
10 2.420636348973
11 2.809192697406
12 2.965919589611
13 2.973211529298
14 3.153660688318
15 3.153660688318
16 3.153660688318
17 3.322327066669
18 3.427799889747
19 3.427799889747
20 3.427799889747
21 3.539215152454
22 3.539215152454
23 3.539215152454
24 3.591951362864
25 3.591951362864
26 3.591951362864
27 3.595767331495
28 3.595767331495
29 3.664692660734
30 3.664692660734
31 3.664692660734
32 3.664692660734
33 3.664692660734
34 3.664692660734
35 3.664692660734
36 3.664692660734
37 3.664692660734
38 3.664692660734
39 3.664692660734
40 3.791111261509
41 3.791111261509
42 3.794415325655
43 3.794415325655
44 3.794415325655
45 3.794415325655
46 3.835544697895
47 3.923825419803
48 3.942106965856
49 3.942106965856
50 3.942106965856
51 3.942106965856
52 3.942106965856
53 3.942106965856
54 3.942106965856
55 3.942106965856
56 3.942106965856
57 3.988617839599
58 3.988617839599
59 3.988617839599
60 3.988617839599
61 3.988617839599
62 3.988617839599
63 3.988617839599
64 3.988617839599
65 3.996330788311
66 3.996330788311
67 3.996330788311
68 3.996330788311
69 3.996330788311
70 3.996330788311
71 3.996330788311
72 3.996330788311
73 3.996330788311
74 3.996330788311
75 3.996330788311
76 3.996330788311
77 4.006285540509
78 4.006285540509
79 4.006285540509
80 4.006285540509
81 4.006285540509
82 4.006285540509
83 4.006285540509
84 4.006285540509
85 4.006285540509
86 4.006285540509
87 4.006285540509
88 4.006285540509
89 4.006285540509
90 4.006285540509
91 4.006285540509
92 4.006285540509
93 4.006285540509
94 4.006285540509
95 4.006285540509
96 4.006285540509
97 4.006285540509
98 4.006285540509
99 4.017847121171
