0 7.24092121972387e-07
1 6.517758952645844e-07
2 6.147479149913741e-07
3 5.490016542325444e-07
4 5.443300601402126e-07
5 5.551111683329644e-07
6 5.198613179958155e-07
7 5.728706493292099e-07
8 4.321423875075547e-07
9 5.464885467882096e-07
10 4.872697474057103e-07
11 4.7523516336905473e-07
12 4.564226792339471e-07
13 3.8754748497374995e-07
14 3.341879291959244e-07
15 4.0195463464704746e-07
16 3.6063534015358403e-07
17 3.682581074795611e-07
18 3.108133376695014e-07
19 2.9184485622722277e-07
20 4.0824380290185645e-07
21 3.6664882143462714e-07
22 4.245278730568878e-07
23 3.935384618962619e-07
24 3.010822794530828e-07
25 3.160679808844519e-07
26 2.8555721167334727e-07
27 3.0460633519072495e-07
28 2.877155763792009e-07
29 3.6419878961764927e-07
30 2.4688963267419e-07
31 3.407825183602506e-07
32 2.841621242142262e-07
33 2.3807514071622387e-07
34 2.651024836005203e-07
35 2.6358740894661264e-07
36 2.3529540790991753e-07
37 2.4838380069494927e-07
38 2.745642414953583e-07
39 3.1383477472563815e-07
40 2.819749714093427e-07
41 3.0814894015037125e-07
42 3.327906462095171e-07
43 1.9648089233729877e-07
44 2.12609629176535e-07
45 2.307748069788267e-07
46 2.1987517261574006e-07
47 3.184270574733045e-07
48 2.8946502385253184e-07
49 2.526097699090004e-07
50 2.0367516431033595e-07
51 2.0761806119665554e-07
52 3.440274297192474e-07
53 2.3683756182902806e-07
54 2.518972240101396e-07
55 2.5161319776214015e-07
56 2.9770482384227553e-07
57 2.554497913427723e-07
58 2.2205124148023908e-07
59 2.5692802190421665e-07
60 2.7009921174412545e-07
61 2.4046117549140944e-07
62 2.421524318304299e-07
63 2.3623037442451968e-07
64 2.548713071188864e-07
65 2.692547766990451e-07
66 2.088325600904264e-07
67 2.6770142726505263e-07
68 2.830757089704351e-07
69 2.2966234437470494e-07
70 2.3876520938356876e-07
71 2.4229781335057656e-07
72 2.8031667728262284e-07
73 2.876161636995898e-07
74 2.559943516788407e-07
75 2.2647096531576438e-07
76 2.1132798605578315e-07
77 2.668664772558161e-07
78 2.3273395925267346e-07
79 2.7654839535399855e-07
80 2.0796535304853015e-07
81 2.5440339139615325e-07
82 2.0111894913140918e-07
83 2.627366722574327e-07
84 1.9219239878813922e-07
85 2.1399085645940955e-07
86 2.475185680342585e-07
87 2.0045177633058236e-07
88 2.1780122196373213e-07
89 1.6909093743979038e-07
90 2.1039699785255805e-07
91 2.3307943871339613e-07
92 2.827992823625484e-07
93 2.4287657408867045e-07
94 2.3448691225283827e-07
95 2.4054124988660414e-07
96 2.1233922846730888e-07
97 2.318859477558738e-07
98 1.980276955701788e-07
99 2.2090830385272736e-07
