0 7.24092121972387e-07
1 6.727848294572826e-07
2 6.530193868582739e-07
3 6.10674905323094e-07
4 5.970350573333302e-07
5 5.422505210930493e-07
6 5.10214464311821e-07
7 5.354440431121265e-07
8 4.590267269921496e-07
9 5.896760078647705e-07
10 4.7283953253231107e-07
11 5.208362569320367e-07
12 5.052298968081514e-07
13 4.783705427244991e-07
14 4.789282283381286e-07
15 5.102674639047216e-07
16 5.366561781589451e-07
17 4.903881944365689e-07
18 4.2750356368047736e-07
19 4.0018592205062474e-07
20 5.529971339387843e-07
21 4.416005577453612e-07
22 5.141409884896295e-07
23 4.314553849896378e-07
24 4.6924737518919424e-07
25 3.932465091383433e-07
26 3.9642229673629023e-07
27 3.7264348604724917e-07
28 4.3846274396597995e-07
29 5.177036489707575e-07
30 4.397170074580736e-07
31 4.2063523762588e-07
32 4.3118949028779113e-07
33 4.011584585183552e-07
34 4.0644653227837786e-07
35 4.5527980008436236e-07
36 4.427257947342111e-07
37 4.4295267902276185e-07
38 4.889830261228063e-07
39 3.948611125433141e-07
40 4.3178268039907867e-07
41 4.6968163443332586e-07
42 5.19224815211379e-07
43 4.26777201298003e-07
44 3.9555582191581516e-07
45 4.2399350751481994e-07
46 3.5657380954835666e-07
47 3.926716298434652e-07
48 4.726278054125812e-07
49 3.5029014732632887e-07
