0 0.070653
1 0.050977
2 0.033898
3 0.042254
4 0.050972
5 0.044378
6 0.042328
7 0.053221
8 0.036160
9 0.038146
10 0.035355
11 0.040406
12 0.038017
13 0.042729
14 0.042556
15 0.049402
16 0.056822
17 0.045383
18 0.039437
19 0.048542
20 0.066686
21 0.033882
22 0.038402
23 0.038174
24 0.033784
25 0.040117
26 0.039605
27 0.036299
28 0.036946
29 0.036146
30 0.030194
31 0.042212
32 0.049328
33 0.033531
34 0.039114
35 0.040088
36 0.044780
37 0.043128
38 0.039195
39 0.047546
40 0.039114
41 0.040273
42 0.047843
43 0.035252
44 0.034067
45 0.038420
46 0.047777
47 0.041223
48 0.035323
49 0.034985
50 0.032072
51 0.048273
52 0.037081
53 0.034826
54 0.041730
55 0.036724
56 0.039152
57 0.046588
58 0.040340
59 0.045754
60 0.045995
61 0.051718
62 0.041643
63 0.043404
64 0.044371
65 0.040681
66 0.046993
67 0.048197
68 0.033160
69 0.042757
70 0.047916
71 0.033587
72 0.033381
73 0.048745
74 0.041591
75 0.042818
76 0.046110
77 0.065415
78 0.043072
79 0.043654
80 0.048063
81 0.045870
82 0.037813
83 0.041480
84 0.044884
85 0.040262
86 0.042772
87 0.053257
88 0.048589
89 0.041557
90 0.052219
91 0.039152
92 0.049108
93 0.044005
94 0.037715
95 0.038168
96 0.040025
97 0.041740
98 0.035321
99 0.040318
100 0.035537
101 0.036468
102 0.044402
103 0.058376
104 0.040694
105 0.055622
106 0.055736
107 0.037138
108 0.046602
109 0.044404
110 0.045923
111 0.042825
112 0.035980
113 0.031551
114 0.034108
115 0.035167
116 0.042518
117 0.041523
118 0.053682
119 0.036194
120 0.041452
121 0.045979
122 0.039627
123 0.048167
124 0.044956
125 0.036225
126 0.040343
127 0.044249
128 0.038018
129 0.037852
130 0.045424
131 0.030746
132 0.039545
133 0.051444
134 0.041231
135 0.040766
136 0.045168
137 0.043645
138 0.052207
139 0.055475
140 0.047282
141 0.037826
142 0.035706
143 0.047953
144 0.045719
145 0.046676
146 0.034164
147 0.043931
148 0.032717
149 0.041289
150 0.036565
151 0.032835
152 0.042357
153 0.042887
154 0.048470
155 0.041462
156 0.036370
157 0.028768
158 0.036114
159 0.045493
160 0.038929
161 0.036617
162 0.039374
163 0.037716
164 0.037005
165 0.030735
166 0.030947
167 0.032196
168 0.031682
169 0.040712
170 0.029869
171 0.052070
172 0.032381
173 0.037467
174 0.030676
175 0.036170
176 0.032784
177 0.032055
178 0.035446
179 0.037311
180 0.036975
181 0.038437
182 0.036179
183 0.034055
184 0.039518
185 0.037668
186 0.029963
187 0.039165
188 0.034302
189 0.033741
190 0.032254
191 0.040673
192 0.040616
193 0.033799
194 0.043338
195 0.033076
196 0.035261
197 0.030331
198 0.035543
199 0.029806
200 0.029242
201 0.032634
202 0.039627
203 0.034181
204 0.041061
205 0.034126
206 0.040322
207 0.032207
208 0.031882
209 0.031854
210 0.028765
211 0.028600
212 0.030244
213 0.030499
214 0.029490
215 0.030513
216 0.036726
217 0.030409
218 0.035119
219 0.041749
220 0.032651
221 0.043724
222 0.034559
223 0.041600
224 0.029545
225 0.027651
226 0.031598
227 0.029929
228 0.028350
229 0.036815
230 0.031604
231 0.042785
232 0.037039
233 0.029210
234 0.029918
235 0.041992
236 0.035587
237 0.036681
238 0.041132
239 0.039578
240 0.041928
241 0.032206
242 0.042157
243 0.038871
244 0.038689
245 0.041540
246 0.033582
247 0.032766
248 0.031902
249 0.040677
250 0.036680
251 0.031580
252 0.033681
253 0.037655
254 0.037528
255 0.032553
256 0.034986
257 0.032675
258 0.041340
259 0.040017
260 0.036921
261 0.051398
262 0.041292
263 0.038493
264 0.037740
265 0.039318
266 0.036651
267 0.029576
268 0.036196
269 0.043044
270 0.034759
271 0.033982
272 0.035599
273 0.035511
274 0.031103
275 0.035195
276 0.040674
277 0.043297
278 0.038007
279 0.045814
280 0.046852
281 0.052261
282 0.034440
283 0.033809
284 0.035002
285 0.051702
286 0.046833
287 0.035910
288 0.039027
289 0.031867
290 0.035202
291 0.030003
292 0.031194
293 0.031767
294 0.043847
295 0.040264
296 0.029193
297 0.046065
298 0.035268
299 0.034313
300 0.040591
301 0.038809
302 0.042003
303 0.037663
304 0.045755
305 0.039314
306 0.038828
307 0.033152
308 0.036308
309 0.037060
310 0.033244
311 0.031363
312 0.042331
313 0.033606
314 0.033414
315 0.031745
316 0.032014
317 0.032531
318 0.029520
319 0.029348
320 0.037100
321 0.044604
322 0.049162
323 0.045046
324 0.067445
325 0.051498
326 0.041836
327 0.042102
328 0.045834
329 0.040286
330 0.040254
331 0.034750
332 0.027666
333 0.031183
334 0.043156
335 0.033718
336 0.031543
337 0.048136
338 0.038803
339 0.046411
340 0.032837
341 0.030716
342 0.037152
343 0.034533
344 0.037417
345 0.033656
346 0.026366
347 0.035060
348 0.040631
349 0.041046
350 0.037902
351 0.037060
352 0.043735
353 0.043383
354 0.032310
355 0.034906
356 0.035187
357 0.045282
358 0.048320
359 0.034659
360 0.035668
361 0.033448
362 0.035979
363 0.034195
364 0.034244
365 0.037338
366 0.031776
367 0.040174
368 0.033430
369 0.034431
370 0.032099
371 0.035850
372 0.040921
373 0.037357
374 0.048228
375 0.035602
376 0.034931
377 0.045336
378 0.046046
379 0.033898
380 0.034993
381 0.027892
382 0.031235
383 0.030155
384 0.041465
385 0.034790
386 0.040587
387 0.032942
388 0.030066
389 0.033560
390 0.037393
391 0.033423
392 0.036132
393 0.033480
394 0.032133
395 0.033264
396 0.035099
397 0.037449
398 0.036338
399 0.033177
400 0.031692
401 0.034449
402 0.041689
403 0.036417
404 0.047295
405 0.035752
406 0.028992
407 0.037100
408 0.034498
409 0.028863
410 0.031694
411 0.030332
412 0.030770
413 0.037463
414 0.036013
415 0.038402
416 0.037320
417 0.034064
418 0.038540
419 0.040828
420 0.032287
421 0.041939
422 0.029958
423 0.039680
424 0.031889
425 0.037964
426 0.032255
427 0.044012
428 0.033781
429 0.035657
430 0.028578
431 0.039275
432 0.029286
433 0.040205
434 0.040943
435 0.033624
436 0.036117
437 0.039526
438 0.031294
439 0.034739
440 0.046685
441 0.032461
442 0.038462
443 0.035176
444 0.030469
445 0.041498
446 0.036164
447 0.031589
448 0.035837
449 0.034510
450 0.035655
451 0.040248
452 0.033994
453 0.032807
454 0.033659
455 0.043751
456 0.036507
457 0.040823
458 0.034913
459 0.029742
460 0.033635
461 0.038065
462 0.033423
463 0.050660
464 0.032830
465 0.038918
466 0.037418
467 0.038906
468 0.042165
469 0.044251
470 0.029458
471 0.030624
472 0.039964
473 0.043538
474 0.031799
475 0.045492
476 0.052224
477 0.030035
478 0.039245
479 0.039668
480 0.031041
481 0.032146
482 0.040007
483 0.044574
484 0.032511
485 0.030691
486 0.042412
487 0.036301
488 0.031303
489 0.039226
490 0.035299
491 0.043413
492 0.029592
493 0.036999
494 0.027048
495 0.031073
496 0.037517
497 0.034647
498 0.039786
499 0.040860
500 0.033900
501 0.032139
502 0.029179
503 0.034371
504 0.036378
505 0.040153
506 0.036501
507 0.031516
508 0.033610
509 0.041184
510 0.028590
511 0.029953
512 0.033745
513 0.036084
514 0.034414
515 0.036113
516 0.033327
517 0.043260
518 0.034220
519 0.041873
520 0.042806
521 0.032206
522 0.033648
523 0.034037
524 0.031488
525 0.038158
526 0.033819
527 0.040202
528 0.033659
529 0.037852
530 0.031880
531 0.030451
532 0.029864
533 0.039220
534 0.038904
535 0.039490
536 0.029622
537 0.037390
538 0.041233
539 0.045822
540 0.032707
541 0.037425
542 0.032548
543 0.039240
544 0.031354
545 0.039101
546 0.033230
547 0.034646
548 0.046068
549 0.039180
550 0.033452
551 0.036834
552 0.033835
553 0.030042
554 0.034183
555 0.037306
556 0.032561
557 0.035404
558 0.042343
559 0.030646
560 0.033672
561 0.032111
562 0.034884
563 0.033674
564 0.039722
565 0.033209
566 0.030427
567 0.030683
568 0.031665
569 0.034320
570 0.032741
571 0.044045
572 0.033617
573 0.038914
574 0.045561
575 0.041321
576 0.039416
577 0.033570
578 0.037297
579 0.029272
580 0.041091
581 0.031288
582 0.036790
583 0.036901
584 0.035557
585 0.031619
586 0.040069
587 0.031606
588 0.039939
589 0.038681
590 0.035818
591 0.033050
592 0.037974
593 0.032252
594 0.034574
595 0.031815
596 0.032339
597 0.063764
598 0.038872
599 0.037831
600 0.040733
601 0.033646
602 0.037355
603 0.031783
604 0.045184
605 0.031713
606 0.041521
607 0.037009
608 0.032193
609 0.034083
610 0.035359
611 0.033977
612 0.039784
613 0.029497
614 0.033930
615 0.028339
616 0.034605
617 0.039010
618 0.033491
619 0.031694
620 0.028913
621 0.030920
622 0.032925
623 0.029739
624 0.033630
625 0.036613
626 0.032845
627 0.030468
628 0.040036
629 0.035896
630 0.031430
631 0.036607
632 0.035966
633 0.030594
634 0.030207
635 0.031552
636 0.035675
637 0.024548
638 0.033285
639 0.028703
640 0.036204
641 0.036235
642 0.033170
643 0.031984
644 0.040569
645 0.031162
646 0.035673
647 0.030215
648 0.027712
649 0.025892
650 0.030415
651 0.030934
652 0.041095
653 0.031107
654 0.037094
655 0.028393
656 0.026696
657 0.055748
658 0.035248
659 0.032984
660 0.036398
661 0.031508
662 0.033631
663 0.032840
664 0.033920
665 0.035502
666 0.040967
667 0.034290
668 0.043878
669 0.034537
670 0.026803
671 0.032189
672 0.037854
673 0.039487
674 0.047260
675 0.029949
676 0.037385
677 0.032644
678 0.030368
679 0.033893
680 0.038811
681 0.032755
682 0.032934
683 0.033046
684 0.044531
685 0.033166
686 0.030968
687 0.037321
688 0.035205
689 0.032767
690 0.045196
691 0.040337
692 0.032397
693 0.029782
694 0.035048
695 0.036133
696 0.046762
697 0.038951
698 0.033745
699 0.037348
700 0.029628
701 0.032177
702 0.031600
703 0.029481
704 0.034268
705 0.039482
706 0.032221
707 0.029722
708 0.041865
709 0.038447
710 0.031500
711 0.034405
712 0.037494
713 0.033116
714 0.058020
715 0.035748
716 0.033700
717 0.034476
718 0.040624
719 0.036050
720 0.045647
721 0.031935
722 0.033677
723 0.055247
724 0.039142
725 0.043434
726 0.028621
727 0.040755
728 0.041456
729 0.039558
730 0.037601
731 0.029500
732 0.045048
733 0.033380
734 0.042047
735 0.040965
736 0.029611
737 0.040578
738 0.035414
739 0.029469
740 0.032026
741 0.035741
742 0.034014
743 0.039945
744 0.035553
745 0.032110
746 0.030529
747 0.032635
748 0.040278
749 0.038377
750 0.030764
751 0.028022
752 0.027205
753 0.037745
754 0.044129
755 0.030870
756 0.035456
757 0.031974
758 0.032195
759 0.032204
760 0.031394
761 0.037183
762 0.041789
763 0.031532
764 0.030359
765 0.032760
766 0.031794
767 0.039127
768 0.028283
769 0.033795
770 0.032141
771 0.040889
772 0.036087
773 0.031241
774 0.039661
775 0.034831
776 0.042505
777 0.035925
778 0.031404
779 0.032176
780 0.033408
781 0.037008
782 0.032232
783 0.036660
784 0.031456
785 0.033355
786 0.031984
787 0.031645
788 0.039892
789 0.040632
790 0.045812
791 0.037138
792 0.036684
793 0.034486
794 0.041038
795 0.035168
796 0.044683
797 0.042785
798 0.033547
799 0.036837
800 0.028916
801 0.028737
802 0.036392
803 0.043496
804 0.037098
805 0.035351
806 0.039748
807 0.038230
808 0.044671
809 0.045323
810 0.034837
811 0.030029
812 0.039751
813 0.046843
814 0.034527
815 0.030410
816 0.036020
817 0.044923
818 0.036610
819 0.038361
820 0.038964
821 0.034962
822 0.031815
823 0.035785
824 0.031166
825 0.032568
826 0.031772
827 0.033639
828 0.037081
829 0.035799
830 0.036924
831 0.037697
832 0.037266
833 0.033143
834 0.037997
835 0.034619
836 0.033193
837 0.037859
838 0.043502
839 0.031610
840 0.034829
841 0.034207
842 0.035148
843 0.031106
844 0.039476
845 0.034721
846 0.038421
847 0.033930
848 0.040385
849 0.032925
850 0.038886
851 0.034964
852 0.036324
853 0.043253
854 0.032575
855 0.052712
856 0.039284
857 0.040708
858 0.032259
859 0.035025
860 0.032447
861 0.034861
862 0.036566
863 0.035866
864 0.029867
865 0.029830
866 0.033341
867 0.042976
868 0.033680
869 0.035196
870 0.032396
871 0.037686
872 0.043521
873 0.038209
874 0.032897
875 0.032795
876 0.039012
877 0.045997
878 0.030691
879 0.032503
880 0.033916
881 0.043459
882 0.052782
883 0.035140
884 0.035694
885 0.041652
886 0.035701
887 0.043384
888 0.043261
889 0.038997
890 0.036187
891 0.039391
892 0.041278
893 0.036329
894 0.041846
895 0.034025
896 0.036915
897 0.040802
898 0.034778
899 0.036089
900 0.041738
901 0.039685
902 0.032261
903 0.040854
904 0.032189
905 0.031867
906 0.044999
907 0.044771
908 0.045800
909 0.036385
910 0.032344
911 0.032675
912 0.034275
913 0.040800
914 0.037248
915 0.035109
916 0.035241
917 0.034030
918 0.042500
919 0.032976
920 0.037262
921 0.036386
922 0.032578
923 0.033350
924 0.036042
925 0.035331
926 0.035030
927 0.030497
928 0.044193
929 0.041431
930 0.036446
931 0.038008
932 0.035024
933 0.029698
934 0.029412
935 0.028537
936 0.043453
937 0.038688
938 0.034963
939 0.028574
940 0.036078
941 0.038410
942 0.032557
943 0.030100
944 0.036957
945 0.038568
946 0.037343
947 0.031422
948 0.037620
949 0.050416
950 0.040431
951 0.045243
952 0.058734
953 0.034503
954 0.035270
955 0.039739
956 0.037161
957 0.036406
958 0.048586
959 0.041737
960 0.032108
961 0.038793
962 0.043544
963 0.041676
964 0.030507
965 0.034100
966 0.039224
967 0.036730
968 0.035759
969 0.031151
970 0.041134
971 0.027931
972 0.040165
973 0.038445
974 0.032347
975 0.035290
976 0.033835
977 0.034177
978 0.034917
979 0.040597
980 0.030612
981 0.029846
982 0.029608
983 0.032209
984 0.040098
985 0.040979
986 0.033150
987 0.038528
988 0.039182
989 0.039908
990 0.031204
991 0.029523
992 0.032258
993 0.031452
994 0.038767
995 0.034484
996 0.033356
997 0.042784
998 0.038682
999 0.038516
