0 1.0220741162225575
1 1.042562914696839
2 1.0610885508416839
3 1.0817706551882222
4 1.1037734776658572
5 1.1222163369166722
6 1.1412826477906
7 1.1652121567661806
8 1.1823109181342126
9 1.2013133425085696
10 1.217776261549395
11 1.217776261549395
12 1.217776261549395
13 1.2422782891313644
14 1.2676079525179706
15 1.2898533020707559
16 1.2898533020707559
17 1.3132549797910187
18 1.3349191758149375
19 1.3558719496722564
20 1.3716221930271675
21 1.3890700075082836
22 1.4107341808445693
23 1.4268006793854793
24 1.445941763674807
25 1.4611617283655929
26 1.479708101375943
27 1.5000211470025453
28 1.5000211470025453
29 1.5226465153434745
30 1.5411617145923793
31 1.5669801649574633
32 1.5669801649574633
33 1.5893940120727768
34 1.5893940120727768
35 1.6193147617896315
36 1.6193147617896315
37 1.6193147617896315
38 1.6484549813165508
39 1.6774171486321137
40 1.7100107690066224
41 1.7351650908113065
42 1.7351650908113065
43 1.7729462245086753
44 1.8044302858370913
45 1.8358588032604435
46 1.861247957109661
47 1.8612479570909743
48 1.891451664547513
49 1.891451664547513
