0 9996
1 9997
2 9997
5 9997
6 9997
7 9997
8 9997
9 9997
10 9997
11 9997
12 9997
13 9997
16 9997
17 9892
18 9997
19 9997
20 9997
21 9997
22 9997
23 8361
26 9997
27 9997
28 9997
29 9997
30 9997
31 9997
32 9997
33 9997
35 9997
36 9997
37 9997
38 9997
39 9997
40 9997
41 9997
43 9997
45 8272
47 7821
50 9996
51 9997
52 9997
53 9997
54 9997
57 9997
58 9997
59 9997
61 9997
62 9997
63 9997
64 9997
65 9997
66 9997
67 9997
68 9997
69 9997
70 6259
71 9997
72 9997
73 9997
74 9997
75 6299
78 9996
79 8423
80 9997
81 9997
82 9997
84 9997
85 9997
87 7533
88 9997
89 9997
91 9997
92 9997
94 8205
95 9997
96 9997
98 8682
