0 9996
2 9997
4 9997
6 9997
8 9997
10 9997
14 9406
15 9997
16 9997
17 8538
18 9997
19 8917
20 9997
22 9997
23 6674
24 9997
25 9997
26 9997
27 9997
30 9997
31 9997
32 9997
36 9997
38 9792
39 9997
40 9997
41 9997
42 9997
43 9997
44 9997
45 6727
46 9997
47 8542
48 9997
49 9997
50 9997
51 9997
53 9997
54 9997
55 9997
56 9997
57 9997
59 9997
60 9997
61 9997
62 9997
63 9997
64 9997
67 9933
69 9996
70 5997
71 8373
72 8779
73 8537
74 9996
75 5997
76 9996
77 9997
78 9997
80 5222
81 5560
82 9997
83 9997
84 9997
85 9997
86 7324
87 4394
88 0
89 9996
90 3353
91 9996
93 9997
96 9997
97 9997
98 7853
99 9996
