0 2.2379458582832954
1 2.2379458582832954
2 2.2354456074058513
3 2.447334780865725
4 2.0172819275709912
5 1.8343341086900333
6 1.1536973908087005
7 1.8718898755926277
8 0.9824016090555111
9 2.689428558588692
10 0.9703663829641422
11 1.1434315637625692
12 0.899817063981112
13 0.7830617233903295
14 0.9224363320385182
15 0.9457772071315054
16 1.1229751009794995
17 0.9445994421632177
18 0.7460876370206849
19 1.0828766278901805
20 1.1002444372867808
21 1.1046549298305033
22 0.7910686593533891
23 0.7839962510677433
24 0.9033265901475231
25 0.7999217022760333
26 0.7699677152886032
27 0.8916366535308965
28 0.6372830325846552
29 0.8095865491040902
30 0.7461358675717643
31 0.8540191402010266
32 0.8415734196107699
33 1.0144856392507102
34 0.7267803560724497
35 0.9562260407259205
36 0.8475478924748625
37 1.2471550970024385
38 0.8876290641787324
39 0.8511939378169918
40 0.8361294932020076
41 0.8871919576836164
42 0.8219614579484987
43 0.8464087187413718
44 1.8347305862352377
45 0.6079031441869178
46 1.0157758908683543
47 1.9092444085145064
48 1.3567482350596478
49 1.170257063828471
50 0.7188569843603044
51 0.8289901529514025
52 1.004481913385949
53 0.8083248839404922
54 1.0974511463994103
55 0.6282385443246464
56 0.5936864409274045
57 0.6193219696578873
58 0.8841524662081578
59 1.1036893301355473
60 0.9898141247980442
61 0.8832202937277579
62 0.977465633695172
63 0.9125606002249758
64 1.7817735702546527
65 0.929039228859054
66 0.8609770695811194
67 1.0121006499425946
68 1.6470926551765719
69 1.1288639330266246
70 0.7503139955087624
71 0.8185997342996942
72 0.6270937245204257
73 0.7633997831836052
74 0.983827140537145
75 0.7697720617969056
76 0.6540401374065112
77 1.452587469308157
78 1.1190425783146722
79 0.834294844669884
80 0.8492866733280064
81 0.809899179351031
82 1.5690783925043175
83 0.6871139692064779
84 0.9239410428283606
85 0.8360993672214179
86 1.034837970361736
87 1.1220285290130998
88 0.8535326994893279
89 0.9770889296173053
90 0.745817547754325
91 0.8475566378210913
92 0.9141740432024666
93 1.1257208934401404
94 0.7095733623650745
95 1.1414783172288645
96 0.8375752723814717
97 0.954455492622673
98 0.757394000082627
99 0.8527522781433169
