0 2.2379458582832954
1 2.2379458582832954
2 2.2354456038196107
3 2.447334730924006
4 2.0172819346106485
5 1.8343340737573948
6 1.1536974213581563
7 1.871889857262954
8 0.9824015961384043
9 2.6894285113034475
10 0.9703663500902713
11 1.1434316168256458
12 0.899817115417098
13 0.783061743147858
14 0.9224363254637439
15 0.9457771590493184
16 1.1229751424869123
17 0.944599183555433
18 0.7460877393613619
19 1.082876627624533
20 1.1002444208166393
21 1.1046577462246823
22 0.7910685868316374
23 0.7839962797576671
24 0.9033265419325125
25 0.799921748133423
26 0.7699676627568216
27 0.89163667471628
28 0.6372830019355816
29 0.8095865105852111
30 0.746135916749747
31 0.8540199566020275
32 0.841573431531699
33 1.014485607904312
34 0.726780496400711
35 0.9562266369716038
36 0.8475479804041658
37 1.2471549402704478
38 0.8876290868915887
39 0.8511939967243121
40 0.8361293366360465
41 0.8871918969831759
42 0.8219610119264438
43 0.8464086433639101
44 1.8347306367082516
45 0.6079030318512558
46 1.015775719658578
47 1.909244321514969
48 1.3567483181408853
49 1.1702571819087588
50 0.718856986883955
51 0.8289901101157526
52 1.004481895388335
53 0.8083248171965723
54 1.0974514103201438
55 0.6282384868783871
56 0.5936865027900525
57 0.6193221408676636
58 0.8841524077657206
59 1.1036891993705942
60 0.9898142450035117
61 0.8832204468070962
62 0.9774657097367523
63 0.9125607109335472
64 1.7817736240482596
65 0.9290392467238445
66 0.8609771535257111
67 1.0121006084351818
68 1.6470931656181313
69 1.1288637482024169
70 0.7503140907101644
71 0.8185998459712377
72 0.6270936761725912
73 0.7633998461420489
74 0.9838267133096467
75 0.7697720172345472
76 0.6540402275606119
77 1.452588091520878
78 1.1190428324064505
79 0.8342948728285128
80 0.8492868309897633
81 0.8098991900433404
82 1.5690785562095535
83 0.6871140027112616
84 0.9239411500171034
85 0.8360994053418258
86 1.0348377096951837
87 1.1220290907246158
88 0.8535329877832142
89 0.9770889480798025
90 0.7458176674284975
91 0.8475565062924015
92 0.9141738620641172
93 1.1257210673728029
94 0.7095735756965733
95 1.141478622059304
96 0.8375754224224675
97 0.9544552786436585
98 0.7573941068728987
99 0.8527522211619406
