0 2.2379458582832954
1 2.2379458582832954
2 2.2354456038196107
3 2.447334633829866
4 2.017281918671802
5 1.8343341205113446
6 1.153697415248265
7 1.8718898943207722
8 0.9824015810961179
9 2.6894286062724078
10 0.9703663598860207
11 1.1434315603755643
12 0.8998170509643874
13 0.7830617829285624
14 0.9224363075989535
15 0.9457772366183714
16 1.1229750995848504
17 0.9445993293958787
18 0.7460877729325573
19 1.0828767325552726
20 1.1002444503035054
21 1.104654989003471
22 0.7910698046923348
23 0.7839962590039606
24 0.9033265158326513
25 0.7999217259186556
26 0.769967643497382
27 0.8916366365294602
28 0.6372830304926816
29 0.8095865344270691
30 0.7461359836929023
31 0.8540190052521262
32 0.8415734938260241
33 1.0144869479628327
34 0.7267804530005602
35 0.956226093788997
36 0.8475479844552893
37 1.2471552568557867
38 0.8876290173583709
39 0.8511939255972094
40 0.8361294809158134
41 0.8871920309358985
42 0.8219609354863924
43 0.846408700079639
44 1.8347305947359558
45 0.6079029345246743
46 1.0157757511377998
47 1.9092443417041747
48 1.3567482361222376
49 1.170256987189184
50 0.7188569672924563
51 0.82899010752569
52 1.0044821011986904
53 0.8083247046948807
54 1.0974511187056646
55 0.6282385208812596
56 0.5936864486975922
57 0.6193220471605285
58 0.8841525681503636
59 1.1036892601374464
60 0.9898142387607968
61 0.883220317968087
62 0.9774656730774053
63 0.9125607474600704
64 1.7817737968519205
65 0.9290391245260212
66 0.8609771824812823
67 1.0121005209707616
68 1.647092824526816
69 1.1288638573835155
70 0.750313927170958
71 0.818599791546718
72 0.6270934469852607
73 0.763399765717286
74 0.9838269789570886
75 0.7697719372082553
76 0.6540401572968635
77 1.4525884049184474
78 1.1190428929740672
79 0.8342948563583714
80 0.8492868113982645
81 0.809899770483001
82 1.5690783828081858
83 0.687113934439869
84 0.9239412151007267
85 0.8360996002606362
86 1.0348380269446413
87 1.1220284848492126
88 0.8535290890085332
89 0.9770888657290956
90 0.74581747011886
91 0.8475566854716011
92 0.9141739710127743
93 1.1257208534269945
94 0.7095734741860446
95 1.1414786662231913
96 0.8375750540690834
97 0.9544556393928847
98 0.7573940655315154
99 0.8527522918739691
