0 2.2379458582832954
1 2.2379458944113475
2 2.2354455958501873
3 2.4473345840209704
4 2.017281952940322
5 1.834334103642732
6 1.1536973644431918
7 1.8718898607163708
8 0.9824015931166646
9 2.689428806172108
10 0.9703663946526296
11 1.1434315788380616
12 0.8998170510972111
13 0.7830617281387775
14 0.9224363237370355
15 0.9457772006895548
16 1.1229751372403753
17 0.9445993370996544
18 0.7460877321888809
19 1.0828767425834636
20 1.1002445674540273
21 1.1046550331009464
22 0.7910697570418249
23 0.7839962139435134
24 0.9033265605942452
25 0.7999216938085211
26 0.7699676726189828
27 0.8916365798801432
28 0.6372830848507894
29 0.8095865695589433
30 0.7461358620263739
31 0.8540189716477248
32 0.8415734559048517
33 1.0144870465180336
34 0.7267804504769094
35 0.9562266019725534
36 0.8475478745436602
37 1.2471550071471913
38 0.887629004872941
39 0.8511938389297315
40 0.8361294329664501
41 0.8871916790194498
42 0.8219616505428942
43 0.846408683875145
44 1.834730593274895
45 0.6079030812948859
46 1.015775898107247
47 1.9092441855034787
48 1.356748070358234
49 1.1702571396044037
50 0.7188571100447503
51 0.8289900741205242
52 1.0044818305039471
53 0.8083247818986685
54 1.097451274574301
55 0.6282383913781318
56 0.5936863497771261
57 0.6193219558110145
58 0.8841525507504562
59 1.1036891801111546
60 0.9898140799036265
61 0.8832204082218054
62 0.9774655709359639
63 0.9125607863110088
64 1.7817737392064257
65 0.9290392198934528
66 0.8609769646503799
67 1.012100881122281
68 1.647092860256397
69 1.128863676344784
70 0.7503138638472491
71 0.8185998734989538
72 0.6270933884764116
73 0.7633997943740037
74 0.9838264102059154
75 0.7697721397644298
76 0.6540401012120473
77 1.4525876739230992
78 1.1190423620776546
79 0.8342950068476472
80 0.8492867611244861
81 0.8098992840161231
82 1.5690782135243535
83 0.687114038673284
84 0.9239414032455274
85 0.836098813147266
86 1.0348380827970158
87 1.1220285418305889
88 0.8535290692177988
89 0.9770889149402842
90 0.7458175015980819
91 0.8475566435325113
92 0.9141736548591125
93 1.125721017364672
94 0.7095736700180181
95 1.141478799644619
96 0.8375752821606182
97 0.9544553908132909
98 0.7573941221476266
99 0.8527517556978136
