0 1.0902345560653612
1 1.1547377157171193
2 1.2470396769916647
3 1.2470396769916647
4 1.326240551710694
5 1.4262405517106942
6 1.5200889074901625
7 1.615924091265473
8 1.615924091265473
9 1.6850924595259635
10 1.6850924595259635
11 1.771466517969039
12 1.771466517969039
13 1.8213062180533897
14 1.8560877579259325
15 1.88995655027256
16 1.88995655027256
17 1.9393606909720436
18 1.9897488799192524
19 1.9897488799192524
20 2.0231949442855894
21 2.0231949442855894
22 2.1050558196545692
23 2.1835119309152082
24 2.2638297995292707
25 2.350893170637237
26 2.400251525629999
27 2.438598462651491
28 2.5025562826304903
29 2.5954658162038133
30 2.661511686087465
31 2.661511686087465
32 2.7243127706899033
33 2.7927928104389266
34 2.847092767866993
35 2.897432704964956
36 2.9510737738052764
37 3.017630305447872
38 3.0639984774319573
39 3.1546883996116306
40 3.1546883996116306
41 3.1932736763352167
42 3.1932736763352167
43 3.226661488053677
44 3.298429217054187
45 3.298429217054187
46 3.3299788307041585
47 3.3644286174257543
48 3.3644286174257543
49 3.3644286174257543
