1 1.488894
2 1.498784
3 1.567413
4 1.553698
5 1.574522
6 1.596157
7 1.626608
8 1.570002
9 1.624939
10 1.631267
11 1.666314
12 1.621872
13 1.665109
14 1.641177
15 1.622063
16 1.601544
17 1.607847
18 1.638549
19 1.638434
20 1.641342
21 1.641366
22 1.619804
23 1.656377
24 1.624429
25 1.606944
26 1.654275
27 1.669912
28 1.657839
29 1.674510
30 1.685972
31 1.691766
32 1.689709
33 1.697772
34 1.712337
35 1.714195
36 1.749524
37 1.742400
38 1.735350
39 1.740869
40 1.763851
41 1.779179
42 1.765711
43 1.726702
44 1.756737
45 1.759543
46 1.700099
47 1.736962
48 1.733673
49 1.713774
50 1.702361
51 1.683714
52 1.685829
53 1.687506
54 1.691350
55 1.717681
56 1.722478
57 1.698981
58 1.715988
59 1.660216
60 1.721213
61 1.730267
62 1.756318
63 1.744590
64 1.754537
65 1.738405
66 1.809560
67 1.824531
68 1.797287
69 1.791834
70 1.806389
71 1.814528
72 1.797138
73 1.802267
74 1.788487
75 1.798097
76 1.822486
77 1.804501
78 1.752793
79 1.776535
80 1.748333
81 1.711738
82 1.718600
83 1.749526
84 1.729764
85 1.774241
86 1.727418
87 1.742608
88 1.726596
89 1.737147
90 1.762250
91 1.781479
92 1.789525
93 1.751081
94 1.785322
95 1.795393
96 1.797122
97 1.837638
98 1.815249
99 1.829918
100 1.817137
