1 1.649777
2 1.659111
3 1.697453
4 1.730527
5 1.729049
6 1.740557
7 1.743754
8 1.817219
9 1.768624
10 1.797653
11 1.772527
12 1.787656
13 1.784269
14 1.798570
15 1.786110
16 1.778459
17 1.769620
18 1.763708
19 1.749650
20 1.722043
21 1.757046
22 1.759584
23 1.744991
24 1.750889
25 1.777497
26 1.758363
27 1.768534
28 1.773358
29 1.753284
30 1.803271
31 1.824227
32 1.789300
33 1.819904
34 1.816286
35 1.804467
36 1.831240
37 1.830670
38 1.859323
39 1.848338
40 1.830612
41 1.833192
42 1.852201
43 1.836680
44 1.836818
45 1.812136
46 1.802864
47 1.778144
48 1.821362
49 1.810901
50 1.788886
51 1.760901
52 1.770945
53 1.756733
54 1.739158
55 1.721523
56 1.752108
57 1.750077
58 1.770887
59 1.748899
60 1.745878
61 1.797938
62 1.785939
63 1.815003
64 1.775010
65 1.809427
66 1.803197
67 1.832858
68 1.812681
69 1.815529
70 1.802027
71 1.832206
72 1.832240
73 1.801634
74 1.825179
75 1.777276
76 1.764563
77 1.777633
78 1.750731
79 1.772878
80 1.752467
81 1.750590
82 1.769118
83 1.733762
84 1.726512
85 1.720552
86 1.715957
87 1.707267
88 1.683403
89 1.709952
90 1.717290
91 1.741118
92 1.733906
93 1.698995
94 1.705481
95 1.746384
96 1.753755
97 1.785076
98 1.762294
99 1.784029
100 1.779757
