1 1.610366
2 1.642656
3 1.668540
4 1.673399
5 1.683299
6 1.744784
7 1.705470
8 1.721886
9 1.698292
10 1.780648
11 1.742566
12 1.756603
13 1.747038
14 1.761647
15 1.751250
16 1.718504
17 1.725329
18 1.731361
19 1.728988
20 1.732467
21 1.753827
22 1.775502
23 1.741054
24 1.742612
25 1.740166
26 1.721811
27 1.760219
28 1.765977
29 1.773084
30 1.761280
31 1.768772
32 1.798944
33 1.780356
34 1.799561
35 1.832085
36 1.839186
37 1.832781
38 1.844506
39 1.842414
40 1.866611
41 1.833415
42 1.855354
43 1.827387
44 1.808481
45 1.831880
46 1.818891
47 1.807088
48 1.845944
49 1.811026
50 1.793737
51 1.788321
52 1.801322
53 1.783703
54 1.776987
55 1.765776
56 1.764684
57 1.771716
58 1.790708
59 1.784294
60 1.844388
61 1.804691
62 1.794424
63 1.835531
64 1.820954
65 1.840935
66 1.851589
67 1.848022
68 1.854596
69 1.842685
70 1.844256
71 1.836634
72 1.867705
73 1.859291
74 1.858255
75 1.845771
76 1.839775
77 1.814182
78 1.856500
79 1.798341
80 1.819941
81 1.832083
82 1.785986
83 1.810505
84 1.812559
85 1.807772
86 1.789213
87 1.787492
88 1.783626
89 1.791846
90 1.817496
91 1.800590
92 1.777751
93 1.837656
94 1.834899
95 1.793926
96 1.854093
97 1.873304
98 1.869178
99 1.898010
100 1.839302
