1 1.609523
2 1.685908
3 1.673353
4 1.721506
5 1.711813
6 1.756869
7 1.745134
8 1.732752
9 1.768838
10 1.762238
11 1.774711
12 1.783296
13 1.793945
14 1.769523
15 1.788290
16 1.774373
17 1.777620
18 1.768385
19 1.787947
20 1.753445
21 1.774036
22 1.755610
23 1.755724
24 1.759064
25 1.733868
26 1.743309
27 1.763917
28 1.788376
29 1.805980
30 1.801848
31 1.848273
32 1.859860
33 1.849212
34 1.821203
35 1.821490
36 1.883743
37 1.838173
38 1.862523
39 1.853677
40 1.872495
41 1.850476
42 1.882067
43 1.884073
44 1.873781
45 1.857900
46 1.848671
47 1.832022
48 1.822585
49 1.839208
50 1.819542
51 1.825974
52 1.822023
53 1.793390
54 1.791270
55 1.807145
56 1.803532
57 1.795838
58 1.776246
59 1.765593
60 1.814793
61 1.837965
62 1.824940
63 1.831408
64 1.877539
65 1.853918
66 1.844773
67 1.902318
68 1.910830
69 1.865314
70 1.890381
71 1.896421
72 1.876777
73 1.906333
74 1.904311
75 1.856076
76 1.884279
77 1.861016
78 1.861605
79 1.833602
80 1.855117
81 1.822281
82 1.833221
83 1.809253
84 1.796524
85 1.824460
86 1.793930
87 1.794435
88 1.795899
89 1.816204
90 1.835945
91 1.817436
92 1.859950
93 1.827229
94 1.830179
95 1.867740
96 1.882451
97 1.866408
98 1.892221
99 1.900233
100 1.912957
