1 1.537894
2 1.561709
3 1.594153
4 1.594204
5 1.594656
6 1.594346
7 1.634320
8 1.653905
9 1.642899
10 1.682095
11 1.656815
12 1.658598
13 1.667940
14 1.647495
15 1.639616
16 1.657285
17 1.655634
18 1.608607
19 1.648672
20 1.686750
21 1.649555
22 1.614928
23 1.651726
24 1.674797
25 1.683614
26 1.674512
27 1.646592
28 1.668025
29 1.646942
30 1.705137
31 1.693877
32 1.734528
33 1.752814
34 1.722653
35 1.724985
36 1.758645
37 1.729481
38 1.772859
39 1.748114
40 1.781568
41 1.742670
42 1.780548
43 1.766288
44 1.761701
45 1.707071
46 1.735917
47 1.731675
48 1.708716
49 1.726044
50 1.699729
51 1.712559
52 1.699057
53 1.683587
54 1.661211
55 1.707818
56 1.688126
57 1.722007
58 1.667094
59 1.692861
60 1.722748
61 1.726963
62 1.774766
63 1.724385
64 1.730868
65 1.773252
66 1.786152
67 1.759255
68 1.762983
69 1.758435
70 1.796695
71 1.784765
72 1.727805
73 1.821846
74 1.790697
75 1.733149
76 1.748748
77 1.763790
78 1.732582
79 1.721544
80 1.726332
81 1.756951
82 1.732002
83 1.690193
84 1.716944
85 1.695350
86 1.723101
87 1.685215
88 1.722417
89 1.717634
90 1.726753
91 1.692104
92 1.763428
93 1.727158
94 1.755826
95 1.753761
96 1.769165
97 1.769725
98 1.778541
99 1.771639
100 1.774029
