1 1.311151
2 1.352188
3 1.358285
4 1.389150
5 1.419161
6 1.416305
7 1.423025
8 1.456909
9 1.456579
10 1.454555
11 1.462875
12 1.459253
13 1.435072
14 1.463534
15 1.450885
16 1.447024
17 1.419708
18 1.459119
19 1.429449
20 1.418035
21 1.424822
22 1.435329
23 1.428724
24 1.429123
25 1.432201
26 1.446155
27 1.443804
28 1.467433
29 1.460854
30 1.461644
31 1.464443
32 1.479258
33 1.511580
34 1.530883
35 1.491243
36 1.511962
37 1.539004
38 1.553653
39 1.501552
40 1.530010
41 1.537766
42 1.486814
43 1.507613
44 1.501179
45 1.513157
46 1.515977
47 1.479713
48 1.482572
49 1.502505
50 1.480137
51 1.481170
52 1.473101
53 1.449110
54 1.446701
55 1.439663
56 1.445466
57 1.459201
58 1.471872
59 1.445045
60 1.468517
61 1.465008
62 1.448083
63 1.480933
64 1.505954
65 1.506295
66 1.498336
67 1.565672
68 1.508053
69 1.529518
70 1.519746
71 1.502083
72 1.550541
73 1.515552
74 1.518076
75 1.513184
76 1.475433
77 1.466258
78 1.503713
79 1.459749
80 1.491041
81 1.472800
82 1.435742
83 1.455069
84 1.434025
85 1.417241
86 1.443798
87 1.451231
88 1.433085
89 1.399609
90 1.441371
91 1.430267
92 1.466196
93 1.463292
94 1.475915
95 1.480371
96 1.503286
97 1.507528
98 1.496287
99 1.508366
100 1.515951
