1 1.385404
2 1.402566
3 1.401284
4 1.427156
5 1.443916
6 1.456687
7 1.484020
8 1.494336
9 1.480790
10 1.505959
11 1.463164
12 1.468613
13 1.494007
14 1.468116
15 1.484793
16 1.503824
17 1.520993
18 1.465522
19 1.502017
20 1.459559
21 1.476225
22 1.506499
23 1.475019
24 1.478118
25 1.470543
26 1.506484
27 1.513864
28 1.515052
29 1.524360
30 1.506724
31 1.520068
32 1.517587
33 1.544781
34 1.525113
35 1.526694
36 1.563928
37 1.573322
38 1.587190
39 1.558917
40 1.575261
41 1.526316
42 1.559979
43 1.587054
44 1.537368
45 1.577503
46 1.583404
47 1.527901
48 1.533782
49 1.509624
50 1.525865
51 1.516097
52 1.479869
53 1.479731
54 1.493280
55 1.498327
56 1.487152
57 1.498608
58 1.521866
59 1.511606
60 1.522069
61 1.525006
62 1.530695
63 1.555228
64 1.541957
65 1.583522
66 1.545578
67 1.533001
68 1.528167
69 1.576967
70 1.592368
71 1.562657
72 1.632186
73 1.555224
74 1.577293
75 1.557328
76 1.556378
77 1.557903
78 1.507502
79 1.526759
80 1.543954
81 1.477279
82 1.530959
83 1.508682
84 1.467064
85 1.489575
86 1.494324
87 1.475075
88 1.495026
89 1.502569
90 1.515867
91 1.509747
92 1.542504
93 1.503507
94 1.520656
95 1.544397
96 1.561215
97 1.585487
98 1.547253
99 1.553126
100 1.537173
