1 1.422051
2 1.433862
3 1.477164
4 1.470092
5 1.503546
6 1.489073
7 1.549965
8 1.522030
9 1.536200
10 1.541230
11 1.558644
12 1.527558
13 1.543874
14 1.518569
15 1.543303
16 1.519455
17 1.531303
18 1.508341
19 1.497398
20 1.495292
21 1.507021
22 1.496003
23 1.536937
24 1.504685
25 1.524979
26 1.525443
27 1.534824
28 1.536587
29 1.551537
30 1.567737
31 1.572221
32 1.583467
33 1.564922
34 1.589937
35 1.571080
36 1.638144
37 1.581250
38 1.603174
39 1.595065
40 1.595029
41 1.584123
42 1.594907
43 1.573962
44 1.571880
45 1.576305
46 1.576741
47 1.573833
48 1.523380
49 1.537698
50 1.585992
51 1.497611
52 1.500367
53 1.501411
54 1.505752
55 1.513791
56 1.508267
57 1.537027
58 1.532181
59 1.513314
60 1.526564
61 1.508595
62 1.567600
63 1.557886
64 1.548864
65 1.574723
66 1.538445
67 1.574964
68 1.555783
69 1.560919
70 1.585298
71 1.565041
72 1.558902
73 1.552116
74 1.557924
75 1.559411
76 1.557864
77 1.538291
78 1.550528
79 1.520570
80 1.501021
81 1.527237
82 1.489506
83 1.495271
84 1.456438
85 1.435554
86 1.460631
87 1.467424
88 1.468050
89 1.482643
90 1.460624
91 1.471645
92 1.512313
93 1.500408
94 1.495137
95 1.502252
96 1.493325
97 1.505282
98 1.517052
99 1.491017
100 1.528172
