1 1.525548
2 1.560546
3 1.618141
4 1.584287
5 1.583245
6 1.631059
7 1.660021
8 1.658945
9 1.695177
10 1.663057
11 1.685900
12 1.662860
13 1.654545
14 1.648928
15 1.677887
16 1.682883
17 1.664587
18 1.676125
19 1.641414
20 1.667852
21 1.648435
22 1.635782
23 1.696403
24 1.640927
25 1.652104
26 1.679146
27 1.688921
28 1.680780
29 1.724166
30 1.691396
31 1.673959
32 1.735234
33 1.709583
34 1.706585
35 1.731607
36 1.753622
37 1.747430
38 1.748818
39 1.738446
40 1.738759
41 1.748022
42 1.741674
43 1.698275
44 1.745940
45 1.728551
46 1.728318
47 1.726697
48 1.728015
49 1.674883
50 1.714324
51 1.699413
52 1.705982
53 1.669253
54 1.693142
55 1.647705
56 1.692787
57 1.703896
58 1.671455
59 1.696579
60 1.717934
61 1.696954
62 1.721933
63 1.715905
64 1.691107
65 1.724537
66 1.731583
67 1.757488
68 1.810119
69 1.762233
70 1.768751
71 1.720453
72 1.784472
73 1.751819
74 1.762569
75 1.722971
76 1.728639
77 1.727501
78 1.688774
79 1.689526
80 1.691603
81 1.668576
82 1.662365
83 1.678003
84 1.665708
85 1.701448
86 1.674136
87 1.698436
88 1.667678
89 1.661444
90 1.681894
91 1.683625
92 1.677519
93 1.700205
94 1.684387
95 1.696492
96 1.730396
97 1.733431
98 1.713107
99 1.762861
100 1.740503
