1 1.595779
2 1.596140
3 1.656857
4 1.658834
5 1.657319
6 1.687827
7 1.692394
8 1.702726
9 1.704468
10 1.710703
11 1.717202
12 1.697827
13 1.733791
14 1.717832
15 1.737848
16 1.736949
17 1.700288
18 1.714282
19 1.691392
20 1.737170
21 1.703037
22 1.711730
23 1.727413
24 1.703551
25 1.719474
26 1.684390
27 1.710317
28 1.738213
29 1.728571
30 1.751755
31 1.741667
32 1.731536
33 1.790866
34 1.740270
35 1.749248
36 1.767591
37 1.790850
38 1.812209
39 1.783980
40 1.790015
41 1.797700
42 1.783164
43 1.785837
44 1.780886
45 1.790962
46 1.762162
47 1.742727
48 1.705015
49 1.753071
50 1.701256
51 1.715762
52 1.720971
53 1.700640
54 1.750132
55 1.687835
56 1.724878
57 1.695348
58 1.708862
59 1.746157
60 1.763162
61 1.750166
62 1.752776
63 1.720193
64 1.745518
65 1.765665
66 1.768490
67 1.775771
68 1.765478
69 1.782495
70 1.714062
71 1.768074
72 1.774619
73 1.754361
74 1.746360
75 1.778575
76 1.757729
77 1.723937
78 1.730487
79 1.728544
80 1.726376
81 1.712357
82 1.687400
83 1.679432
84 1.700835
85 1.728730
86 1.659573
87 1.649085
88 1.675179
89 1.680598
90 1.688768
91 1.705589
92 1.706939
93 1.684562
94 1.744185
95 1.697221
96 1.715583
97 1.739685
98 1.761456
99 1.779949
100 1.732598
