0 18.040778106488
1 18.040778106488
2 775.038001167128
3 484.4684550313383
4 309.5388848277468
5 24.363582969451098
6 99.58503191574594
7 37.83892026169821
8 32.170180239661214
9 6.206016837656319
10 13.384580843614135
11 11.08154546635035
12 13.636037826347312
13 8.706435488757908
14 10.873113307983404
15 9.603897952060505
16 4.427647836352854
17 3.774852328695519
18 8.575883073266874
19 6.988645770497788
20 7.892288435886182
21 5.042068374612422
22 6.7346004340918295
23 6.4823610560888785
24 5.705526120509117
25 6.177342781109737
26 3.8676346704187954
27 2.753596662044239
28 7.5361716388153726
29 3.119631616753038
30 6.277451102531869
31 3.261642386429988
32 2.5649466685329254
33 6.3804275222863405
34 3.720684082085048
35 3.7130551859960006
36 4.074848969737681
37 4.500019029414594
38 4.979211699273448
39 2.490926904853856
40 2.168677002292892
41 5.161810618373102
42 3.4694947996576366
43 4.027321013313096
44 3.5303667858038055
45 2.0314948578838496
46 2.253031111688798
47 5.598591641075383
48 3.4272693980095457
49 3.081842683701306
