0 1.004088753048556
1 0.9985037275723225
2 1.008495839944439
3 1.0058033498204642
4 1.0058033498204642
5 1.0240878161822224
6 1.020323757390551
7 1.020323757390551
8 1.0421680729846954
9 1.0371939232876746
10 1.0409568277273553
11 1.0409568277273553
12 1.0409568277273553
13 1.0495633909966984
14 1.0476493560759752
15 1.051852248123681
16 1.0514264973491931
17 1.0514264973491931
18 1.0568795214424773
19 1.055589657009262
20 1.0563043239863774
21 1.0563043239863774
22 1.0563043239863774
23 1.0620177508401403
24 1.0620177508401403
25 1.0620177508401403
26 1.063533415228435
27 1.063533415228435
28 1.063533415228435
29 1.063533415228435
30 1.063533415228435
31 1.063533415228435
32 1.063533415228435
33 1.063533415228435
34 1.063533415228435
35 1.063533415228435
36 1.063533415228435
37 1.063533415228435
38 1.063533415228435
39 1.063533415228435
40 1.063533415228435
41 1.063533415228435
42 1.063533415228435
43 1.063533415228435
44 1.063533415228435
45 1.063533415228435
46 1.063533415228435
47 1.063533415228435
48 1.063533415228435
49 1.063533415228435
50 1.063533415228435
51 1.063533415228435
52 1.063533415228435
53 1.063533415228435
54 1.063533415228435
55 1.063533415228435
56 1.063533415228435
57 1.063533415228435
58 1.063533415228435
59 1.063533415228435
60 1.063533415228435
61 1.063533415228435
62 1.063533415228435
63 1.063533415228435
64 1.063533415228435
65 1.063533415228435
66 1.063533415228435
67 1.063533415228435
68 1.063533415228435
69 1.063533415228435
70 1.063533415228435
71 1.063533415228435
72 1.063533415228435
73 1.063533415228435
74 1.063533415228435
75 1.063533415228435
76 1.063533415228435
77 1.063533415228435
78 1.063533415228435
79 1.063533415228435
80 1.063533415228435
81 1.063533415228435
82 1.063533415228435
83 1.063533415228435
84 1.063533415228435
85 1.063533415228435
86 1.063533415228435
87 1.063533415228435
88 1.063533415228435
89 1.063533415228435
90 1.063533415228435
91 1.063533415228435
92 1.063533415228435
93 1.063533415228435
94 1.063533415228435
95 1.063533415228435
96 1.063533415228435
97 1.063533415228435
98 1.063533415228435
99 1.063533415228435
