0 1.0262568153777218
1 1.0544360416766163
2 1.0823073564248111
3 1.106904690456088
4 1.129366160624237
5 1.129366160624237
6 1.1511306055177768
7 1.1761284430661596
8 1.1761284430661596
9 1.199770221413984
10 1.2256316745044367
11 1.2256316745044367
12 1.2495988922434644
13 1.2742590636235558
14 1.2996496760800045
15 1.3298232840985973
16 1.3298232840985973
17 1.354322781019724
18 1.3851163811355849
19 1.3851163811355849
20 1.4200862533818706
21 1.4483410190816453
22 1.4754453503187608
23 1.5060044480563564
24 1.5321546923416902
25 1.5321546923416902
26 1.5657122884526147
27 1.5919396926739173
28 1.6177797497952646
29 1.6177797497952646
30 1.6177797497952646
31 1.64686535828914
32 1.6711719244046161
33 1.6711719244046161
34 1.702946530440197
35 1.7292627127721778
36 1.7292627127721778
37 1.7292627127721778
38 1.7292627127721778
39 1.7591718241776109
40 1.7882111777651448
41 1.7882111777651448
42 1.820509088694314
43 1.8509179156605327
44 1.8509179156605327
45 1.8868678704159163
46 1.8868678704159163
47 1.924573120134532
48 1.924573120134532
49 1.924573120134532
50 1.9586671727785765
51 1.9877588491963025
52 2.0158975855023895
53 2.0520252708744033
54 2.0520252708744033
55 2.0917835394824467
56 2.1172719092884815
57 2.139721566558591
58 2.1702386313892212
59 2.193559578432355
60 2.2089865238735107
61 2.235556183967849
62 2.264804773150692
63 2.2862147333743676
64 2.2862147333743676
65 2.3092956938769404
66 2.3336387333685233
67 2.3558993898797644
68 2.3715365534986095
69 2.391132790965466
70 2.418541689701926
71 2.4326293907622074
72 2.4464016216606272
73 2.4626481871552994
74 2.4729149136184514
75 2.4814113099235806
76 2.4814113099235806
77 2.4946019411325957
78 2.510551732973606
79 2.5340397264541754
80 2.5486713416445865
81 2.5486713416445865
82 2.5668901406657048
83 2.5918844324495276
84 2.5918844324495276
85 2.601461008730584
86 2.6195502420406584
87 2.63786810673494
88 2.63786810673494
89 2.685624970871972
90 2.7004348773404705
91 2.7004348773404705
92 2.7143307102070935
93 2.746584574859775
94 2.746584574859775
95 2.7941210171214546
96 2.7941210171214546
97 2.7941210171214546
98 2.7941210171214546
99 2.8270089676256696
