0 1.0258940446409535
1 1.0560724463751356
2 1.0847081920251311
3 1.112612377785244
4 1.1344958107878176
5 1.1621642976832334
6 1.1621642976832334
7 1.1621642976832334
8 1.191756582560718
9 1.2144040156558085
10 1.2394879403330767
11 1.2649428449069362
12 1.2870145622482707
13 1.3105820580637104
14 1.3105820580637104
15 1.3105820580637104
16 1.3396845075095332
17 1.363212021977314
18 1.363212021977314
19 1.391633795535918
20 1.391633795535918
21 1.391633795535918
22 1.421354132226803
23 1.421354132226803
24 1.421354132226803
25 1.4504973040222586
26 1.4504973040222586
27 1.4715090420767567
28 1.4715090420767567
29 1.4799811815901627
30 1.5114051359693839
31 1.5401567770097753
32 1.5588978075868474
33 1.5588978075868474
34 1.591903917127771
35 1.6143884234015882
36 1.6510351579495517
37 1.6854655495816593
38 1.7045639615084747
39 1.7190381370282917
40 1.74547949198367
41 1.7726275345273095
42 1.7726275345273095
43 1.7726275345273095
44 1.7726275345273095
45 1.8162165736198954
46 1.8576296110043202
47 1.8576296110043202
48 1.8576296110043202
49 1.8923094503884985
50 1.9242041942960033
51 1.9544712364196117
52 1.9824110066769092
53 1.9824110066769092
54 2.0210855950863555
55 2.0517389570392672
56 2.075045443784928
57 2.0888134162035796
58 2.0888134162035796
59 2.1169327535986566
60 2.1169327535986566
61 2.1559167259328933
62 2.191421421319126
63 2.219041061805769
64 2.2414690301017925
65 2.2414690301017925
66 2.2645530998082086
67 2.2940011897267256
68 2.2940011897267256
69 2.3284071768048813
70 2.3684148042653783
71 2.3829481834612234
72 2.3829481834612234
73 2.409038711937145
74 2.431779655740276
75 2.4783352304019313
76 2.5066636700656426
77 2.5066636700656426
78 2.5162107414773387
79 2.538253044546695
80 2.5472986295911615
81 2.5520447609092276
82 2.5614685874220107
83 2.5614685874220107
84 2.5766605541483494
85 2.5852531864613932
86 2.6111915169025215
87 2.6330795667209292
88 2.6524096137275603
89 2.6524096137275603
90 2.6524096137275603
91 2.7090944290365115
92 2.7090944290365115
93 2.7669590231545147
94 2.8054334754698353
95 2.8476932555566896
96 2.8911770026031136
97 2.8950826841902795
98 2.898218566575766
99 2.904067623368617
