0 -0.005790896713733673
1 0.0
2 -0.005790896713733673
3 -0.005790896713733673
4 0.0
5 -0.005790896713733673
6 0.0
7 -0.005790896713733673
8 -0.005790896713733673
9 -0.005790896713733673
10 0.0
11 0.0
12 -0.005790896713733673
13 -0.005770241453622778
14 -0.005790896713733673
15 -0.00559602336337169
16 0.0
17 -0.005711267935112119
18 -0.005563785865282019
19 -0.0056254619266837835
20 0.0
21 -0.00543821370229125
22 0.0
23 -0.005461281902777652
24 -0.005483577959239483
25 0.0
26 -0.005425666148463885
27 -0.005411863831492762
28 -0.005433677268835406
29 -0.005495449916149179
30 -0.00538126709094892
31 -0.005370263863975803
32 0.0
33 -0.005517456370095412
34 -0.0054812615271657705
35 0.0
36 -0.0055017236930628615
37 0.0
38 0.0
39 -0.0054844466503709555
40 -0.005534154285366337
41 -0.005541007189701001
42 0.0
43 0.0
44 -0.005424797457332413
45 -0.005508576597397526
46 -0.005543130605171124
47 -0.005574113456532359
48 0.0
49 -0.005490720427284638
50 -0.005555099031577508
51 -0.0055114721568922205
52 -0.0055399454819659395
53 -0.005533864721655846
54 -0.005482419704397519
55 -0.0056049032136797905
56 -0.005513692041859031
57 -0.005530776067947348
58 -0.004630536772310734
59 -0.0055195797855655355
60 0.0
61 -0.005577974254265428
62 -0.005525081418454647
63 -0.005543034135674437
64 -0.005570638769616683
65 -0.0047946202879150706
66 0.0
67 -0.0056047101970762014
68 -0.005522958002984524
69 0.0
70 0.0
71 -0.0054361867951229215
72 -0.005435993778519332
73 -0.005359743217316766
74 -0.005433773815942307
75 -0.005456166380705933
76 -0.005325671673441927
77 -0.004965460238357385
78 -0.004265113190437357
79 0.0
80 -0.005327988221930961
81 -0.005173846264369786
82 -0.005102228606119752
83 0.0
84 -0.005105703351243089
85 -0.005223264335654676
86 -0.0026500491076149046
87 -0.005119505668214212
88 -0.005057057423982769
89 -0.005036305694375187
90 -0.005021634705675145
91 -0.002452955833481004
92 -0.004972409660695121
93 -0.004946059780195355
94 0.0
95 -0.004904652829281986
96 0.0
97 0.0
98 0.0
99 -0.004957545626287659
