0 0.0006992439051598903
1 0.0
2 0.0005227449977874649
3 0.0
4 -0.00011372789198101447
5 0.0
6 -1.739207334344135e-05
7 0.0
8 0.0012778679088727943
9 0.0009612385353747574
10 1.5030383219049286e-05
11 -7.920411198946293e-05
12 0.0
13 0.001116062650110319
14 0.0009425974412386281
15 0.0
16 2.178982104081424e-05
17 0.0009202991681643005
18 0.0
19 0.0
20 0.0
21 0.0013259734758717296
22 8.457659779168383e-05
23 0.0006311669135702908
24 0.0008734097109566358
25 -2.4036669131184226e-05
26 0.0
27 0.0010015897772106496
28 0.0007732783065339104
29 0.0005754390491475363
30 0.0006461999654728129
31 0.0
32 2.9464621681004935e-05
33 0.000743388169549334
34 0.0009402221206801522
35 -0.00013071984418774988
36 0.0002344123583457672
37 -0.0007260761268096446
38 0.0
39 0.0013031471868806563
40 0.00041710448045506723
41 0.0005643557904910419
42 -0.00012974330830652816
43 -0.0002325106219167389
44 0.0001387830121209315
45 -0.00038954919293819287
46 -0.0012763658822493433
47 0.0
48 -3.1069229608067365e-05
49 -0.0004574531709456497
50 0.0
51 0.0
52 0.0020880876430299468
53 0.0028859009860684477
54 -0.00040074088009842997
55 -0.0005757889506743236
56 -0.0009704380846580868
57 0.0
58 0.0009167431935666249
59 0.0
60 8.621709985218722e-07
61 0.0014488857358367297
62 0.0007918498015697953
63 5.005419033994372e-05
64 0.0
65 0.0014259648908629683
66 0.00011526733104010293
67 -0.00158485582911334
68 -0.0007130311285429498
69 -0.0004679883238695054
70 0.0
71 0.0
72 0.0
73 0.0035628589459202192
74 0.00327971697483532
75 0.0
76 0.0
77 0.0
78 0.0
79 0.002685594624574528
80 0.004710314812058695
81 0.0
82 0.0
83 0.0024846295469274833
84 0.004822980324476194
85 0.002565358131446173
86 -0.0011781925026221412
87 0.0
88 -0.0002878805032681727
89 0.001567551493003563
90 0.0
91 0.0004087637382520744
92 0.0
93 0.0
94 -0.00040672419204051746
95 0.0
96 0.0011198179470648642
97 0.0
98 0.001668693591789905
99 0.0
