0 0.0009440467702010385
1 4.228315919507061e-05
2 0.0009849702715589977
3 0.0008151267557320529
4 -0.0001625164256566314
5 0.0
6 9.020535550444483e-05
7 0.0007784079118211248
8 0.000922634743845389
9 0.0007724064710765373
10 -7.527869263870367e-05
11 -9.723538883171876e-05
12 0.0007937086873777239
13 0.0003973949839812983
14 0.0006020178697522573
15 0.0005014256153507783
16 -3.264245752683672e-05
17 0.0
18 0.001004639994506314
19 0.0009400240448799738
20 -2.0924203905540245e-06
21 0.0007750084810841722
22 0.0
23 0.0010471144755097514
24 0.0
25 -1.8316995225750447e-06
26 0.0008161812695144952
27 0.000481900530650375
28 0.000614468092181095
29 0.0
30 0.0
31 0.0015597677644852528
32 1.785791688729485e-05
33 0.0
34 0.0
35 0.0
36 0.0017820406838159862
37 0.0004187591337375815
38 -0.00024022270565348815
39 0.0018335403224831609
40 0.0
41 0.0
42 0.000137561760084568
43 0.0005081864157396357
44 0.001005369552903676
45 0.0017810297479488955
46 0.0008848096995964851
47 0.0015843455662517287
48 -2.621545324043595e-06
49 0.0
50 0.000496738463387112
51 -5.5224801596484474e-05
52 0.0
53 0.0013010384580400035
54 0.001136778964906877
55 0.0
56 0.0
57 0.0
58 0.002222328922062369
59 0.0030213706533908477
60 0.0001649248365296671
61 0.0
62 0.0
63 0.0
64 0.0
65 0.0
66 0.0
67 0.008998239706204147
68 0.0
69 0.0012677448171739092
70 0.0
71 0.008315916011036125
72 0.01118579238292943
73 0.007185780483896559
74 0.001806956938535584
75 0.0
76 0.0
77 0.0033530663494547733
78 0.0036777450214484165
79 -0.00021635138909952117
80 0.0
81 0.00399271744020997
82 0.0006831904395164848
83 0.0
84 0.00047403448021285686
85 0.0
86 0.0005860691345026626
87 0.0
88 0.009809710666184834
89 0.009622841014964415
90 0.003422731895095802
91 0.0008123940942242575
92 0.0009392833606912201
93 -0.0032804179702844356
94 0.0
95 -0.002625967877652107
96 -0.0023639460836421614
97 0.0
98 0.0
99 0.0017081811243148223
