0 0.0012923495523729789
1 -3.43948698334036e-05
2 0.0008357069079043122
3 0.0
4 0.0
5 0.0009273665442226321
6 1.7071989284383155e-05
7 0.0009766165072592101
8 0.0009613228510878427
9 0.0
10 0.0001940737126686194
11 -4.005925655529697e-05
12 0.00104036188751613
13 0.0010014293446397077
14 0.0
15 0.0009013777197118581
16 0.0
17 0.0014882988046454099
18 0.0005525646654736281
19 0.0008859709354036288
20 -1.7763420475736029e-06
21 0.0004972151833701444
22 -0.00013154826737273514
23 0.0
24 0.0012641522382045912
25 -1.2857969451424373e-05
26 0.000638922802274145
27 0.0
28 0.0
29 0.0015116489164196214
30 0.0009455745952038972
31 0.0
32 0.0
33 0.0015336917229084315
34 0.0
35 0.00022575142356449327
36 0.001551985045585609
37 0.0
38 0.0009026887176952705
39 0.0009663697047310574
40 0.000501688911341297
41 -0.00010674800089594002
42 0.0
43 0.0004264173940948653
44 0.000981271121352914
45 0.0
46 0.0
47 0.0
48 9.316438909774054e-05
49 0.0
50 0.0034998022069511327
51 0.001270124900007769
52 0.0018982857147013784
53 0.0019323045787951309
54 0.0
55 0.0
56 0.003433171478792478
57 0.0008229549775656065
58 0.0002584555225430492
59 0.0
60 0.00024328043180970446
61 0.001169674613129653
62 0.0
63 0.0
64 0.0
65 0.0
66 0.0021363227583774264
67 0.0062088003164601285
68 0.0
69 0.0
70 0.0056099625162299395
71 0.004632630573516222
72 0.0
73 0.0
74 0.0
75 0.009983967326305571
76 0.0062484977186528625
77 0.0037880113685381522
78 0.0022209481178629424
79 0.0
80 0.00034456392767783986
81 0.002318030628378765
82 -0.0016377094186091601
83 -0.001042246826752296
84 -0.004198044131889005
85 0.0
86 -0.001826498573047595
87 -0.0018345095223086464
88 0.0
89 0.0
90 0.00016262615628761645
91 0.00015545078303637878
92 0.0004947156229753886
93 0.0
94 -0.0010117017087475494
95 -0.0015299778821067271
96 0.0
97 -0.0008599060156986267
98 0.0012629019451260075
99 0.0038297146184978472
