0 1.1638507936558409
1 1.2359622129450045
2 1.3446219877321846
3 1.5446219877321845
4 1.7025891368339217
5 1.9025891368339216
6 1.958266572787502
7 2.1181268351739337
8 2.1181268351739337
9 2.2256043096962412
10 2.4256043096962414
11 2.503096493751866
12 2.703096493751866
13 2.703096493751866
14 2.886475691385916
15 2.972394468776097
16 3.073528731098893
17 3.273528731098893
18 3.316806564121838
19 3.3724197459141516
20 3.525674979953716
21 3.5333203478798962
22 3.5737348318724216
23 3.7320767299605726
24 3.7320767299605726
25 3.7997156460377024
26 3.7997156460377024
27 3.7997156460377024
28 3.7997156460377024
29 3.7997156460377024
30 3.828287074609131
31 3.878516485902528
32 3.9070879144739563
33 3.99055094503911
34 3.99055094503911
35 4.184009700372926
36 4.212581128944355
37 4.323683082117949
38 4.340325985076198
39 4.340325985076198
40 4.448920653247808
41 4.448920653247808
42 4.63905659849377
43 4.63905659849377
44 4.697174787744373
45 4.768996517098209
46 4.768996517098209
47 4.968996517098209
48 4.968996517098209
49 4.997567945669638
50 4.997567945669638
51 5.026139374241066
52 5.026139374241066
53 5.054613644174198
54 5.054613644174198
55 5.054613644174198
56 5.054613644174198
57 5.254613644174198
58 5.254613644174198
59 5.283185072745627
60 5.4579755344744285
61 5.4579755344744285
62 5.4579755344744285
63 5.657975534474429
64 5.657975534474429
65 5.686546963045857
66 5.7173197329091066
67 5.745891161480535
68 5.745891161480535
69 5.745891161480535
70 5.745891161480535
71 5.7744625900519635
72 5.7744625900519635
73 5.7744625900519635
74 5.7744625900519635
75 5.7744625900519635
76 5.7744625900519635
77 5.7744625900519635
78 5.801330856539374
79 5.801330856539374
80 5.801330856539374
81 5.801330856539374
82 5.8328129784824965
83 5.8328129784824965
84 5.865747881144273
85 5.865747881144273
86 5.865747881144273
87 5.865747881144273
88 5.982366919884624
89 6.035058286405767
90 6.035058286405767
91 6.035058286405767
92 6.035058286405767
93 6.035058286405767
94 6.035058286405767
95 6.035058286405767
96 6.035058286405767
97 6.035058286405767
98 6.035058286405767
99 6.035058286405767
