0 1.0878427976335387
1 1.1670332562307768
2 1.2195482498554993
3 1.2195482498554993
4 1.2914559003215702
5 1.2914559003215702
6 1.2914559003215702
7 1.412463332304459
8 1.412463332304459
9 1.506265412583067
10 1.506265412583067
11 1.506265412583067
12 1.506265412583067
13 1.506265412583067
14 1.506265412583067
15 1.6008413066259215
16 1.6008413066259215
17 1.6008413066259215
18 1.6008413066259215
19 1.604604349310048
20 1.7186657885396268
21 1.7186657885396268
22 1.759080272532152
23 1.959080272532152
24 1.9876517011035804
25 1.9876517011035804
26 1.9876517011035804
27 2.0645686999162445
28 2.0645686999162445
29 2.0645686999162445
30 2.0645686999162445
31 2.118756252403821
32 2.118756252403821
33 2.1966095111666823
34 2.1966095111666823
35 2.269792861844312
36 2.269792861844312
37 2.269792861844312
38 2.269792861844312
39 2.269792861844312
40 2.269792861844312
41 2.269792861844312
42 2.376548785086378
43 2.376548785086378
44 2.413422812122178
45 2.413422812122178
46 2.413422812122178
47 2.413422812122178
48 2.4419942406936066
49 2.4419942406936066
50 2.4419942406936066
51 2.4419942406936066
52 2.4419942406936066
53 2.499597326204521
54 2.499597326204521
55 2.499597326204521
56 2.5343028016397016
57 2.5343028016397016
58 2.5343028016397016
59 2.56287423021113
60 2.649954938683925
61 2.649954938683925
62 2.649954938683925
63 2.649954938683925
64 2.649954938683925
65 2.649954938683925
66 2.649954938683925
67 2.649954938683925
68 2.6785263672553534
69 2.6785263672553534
70 2.710167640476101
71 2.710167640476101
72 2.710167640476101
73 2.710167640476101
74 2.710167640476101
75 2.710167640476101
76 2.710167640476101
77 2.710167640476101
78 2.710167640476101
79 2.710167640476101
80 2.710167640476101
81 2.710167640476101
82 2.741649762419224
83 2.741649762419224
84 2.774584665081
85 2.774584665081
86 2.7840066170623508
87 2.7840066170623508
88 2.829237908310972
89 2.9980774739589684
90 2.9980774739589684
91 2.9980774739589684
92 3.1980774739589686
93 3.226648902530397
94 3.226648902530397
95 3.226648902530397
96 3.226648902530397
97 3.2756944232087717
98 3.3042658517802
99 3.3042658517802
