0 -0.0017118982319692785
1 -0.0027563967399924236
2 -7.712502887570115e-05
3 -0.002452525189966685
4 0.0025867596207081937
5 0.0
6 0.002623898266976991
7 -0.0026276565234487257
8 -0.0023164770157582857
9 0.0
10 0.0
11 -0.0026321543380618097
12 -0.002479730430059135
13 0.0
14 -0.0026080630254000426
15 0.0
16 0.0
17 -0.0026042408309876917
18 0.0
19 -0.0025019685737788675
20 -0.00240618244279176
21 -0.0024073406588286162
22 -0.0017986488334524136
23 0.0
24 -0.0028953056316822767
25 0.0007088310326859035
26 -0.0024071090098004787
27 -0.0002837247863693137
28 -0.001676935314242184
29 -0.0016226241290338778
30 -0.0019502370219640858
31 -0.00020633789301597534
32 0.0
33 0.000757322593727733
34 -5.389081527808689e-05
35 -0.001264844592002105
36 -0.0012230969530363921
37 0.000819253113515976
38 -0.0008967020399763955
39 0.0006258622365322626
40 0.0
41 0.0
42 0.0012561600465595616
43 0.0
44 -0.0008790392561573302
45 -0.000562585642429564
46 -0.0006250141366047689
47 -0.0025537706969771534
48 -0.0006411804669296194
49 -0.0014480754098915442
