0 0.0
1 0.0010490267590374063
2 0.0
3 0.0048727687568003355
4 0.0
5 0.0020247119883936766
6 -0.002663754877479126
7 -9.43403080515021e-05
8 -0.0026953862245820016
9 0.0
10 -0.002883028332144022
11 -0.0026321543380618097
12 -0.002479730430059135
13 0.0
14 0.0
15 0.0
16 -0.0026613418944180013
17 -0.0026042408309876917
18 -0.002539263782091439
19 0.0
20 -0.00240618244279176
21 -0.0024073406588286162
22 0.0
23 0.0
24 -0.0028953056316822767
25 -0.0014341949843154102
26 0.0
27 0.0004247509911525408
28 -0.0024195021367631854
29 0.0
30 0.0
31 0.0
32 0.0
33 0.0
34 0.0007836590559592145
35 0.0
36 0.0
37 0.0
38 0.0004714512829168124
39 -0.00038891003589387724
40 -0.0006531219648102042
41 0.0
42 -0.0006523127636680758
43 -0.00056252687666612
44 0.0
45 0.0
46 0.0
47 -0.0025537706969771534
48 0.0
49 0.0
