0 0.00028580710299114665
1 0.0
2 0.0005380336914689166
3 -0.0002296158503000617
4 -0.0005864804817784485
5 0.0
6 -6.530931099192491e-05
7 -0.0003348616058832821
8 0.0
9 -6.916520938386712e-05
10 0.0
11 0.0
12 0.0
13 -0.00017101755138685838
14 0.0
15 0.0
16 -0.0026613418944180013
17 0.0
18 -0.002539263782091439
19 -0.0025019685737788675
20 0.0
21 -0.002062839744031268
22 -0.0016032181286657955
23 -0.0005526764486328714
24 0.0
25 0.0
26 0.0031708360250964434
27 0.0009289338427209332
28 0.0020739348760365284
29 0.0013058971076222274
30 0.001139873943452164
31 4.19597316349398e-05
32 0.0
33 -0.00010932548011381515
34 0.0
35 -0.00025634881603092463
36 -2.6058619363222794e-06
37 -0.00013598088097294012
38 0.0
39 -0.00012731139402925683
40 0.0
41 0.0
42 -0.0002392246126007972
43 -0.0005182890110179866
44 0.0
45 -0.0008546653314420929
46 -0.00046348004005713133
47 -0.0025537706969771534
48 -0.000530744241798742
49 0.0
