0 0.0002979802379965039
1 0.00040721650815682777
2 -7.818423367680047e-05
3 0.0
4 0.0001086516163443625
5 -0.0004464900477438509
6 0.0
7 -0.000355858086910337
8 0.0007805208187675749
9 0.0
10 0.0
11 0.0016160689048227601
12 0.00130068971261992
13 -3.575921242748379e-05
14 0.0011349659740998487
15 0.00022915899939878923
16 0.0006077080968225325
17 0.0
18 0.0011636483407962436
19 0.002036182527264276
20 0.0
21 0.002162751811472117
22 0.0
23 0.0006376896058945935
24 0.0019921719808492504
25 0.0
26 0.0020399871974808594
27 0.0
28 0.0
29 0.0007708282477129607
30 0.0
31 2.7632560647786347e-05
32 -0.0003604922172301129
33 -0.0003298558109178736
34 -0.0001555806590065282
35 0.0
36 0.0
37 -0.00018597129613421256
38 0.0
39 0.0
40 -0.00017051515620371532
41 -0.0010270726812979425
42 -0.0006115061422623139
43 -0.00010493118332910014
44 -0.0008917137072567572
45 0.0
46 -0.00046345982710429374
47 0.0
48 -0.0005053444966498018
49 -0.001088181057274288
