0 0.00029223919847851636
1 0.0
2 0.00012663384985101272
3 -0.00032363270900790303
4 1.7885587408609075e-05
5 -0.0002254920171722601
6 -7.806914543452734e-05
7 -0.0005955359836201738
8 0.00035775017929914193
9 3.121800879060816e-05
10 0.0006927119414232712
11 0.0006986725196908999
12 0.0010590471534708892
13 0.0002503665574929298
14 0.0007758024864622127
15 0.0006936287921560335
16 0.0
17 0.0013094627240588374
18 0.0
19 0.0
20 0.0017446841080016378
21 0.0023835497531448312
22 0.0012162440944263047
23 0.0
24 0.004468427641479218
25 0.0009867381934786689
26 0.0010150699448075035
27 0.00013092809862642017
28 0.00014085737713708825
29 0.0
30 0.0
31 0.00027482350943839245
32 0.00022680850654752308
33 2.337027471036189e-05
34 0.0
35 0.0004110914703445843
36 0.00039367453366604224
37 -0.0001807056364338343
38 0.00023383891026980343
39 0.0
40 0.00020057792347164745
41 0.00015973353827673914
42 0.0
43 0.0008832883951299268
44 0.005041297578880881
45 0.0014412310270293057
46 -4.533704055920497e-06
47 0.0
48 -0.00039991621726856045
49 -0.0004007250445344348
