0 0.0002623924630826548
1 0.0005181380394226535
2 0.00010546309138733576
3 0.0
4 -0.00028334684627894077
5 -0.00027497502550219145
6 0.00016055043012702097
7 0.0
8 0.0018332945856081387
9 -2.980794028607758e-05
10 0.000810069573230988
11 0.0
12 0.0018730798154221282
13 0.0002788248344332621
14 0.002276451794925179
15 0.0007510537442570944
16 0.0014392778047514515
17 0.0005122868361147575
18 0.0012669820252796478
19 0.0019651238754965694
20 0.0008516402201399281
21 0.0008596497993052262
22 0.0
23 0.0005927127367481405
24 0.0014099199347008852
25 0.0014455122017383317
26 0.000552211207160115
27 0.0
28 0.0010413516275605864
29 0.0007634475441347294
30 0.0009841453555021788
31 -1.3416604165906032e-05
32 0.00011167559527079296
33 -6.681255086659127e-05
34 0.0001841226556925708
35 0.000948471786149995
36 0.00029414081187688443
37 0.0
38 0.0
39 0.0
40 5.9753417655622396e-05
41 0.0005548614503662985
42 4.777136436119546e-05
43 0.00021727528592949474
44 0.0
45 0.0001884251135876766
46 0.0
47 0.001332241133578651
48 0.0004038668797307206
49 0.00015926001709712424
