0 2.304085
1 2.309499
2 2.288114
3 2.263757
4 2.300551
5 2.314521
6 2.296030
7 2.288937
8 2.286933
9 2.293940
10 2.288667
11 2.324393
12 2.288800
13 2.298391
14 2.303777
15 2.308710
16 2.306675
17 2.304765
18 2.301185
19 2.284526
20 2.295972
21 2.277497
22 2.293353
23 2.293128
24 2.294182
25 2.298351
26 2.291505
27 2.289882
28 2.303224
29 2.292475
30 2.287400
31 2.274826
32 2.279092
33 2.286309
34 2.275683
35 2.272580
36 2.287507
37 2.280341
38 2.293711
39 2.277342
40 2.283695
41 2.295390
42 2.283109
43 2.300458
44 2.283974
45 2.257385
46 2.275517
47 2.262099
48 2.263980
49 2.269474
50 2.268685
51 2.251944
52 2.269801
53 2.252279
54 2.258534
55 2.255661
56 2.271114
57 2.267400
58 2.263344
59 2.262100
60 2.273950
61 2.265485
62 2.265529
63 2.255562
64 2.262673
65 2.260902
66 2.270307
67 2.249645
68 2.241971
69 2.260739
70 2.250547
