0 -0.001375949175162626
1 0.0
2 0.0007952040510362017
3 0.0
4 0.0002056788542375325
5 -0.0030066650907351875
6 -0.002732090826611966
7 -0.0016786748407563816
8 0.0
9 -0.0025425261458925283
10 0.00321665867355132
11 -0.002449032816780131
12 0.0
13 -0.0026269422844052313
14 -0.002710798569023609
15 -0.0019263377571937291
16 -0.0023926494352240774
17 0.0003280166850573441
18 -0.0029938715510070325
19 0.0
20 0.007448820439981364
21 -0.0030852920734613836
22 -0.0025736633921042084
23 -0.0004686949909998052
24 0.0
25 0.0
26 -0.0013533118707745207
27 0.0004588763259880343
28 -0.0004581071485087022
29 0.0
30 0.0
31 0.0005516463055662597
32 -0.00011847830288248739
33 -0.0012551044431385109
34 1.2224869414291085e-06
35 0.0
36 0.0005957035698524259
37 -0.0006166102848868589
38 -0.0025701307749841362
39 -0.0027218597242608666
40 0.0
41 -0.0026646718033589423
42 -0.0015670015766791796
43 -2.97367077689217e-05
44 0.0
45 -0.002628187387017533
46 -0.0003876721073790798
47 -0.0025598514184821397
48 -0.0012506100185078139
49 0.0
