0 0.0002875435760608347
1 0.0
2 0.00029395503703760425
3 -0.00014983050143662556
4 0.00022944622370283714
5 0.00039961303277438417
6 0.0
7 0.0012105819015439986
8 0.0
9 4.304246087654387e-07
10 0.0
11 0.001600918019534649
12 0.0
13 0.0018832425728426401
14 -4.260120876533416e-06
15 -0.0015327067665600936
16 0.00016183333269180418
17 0.0004995284568031343
18 0.0014560732001692143
19 0.0024685096477480993
20 0.0007600151392500615
21 0.0007084988811766167
22 0.0
23 0.0
24 0.0
25 0.0001863043928063538
26 0.0
27 -0.000325080711755435
28 -0.00014268169468068586
29 -0.0005556081959427264
30 -0.0005850266707436958
31 0.0018519380385034895
32 0.0
33 0.0
34 0.0002319721973293642
35 -1.099406906747222e-06
36 0.0
37 0.0
38 0.0
39 2.8901947474558536e-06
40 0.0
41 0.0
42 2.733616576092224e-05
43 -3.837862817569438e-05
44 -2.432767004164265e-05
45 -5.076494772955387e-05
46 4.5883975239828856e-05
47 -5.1451391735218685e-05
48 0.0
49 -1.3310059731299028e-05
