0 0.00026259838796408784
1 0.0
2 0.0
3 0.0019245396610945576
4 0.0
5 0.00015877221075523358
6 -0.0013853913314146417
7 0.00037415801800369395
8 0.0005411505067884292
9 -2.1264993626618672e-08
10 0.0
11 0.0
12 -0.0009551356796849824
13 -0.002849439484998584
14 0.0
15 -0.002762224292382598
16 0.0
17 -0.000293280456487566
18 -0.0006853314485008298
19 -0.00022717694565711627
20 -0.00019524222087886098
21 -0.0003046305065800958
22 -0.0005639456309548738
23 0.00033112644631235426
24 0.0
25 1.130909843703987e-05
26 0.0
27 -0.00021927235893201468
28 0.00028082714417086994
29 -0.0004605877862313879
30 0.0
31 0.0
32 -0.00011883834029811
33 0.0
34 -0.0007063166884696588
35 -0.0002358734832738283
36 0.0
37 -5.5664034724676576e-06
38 -0.00016401092462860545
39 -0.00017469410595995533
40 0.0
41 6.506466088776319e-05
42 0.0
43 -1.9208754533076183e-05
44 4.993321394995055e-05
45 0.0
46 0.0
47 5.595896880011429e-05
48 -1.191181948111824e-05
49 4.4317185913508556e-05
