0 0.0002919912114959132
1 0.0005908122386851917
2 0.00010772071044185056
3 0.0
4 0.00034292474153918307
5 0.00016324330495461978
6 0.0
7 0.0
8 0.0
9 -4.893309237875081e-07
10 0.0
11 -0.0028953056316822767
12 0.0
13 0.0
14 0.0
15 0.0
16 0.0
17 0.0
18 -0.0016687113720064836
19 -0.0019626357728460184
20 -0.001978658120303104
21 -0.0008490864480857014
22 -0.0011973362253882174
23 -0.00017239484968087704
24 -0.00037513059683408546
25 -0.00020959589634148175
26 -0.00023143559961534115
27 -2.486461207108435e-05
28 0.0005704408806138368
29 0.0013018201511562516
30 0.0018709275483565135
31 0.0035913177686499194
32 0.0007311089251898495
33 0.0014968483884414473
34 0.0020363131289475485
35 0.0005471854469505089
36 0.0006922088058948249
37 0.0009984751264356156
38 0.0
39 0.00025990022002348747
40 0.000474431238812889
41 -0.00014053243130815417
42 0.0001577909326880193
43 0.0
44 -2.2972361696834318e-05
45 0.0
46 3.1920407003949265e-06
47 8.219166476229537e-05
48 -8.481818594000389e-06
49 0.0
