0 7.240746620932514e-07
1 6.84565935799398e-07
2 6.372523609008975e-07
3 5.961000776347301e-07
4 5.527121310709982e-07
5 5.373348720209615e-07
6 4.830904922907758e-07
7 4.889936619307099e-07
8 4.4500372618800266e-07
9 4.79725177490021e-07
10 3.848118344499577e-07
11 4.109828527426105e-07
12 4.288188385413355e-07
13 3.891552163730528e-07
14 3.589897133267364e-07
15 3.100739496900934e-07
16 2.974222154573637e-07
17 3.0248835356479893e-07
18 3.216573860178729e-07
19 2.637003137428469e-07
20 3.098551355141157e-07
21 2.508270718675257e-07
22 2.9718616924135087e-07
23 2.594715764295928e-07
24 2.779945117701957e-07
25 2.765708738503645e-07
26 2.72483390272362e-07
27 2.6935085878036886e-07
28 2.249194816795569e-07
29 2.2616201691666018e-07
30 2.532103296547643e-07
31 2.7111588205752905e-07
32 2.580956124086783e-07
33 2.27396247088984e-07
34 2.6741926843670593e-07
35 2.19315481746828e-07
36 2.5449473975887697e-07
37 2.5920297992752786e-07
38 2.4687038674323023e-07
39 2.1978229190371944e-07
40 2.496998251614343e-07
41 2.4812581419511763e-07
42 2.2962837216128934e-07
43 2.452682773823347e-07
44 2.609021647669648e-07
45 2.0602061850605436e-07
46 2.29450189381453e-07
47 2.60437684871532e-07
48 2.0513886577572917e-07
49 2.0553713704004953e-07
50 2.3724216392070902e-07
51 2.44262388858212e-07
52 2.5068754841269873e-07
53 2.6535452508095304e-07
54 2.5529034500965595e-07
55 2.4406325376360616e-07
56 2.3049446657169265e-07
57 2.0316970859970617e-07
58 2.416911027527045e-07
59 2.5813087836510043e-07
60 2.1077427282962892e-07
61 2.1373381838640876e-07
62 2.480519984420215e-07
63 2.7337546072873323e-07
64 2.3218402744725775e-07
65 2.558645777983383e-07
66 1.9568095927182066e-07
67 2.049214697200826e-07
68 2.5940526266049367e-07
69 2.11898223470347e-07
70 2.295054624578392e-07
71 1.9391406414953434e-07
72 2.2762534434083301e-07
73 2.2355669106800106e-07
74 1.939140641495343e-07
75 2.3063352060206086e-07
76 2.3528811112188086e-07
77 2.2595561823345917e-07
78 2.2428887573070335e-07
79 2.2625910877926394e-07
80 2.411236470942058e-07
81 2.2679402215943372e-07
82 2.2355669106800106e-07
83 2.065927649604309e-07
84 2.3818242626401339e-07
85 2.067426722449437e-07
86 1.9359243104453734e-07
87 2.0511244473920842e-07
88 2.2369837702283687e-07
89 2.3812405204409497e-07
90 2.2228799280990771e-07
91 2.2369837702283687e-07
92 2.177983379452606e-07
93 2.3669265237899057e-07
94 2.2511942802811033e-07
95 2.0799705193069887e-07
96 2.3596213881108384e-07
97 2.3013244174653513e-07
98 2.2993348439798971e-07
99 2.225383186009925e-07
