0 0.0004993214291225789
1 0.0
2 0.0004086983632016406
3 -0.0002480073819800754
4 0.0014011403187688327
5 0.0006413526575290137
6 -5.8675159355362615e-05
7 0.0008862579042906382
8 0.00105385722644215
9 0.0
10 0.0017780891198735788
11 0.00013801809964039715
12 0.0008608144116067673
13 0.0008591502787899633
14 0.0007246528926928724
15 0.0007018549908024491
16 0.0021225711301204432
17 -0.00010197011697340571
18 0.0
19 0.0021511187678502222
20 8.425303489539709e-05
21 0.0015886742555739715
22 0.0
23 0.0
24 0.0013964684885912858
25 0.0
26 0.0005502664366205367
27 0.00024191832733271718
28 -0.00011200856680075118
29 0.0
30 0.00011367322526885084
31 0.0005504701615008725
32 0.0008195252806042425
33 0.0005463802660362913
34 0.0
35 0.0
36 -2.4428222252510877e-05
37 -0.0002565914430779851
38 0.0007515366642724035
39 0.0
40 0.00023490371348342497
41 0.002200440339069899
42 0.0016068932388255555
43 0.00011210084416048061
44 3.0425684291547465e-05
45 0.001377747726137327
46 0.0
47 0.0015840074432632418
48 0.0
49 0.001386298533914198
