0 0.0005187755722289295
1 0.0009102504770095516
2 0.0005462904079398908
3 0.0
4 0.0012107727044885705
5 0.00018701553705968843
6 -0.00012133647739724541
7 0.0009011833718883596
8 0.0
9 0.0012906813452034276
10 0.0
11 -3.11151011510168e-05
12 0.0
13 0.0021518571039607927
14 0.0029576865367482246
15 0.00031842338469258716
16 0.0
17 0.0006572342454078883
18 0.002357194873713309
19 0.0
20 0.00038379810771816444
21 0.0
22 0.00016346578567511279
23 0.0011760453819629842
24 0.0001581810974109766
25 -0.00022383179237506185
26 0.0004341421996730347
27 0.0008662427848577127
28 0.0008080236459617007
29 0.0010362321472755704
30 -4.5587678961593635e-05
31 0.0
32 0.00045452748669284155
33 0.0004404838341775725
34 0.0019098422217911212
35 0.0023675273751106152
36 -0.00024976791060192776
37 -0.0002743582442053017
38 0.0010728100618542541
39 2.3330207898389407e-05
40 0.0
41 0.0031985942577847787
42 0.0
43 0.0063872171156483136
44 0.0018494533888676835
45 0.0
46 0.0022702145736286073
47 0.00011660082433913107
48 0.0
49 0.0
