0 0.0010171460627468065
1 0.0
2 0.0
3 0.001861815336832379
4 0.0010046045553348821
5 0.0018406391694618758
6 0.0
7 0.0004157167502614369
8 0.0007506590423781039
9 0.0008614564346441446
10 -9.828170359601583e-05
11 0.00039232539529053214
12 0.0
13 0.0
14 0.00010561977163996999
15 0.0015379550973406444
16 0.0005071868437021883
17 0.0007291518764036103
18 -0.00011154374251880737
19 -4.340790857269671e-05
20 -0.0004713022834856353
21 0.0006503640083139665
22 0.0
23 0.0004177903110714222
24 0.0
25 0.0
26 0.00027871881299914176
27 2.8867419718256785e-06
28 -0.000741376866400123
29 -7.782415680083026e-06
30 0.0
31 -7.4301389671567e-05
32 -0.0002637035546826148
33 0.0
34 0.0
35 2.8208229013994624e-07
36 2.6818624522280475e-05
37 -0.0002797064513696568
38 -3.4869138499318984e-08
39 -0.0004191875868931487
40 0.0
41 -0.00028948569707732677
42 3.159004064853432e-09
43 0.0
44 9.960598436711354e-05
45 -0.00010402990194925785
46 -0.00025471484869432365
47 -3.4880843014268944e-09
48 -0.0008913390124490357
49 0.0
