0 0.0
1 0.0005466385180507551
2 0.0010225222293409675
3 8.96651042179358e-05
4 0.001299467159511764
5 0.0023386357691634265
6 0.0006503025703473409
7 0.00011632890394228154
8 0.00047809934788182464
9 0.0
10 0.0
11 0.0
12 0.0
13 0.0011195320911177127
14 0.0007172168446151541
15 0.0018324673149969464
16 0.0
17 0.0
18 0.0005373988772357477
19 0.00024561654144459455
20 -3.5386032665599666e-05
21 -0.00022737443904288117
22 0.00015829310100411777
23 0.0
24 0.00038483944475259277
25 0.0004885427636511759
26 0.0
27 0.00040912749067850706
28 0.0
29 0.00013042889048422987
30 0.0005726790152037211
31 0.0
32 0.00042175099364477126
33 0.00017125419085539615
34 0.0003921931593407704
35 1.7146355155852799e-07
36 6.274016005431446e-05
37 0.00017116955365170056
38 -1.3560300470464264e-08
39 -0.00040535199052998597
40 4.551114806066958e-06
41 -0.0005870311287137877
42 -7.036161653807272e-08
43 0.0
44 0.0003265700988142751
45 0.0
46 0.0
47 6.355570119041786e-07
48 -0.00038701279658724555
49 -0.00028695580252422164
