0 1.0179027879533484
1 1.0227904054881403
2 1.0227904054881403
3 1.0332823193306384
4 1.0632971915736869
5 1.0751110239640447
6 1.1648986688590919
7 1.2046671705863496
8 1.2046671705863496
9 1.2046671705863496
10 1.3046671705863497
11 1.4046671705863498
12 1.4046671705863498
13 1.4046671705863498
14 1.50466717058635
15 1.60466717058635
16 1.6483482401409737
17 1.6991017535593944
18 1.7991017535593945
19 1.8965052319448992
20 1.9965052319448993
21 2.0782911793515426
22 2.1102381594311366
23 2.2102381594311367
24 2.2386843608036355
25 2.2644609916297003
26 2.2873502077136627
27 2.2873502077136627
28 2.3310026949459526
29 2.363427240833033
30 2.390422773855838
31 2.420981698717806
32 2.4569545817368867
33 2.4890787679280306
34 2.545484169576213
35 2.545484169576213
36 2.6454841695762132
37 2.7454841695762133
38 2.8454841695762134
39 2.8885688041259314
40 2.935945016234662
41 2.962749398516834
42 2.9877268992979586
43 3.021295514972072
44 3.059602614404856
45 3.0930849980390795
46 3.1299572758503276
47 3.162850721180326
48 3.162850721180326
49 3.162850721180326
