0 1.0167987058160277
1 1.0167987058160277
2 1.0233796058949476
3 1.0670870413822027
4 1.0681073534782264
5 1.0987809232187957
6 1.0987809232187957
7 1.1044525844937647
8 1.1539586330888019
9 1.253958633088802
10 1.253958633088802
11 1.253958633088802
12 1.353958633088802
13 1.4539586330888021
14 1.4539586330888021
15 1.5539586330888022
16 1.6539586330888023
17 1.6539586330888023
18 1.6539586330888023
19 1.6539586330888023
20 1.6539586330888023
21 1.6539586330888023
22 1.7539586330888024
23 1.8539586330888025
24 1.9539586330888026
25 2.0539586330888024
26 2.1539586330888025
27 2.176640148290816
28 2.2300015449523256
29 2.3300015449523257
30 2.3300015449523257
31 2.430001544952326
32 2.430001544952326
33 2.430001544952326
34 2.430001544952326
35 2.461088501920894
36 2.561088501920894
37 2.561088501920894
38 2.561088501920894
39 2.597412239314401
40 2.597412239314401
41 2.6047270868309433
42 2.618894954778997
43 2.6423177892489065
44 2.6423177892489065
45 2.6563770074161046
46 2.6696929166346415
47 2.687971440699608
48 2.6995766141986537
49 2.7126972741632125
