0 1.0
1 1.0007655342969661
2 1.0181703030574696
3 1.061954406294947
4 1.061954406294947
5 1.143409289215578
6 1.1447282934845986
7 1.1447282934845986
8 1.1447282934845986
9 1.1447282934845986
10 1.2447282934845987
11 1.3447282934845988
12 1.3447282934845988
13 1.4447282934845989
14 1.544728293484599
15 1.544728293484599
16 1.644728293484599
17 1.7447282934845991
18 1.8447282934845992
19 1.9447282934845993
20 2.0355848288320915
21 2.063367304492008
22 2.1026482712977534
23 2.1026482712977534
24 2.1026482712977534
25 2.1127736639258843
26 2.2127736639258844
27 2.2369997216971074
28 2.2369997216971074
29 2.3369997216971075
30 2.4369997216971075
31 2.4369997216971075
32 2.470999268355558
33 2.470999268355558
34 2.505216861031506
35 2.5324647049762175
36 2.6324647049762175
37 2.6942774653678656
38 2.767311875991247
39 2.783785344327995
40 2.8215694187489726
41 2.850625525744381
42 2.8655189367742464
43 2.891885132852549
44 2.891885132852549
45 2.891885132852549
46 2.902979351287912
47 2.902979351287912
48 2.9110308238239693
49 2.926832486166787
