0 1.093695539283989
1 1.1621567449645358
2 1.2509944548713716
3 1.2509944548713716
4 1.3364700888351448
5 1.4292054616205787
6 1.4292054616205787
7 1.5292054616205788
8 1.618605796283663
9 1.7110684983171636
10 1.7110684983171636
11 1.7110684983171636
12 1.7647299447853035
13 1.7647299447853035
14 1.8088950054152846
15 1.8601585863208006
16 1.8601585863208006
17 1.8601585863208006
18 1.908355933091319
19 1.9597665391991426
20 2.0030722432322863
21 2.103072243247308
22 2.1907521483528964
23 2.240675530298453
24 2.2946032152260405
25 2.3500884806038145
26 2.3500884806038145
27 2.3500884806038145
28 2.4361804652195387
29 2.4655387083595186
30 2.4655387083595186
31 2.4963588801435797
32 2.5667579306059967
33 2.629273056482781
34 2.7052896890131266
35 2.789399387681619
36 2.834929274643108
37 2.888224630481288
38 2.9347310074555204
39 3.016585488046118
40 3.016585488046118
41 3.016585488046118
42 3.0839760127615325
43 3.0839760127615325
44 3.162464860707102
45 3.162464860707102
46 3.25053182952094
47 3.320450072921362
48 3.320450072921362
49 3.420450072921362
