0 1.0969284789884466
1 1.1549023961181908
2 1.243268717762201
3 1.3432687177622011
4 1.4376088911499303
5 1.4376088911499303
6 1.536064770221044
7 1.6319709448012174
8 1.7251821954601736
9 1.8203949660035998
10 1.8203949660035998
11 1.8851437128414597
12 1.8851437128414597
13 1.9364832765583557
14 1.9364832765583557
15 1.9364832765583557
16 1.989763900345033
17 1.989763900345033
18 2.038380756596473
19 2.102031524809954
20 2.152345771187315
21 2.2463754094937958
22 2.3355592090281463
23 2.3946636563644095
24 2.3946636563644095
25 2.3946636563644095
26 2.42850329087375
27 2.42850329087375
28 2.5123777808524066
29 2.5431824104411627
30 2.5431824104411627
31 2.5902615035197414
32 2.6726987292823514
33 2.746102881406757
34 2.8150795299628246
35 2.9150795299628247
36 2.984120871016589
37 3.0489153310769765
38 3.0489153310769765
39 3.1469624431443712
40 3.1469624431443712
41 3.1469624431443712
42 3.1469624431443712
43 3.239936897804722
44 3.339936897804722
45 3.339936897804722
46 3.339936897804722
47 3.339936897804722
48 3.391812542456627
49 3.4890573668681792
