0 -0.0017856325983154613
1 -0.002795804127304761
2 -0.0013608946063714726
3 -0.0025615005701438986
4 -0.0008662252417698113
5 -0.002460084058838268
6 -0.0014122444595229381
7 -0.002492007842779578
8 -0.0011781435609099365
9 -0.001183802494306654
10 -0.0028788586612790825
11 0.0
12 -0.0014087049540827395
13 -0.0009275271311744638
14 0.0
15 0.0
16 -0.002632965100929141
17 -0.0026107269572094084
18 -0.0026439683511853217
19 -0.0026556665310636164
20 -0.0019276697848435815
21 -0.0010466920900047733
22 -0.0014004490900782832
23 -0.002503474277909845
24 -0.0025645133340731264
25 -0.001941318782400731
26 -0.0019056832734793954
27 3.9308001328130155e-05
28 -0.0024763715453445913
29 -0.007239036287744591
30 0.0004153722363864652
31 -0.0008345961198900178
32 -6.43646081555698e-05
33 0.0
34 -0.0017459925992300558
35 -0.0028547673719003797
36 0.000326796290039653
37 0.0
38 -0.0011677145301324486
39 -0.002701156248804182
40 0.0
41 0.0004989035987052555
42 0.0
43 0.0
44 0.0
45 -0.0003413268879703731
46 -0.0011967164004135565
47 -0.002587504335679114
48 0.0
49 0.0
