0 0.0
1 0.00028114407372670995
2 0.00025451351091355153
3 0.00033621557213900165
4 2.3976103040249085e-05
5 -1.4114853033106692e-05
6 -6.741199350258824e-06
7 0.0
8 0.001229929455236523
9 0.00020148738243995785
10 0.0
11 0.0
12 0.0009741904975979533
13 0.00010384460314863826
14 0.001393099531501161
15 0.0
16 0.002877050741528784
17 0.0025717306284086107
18 0.0019694940570610157
19 0.0
20 0.0
21 0.0
22 0.0004095881064507834
23 0.002561893844915766
24 0.001062109878216689
25 0.0013175989249822658
26 0.002303302364287885
27 0.0021369576771852307
28 0.0016558496624348362
29 0.0
30 0.0
31 0.0010682962135851828
32 2.4863435882049698e-05
33 0.00040310704376937727
34 0.0005078405648467994
35 -0.00033854360227581403
36 0.0013063452786985037
37 0.0006402647386990563
38 0.0
39 0.005405965176775902
40 0.0008625952825425912
41 0.00024740133469369616
42 8.183590344744345e-05
43 -0.00018510388771519028
44 -0.00016396173395836434
45 0.0
46 0.0007376653559990844
47 0.004081339249541942
48 0.001312232754058146
49 0.00019770893122296536
