0 2.3096396975543514
1 2.3096396975543514
2 7.247641555782316
3 2.2549974559962362
4 3.023022622332208
5 1.7638556973346178
6 6.250855273160415
7 1.667627416353574
8 5.356625199139029
9 2.06279758783267
10 3.470479409893851
11 2.1005708307191813
12 2.6041761726782044
13 1.7291019535947287
14 2.4109942472356747
15 1.7845613748923488
16 2.060216204412822
17 2.4080624710982774
18 1.428192501130135
19 1.4801459979450422
20 1.7673549813709002
21 1.357157010534753
22 1.710021913797036
23 1.6778914347298448
24 1.427850622901802
25 1.3244140743314772
26 1.2403603538744088
27 1.2123182843243139
28 1.1488531307914127
29 1.2395345170596888
30 1.125002759435643
31 1.1414098592625075
32 1.561104135581289
33 1.6213388972547187
34 1.4311109808100766
35 1.0934547619738537
36 1.2603895183859497
37 1.1251831092853555
38 2.4922146490062698
39 1.151019100668193
40 1.0913002855363878
41 1.0938856168768893
42 1.5078409823135712
43 1.022786151981163
44 1.164668224673679
45 1.266721780834465
46 1.2614847411806431
47 1.1632496831475525
48 1.3999112226057793
49 1.1360541921725804
50 1.172729927310352
51 1.1802261993848067
52 1.281251231660361
53 1.1107946888931755
54 1.1663728611596886
55 1.2030640297260446
56 1.3689921316115363
57 1.1738250685251015
58 1.0853218949395695
59 1.2575874326526075
60 1.193002589140134
61 1.2232582549442943
62 1.1568651137619153
63 1.2847699301131907
64 1.323381394490771
65 1.3176333414667425
66 1.267645343593981
67 1.3241702435075073
68 1.25895800600653
69 1.285762591264199
70 1.2627296648125699
71 1.2802073727135899
72 1.3385346365786004
73 1.2476999415583228
74 1.4546964101757986
75 1.352578041611939
76 1.2692260745169224
77 1.3628116503782783
78 1.3249867318450599
79 1.4832339953815656
80 1.3988235939318325
81 1.4050633555772962
82 1.4243732260846687
83 1.5020642732607836
84 1.3439631776370782
85 1.3657626270234078
86 1.423994539379179
87 1.4503327323652138
88 1.4104983941980336
89 1.4546287916731155
90 1.3569578185207907
91 1.3574388449999497
92 1.3978873479360339
93 1.5233120561659843
94 1.4375717914241621
95 1.362879465674686
96 1.4481274176383387
97 1.3124701935032
98 1.3758584388558301
99 1.3405073615775935
