0 2.3096396975543514
1 2.3096397013709566
2 7.247641555782316
3 2.254997467446053
4 3.0230225612665187
5 1.7638557393172791
6 6.250855367144327
7 1.6676274154590571
8 5.3566252667645085
9 2.0627977656626357
10 3.470479238623676
11 2.1005710196411567
12 2.6041761993944434
13 1.729101915309404
14 2.4109947671885488
15 1.784561354914804
16 2.0602161791874445
17 2.4080625818991077
18 1.4281925126992208
19 1.4801459887315178
20 1.767354767879526
21 1.3571570401432635
22 1.7100220089736373
23 1.677891662354586
24 1.4278511122025628
25 1.3244139790952414
26 1.2403604039673568
27 1.2123185430484273
28 1.1488528660442185
29 1.239534595717544
30 1.1250027642064002
31 1.1414099233993713
32 1.5611041491183117
33 1.6213391196316276
34 1.4311109658716439
35 1.093455001585122
36 1.2603894460493472
37 1.1251831452151189
38 2.492215263956842
39 1.1510195417843085
40 1.0913002126034408
41 1.0938856957434653
42 1.5078409925408813
43 1.0227864449652748
44 1.164667837318031
45 1.2667218571665766
46 1.26148484879103
47 1.1632496700876054
48 1.3999112889789354
49 1.1360542492427605
50 1.1727298842542704
51 1.180225789099708
52 1.2812513815813986
53 1.1107952311791558
54 1.1663728374848072
55 1.203063732746424
56 1.3689919048813117
57 1.1738253713787168
58 1.0853219917561185
59 1.2575874473226851
60 1.1930027037873872
61 1.2232587292171706
62 1.156865440051874
63 1.2847698691965879
64 1.3233815173377628
65 1.3176336290241182
66 1.267645162364851
67 1.324169543995268
68 1.2589580721411484
69 1.2857623540383092
70 1.2627304401202104
71 1.2802071046566832
72 1.3385343451449847
73 1.247699857831538
74 1.4546958078677323
75 1.3525789948091798
76 1.269226438883485
77 1.3628125063713459
78 1.324986374157557
79 1.4832329565492375
80 1.3988229847061688
81 1.4050643267543272
82 1.4243727923632263
83 1.5020647156292226
84 1.3439631685130056
85 1.3657624774005426
86 1.423994873689973
87 1.4503330587446241
88 1.4104993202019596
89 1.4546285521214817
90 1.3569588704727005
91 1.3574390017193159
92 1.3978867441371061
93 1.5233110607475444
94 1.4375716825316345
95 1.3628795798150464
96 1.4481282932511446
97 1.312470206682416
98 1.3758586242593724
99 1.3405066516889579
