0 2.301478556479854
1 2.301478556479854
2 4.6727254062727015
3 1.5154694634834012
4 1.9993687142366883
5 0.4981201090414325
6 0.451837040107509
7 0.2852510154515639
8 0.2431922331415098
9 0.1913859000901928
10 0.17997358934306215
11 0.13950475282210478
12 0.10974876131077836
13 0.09972455232903145
14 0.10235794699224846
15 0.09335100956600328
16 0.08115483666693288
17 0.07639035283438321
18 0.06993066143615356
19 0.07410647015293698
20 0.053481156703433196
21 0.06159700269812253
22 0.05509671602461519
23 0.0543940997435122
24 0.052334609820697084
25 0.04296562013604407
26 0.04234217698084821
27 0.04176710571605934
28 0.041974034253437965
29 0.04288016960806138
30 0.0482658580581044
31 0.04421908387810872
32 0.04906261356515095
33 0.07001893828087684
34 0.07519607770425818
35 0.05037923173032228
36 0.05179373720234978
37 0.04434885596111044
38 0.036910914193760566
39 0.03815592604433291
40 0.044996731013190995
41 0.03820993214990783
42 0.03635572691519315
43 0.03745299685398641
44 0.035223943088390025
45 0.03288115590225846
46 0.031013842304169634
47 0.032137786319270625
48 0.032206400451152535
49 0.03064945851705513
