0 2.3096396975543514
1 2.3096396975543514
2 7.247641555782316
3 2.2549974559962362
4 3.023022622332208
5 1.7638556973346178
6 6.250855273160415
7 1.667627416353574
8 5.356625199139029
9 2.06279758783267
10 3.470479409893851
11 2.1005708357881105
12 2.6041762767403407
13 1.7291019193645476
14 2.410994305737082
15 1.7845612919408123
16 2.0602160919422268
17 2.4080626430840657
18 1.428192556232378
19 1.480145849216694
20 1.7673549882288633
21 1.3571568861372654
22 1.71002212728841
23 1.677891663517458
24 1.4278507936352667
25 1.3244141868915242
26 1.2403604688496517
27 1.2123186228095204
28 1.1488529393647897
29 1.239534586682923
30 1.1250029217010142
31 1.1414098740220369
32 1.561104020069336
33 1.6213389820251065
34 1.4311110259533644
35 1.0934547846051321
36 1.2603896008902278
37 1.125182750643701
38 2.4922149826610847
39 1.1510192136754984
40 1.0913002667515321
41 1.0938855575107824
42 1.5078410178557105
43 1.0227860623207492
44 1.1646680339924869
45 1.2667216462693016
46 1.2614847520341153
47 1.1632493128175434
48 1.3999114327278062
49 1.1360539217899297
50 1.1727299090025722
51 1.1802258156370438
52 1.2812515637050454
53 1.1107948137081045
54 1.166372861189506
55 1.2030634408953669
56 1.368992152483598
57 1.1738247891078297
58 1.0853216983247482
59 1.2575871103283405
60 1.1930022075093945
61 1.2232588299994114
62 1.1568655264920267
63 1.2847699977088536
64 1.3233812594783492
65 1.3176331356085795
66 1.2676456303462915
67 1.324170457237419
68 1.2589581973437014
69 1.2857626544170944
70 1.2627299037678592
71 1.2802068479303244
72 1.3385350067297062
73 1.2477010190934166
74 1.4546953666919824
75 1.3525785385160938
76 1.2692266674027435
77 1.3628121121279175
78 1.3249868043605657
79 1.4832331574279227
80 1.398823841534119
81 1.4050640918839985
82 1.4243735302800593
83 1.5020635564545501
84 1.3439634273265706
85 1.3657625451452915
86 1.4239947878759822
87 1.450333557586899
88 1.4104993582189291
89 1.4546278967983786
90 1.3569585626396077
91 1.3574379347395218
92 1.3978865228336175
93 1.523310972250003
94 1.4375712897790678
95 1.3628788843579505
96 1.4481289981304855
97 1.312470423394051
98 1.3758574583460057
99 1.3405067316587713
