0 0.0
1 0.001066571826631825
2 0.0
3 -0.0028953056316822767
4 -0.0029675988868499794
5 -0.002656901992547015
6 0.00425857812357463
7 -0.0020946604146937255
8 -0.0011843588693275081
9 -0.00097834209375494
10 -0.002546676502485449
11 -0.0017606201145099476
12 0.0
13 0.003152838783707588
14 -0.004008614579406615
15 0.0
16 -0.0028000985737890007
17 -0.00030230400222800807
18 0.00634019623479576
19 -2.4894283892370287e-05
20 -0.0028714459855109452
21 0.0
22 0.0
23 -0.0007200298032415694
24 -0.0023620536143425853
25 -0.0010506984224775806
26 0.0
27 0.0
28 -2.6134266285749836e-05
29 0.0
30 0.0
31 0.0003439345549225027
32 -0.0005464490556363221
33 0.00015067090964693516
34 -0.0007793562855501547
35 -7.61422864268129e-05
36 -0.0008562457985953363
37 -0.00011242809003009787
38 0.0
39 -0.0027218597242608666
40 -0.0009999676745110265
41 -0.0026646718033589423
42 0.0
43 0.0002998394506312786
44 -0.0010593720474637981
45 -0.002628187387017533
46 -0.0004941066817390193
47 0.0
48 -0.0005456011937773304
49 0.0
