0 1.021409829149857
1 1.042014271309279
2 1.066900609976856
3 1.066900609976856
4 1.066900609976856
5 1.066900609976856
6 1.066900609976856
7 1.066900609976856
8 1.066900609976856
9 1.066900609976856
10 1.066900609976856
11 1.1122280546983638
12 1.1363013760705498
13 1.1603231111551213
14 1.1603231111551213
15 1.182013825662522
16 1.2027764945871604
17 1.2229071404454896
18 1.2441021888772303
19 1.2670852877858931
20 1.2670852877858931
21 1.286499061716122
22 1.3070405367935483
23 1.3256766315299426
24 1.3463382189133968
25 1.3766552673027292
26 1.3934303916712445
27 1.4087693622285946
28 1.4339718538551165
29 1.4339718538551165
30 1.4520711116803418
31 1.473233510355788
32 1.4871998596618574
33 1.5042527711047997
34 1.5265174998587407
35 1.543045273969127
36 1.55660955282575
37 1.5808604623280995
38 1.6013160019425818
39 1.6162264867722715
40 1.6162264867722715
41 1.6378768775162627
42 1.6526864922609212
43 1.6702877268222134
44 1.6823988491527944
45 1.6823988491527944
46 1.7029296076634122
47 1.7029296076634122
48 1.7247836836522024
49 1.7335494927679729
