0 1784
1 5946
2 5946
3 5946
4 5946
5 5946
6 5946
7 5946
8 5946
10 5946
12 5946
13 5946
14 5946
15 5946
16 5946
17 5946
18 5946
19 5946
23 5946
26 5946
27 5946
29 5946
33 5946
34 5946
36 5946
38 3801
39 5945
42 5946
43 5946
44 5946
48 5946
49 5946
54 5946
55 5946
58 5946
59 5946
61 0
62 0
63 5945
65 5946
68 5946
70 5946
71 5946
72 5946
74 5946
77 4685
78 5945
79 5946
80 5946
81 5020
82 2843
83 5946
84 4124
85 2474
86 4644
87 4508
89 5946
90 5946
91 5946
94 5946
95 5946
97 4742
98 0
99 5945
100 2961
101 5946
102 5946
103 5946
104 1
105 1
106 0
107 0
108 5946
109 5946
110 3919
112 5946
113 5946
114 5946
115 5613
116 0
117 0
118 5945
119 5946
120 1
125 0
126 5946
128 5946
130 5946
132 5946
133 5946
135 0
136 1719
137 1031
139 0
140 5945
141 5946
143 0
144 0
146 5946
147 4910
148 3456
149 2073
150 0
151 0
152 0
153 0
154 5946
155 3
158 883
159 5945
160 3567
161 0
163 0
164 5945
165 5946
166 0
167 0
168 0
170 0
171 5946
174 3567
175 0
177 0
180 5946
181 5946
182 5946
183 2
184 0
185 5946
186 0
187 0
188 0
189 0
190 0
191 0
193 0
194 0
195 0
196 0
198 0
200 0
202 0
204 0
206 98
207 5945
209 1
211 5946
212 5837
213 5155
214 5946
218 0
219 1596
220 957
223 5946
224 0
225 5946
226 3567
227 0
228 4851
229 0
230 5946
231 3567
233 2140
234 5946
235 0
238 0
239 5945
240 4994
241 5946
242 4792
243 0
244 5946
245 0
247 0
248 0
249 0
250 0
251 1212
254 3900
255 0
256 5946
257 0
258 0
259 5946
260 5946
261 0
264 0
265 5945
266 5946
269 3567
270 5946
272 4
273 5945
275 5946
277 3567
278 5945
279 4631
281 0
282 5946
284 3567
287 5946
289 0
290 5946
291 3567
292 0
293 0
294 5945
297 3567
299 2
301 1
302 0
305 0
307 0
308 0
309 0
310 0
312 2995
313 0
315 3136
317 1881
318 0
319 5945
320 3567
324 0
325 0
327 0
329 5945
330 0
331 5946
333 3567
334 0
335 0
336 0
337 0
338 1232
339 0
340 0
341 5945
342 815
343 0
344 0
345 0
347 0
348 5946
350 0
351 0
352 0
353 5945
354 1
355 0
356 0
358 0
359 0
361 0
362 5946
363 3567
364 0
366 1
368 5946
369 3237
372 0
373 5945
374 0
375 5945
376 3567
378 0
379 3892
381 833
384 0
385 0
387 0
388 5946
389 5946
391 5946
392 0
393 0
395 5945
397 3567
399 2411
400 0
401 3085
403 5946
404 3481
407 5946
408 0
409 0
411 0
413 0
414 0
415 0
416 0
419 5946
420 0
421 0
422 0
423 0
427 661
428 396
430 0
431 750
432 556
435 2883
436 0
437 0
438 0
442 0
443 0
445 0
446 0
447 0
448 5946
450 5946
451 0
454 882
455 529
456 317
457 1541
458 0
459 0
462 0
463 0
465 0
466 0
468 5945
469 5946
470 3134
472 0
473 0
474 0
476 0
477 4288
478 2572
479 5946
480 0
482 0
483 0
484 0
485 0
487 0
488 0
491 0
492 0
494 0
496 0
497 3676
498 3388
499 2032
