1 0
2 5847
9 5848
11 5848
12 5848
13 5848
15 5848
17 5848
18 5848
20 5848
22 5848
23 5848
24 5848
25 5848
29 5848
30 5848
31 5848
32 5179
33 1
34 5847
35 5848
37 5848
38 5848
39 5848
40 5043
41 5847
42 5848
43 5848
44 5143
45 3739
46 3
48 5848
50 5848
51 5848
53 5848
54 1
57 0
58 5847
59 5848
60 5848
61 5848
62 5848
64 3508
65 2104
66 5812
67 3596
68 5847
69 5848
70 5848
72 5848
74 5848
75 2
78 0
79 5847
80 5848
81 5848
82 5848
83 1
84 0
85 0
86 0
88 0
89 5847
92 5848
93 5848
94 3508
95 5847
96 3508
97 2
99 0
101 0
103 5848
104 5848
105 5848
106 5848
108 0
109 0
111 0
113 5847
114 0
117 5848
122 5848
123 5179
124 5848
126 5848
127 0
128 0
129 0
130 0
131 0
133 0
134 0
135 5848
136 5848
137 3508
138 5848
139 1
141 2824
142 1694
145 76
149 45
150 5847
154 5848
156 0
157 0
158 5847
160 3508
162 5848
163 463
164 0
168 0
170 0
172 0
174 0
176 5847
177 5848
178 5848
179 0
180 5848
184 1
185 0
186 0
189 0
190 5847
191 5848
193 3508
197 5847
198 5848
199 5848
202 3508
203 0
204 3129
205 1877
206 0
207 0
209 0
211 5848
212 3956
213 3451
214 1
215 0
217 0
218 0
219 0
220 0
221 5848
222 3508
225 0
226 0
227 1798
229 0
230 3355
231 2013
235 5848
236 0
237 0
238 0
239 5848
241 0
243 2189
244 0
245 0
246 5848
249 3508
250 3
251 0
252 2175
253 1305
254 0
256 0
257 0
259 0
262 0
263 0
266 0
267 0
268 0
269 0
270 5847
272 1
273 0
276 0
277 0
279 0
281 4241
282 1372
283 2508
284 1504
285 0
286 0
287 5848
288 0
289 0
290 0
291 0
292 0
293 0
295 0
296 0
298 0
300 0
301 0
302 5848
303 0
304 0
305 0
307 0
308 0
309 0
310 5848
311 3508
313 0
314 0
315 0
316 0
317 0
318 0
319 0
320 0
321 0
323 0
324 0
325 0
326 0
329 0
330 5848
332 0
333 0
334 0
335 0
337 0
338 591
341 4
346 0
347 5847
348 5847
349 0
350 4626
353 5848
355 3782
358 0
360 0
361 0
362 0
363 0
366 0
367 0
369 0
370 1214
371 0
372 5848
373 1
374 142
375 5848
376 3508
378 0
379 0
381 0
382 0
383 0
388 5054
390 0
391 463
392 0
393 0
394 0
395 0
396 2512
399 1507
400 0
402 5848
403 5848
405 0
406 0
407 0
408 5848
409 5848
410 3508
411 0
412 0
413 0
414 0
416 0
417 0
418 0
419 0
420 0
421 0
423 0
425 1541
426 3108
427 0
428 0
429 0
430 0
431 0
433 5847
434 0
436 1529
437 917
438 4108
439 2464
440 0
442 0
444 0
445 0
447 0
448 0
451 0
452 0
453 0
454 897
455 538
456 399
457 1337
460 0
461 1404
462 842
465 5848
466 3508
467 3
469 0
470 0
473 0
476 1854
477 5848
478 5051
480 0
483 0
484 0
486 5847
487 3508
489 2104
490 1262
491 5848
492 3508
493 2104
494 0
495 3
496 0
498 0
499 0
