0 0.001303335109821938
1 0.0
2 0.0
3 0.001167806478177851
4 0.0007690442456287758
5 0.0010230312749500074
6 0.0010019825204664635
7 0.0
8 0.000855827377903404
9 0.000899529604367054
10 0.0008121561218539217
11 0.0005594737687704075
12 0.0006826681266851313
13 0.0006175095576898548
14 0.0004021415142012412
15 0.00043754543743396645
16 0.0004985779208928675
17 0.0004708351124154287
18 0.00046674655090401683
19 0.0004095914088706723
20 0.00013989883789321584
21 0.0003043805630745327
22 0.0001556627318349843
23 0.00014446528891561266
24 4.230233781901404e-05
25 0.0
26 0.0
27 0.0
28 0.0
29 0.0
30 0.0003976830236438956
31 0.0001733935313614386
32 0.0003193609763989479
33 0.0
34 0.0
35 0.00017002593321367547
36 0.00026752095336918615
37 0.00018729130983364102
38 0.0
39 0.000249486392507306
40 0.0
41 0.00042612159922163207
42 0.0003186718691629283
43 0.0
44 6.633911479913019e-05
45 0.0
46 0.00032647039894454367
47 0.00018059592015046895
48 0.00020506903820597785
49 0.00036080046717178524
50 0.0
51 0.0
52 0.00028708663945965285
53 0.0
54 0.00015037917094233415
55 0.0003326247888360861
56 0.0
57 0.0003029110676297417
58 0.0
59 0.0003579305906455486
60 0.0
61 0.00030388191822323783
62 0.00035113607543672603
63 0.0
64 0.0
65 0.0005113371820345107
66 0.00046185089804222184
67 0.0003949993924300708
68 0.00016480783980057803
69 0.0002494820471208675
70 0.00019421681235788984
71 0.0
72 0.0
73 0.00015529307624296293
74 0.0005405175952035044
75 0.00031629815463143186
76 0.0002823725403734419
77 0.00023694230364687088
78 0.00022774360290584252
79 0.0002815503244159652
80 0.00021448370279934572
81 0.00046475628386647723
82 0.0002221346858193504
83 0.00027132907342510026
84 0.00021433251374901858
85 0.0004933473267947536
86 0.0003549078233500535
87 0.0002209594989064589
88 0.0002209594989064589
89 0.0002241641478553485
90 0.00015679933136325837
91 0.0
92 0.00021738757300354374
93 0.0001277373836346077
94 6.392728757701781e-05
95 0.0002607106554025433
96 0.0
97 0.0003432043253643856
98 0.0
99 0.0
