0 -0.0003861733658731668
1 -0.00028859833655591155
2 0.0
3 0.0
4 -0.0006149727703313944
5 0.0
6 -0.00013260372412182556
7 -8.707501105446628e-05
8 0.0
9 -3.317075982017625e-05
10 4.0925814301448975e-05
11 0.0
12 0.0
13 3.572276963003777e-05
14 0.0
15 -4.108037306039639e-05
16 0.0
17 0.0001322158388731673
18 0.00017254511149605829
19 0.0
20 -0.00011670779955286855
21 0.000134214942270063
22 2.7088851441724934e-05
23 6.580344173845558e-05
24 3.707921037482204e-05
25 5.488419978839922e-05
26 0.0
27 3.855331029033248e-05
28 7.34603900426988e-05
29 0.00011984392086844176
30 0.00016836866838635615
31 5.4930688244041054e-05
32 0.0
33 9.642887457859274e-05
34 0.0
35 3.000459156862529e-05
36 0.00012034376092869497
37 0.0
38 0.00023542443068979516
39 8.475877978886387e-05
40 2.2087806612530143e-05
41 0.0
42 0.0
43 0.0
44 -0.00011825822336801166
45 3.7988004154104946e-05
46 0.0
47 -2.865770863096646e-05
48 0.0
49 0.0
50 0.0
51 0.0002526857641413494
52 7.273247069583705e-05
53 3.344890294814597e-05
54 -0.00010785182184431748
55 0.0
56 9.04415630026489e-06
57 5.237156831518784e-05
58 9.301337143620064e-05
59 5.5652825157165254e-05
60 0.0
61 0.0
62 0.0
63 0.0
64 0.0
65 0.00015282417965167749
66 0.0
67 6.751097981461987e-05
68 -0.00018231796761841645
69 -6.906638996526423e-05
70 -5.261057949659991e-05
71 6.830869846921345e-05
72 6.57924688099807e-05
73 0.0
74 0.0001200960052906092
75 0.0
76 4.695259582547518e-06
77 0.0
78 0.0
79 0.0
80 0.0
81 0.0001329031334988668
82 -0.00010948312457096434
83 0.0
84 -0.0001158967268949366
85 0.0
86 8.554920558511953e-05
87 -0.00012762698287349292
88 -0.00012762698287349292
89 -8.20481121943754e-05
90 -9.447930377404872e-05
91 -2.1562644918995914e-05
92 -4.1497472038556415e-05
93 -0.00020508000268440094
94 0.0
95 0.0
96 0.0
97 1.5247230891377249e-05
98 -0.00015097622841087405
99 -4.198859521353759e-05
