0 1.0054851698351974
1 1.0135032609981336
2 1.022001956516037
3 1.0331838691692132
4 1.0331838691692132
5 1.0331838691692132
6 1.0431631981294751
7 1.05621482821574
8 1.0677381511358595
9 1.0856902748252282
10 1.0856902748252282
11 1.094539479143621
12 1.094539479143621
13 1.106177271453204
14 1.1261772714532041
15 1.1261772714532041
16 1.1261772714532041
17 1.1261772714532041
18 1.1261772714532041
19 1.1373434500488835
20 1.1573434500488835
21 1.1758632286780013
22 1.1758632286780013
23 1.1758632286780013
24 1.1906495751480473
25 1.2079055998154196
26 1.2079055998154196
27 1.222930266170829
28 1.242930266170829
29 1.242930266170829
30 1.242930266170829
31 1.242930266170829
32 1.242930266170829
33 1.2579891205028069
34 1.276965811292996
35 1.296965811292996
36 1.296965811292996
37 1.296965811292996
38 1.296965811292996
39 1.3114627125088845
40 1.3309822249172807
41 1.3469923353694049
42 1.366992335369405
43 1.366992335369405
44 1.3833318554093317
45 1.4033318554093317
46 1.4188546499918688
47 1.4388546499918689
48 1.4588546499918689
49 1.4768407030211181
50 1.4768407030211181
51 1.491436303780146
52 1.491436303780146
53 1.5033756453865945
54 1.5223695745173056
55 1.5223695745173056
56 1.5223695745173056
57 1.5384135361706612
58 1.5384135361706612
59 1.5384135361706612
60 1.5510762643715028
61 1.5697499854151993
62 1.5897499854151993
63 1.6097499854151993
64 1.628581404811103
65 1.6451103813004029
66 1.662098386261559
67 1.6794251293744389
68 1.6970109576385
69 1.7170109576385
70 1.7370109576385
71 1.7545511143670536
72 1.7545511143670536
73 1.7666552027929388
74 1.7856474701937022
75 1.8005575511552911
76 1.8176600334719328
77 1.8176600334719328
78 1.8176600334719328
79 1.8176600334719328
80 1.831132101774901
81 1.831132101774901
82 1.8407592625246927
83 1.8607592625246927
84 1.8807592625246927
85 1.8807592625246927
86 1.8807592625246927
87 1.8807592625246927
88 1.8980021981895097
89 1.8980021981895097
90 1.9106927746172937
91 1.9270890437881585
92 1.9378677638316022
93 1.9515732515620678
94 1.9515732515620678
95 1.9627531248460224
96 1.9627531248460224
97 1.9627531248460224
98 1.97171714108887
99 1.99171714108887
