0 1.0
1 1.0
2 1.0
3 1.0047165404340974
4 1.0204472548558547
5 1.0357792119087585
6 1.0557792119087586
7 1.0643196105423605
8 1.0843196105423605
9 1.0843196105423605
10 1.101266610839118
11 1.121266610839118
12 1.121266610839118
13 1.121266610839118
14 1.1374489850138347
15 1.1574489850138348
16 1.1774489850138348
17 1.197162881181584
18 1.217162881181584
19 1.237162881181584
20 1.237162881181584
21 1.257162881181584
22 1.257162881181584
23 1.257162881181584
24 1.277162881181584
25 1.297162881181584
26 1.297162881181584
27 1.317162881181584
28 1.317162881181584
29 1.3308870951079932
30 1.3308870951079932
31 1.3463461300208348
32 1.3663461300208348
33 1.3863461300208348
34 1.4063461300208349
35 1.4063461300208349
36 1.4236883055075442
37 1.4436883055075442
38 1.4436883055075442
39 1.4636883055075443
40 1.4836883055075443
41 1.4836883055075443
42 1.4836883055075443
43 1.4836883055075443
44 1.5036883055075443
45 1.5036883055075443
46 1.5036883055075443
47 1.5212190701453425
48 1.5212190701453425
49 1.5378044334958616
50 1.5578044334958616
51 1.5778044334958616
52 1.5978044334958617
53 1.6178044334958617
54 1.6378044334958617
55 1.6578044334958617
56 1.6578044334958617
57 1.6578044334958617
58 1.6778044334958617
59 1.6978044334958617
60 1.7178044334958618
61 1.7378044334958618
62 1.7378044334958618
63 1.7378044334958618
64 1.7578044334958618
65 1.7778044334958618
66 1.7978044334958618
67 1.8178044334958618
68 1.8378044334958619
69 1.8378044334958619
70 1.8378044334958619
71 1.8578044334958619
72 1.877804433495862
73 1.897804433495862
74 1.917804433495862
75 1.937804433495862
76 1.9571236244496066
77 1.9771236244496067
78 1.9971236244496067
79 2.0171236244496065
80 2.0171236244496065
81 2.036688205226563
82 2.036688205226563
83 2.04978681086904
84 2.04978681086904
85 2.06978681086904
86 2.08978681086904
87 2.10978681086904
88 2.1097868108683344
89 2.1097868108683344
90 2.1297868108683344
91 2.1497868108683345
92 2.167033998909324
93 2.187033998909324
94 2.206962301119431
95 2.226962301119431
96 2.246962301119431
97 2.246962301119431
98 2.246962301119431
99 2.262781718722803
