0 1.0196145195598867
1 1.0380957084355757
2 1.056746622319953
3 1.056746622319953
4 1.0758589364721522
5 1.0958589364721523
6 1.1131805975892455
7 1.1331270051612317
8 1.1331270051612317
9 1.1531270051612317
10 1.1531270051612317
11 1.1531270051612317
12 1.1727915648573801
13 1.1727915648573801
14 1.1893929316541503
15 1.2000970637653614
16 1.213701885169144
17 1.213701885169144
18 1.2252398515774625
19 1.2364869306675748
20 1.2474686276530942
21 1.2474686276530942
22 1.2586875591489863
23 1.2786875591489864
24 1.2786875591489864
25 1.2888240557865474
26 1.2997724584406527
27 1.3116615963811018
28 1.3219508397881188
29 1.3307072188218294
30 1.3438948368575492
31 1.35305619664468
32 1.35305619664468
33 1.362337801402807
34 1.370570453273071
35 1.3817890938201338
36 1.3817890938201338
37 1.388951594981116
38 1.396436035807362
39 1.4056670780849871
40 1.4140906224683516
41 1.4233892170998714
42 1.4333658568618042
43 1.4533658568618042
44 1.4634563508389347
45 1.4634563508389347
46 1.4634563508389347
47 1.4719621159751348
48 1.4828028733204879
49 1.4828028733204879
50 1.4890973154271026
51 1.4976912245747465
52 1.5064237901553637
53 1.5064237901553637
54 1.5064237901553637
55 1.5064237901553637
56 1.5140974350515328
57 1.5223937757245583
58 1.5305239802124075
59 1.537883421328185
60 1.537883421328185
61 1.545608342507328
62 1.5547046127050559
63 1.5654144815427375
64 1.5756776411251232
65 1.5756776411251232
66 1.5837738303113365
67 1.5913666905903023
68 1.5913666905903023
69 1.6025114787634225
70 1.6025114787634225
71 1.6025114787634225
72 1.6097047546447014
73 1.6177840221238295
74 1.6264830258631746
75 1.6344709142581468
76 1.6453575613124953
77 1.6557552520730052
78 1.6557552520730052
79 1.6646488664582706
80 1.6746347632486753
81 1.6849988138740175
82 1.6954224699264449
83 1.7071697941289075
84 1.7071697941289075
85 1.7203169878116527
86 1.7297782773794614
87 1.7433764603188242
88 1.7633764603205926
89 1.7813302312551857
90 1.7813302312551857
91 1.7916353228753954
92 1.8008459529338123
93 1.8008459529338123
94 1.811503617302744
95 1.8217418377236239
96 1.83391981166831
97 1.8506117752724682
98 1.8706117752724682
99 1.8706117752724682
