0 1.017268803096858
1 1.035812106768372
2 1.0528780847228842
3 1.0528780847228842
4 1.0728780847228843
5 1.0918510469658735
6 1.1089539787974612
7 1.1089539787974612
8 1.1269786603643601
9 1.1269786603643601
10 1.1269786603643601
11 1.1426654715446563
12 1.1623541871214536
13 1.1784476995468958
14 1.1953056146238048
15 1.2064043118075116
16 1.2196311860029658
17 1.2308452952094584
18 1.2308452952094584
19 1.2308452952094584
20 1.2421188427278766
21 1.2421188427278766
22 1.2531040176831127
23 1.2721987997513582
24 1.2842468796931041
25 1.2842468796931041
26 1.2953852707952977
27 1.3069645228855509
28 1.316905441046062
29 1.325329560767351
30 1.3383631242173082
31 1.3476272306771577
32 1.3547195856827627
33 1.3640543734727542
34 1.3722257852926105
35 1.38360103000324
36 1.38360103000324
37 1.38360103000324
38 1.3906267849685163
39 1.3906267849685163
40 1.3906267849685163
41 1.3987771044711108
42 1.407546717038381
43 1.4257628781351033
44 1.4345835994997544
45 1.4438358506053697
46 1.451527937684204
47 1.451527937684204
48 1.462357992101955
49 1.4707165562233377
50 1.4774373245862384
51 1.4774373245862384
52 1.4853051006073295
53 1.4931905637342024
54 1.5004511311330881
55 1.5004511311330881
56 1.5080569393828924
57 1.5168222715081037
58 1.5255091167785217
59 1.5333606984843267
60 1.5439882597775276
61 1.5527035217157437
62 1.5639141593299786
63 1.5639141593299786
64 1.5639141593299786
65 1.5697118906358158
66 1.5697118906358158
67 1.5697118906358158
68 1.5761405800868504
69 1.5861208147856756
70 1.5953628780945555
71 1.5953628780945555
72 1.603309418815323
73 1.603309418815323
74 1.603309418815323
75 1.603309418815323
76 1.6101008438555435
77 1.6162637471868464
78 1.6231243883709605
79 1.6231243883709605
80 1.6231243883709605
81 1.6317759239614191
82 1.6317759239614191
83 1.6384311061906793
84 1.651946312263145
85 1.6605150564001743
86 1.6665055951333048
87 1.6750996091817896
88 1.6901981414592595
89 1.705608666503152
90 1.7201821574691016
91 1.7201821574691016
92 1.7301217612083937
93 1.7301217612083937
94 1.7415497164186484
95 1.7511151178408635
96 1.7643644521636341
97 1.7815602552933614
98 1.7977357427639276
99 1.8126395137071754
