0 1.0054180635282235
1 1.0143821242763333
2 1.021656967959605
3 1.021656967959605
4 1.021656967959605
5 1.021656967959605
6 1.0330138778135896
7 1.0330138778135896
8 1.0405111215824114
9 1.0405111215824114
10 1.0570323426418846
11 1.074701914357253
12 1.0910974534067666
13 1.1110974534067666
14 1.1110974534067666
15 1.1110974534067666
16 1.125736839931629
17 1.145736839931629
18 1.1618894941310196
19 1.1618894941310196
20 1.1618894941310196
21 1.1795966973290857
22 1.1995966973290857
23 1.1995966973290857
24 1.2174759915734146
25 1.2362088590708722
26 1.2562088590708722
27 1.2562088590708722
28 1.2691481184349875
29 1.2891481184349876
30 1.3091481184349876
31 1.3291481184349876
32 1.3445375067046357
33 1.3445375067046357
34 1.3445375067046357
35 1.3633187219025018
36 1.3833187219025018
37 1.3988296305365118
38 1.4188296305365118
39 1.437384163299992
40 1.4551070207638686
41 1.4751070207638686
42 1.493746392183295
43 1.493746392183295
44 1.493746392183295
45 1.5108602211359792
46 1.5308602211359792
47 1.5308602211359792
48 1.5502323333032508
49 1.5702323333032508
50 1.5855208112076196
51 1.5855208112076196
52 1.5989961228515683
53 1.5989961228515683
54 1.5989961228515683
55 1.614108232209926
56 1.634108232209926
57 1.654108232209926
58 1.654108232209926
59 1.669877688528176
60 1.669877688528176
61 1.669877688528176
62 1.669877688528176
63 1.6886700715837453
64 1.6886700715837453
65 1.7014545988552623
66 1.7206495290454866
67 1.7206495290454866
68 1.7206495290454866
69 1.7206495290454866
70 1.7381671730237114
71 1.7381671730237114
72 1.7510138747158266
73 1.770962755449989
74 1.770962755449989
75 1.7859684500773834
76 1.8059684500773834
77 1.8216267145073464
78 1.8410009432379908
79 1.8580404169213123
80 1.8780404169213123
81 1.8980404169213123
82 1.9180404169213123
83 1.9180404169213123
84 1.9180404169213123
85 1.9180404169213123
86 1.9180404169213123
87 1.9180404169213123
88 1.9180404169213123
89 1.9380404169213123
90 1.9380404169213123
91 1.9480439899926636
92 1.9680439899926636
93 1.9786221679991574
94 1.9986221679991574
95 2.013613383636691
96 2.0291809617352543
97 2.0291809617352543
98 2.044836859833453
99 2.044836859833453
