0 3.1939945018246054
1 3.1976331115693863
2 5.8550379725788275
4 1.8010831620793513
5 0.3714929321065975
6 0.177839697148054
9 0.047168466667973974
10 0.08431991317897032
11 0.09237100263894493
12 0.028887455000515844
13 0.02665687350347601
14 0.024729672745911955
15 0.26363964807155593
18 0.01526336257723155
19 0.016642063606050056
22 0.008172535763662864
26 0.005251588820628387
27 0.009761939508889723
28 0.04034815575529355
30 0.007466366855753402
31 0.008167410744018732
32 0.008224546254209458
33 0.008089703437401313
34 0.007489909910188721
36 0.0055938714764240715
37 0.006252843269811432
39 0.004917503114426542
40 0.008267128503577867
41 0.007353223573754759
44 0.003126514985310657
45 0.003805271311308562
47 0.003016830594877023
48 0.008300785494275542
