0 3.195152738180897
1 3.195026542777266
3 4.018169879834707
4 1.8006021302472033
5 0.3710802340137902
6 0.17743024299881166
7 0.08892222000190142
8 0.04732719168076849
9 0.04863043652802734
10 0.08479061094055791
12 0.02845451491767373
13 0.026656864685315584
16 0.06610764442024131
17 0.06806298044700532
18 0.015342679895154122
19 0.0165901396053926
20 0.00674056533833332
22 0.007947696431780116
23 0.007873236681243284
24 0.00749633099379897
25 0.005286247859904552
31 0.008265511649383144
33 0.007649703624189207
35 0.005459133648328896
37 0.00628595292860422
38 0.004763856289299721
40 0.00838856075215081
43 0.004139749297982388
44 0.0033038704850114164
45 0.00379104575595847
48 0.008354306641902454
