0 3.1939945018246054
1 3.1976808916752257
2 5.855073937142855
4 1.801116019131584
8 0.044701815326612125
9 0.04843895407332227
10 0.08435458848616963
11 0.09236790547345025
14 0.024798703532238377
15 0.2636236872074108
16 0.0660627204408847
17 0.06811920885125222
18 0.015264448423601796
19 0.01664131573933239
20 0.006564405821157791
21 0.007848143788972667
22 0.008172535109610024
23 0.007765629903625726
24 0.007511149423593975
25 0.00528327911861612
26 0.005251590896366024
27 0.009741069037046622
28 0.04036346832665061
29 0.006993829786965542
30 0.007466366721609428
31 0.008124536701910844
32 0.008227789417963122
33 0.008089717456598478
34 0.007489156617108501
35 0.005543737765947646
36 0.005595115583372699
37 0.006259893149865082
38 0.004763856749315385
39 0.004917503964135221
43 0.0042720061468044255
44 0.0031085492305232575
46 0.0034639690398743104
47 0.002994010737813637
49 0.004682326833613513
