0 3.195152738180897
3 4.017998302167261
4 1.8003700108249372
5 0.3708743759814899
7 0.0889261530404935
8 0.047327172457864275
9 0.048630439593297825
10 0.0845834737974803
11 0.0923457168653185
12 0.028887434626870684
14 0.024918160704759853
15 0.2635930410949048
16 0.06610397056410806
17 0.06807136647324724
19 0.016678944719954014
20 0.0067478417788829625
21 0.007836372738635078
22 0.008172549314436145
23 0.007878083627047821
24 0.007495577102590024
27 0.00983111581005986
28 0.04028721748731423
29 0.0070067498425442215
30 0.007428821323044344
31 0.008310710473421717
32 0.008211020992173912
34 0.007518604348137467
35 0.005526464824973904
39 0.004917509814970079
40 0.008366603484528676
41 0.007329334344612929
42 0.00398676640721972
43 0.0042720016059566305
46 0.003591592926365476
47 0.003153610072384183
48 0.008277267909684555
49 0.004754323915982934
