1 3.195582520763119
2 5.854491461097158
3 4.018340311022223
4 1.800752247228641
5 0.37122678710588175
6 0.17757687833698854
7 0.0889181829239406
8 0.04732721160809855
9 0.048630368840454796
10 0.08510506868371105
11 0.09227746461894165
13 0.026656857914824583
15 0.2639389482329094
16 0.06617154211993097
18 0.014983507356064012
19 0.016338117419524595
21 0.00788415745626228
22 0.008172552380243225
23 0.00792131233210913
25 0.004962578312208369
26 0.00486642641791993
27 0.009531377942559201
28 0.04012082929327715
29 0.007000611600007973
31 0.008214212266552933
32 0.008207125086541617
36 0.005686142586543734
40 0.00810681056448741
41 0.00729268181448202
42 0.003986764915999836
43 0.004272002214093768
44 0.003273315340994765
45 0.0037942682430451716
46 0.0035915949418073726
47 0.0031753729977286177
48 0.00827218793593923
49 0.004754324633129165
