0 3.195152738180897
1 3.1956659517664283
2 5.854809896509003
3 4.018619135316206
4 1.800999996238389
6 0.1778776927437376
7 0.08890982421676047
8 0.047327196290822215
9 0.04863036496280093
11 0.0925704040810626
12 0.02888736937669653
13 0.02665685720246036
14 0.025323843260358896
16 0.06536829133952085
17 0.06757359951535885
18 0.015438385871715699
21 0.007840444210707675
24 0.00753667732851468
26 0.005251587534738548
27 0.009909568383039614
29 0.006748851279247291
30 0.007108887359148465
32 0.008229886088990779
33 0.008116639031601558
36 0.005660790578630393
37 0.006161682790964519
38 0.004765056577367506
39 0.004899049714162052
40 0.008431185968638925
41 0.007311553779283304
42 0.00398676669713545
45 0.003829449638087027
46 0.0035915944714850776
47 0.003223628835269827
48 0.008255555099773909
49 0.004754322097016498
