0 2.334122
1 0.541544
2 0.366168
3 0.236312
4 0.141575
5 0.052514
6 0.034882
7 0.011954
8 0.013904
9 0.033323
10 0.021911
11 0.068216
12 0.043615
13 0.041059
14 0.044021
15 0.013081
16 0.024785
17 0.065670
18 0.063769
19 0.025537
20 0.016192
21 0.024678
22 0.064890
23 0.014603
24 0.011714
25 0.007609
26 0.053207
27 0.009457
28 0.012881
29 0.030179
30 0.007190
31 0.009494
32 0.015744
33 0.010188
34 0.030516
35 0.017467
36 0.014407
37 0.008590
38 0.017366
39 0.007418
40 0.015143
41 0.007468
42 0.011672
43 0.005034
44 0.025627
45 0.003670
46 0.007293
47 0.008988
48 0.004286
49 0.008540
50 0.007977
51 0.006807
52 0.021122
53 0.002586
54 0.007809
55 0.007031
56 0.008054
57 0.015765
58 0.002960
59 0.006275
60 0.009613
61 0.014606
62 0.008884
63 0.002567
64 0.007783
65 0.003300
66 0.003365
67 0.005213
68 0.003729
69 0.015673
70 0.008178
71 0.004309
72 0.008264
73 0.003734
74 0.015997
75 0.007695
76 0.030401
77 0.005029
78 0.006010
79 0.004882
80 0.004120
81 0.006828
82 0.003565
83 0.002839
84 0.002564
85 0.023148
86 0.006106
87 0.004880
88 0.008682
89 0.002074
90 0.002857
91 0.008152
92 0.002028
93 0.023080
94 0.008932
95 0.004906
96 0.013719
97 0.034868
98 0.009059
99 0.022893
