0 2.507542
1 0.892463
2 0.293221
3 0.279180
4 0.213606
5 0.110528
6 0.092359
7 0.106216
8 0.102548
9 0.056890
10 0.051831
11 0.128841
12 0.092851
13 0.089576
14 0.038699
15 0.093914
16 0.067968
17 0.086696
18 0.080619
19 0.080318
20 0.058735
21 0.126562
22 0.113797
23 0.044431
24 0.076083
25 0.122738
26 0.040071
27 0.117049
28 0.114747
29 0.041359
30 0.066740
31 0.039562
32 0.031509
33 0.060716
34 0.070992
35 0.140667
36 0.142406
37 0.071723
38 0.034031
39 0.063198
40 0.052353
41 0.031038
42 0.038574
43 0.059834
44 0.101757
45 0.030180
46 0.032076
47 0.082269
48 0.061943
49 0.032087
50 0.030678
51 0.033135
52 0.042951
53 0.092429
54 0.079144
55 0.038616
56 0.045519
57 0.061496
58 0.061935
59 0.061494
60 0.044086
61 0.039638
62 0.132332
63 0.024298
64 0.046788
65 0.022145
66 0.038387
67 0.035338
68 0.029822
69 0.024521
70 0.052362
71 0.057149
72 0.072089
73 0.021335
74 0.047179
75 0.034791
76 0.048171
77 0.029819
78 0.024984
79 0.046724
80 0.052484
81 0.025327
82 0.160216
83 0.017257
84 0.056605
85 0.027587
86 0.016526
87 0.060092
88 0.086954
89 0.037353
90 0.026380
91 0.097576
92 0.024453
93 0.055979
94 0.060965
95 0.083753
96 0.036602
97 0.022322
98 0.074033
99 0.011652
