0 0.0
1 0.004632660173655362
2 0.004632660173655362
3 0.0
4 0.004632660173655362
5 0.004632660173655362
6 0.004632660173655362
7 0.004632660173655362
8 0.004632660173655362
9 0.004632660173655362
10 0.0
11 0.004632660173655362
12 0.0
13 0.004632660173655362
14 0.004632660173655362
15 0.0
16 0.0
17 2.9386666666666665e-07
18 2.9386666666666665e-07
19 0.0
20 0.0
21 2.9386666666666665e-07
22 2.9386666666666665e-07
23 0.0
24 0.0
25 2.9386666666666665e-07
26 2.9386666666666665e-07
27 2.9386666666666665e-07
28 0.0
29 2.9386666666666665e-07
30 0.0
31 0.0
32 0.0
33 0.0
34 0.0
35 0.0
36 0.0
37 0.0
38 2.9386666666666665e-07
39 2.9386666666666665e-07
40 0.003003021620352926
41 0.004632660173655362
42 0.004632660173655362
43 2.9386666666666665e-07
44 0.0
45 0.0
46 2.9386666666666665e-07
47 0.0
48 0.0
49 2.9386666666666665e-07
