0 2.9386666666666665e-07
1 0.0017370692829260866
2 0.0017370692829260866
3 0.0017370692829260866
4 0.0017370692829260866
5 0.0
6 0.0017370692829260866
7 0.0
8 0.0
9 0.0017370692829260866
10 0.0017370692829260866
11 0.0017370692829260866
12 0.0
13 0.0017370692829260866
14 0.0017370692829260866
15 0.0017370692829260866
16 0.0017370692829260866
17 0.0
18 2.9386666666666665e-07
19 2.9386666666666665e-07
20 2.9386666666666665e-07
21 2.9386666666666665e-07
22 2.9386666666666665e-07
23 2.9386666666666665e-07
24 0.0
25 2.9386666666666665e-07
26 2.9386666666666665e-07
27 2.9386666666666665e-07
28 0.0
29 0.00017866226553559005
30 0.0006738083078502964
31 0.0017370692829260866
32 0.0017370692829260866
33 0.0017370692829260866
34 0.0017370692829260866
35 0.0017370692829260866
36 0.0017370692829260866
37 0.0017370692829260866
38 0.0017370692829260866
39 0.0
40 0.0017370692829260866
41 0.0017370692829260866
42 0.0017370692829260866
43 0.0017370692829260866
44 0.0017370692829260866
45 2.9386666666666665e-07
46 2.9386666666666665e-07
47 2.9386666666666665e-07
48 0.0
49 2.9386666666666665e-07
