0 0.001156213750245794
1 0.0
2 0.004632660173655362
3 0.004632660173655362
4 0.004632660173655362
5 0.004632660173655362
6 0.004632660173655362
7 0.004632660173655362
8 0.004632660173655362
9 0.004632660173655362
10 0.004632660173655362
11 0.004632660173655362
12 0.004632660173655362
13 0.0
14 0.0
15 0.0
16 2.9386666666666665e-07
17 0.0
18 2.9386666666666665e-07
19 0.0
20 2.9386666666666665e-07
21 0.0
22 2.9386666666666665e-07
23 2.9386666666666665e-07
24 2.9386666666666665e-07
25 2.9386666666666665e-07
26 0.0
27 2.9386666666666665e-07
28 0.0
29 2.9386666666666665e-07
30 0.0
31 2.9386666666666665e-07
32 2.9386666666666665e-07
33 2.9386666666666665e-07
34 2.9386666666666665e-07
35 2.9386666666666665e-07
36 0.004632660173655362
37 0.004632660173655362
38 0.004632660173655362
39 0.004632660173655362
40 0.004632660173655362
41 0.004632660173655362
42 0.0
43 0.0
44 2.9386666666666665e-07
45 2.9386666666666665e-07
46 2.9386666666666665e-07
47 2.9386666666666665e-07
48 2.9386666666666665e-07
49 0.0
