0 0.0
1 0.0
2 0.0017370692829260866
3 0.0017370692829260866
4 0.0017370692829260866
5 0.0
6 0.0
7 0.0017370692829260866
8 0.0017370692829260866
9 0.0017370692829260866
10 0.0
11 0.0017370692829260866
12 0.0017370692829260866
13 0.0017370692829260866
14 0.0
15 0.0017370692829260866
16 0.0017370692829260866
17 0.0
18 2.9386666666666665e-07
19 2.9386666666666665e-07
20 2.9386666666666665e-07
21 0.0
22 0.0
23 2.9386666666666665e-07
24 2.9386666666666665e-07
25 2.9386666666666665e-07
26 2.9386666666666665e-07
27 2.9386666666666665e-07
28 2.9386666666666665e-07
29 0.0
30 2.9386666666666665e-07
31 0.0
32 2.9386666666666665e-07
33 0.0
34 0.0
35 0.0017370692829260866
36 0.0017370692829260866
37 0.0
38 0.0
39 0.0017370692829260866
40 0.0017370692829260866
41 0.0017370692829260866
42 0.0017370692829260866
43 0.0017370692829260866
44 2.9386666666666665e-07
45 2.9386666666666665e-07
46 0.0
47 0.0
48 2.9386666666666665e-07
49 0.0
