0 1.022578749012866
1 1.0419265315316466
2 1.0652221468976395
3 1.089637928858219
4 1.1105189454618827
5 1.1105189454618827
6 1.137256539786267
7 1.137256539786267
8 1.161976968467837
9 1.185547706590276
10 1.2056254220688443
11 1.2194586154194014
12 1.237272387610715
13 1.259971112217305
14 1.2813501324163028
15 1.3027738704856313
16 1.3225168484872813
17 1.3225168484872813
18 1.3225168484872813
19 1.3225168484872813
20 1.3225168484872813
21 1.3586028801967436
22 1.3792595031691333
23 1.4049609818147921
24 1.4049609818147921
25 1.4049609818147921
26 1.4161204280754596
27 1.437098016001973
28 1.437401333700698
29 1.437401333700698
30 1.4637944619053505
31 1.4823040320138894
32 1.5096156610011644
33 1.5500989158911518
34 1.5500989158911518
35 1.5673835768454027
36 1.5673835768454027
37 1.5828649002446733
38 1.5828649002446733
39 1.5828649002446733
40 1.5828649002446733
41 1.5871055244410175
42 1.5871055244410175
43 1.6343848613730083
44 1.6584153027782178
45 1.6584153027782178
46 1.6720365014852019
47 1.6729479821527007
48 1.711902488067408
49 1.7270178124111242
