0 1.0062766435829007
1 1.0062766435829007
2 1.0062766435829007
3 1.0071247340272889
4 1.0074612691975355
5 1.0044304246476186
6 1.0044304246476186
7 1.0040070974972308
8 1.0040070974972308
9 1.0040070974972308
10 1.0040070974972308
11 1.0040070974972308
12 1.0040070974972308
13 1.0040070974972308
14 1.0040070974972308
15 1.0040070974972308
16 1.0040070974972308
17 1.0040070974972308
18 1.0040070974972308
19 1.0040070974972308
20 1.0040070974972308
21 1.0040070974972308
22 1.0040070974972308
23 1.0040070974972308
24 1.0040070974972308
25 1.0040070974972308
26 1.0040070974972308
27 1.0040070974972308
28 1.0040070974972308
29 1.0040070974972308
30 1.0040070974972308
31 1.0040070974972308
32 1.0040070974972308
33 1.0040070974972308
34 1.0040070974972308
35 1.0040070974972308
36 1.0040070974972308
37 1.0040070974972308
38 1.0040070974972308
39 1.0040070974972308
40 1.0040070974972308
41 1.0040070974972308
42 1.0040070974972308
43 1.0040070974972308
44 1.0040070974972308
45 1.0040070974972308
46 1.0040070974972308
47 1.0040070974972308
48 1.0040070974972308
49 1.0040070974972308
