0 2.428562284214712e-07
1 4.7445723110624905e-07
2 6.48506861311108e-07
3 5.592366395705609e-07
4 5.283585065583288e-07
5 5.255338071121041e-07
6 4.893120178746401e-07
7 5.227495503752777e-07
8 4.940732381717436e-07
9 4.986560313005918e-07
10 4.625046055247236e-07
11 4.264065491693849e-07
12 4.135378494305657e-07
13 3.931931613444707e-07
14 3.917980157487051e-07
15 4.119352684169041e-07
16 3.204946728408693e-07
17 2.297992658574765e-07
18 2.0371612841947865e-07
19 2.391613999018041e-07
20 2.1753710300802066e-07
21 1.8733640890689682e-07
22 2.0127998638983939e-07
23 2.402244638586248e-07
24 2.1998006417249427e-07
25 2.468404466333799e-07
26 2.3449994457021082e-07
27 2.3113431202016124e-07
28 2.3998953150563315e-07
29 2.626848052077438e-07
30 2.7636542259415327e-07
31 3.1255600689462196e-07
32 2.834686478380037e-07
33 2.513554026174808e-07
34 2.3239045046554103e-07
35 2.419650068987346e-07
36 2.6139202594966266e-07
37 2.089254544487257e-07
38 2.1121032977572746e-07
39 2.226086671498442e-07
40 1.8953200442632287e-07
41 2.091095501272254e-07
42 2.2509256551410334e-07
43 2.746432270029874e-07
44 2.5356043105063974e-07
45 2.0617742435765065e-07
46 1.96622192792922e-07
47 2.2418601547983908e-07
48 2.1767138069967033e-07
49 1.9485897352428986e-07
50 2.113487366916605e-07
51 2.1686003545339653e-07
52 2.3096445695667315e-07
53 1.9882038294906798e-07
54 2.1336660161252697e-07
55 2.261683889263537e-07
56 2.1784591533668044e-07
57 2.4456408112217243e-07
58 2.1221679866612186e-07
59 1.9338518280442378e-07
60 1.9179965489511985e-07
61 2.1203537076673896e-07
62 1.9285783124013235e-07
63 2.0490085149879216e-07
64 2.530519175162214e-07
65 2.385824141653972e-07
66 2.2764653006939422e-07
67 1.8070230602622657e-07
68 2.2388331943484052e-07
69 2.1137661640598425e-07
70 2.0951583704714816e-07
71 2.0246936395424456e-07
72 2.2467705435659688e-07
73 2.3163266294583776e-07
74 2.1137661640598425e-07
75 1.9691941961994178e-07
76 2.2677038036742652e-07
77 2.2229332316661294e-07
78 2.6838392316220254e-07
79 2.620719066004532e-07
80 2.429764296240756e-07
81 2.491837405599448e-07
82 1.9792759979008345e-07
83 2.0049511120281407e-07
84 1.8266312673735987e-07
85 2.2274551683270832e-07
86 2.6668243548776514e-07
87 2.0304115232707443e-07
88 1.911033005981275e-07
89 2.0925018744170184e-07
90 2.0832979566071377e-07
91 2.42700730031659e-07
92 2.3105011581268977e-07
93 2.3062169678510925e-07
94 2.2616580559517757e-07
95 2.0480378740865293e-07
96 1.8542495844393978e-07
97 1.942875587165865e-07
98 2.0123563128581716e-07
99 1.9706027771396075e-07
