0 2.421407199617309e-07
1 6.298903710656128e-07
2 6.016132280105792e-07
3 5.867194797671752e-07
4 5.45215034745711e-07
5 5.688352633118709e-07
6 5.606486745053177e-07
7 5.38336617888715e-07
8 5.428974896719372e-07
9 5.368730209591571e-07
10 5.217573705416173e-07
11 5.253140559566711e-07
12 5.259300705209668e-07
13 5.169555434082573e-07
14 4.984147306411288e-07
15 4.86682552598937e-07
16 4.2357126994032084e-07
17 2.7469035555160887e-07
18 3.332811663483686e-08
19 1.5696059675480694e-10
20 2.3455460245624474e-10
21 2.984616371108037e-10
22 4.1249667812450297e-10
23 5.792646372035907e-10
24 8.707262867466757e-10
25 1.0935568728457156e-09
26 1.3965656489256418e-09
27 2.442992139880394e-08
28 1.7974453633636812e-07
29 1.9634379224986843e-07
30 2.1873409555297808e-07
31 2.455265783660148e-07
32 2.9823443472971664e-07
33 3.1387388710464246e-07
34 3.003462559271781e-07
35 3.3784946410410806e-07
36 3.572036071713565e-07
37 3.3410853427926925e-07
38 3.318070333221662e-07
39 3.4811066606769264e-07
40 3.5348077086095494e-07
41 3.7672294993321437e-07
42 3.4124801115381255e-07
43 2.3973928659066594e-07
44 7.905295487342675e-08
45 1.2579210184044583e-10
46 1.4270953345213943e-10
47 2.6593059126580613e-10
48 4.232646254516774e-10
49 3.707002039790137e-10
