0 -0.0050124691362320156
1 -0.00602192000592503
2 -0.005002735897790924
3 -0.0057615995947822895
4 -0.005052768939467525
5 -0.0053121791466470515
6 0.0
7 -0.0036743561935031832
8 -0.006049069914975441
9 -0.004804786859532499
10 0.0
11 0.0
12 -0.004099129371696963
13 0.0
14 0.0
15 -0.004521019036119254
16 -0.005519965525521851
17 -0.005372868603331547
18 -0.005310855877808221
19 -0.005299900946690702
20 -0.005142338995226876
21 -0.005052962018241879
22 -0.005020331709978815
23 0.0
24 -0.0048377306957904246
25 -0.004973506600973871
26 -0.005014314854786464
27 -0.004929279517144501
28 -0.004960378503026471
29 -0.005790896713733673
30 0.0
31 -0.005790896713733673
32 -0.005790896713733673
33 -0.005790896713733673
34 0.0
35 -0.005790896713733673
36 -0.005790896713733673
37 0.0
38 -0.005790896713733673
39 -0.005790896713733673
40 0.0
41 -0.005790896713733673
42 -0.005790896713733673
43 -0.005790896713733673
44 -0.005790896713733673
45 -0.005790896713733673
46 -0.005790896713733673
47 0.0
48 -0.005790896713733673
49 -0.005790896713733673
50 -0.005790896713733673
51 0.0
52 0.0
53 -0.005790896713733673
54 -0.005790896713733673
55 -0.005790896713733673
56 -0.005790896713733673
57 0.0
58 0.0
59 -0.005790896713733673
60 0.0
61 -0.005790896713733673
62 -0.005790896713733673
63 0.0
64 -0.005790896713733673
65 -0.005790896713733673
66 -0.005790896713733673
67 0.0
68 0.0
69 0.0
70 -0.005790896713733673
71 -0.005790896713733673
72 0.0
73 -0.005790896713733673
74 0.0
75 -0.005790896713733673
76 -0.005790896713733673
77 -0.005790896713733673
78 0.0
79 0.0
80 -0.005790896713733673
81 -0.005790896713733673
82 -0.005790896713733673
83 -0.005790896713733673
84 0.0
85 -0.005790896713733673
86 -0.005790896713733673
87 0.0
88 -0.005790896713733673
89 -0.005790896713733673
90 0.0
91 -0.005790896713733673
92 -0.005790896713733673
93 -0.005790896713733673
94 -0.005790896713733673
95 0.0
96 0.0
97 0.0
98 0.0
99 -0.005790896713733673
