0 0.0
1 0.0007553174634081848
2 0.001117833725060906
3 0.0
4 0.0008829326556606451
5 0.000860741602432183
6 2.7090289417148946e-06
7 0.0006942977014510344
8 0.0010680388766257393
9 0.0008412250813440733
10 -0.00012835613077043386
11 0.0
12 0.0008222589391529206
13 0.0
14 0.0
15 0.0008343659627962289
16 0.0010862825136795633
17 0.0009470459665301962
18 0.0
19 0.00107708280901992
20 0.0009356372352123047
21 0.000763830135765055
22 0.0
23 7.482868755449371e-06
24 0.0008779708608036422
25 0.0006555040097625245
26 0.0008505759785508017
27 0.0
28 0.0009462750757526204
29 0.0005087765172745967
30 0.0
31 0.001192346628841479
32 0.0009736793864643704
33 0.000920145175448677
34 0.0
35 0.0009397364283337576
36 0.0
37 0.0009569920639772113
38 0.0
39 0.0021141354555288625
40 0.0
41 0.0017627854176151486
42 0.0016233591837784406
43 0.0003956628354441382
44 -0.0003641439755205888
45 0.00044044805390824806
46 0.0001166018538821219
47 0.0
48 0.0008515490478157921
49 -0.0006251720664867793
50 0.0
51 -0.00018412268041684767
52 0.0
53 0.0016616817440273702
54 0.001357266891354082
55 0.0
56 0.0
57 0.002030354554034971
58 0.0004615643613611255
59 0.0
60 0.0019278876348453133
61 0.004298976969708078
62 0.0006055094219107089
63 0.0
64 0.003677689860186913
65 0.0030963938723467606
66 -0.002451637888170397
67 -0.00306102703935948
68 -0.003724861050549089
69 -0.003937192433343984
70 -0.004663433681814681
71 0.0
72 0.0
73 -0.005265863650561575
74 0.0
75 0.0
76 0.0
77 0.004400288614238739
78 0.002354791295778336
79 0.005794113805862737
80 0.007825586506604764
81 0.003858922710532399
82 -0.002250891525853552
83 -0.0032869543249456168
84 0.0
85 0.004457204835499442
86 0.003796502706433986
87 0.00260029630566748
88 0.001091436919904607
89 -0.00342418347088347
90 -0.0022370531990723542
91 -0.003755187127067153
92 -0.0033729446277662016
93 -0.004066225682242369
94 0.0
95 -0.0006575435327471998
96 0.0
97 -0.002024570668218301
98 -0.0016169799931102513
99 0.0
