0 0.0006287000553104007
1 0.0012351627991824617
2 0.0007030551183240225
3 0.0010003203597503247
4 0.0
5 0.0009215546403254021
6 0.000171993478771955
7 0.000545272242295957
8 0.0
9 0.0008555010793621739
10 -0.00013216357551290066
11 -0.00013346600302228527
12 0.0
13 -9.664448802134707e-05
14 -0.00010519378989576726
15 0.0
16 0.000877193255043056
17 0.0
18 0.0
19 0.0013421912589600838
20 0.0
21 0.0
22 0.0012464201864610743
23 -0.00013171841693473098
24 0.0
25 0.0013014985476245313
26 0.0
27 0.0015735449878169353
28 0.0006440817766391505
29 0.001036669038518926
30 -0.0002452714082092132
31 0.0008012424043876425
32 0.0007548403957741868
33 0.00030775746281570224
34 0.0
35 0.0008812149102702216
36 0.0009671788938714582
37 0.0
38 0.0007438080382499979
39 0.0009122799183467651
40 0.0
41 0.0
42 0.0
43 0.0
44 -0.0028912284049898034
45 -0.002334243421186213
46 0.0
47 0.0012828759107148748
48 0.0
49 0.0033328383661257012
50 0.0014283802405930359
51 -0.0008857467996823921
52 -0.00044367407712635643
53 -0.0002888867667795074
54 0.0
55 0.0
56 0.0
57 0.0
58 0.0024598972815782403
59 0.0
60 -0.004906882063654819
61 0.0
62 0.0
63 -0.006637353783341985
64 0.0
65 0.0
66 -0.009182286255823622
67 0.007669897825857532
68 0.00496847065745417
69 0.0036677394696389624
70 0.004202476951992401
71 0.0
72 0.0016418775252619502
73 0.0
74 0.00019090528678636842
75 0.00012875632029855208
76 -0.0013434826823818784
77 0.0
78 0.0
79 0.0
80 0.0027420698479959644
81 0.0
82 0.006148456449176875
83 0.0
84 -0.005161709277036355
85 -0.00465499950938268
86 0.0
87 0.002179734603184623
88 0.0
89 0.014298186505726788
90 0.0066990208031952525
91 0.012864070579263883
92 0.0
93 0.012208977103916153
94 -0.008176203547867623
95 0.0022945208167227927
96 0.0
97 -0.0029620971585254817
98 0.0
99 0.0
