0 0.0007605895527118411
1 0.0008335145605317912
2 0.0009151955374293035
3 0.0
4 0.0
5 0.0008276841946846681
6 -2.599998802975236e-05
7 0.0006393699916818125
8 0.0006407701520265896
9 0.0004928873632912779
10 8.390409671312693e-05
11 -5.917908123130095e-05
12 0.0
13 5.7549319176558875e-06
14 -0.00015014727415835994
15 0.0007908400188538008
16 0.000764657891844706
17 0.0
18 0.0010438519450139945
19 0.0006587707824814721
20 0.0006970862442102358
21 0.0007899984812186709
22 0.0007036363515618965
23 -0.00012958348898876957
24 0.0
25 0.0010782515121908341
26 0.0007341910191765148
27 0.0
28 0.0
29 0.001582332297873835
30 4.628128779096949e-05
31 0.0013228443652476358
32 0.0007215625786552628
33 0.0007828580690819067
34 -0.00025779566680825597
35 0.0
36 0.0015994904088355527
37 0.0005887433192177297
38 0.0011971750697084762
39 0.0007583967990415999
40 -0.0009941619789509489
41 0.0
42 0.0012381262939034818
43 0.0009470029814272839
44 -0.00021227689313909335
45 -0.00040794960590835496
46 0.0
47 -0.00011499101198317671
48 0.00195458258981594
49 0.0
50 0.0007717584920226646
51 0.0010234678211148778
52 0.0009440849138834982
53 -0.0010313510786130941
54 -0.0009731191098117009
55 -0.0021395042870611196
56 -0.001394082295991269
57 -0.0016278545399233588
58 -0.002372520593533578
59 -0.0027642570778704722
60 -0.00347260692764113
61 -0.003308564185848393
62 -0.0039632432997234075
63 -0.003999875005952181
64 -0.0022425179759293706
65 -0.0026230638171387045
66 0.0
67 0.0
68 0.0
69 0.00072804618004625
70 0.0
71 0.005060536585459233
72 0.007606586384851736
73 -0.0033199022613581543
74 0.000566857349436772
75 -0.0005881426165102417
76 0.0010200551043206176
77 -0.0022862397453681776
78 -0.002827160000631053
79 0.003991933395015138
80 0.004499962373423661
81 0.0040858204423258465
82 0.0
83 -0.00202126585242648
84 -0.002929388820693064
85 0.0
86 -0.002622638660477166
87 0.0
88 0.0
89 -0.0019403859365830583
90 0.0
91 -0.0009181438507014774
92 0.0009403266698067719
93 0.0
94 0.0010096554868593542
95 0.0
96 0.0049428886539263864
97 0.010551413555676258
98 0.00535871680652173
99 0.008143200247549836
