0 9996
2 9997
4 9997
6 8923
8 9997
9 9997
10 7198
11 9996
13 9997
14 9997
16 6016
17 9997
21 6361
22 5657
23 6591
24 6813
25 4087
27 6082
28 6296
29 6936
30 9996
32 6204
33 9996
34 9997
35 7358
36 9996
37 9520
39 9997
40 9997
41 9997
42 6509
43 7760
44 9997
45 9997
46 9997
48 5998
49 9997
52 7406
53 7378
54 9997
55 9997
56 9997
58 9027
60 6031
61 9997
62 9997
63 9997
65 9209
66 6740
67 9997
68 9997
69 6931
73 9996
74 9997
79 7409
80 9997
83 6900
84 9997
85 9997
86 7862
88 9996
89 9997
91 7570
94 5556
96 9997
98 6991
