0 9996
1 9997
3 9997
4 9997
5 9997
6 9733
9 9997
10 7594
11 9997
12 9997
16 5998
17 9180
18 9997
19 9997
20 5998
21 9997
22 9997
24 9997
25 6444
26 9997
27 9997
29 9997
30 9997
31 9997
32 6909
34 9996
37 9432
38 7072
41 7418
42 4450
43 6298
46 9996
47 9997
49 9997
50 9997
51 9997
54 9997
57 7316
59 7209
60 4325
61 7801
62 7254
63 9997
64 9997
65 9182
68 7233
70 6383
71 6334
74 6308
75 6529
76 6433
77 6065
79 4012
80 9997
81 9997
82 9997
83 7191
85 9997
86 7342
87 9996
88 9997
89 9997
90 9997
91 6885
92 1527
93 9997
96 131
97 0
98 0
99 1373
