0 0.0002999642660502357
1 -0.0003457480414024117
2 0.0005622229517714774
3 0.0005054438634733833
4 0.0
5 0.000842602589115128
6 0.0004326399628140535
7 0.0006236963386692533
8 0.0006010600426184904
9 0.000907049260073781
10 0.000325493135942734
11 -0.0008016669305534922
12 3.0633683244511034e-05
13 0.0
14 0.0
15 0.0
16 0.0019054506858323412
17 0.00014047612273840416
18 0.0007581698920471863
19 0.0014675765993873188
20 0.001212966890071706
21 0.0
22 0.00044629106050427073
23 0.0
24 0.00061812731579558
25 0.0011568661884810614
26 0.0
27 -1.649249471850942e-05
28 0.0
29 0.002490948633771652
30 0.0
31 0.0022138828850611298
32 0.0010306581422552174
33 0.001083144961405537
34 0.0
35 0.0
36 0.002741793422154254
37 0.0
38 0.0028776668092983177
39 0.002409716075035521
40 0.0
41 0.002069284668232237
42 0.0008187790204774504
43 0.0
44 -7.374018210313855e-08
45 0.0
46 0.0
47 0.0015276356210549612
48 0.0017158293843246345
49 0.00040874209735242546
